xflr5 v6.61

 Calculated polar for: peg24_65_revT

 1 1 Reynolds number fixed          Mach number fixed         

 xtrf =   1.000 (top)        1.000 (bottom)
 Mach =   0.000     Re =     0.130 e 6     Ncrit =   9.000

  alpha     CL        CD       CDp       Cm    Top Xtr Bot Xtr   Cpmin    Chinge    XCp    
 ------- -------- --------- --------- -------- ------- ------- -------- --------- ---------
   0.000   0.4509   0.02162   0.01553  -0.1195  0.8025  0.8693  -0.7105   0.0000   0.0000   0.0000   0.5146
   0.500   0.5095   0.02119   0.01506  -0.1191  0.7902  1.0000  -0.7589   0.0000   0.0000   0.0000   0.4824
   1.000   0.5893   0.02061   0.01422  -0.1225  0.7834  1.0000  -0.8276   0.0000   0.0000   0.0000   0.4557
   1.500   0.6380   0.02124   0.01474  -0.1222  0.7644  1.0000  -0.8763   0.0000   0.0000   0.0000   0.4388
   2.000   0.7113   0.02047   0.01381  -0.1237  0.7567  1.0000  -0.9512   0.0000   0.0000   0.0000   0.4206
   2.500   0.7604   0.02085   0.01416  -0.1228  0.7374  1.0000  -1.0087   0.0000   0.0000   0.0000   0.4075
   3.000   0.8331   0.01981   0.01301  -0.1238  0.7289  1.0000  -1.0954   0.0000   0.0000   0.0000   0.3940
   3.500   0.8834   0.01986   0.01309  -0.1226  0.7084  1.0000  -1.1664   0.0000   0.0000   0.0000   0.3835
   4.000   0.9403   0.01957   0.01281  -0.1219  0.6907  1.0000  -1.2562   0.0000   0.0000   0.0000   0.3738
   4.500   1.0087   0.01855   0.01171  -0.1223  0.6761  1.0000  -1.3669   0.0000   0.0000   0.0000   0.3649
   5.000   1.0619   0.01830   0.01152  -0.1211  0.6528  1.0000  -1.4782   0.0000   0.0000   0.0000   0.3570
   5.500   1.1171   0.01796   0.01118  -0.1201  0.6273  1.0000  -1.6049   0.0000   0.0000   0.0000   0.3498
   6.000   1.1726   0.01770   0.01089  -0.1190  0.5988  1.0000  -1.7526   0.0000   0.0000   0.0000   0.3432
   6.500   1.2204   0.01789   0.01108  -0.1171  0.5629  1.0000  -1.9075   0.0000   0.0000   0.0000   0.3369
   7.000   1.2681   0.01825   0.01135  -0.1152  0.5241  1.0000  -2.0863   0.0000   0.0000   0.0000   0.3311
   7.500   1.3103   0.01900   0.01200  -0.1126  0.4817  1.0000  -2.2825   0.0000   0.0000   0.0000   0.3255
   8.000   1.3505   0.02002   0.01277  -0.1099  0.4395  1.0000  -2.5267   0.0000   0.0000   0.0000   0.3202
   8.500   1.3821   0.02127   0.01405  -0.1061  0.3971  1.0000  -2.7975   0.0000   0.0000   0.0000   0.3149
   9.000   1.4107   0.02278   0.01540  -0.1021  0.3574  1.0000  -3.0700   0.0000   0.0000   0.0000   0.3097
   9.500   1.4302   0.02444   0.01704  -0.0969  0.3197  1.0000  -3.3239   0.0000   0.0000   0.0000   0.3042
  10.000   1.4459   0.02653   0.01897  -0.0916  0.2848  1.0000  -3.5702   0.0000   0.0000   0.0000   0.2991


