xflr5 v6.61

 Calculated polar for: peg24_30_revT

 1 1 Reynolds number fixed          Mach number fixed         

 xtrf =   1.000 (top)        1.000 (bottom)
 Mach =   0.000     Re =     0.305 e 6     Ncrit =   9.000

  alpha     CL        CD       CDp       Cm    Top Xtr Bot Xtr   Cpmin    Chinge    XCp    
 ------- -------- --------- --------- -------- ------- ------- -------- --------- ---------
   0.000   0.3869   0.00895   0.00392  -0.0869  0.7591  0.8294  -0.6675   0.0000   0.0000   0.0000   0.4735
   0.500   0.4363   0.00890   0.00393  -0.0848  0.7444  0.8729  -0.7155   0.0000   0.0000   0.0000   0.4427
   1.000   0.4841   0.00878   0.00377  -0.0821  0.7294  0.9168  -0.7658   0.0000   0.0000   0.0000   0.4173
   1.500   0.5439   0.00862   0.00366  -0.0823  0.7119  0.9659  -0.8263   0.0000   0.0000   0.0000   0.3985
   2.000   0.6162   0.00859   0.00353  -0.0858  0.6929  1.0000  -0.9008   0.0000   0.0000   0.0000   0.3859
   2.500   0.6717   0.00870   0.00350  -0.0859  0.6724  1.0000  -0.9709   0.0000   0.0000   0.0000   0.3741
   3.000   0.7270   0.00884   0.00353  -0.0858  0.6490  1.0000  -1.0490   0.0000   0.0000   0.0000   0.3637
   3.500   0.7813   0.00902   0.00364  -0.0855  0.6216  1.0000  -1.1348   0.0000   0.0000   0.0000   0.3546
   4.000   0.8349   0.00926   0.00382  -0.0851  0.5906  1.0000  -1.2410   0.0000   0.0000   0.0000   0.3466
   4.500   0.8872   0.00961   0.00406  -0.0844  0.5551  1.0000  -1.3577   0.0000   0.0000   0.0000   0.3393
   5.000   0.9383   0.01009   0.00439  -0.0835  0.5180  1.0000  -1.5018   0.0000   0.0000   0.0000   0.3326
   5.500   0.9883   0.01064   0.00482  -0.0826  0.4752  1.0000  -1.6811   0.0000   0.0000   0.0000   0.3266
   6.000   1.0371   0.01130   0.00536  -0.0815  0.4342  1.0000  -1.9820   0.0000   0.0000   0.0000   0.3210
   6.500   1.0840   0.01208   0.00598  -0.0802  0.3906  1.0000  -2.3131   0.0000   0.0000   0.0000   0.3158
   7.000   1.1302   0.01291   0.00670  -0.0788  0.3456  1.0000  -2.6572   0.0000   0.0000   0.0000   0.3110
   7.500   1.1743   0.01387   0.00753  -0.0773  0.3012  1.0000  -3.0083   0.0000   0.0000   0.0000   0.3064
   8.000   1.2159   0.01498   0.00848  -0.0754  0.2568  1.0000  -3.3631   0.0000   0.0000   0.0000   0.3020
   8.500   1.2543   0.01627   0.00961  -0.0732  0.2103  1.0000  -3.7171   0.0000   0.0000   0.0000   0.2976
   9.000   1.2885   0.01778   0.01091  -0.0705  0.1627  1.0000  -4.0642   0.0000   0.0000   0.0000   0.2933
   9.500   1.3158   0.01953   0.01245  -0.0669  0.1208  1.0000  -4.3903   0.0000   0.0000   0.0000   0.2887
  10.000   1.3382   0.02159   0.01435  -0.0630  0.0902  1.0000  -4.7028   0.0000   0.0000   0.0000   0.2841


