xflr5 v6.61

 Calculated polar for: peg24_10_revT

 1 1 Reynolds number fixed          Mach number fixed         

 xtrf =   1.000 (top)        1.000 (bottom)
 Mach =   0.000     Re =     0.450 e 6     Ncrit =   9.000

  alpha     CL        CD       CDp       Cm    Top Xtr Bot Xtr   Cpmin    Chinge    XCp    
 ------- -------- --------- --------- -------- ------- ------- -------- --------- ---------
   0.000   0.2998   0.00702   0.00237  -0.0644  0.7293  0.8149  -0.6063   0.0000   0.0000   0.0000   0.4635
   0.500   0.3533   0.00701   0.00239  -0.0634  0.7111  0.8474  -0.6559   0.0000   0.0000   0.0000   0.4276
   1.000   0.4050   0.00701   0.00240  -0.0620  0.6912  0.8789  -0.7090   0.0000   0.0000   0.0000   0.4007
   1.500   0.4549   0.00702   0.00241  -0.0601  0.6699  0.9116  -0.7646   0.0000   0.0000   0.0000   0.3793
   2.000   0.5059   0.00705   0.00241  -0.0585  0.6458  0.9477  -0.8268   0.0000   0.0000   0.0000   0.3623
   2.500   0.5746   0.00713   0.00243  -0.0610  0.6176  0.9793  -0.9072   0.0000   0.0000   0.0000   0.3525
   3.000   0.6445   0.00730   0.00249  -0.0642  0.5843  1.0000  -1.0008   0.0000   0.0000   0.0000   0.3455
   3.500   0.6952   0.00761   0.00264  -0.0635  0.5507  1.0000  -1.0993   0.0000   0.0000   0.0000   0.3368
   4.000   0.7475   0.00796   0.00287  -0.0630  0.5146  1.0000  -1.2107   0.0000   0.0000   0.0000   0.3292
   4.500   0.7995   0.00840   0.00316  -0.0624  0.4745  1.0000  -1.3681   0.0000   0.0000   0.0000   0.3225
   5.000   0.8511   0.00888   0.00352  -0.0618  0.4344  1.0000  -1.6447   0.0000   0.0000   0.0000   0.3166
   5.500   0.9019   0.00946   0.00395  -0.0611  0.3923  1.0000  -1.9865   0.0000   0.0000   0.0000   0.3112
   6.000   0.9522   0.01010   0.00444  -0.0604  0.3458  1.0000  -2.3450   0.0000   0.0000   0.0000   0.3064
   6.500   1.0009   0.01088   0.00502  -0.0595  0.2951  1.0000  -2.7151   0.0000   0.0000   0.0000   0.3018
   7.000   1.0474   0.01186   0.00574  -0.0584  0.2369  1.0000  -3.0926   0.0000   0.0000   0.0000   0.2976
   7.500   1.0933   0.01291   0.00656  -0.0572  0.1844  1.0000  -3.4810   0.0000   0.0000   0.0000   0.2936
   8.000   1.1356   0.01426   0.00759  -0.0557  0.1286  1.0000  -3.8706   0.0000   0.0000   0.0000   0.2897
   8.500   1.1773   0.01560   0.00874  -0.0541  0.0885  1.0000  -4.2839   0.0000   0.0000   0.0000   0.2859
   9.000   1.2172   0.01701   0.01001  -0.0523  0.0615  1.0000  -4.6971   0.0000   0.0000   0.0000   0.2822
   9.500   1.2543   0.01852   0.01143  -0.0501  0.0417  1.0000  -5.0983   0.0000   0.0000   0.0000   0.2785
  10.000   1.2844   0.02037   0.01325  -0.0469  0.0256  1.0000  -5.4341   0.0000   0.0000   0.0000   0.2744


