xflr5 v6.61

 Calculated polar for: peg24_20_revT

 1 1 Reynolds number fixed          Mach number fixed         

 xtrf =   1.000 (top)        1.000 (bottom)
 Mach =   0.000     Re =     0.465 e 6     Ncrit =   9.000

  alpha     CL        CD       CDp       Cm    Top Xtr Bot Xtr   Cpmin    Chinge    XCp    
 ------- -------- --------- --------- -------- ------- ------- -------- --------- ---------
   0.500   0.4021   0.00704   0.00243  -0.0756  0.7122  0.8305  -0.6907   0.0000   0.0000   0.0000   0.4362
   1.000   0.4544   0.00704   0.00245  -0.0744  0.6944  0.8651  -0.7443   0.0000   0.0000   0.0000   0.4112
   1.500   0.5054   0.00707   0.00244  -0.0728  0.6745  0.9000  -0.8000   0.0000   0.0000   0.0000   0.3911
   2.000   0.5552   0.00702   0.00244  -0.0709  0.6526  0.9406  -0.8607   0.0000   0.0000   0.0000   0.3743
   2.500   0.6226   0.00707   0.00244  -0.0731  0.6270  0.9826  -0.9393   0.0000   0.0000   0.0000   0.3636
   3.000   0.6845   0.00727   0.00251  -0.0747  0.5972  1.0000  -1.0255   0.0000   0.0000   0.0000   0.3548
   3.500   0.7388   0.00754   0.00267  -0.0745  0.5653  1.0000  -1.1161   0.0000   0.0000   0.0000   0.3462
   4.000   0.7920   0.00790   0.00289  -0.0741  0.5286  1.0000  -1.2284   0.0000   0.0000   0.0000   0.3384
   4.500   0.8443   0.00834   0.00319  -0.0736  0.4913  1.0000  -1.3567   0.0000   0.0000   0.0000   0.3315
   5.000   0.8960   0.00884   0.00354  -0.0730  0.4488  1.0000  -1.5291   0.0000   0.0000   0.0000   0.3253
   5.500   0.9474   0.00939   0.00397  -0.0724  0.4099  1.0000  -1.8399   0.0000   0.0000   0.0000   0.3197
   6.000   0.9968   0.01009   0.00448  -0.0715  0.3641  1.0000  -2.1812   0.0000   0.0000   0.0000   0.3145
   6.500   1.0462   0.01080   0.00505  -0.0707  0.3190  1.0000  -2.5396   0.0000   0.0000   0.0000   0.3097
   7.000   1.0936   0.01167   0.00573  -0.0697  0.2692  1.0000  -2.9067   0.0000   0.0000   0.0000   0.3053
   7.500   1.1382   0.01276   0.00654  -0.0684  0.2152  1.0000  -3.2785   0.0000   0.0000   0.0000   0.3010
   8.000   1.1819   0.01390   0.00746  -0.0669  0.1660  1.0000  -3.6594   0.0000   0.0000   0.0000   0.2969
   8.500   1.2226   0.01524   0.00857  -0.0651  0.1194  1.0000  -4.0403   0.0000   0.0000   0.0000   0.2929
   9.000   1.2612   0.01665   0.00979  -0.0631  0.0853  1.0000  -4.4397   0.0000   0.0000   0.0000   0.2889
   9.500   1.2970   0.01814   0.01117  -0.0607  0.0616  1.0000  -4.8349   0.0000   0.0000   0.0000   0.2850
  10.000   1.3291   0.01962   0.01262  -0.0577  0.0454  1.0000  -5.2183   0.0000   0.0000   0.0000   0.2809


