xflr5 v6.61

 Calculated polar for: peg24_05_revT

 1 1 Reynolds number fixed          Mach number fixed         

 xtrf =   1.000 (top)        1.000 (bottom)
 Mach =   0.000     Re =     0.250 e 6     Ncrit =   9.000

  alpha     CL        CD       CDp       Cm    Top Xtr Bot Xtr   Cpmin    Chinge    XCp    
 ------- -------- --------- --------- -------- ------- ------- -------- --------- ---------
   0.000   0.2543   0.00934   0.00425  -0.0534  0.7769  0.8950  -0.5755   0.0000   0.0000   0.0000   0.4588
   0.500   0.3079   0.00928   0.00412  -0.0518  0.7580  0.9294  -0.6249   0.0000   0.0000   0.0000   0.4164
   1.000   0.3811   0.00930   0.00408  -0.0546  0.7373  0.9562  -0.6900   0.0000   0.0000   0.0000   0.3910
   1.500   0.4656   0.00932   0.00400  -0.0601  0.7144  0.9743  -0.7686   0.0000   0.0000   0.0000   0.3765
   2.000   0.5503   0.00931   0.00390  -0.0660  0.6888  0.9899  -0.8563   0.0000   0.0000   0.0000   0.3669
   2.500   0.6199   0.00928   0.00378  -0.0693  0.6601  1.0000  -0.9447   0.0000   0.0000   0.0000   0.3582
   3.000   0.6528   0.00936   0.00376  -0.0651  0.6313  1.0000  -1.0128   0.0000   0.0000   0.0000   0.3458
   3.500   0.6905   0.00957   0.00383  -0.0616  0.6004  1.0000  -1.1048   0.0000   0.0000   0.0000   0.3348
   4.000   0.7332   0.00987   0.00403  -0.0590  0.5667  1.0000  -1.2153   0.0000   0.0000   0.0000   0.3256
   4.500   0.7785   0.01024   0.00431  -0.0569  0.5296  1.0000  -1.3746   0.0000   0.0000   0.0000   0.3178
   5.000   0.8240   0.01072   0.00465  -0.0549  0.4899  1.0000  -1.6654   0.0000   0.0000   0.0000   0.3108
   5.500   0.8696   0.01125   0.00508  -0.0530  0.4487  1.0000  -1.9912   0.0000   0.0000   0.0000   0.3046
   6.000   0.9144   0.01185   0.00560  -0.0510  0.4061  1.0000  -2.3306   0.0000   0.0000   0.0000   0.2989
   6.500   0.9571   0.01258   0.00619  -0.0488  0.3600  1.0000  -2.6781   0.0000   0.0000   0.0000   0.2935
   7.000   0.9981   0.01342   0.00689  -0.0463  0.3131  1.0000  -3.0320   0.0000   0.0000   0.0000   0.2884
   7.500   1.0370   0.01437   0.00771  -0.0437  0.2620  1.0000  -3.3896   0.0000   0.0000   0.0000   0.2835
   8.000   1.0720   0.01555   0.00868  -0.0406  0.2038  1.0000  -3.7409   0.0000   0.0000   0.0000   0.2787
   8.500   1.1008   0.01709   0.00991  -0.0368  0.1439  1.0000  -4.0723   0.0000   0.0000   0.0000   0.2736
   9.000   1.1251   0.01880   0.01138  -0.0323  0.0982  1.0000  -4.3930   0.0000   0.0000   0.0000   0.2683
   9.500   1.1428   0.02052   0.01301  -0.0268  0.0720  1.0000  -4.6917   0.0000   0.0000   0.0000   0.2623
  10.000   1.1566   0.02255   0.01497  -0.0213  0.0537  1.0000  -4.9618   0.0000   0.0000   0.0000   0.2566


