xflr5 v6.61

 Calculated polar for: peg24_05_revT

 1 1 Reynolds number fixed          Mach number fixed         

 xtrf =   1.000 (top)        1.000 (bottom)
 Mach =   0.000     Re =     0.270 e 6     Ncrit =   9.000

  alpha     CL        CD       CDp       Cm    Top Xtr Bot Xtr   Cpmin    Chinge    XCp    
 ------- -------- --------- --------- -------- ------- ------- -------- --------- ---------
   0.000   0.2572   0.00891   0.00392  -0.0541  0.7696  0.8837  -0.5774   0.0000   0.0000   0.0000   0.4592
   0.500   0.3084   0.00890   0.00384  -0.0520  0.7517  0.9186  -0.6255   0.0000   0.0000   0.0000   0.4169
   1.000   0.3696   0.00888   0.00375  -0.0522  0.7313  0.9503  -0.6836   0.0000   0.0000   0.0000   0.3891
   1.500   0.4491   0.00892   0.00371  -0.0567  0.7081  0.9711  -0.7581   0.0000   0.0000   0.0000   0.3735
   2.000   0.5373   0.00894   0.00364  -0.0633  0.6824  0.9844  -0.8472   0.0000   0.0000   0.0000   0.3647
   2.500   0.6192   0.00897   0.00355  -0.0689  0.6531  0.9992  -0.9449   0.0000   0.0000   0.0000   0.3577
   3.000   0.6547   0.00906   0.00353  -0.0653  0.6240  1.0000  -1.0154   0.0000   0.0000   0.0000   0.3458
   3.500   0.6910   0.00925   0.00364  -0.0617  0.5925  1.0000  -1.1061   0.0000   0.0000   0.0000   0.3348
   4.000   0.7333   0.00955   0.00383  -0.0590  0.5580  1.0000  -1.2162   0.0000   0.0000   0.0000   0.3256
   4.500   0.7782   0.00997   0.00409  -0.0568  0.5214  1.0000  -1.3754   0.0000   0.0000   0.0000   0.3177
   5.000   0.8241   0.01040   0.00445  -0.0549  0.4807  1.0000  -1.6708   0.0000   0.0000   0.0000   0.3108
   5.500   0.8695   0.01098   0.00488  -0.0530  0.4409  1.0000  -1.9970   0.0000   0.0000   0.0000   0.3046
   6.000   0.9144   0.01157   0.00538  -0.0510  0.3967  1.0000  -2.3376   0.0000   0.0000   0.0000   0.2989
   6.500   0.9579   0.01226   0.00598  -0.0490  0.3510  1.0000  -2.6885   0.0000   0.0000   0.0000   0.2937
   7.000   0.9998   0.01308   0.00666  -0.0467  0.3044  1.0000  -3.0466   0.0000   0.0000   0.0000   0.2887
   7.500   1.0385   0.01406   0.00748  -0.0440  0.2508  1.0000  -3.4047   0.0000   0.0000   0.0000   0.2838
   8.000   1.0723   0.01533   0.00847  -0.0408  0.1925  1.0000  -3.7527   0.0000   0.0000   0.0000   0.2789
   8.500   1.1024   0.01683   0.00967  -0.0372  0.1338  1.0000  -4.0904   0.0000   0.0000   0.0000   0.2739
   9.000   1.1273   0.01851   0.01113  -0.0328  0.0917  1.0000  -4.4210   0.0000   0.0000   0.0000   0.2686
   9.500   1.1469   0.02012   0.01267  -0.0275  0.0674  1.0000  -4.7312   0.0000   0.0000   0.0000   0.2628
  10.000   1.1618   0.02207   0.01458  -0.0220  0.0499  1.0000  -5.0047   0.0000   0.0000   0.0000   0.2571


