xflr5 v6.61

 Calculated polar for: peg24_25_revT

 1 1 Reynolds number fixed          Mach number fixed         

 xtrf =   1.000 (top)        1.000 (bottom)
 Mach =   0.000     Re =     0.145 e 6     Ncrit =   9.000

  alpha     CL        CD       CDp       Cm    Top Xtr Bot Xtr   Cpmin    Chinge    XCp    
 ------- -------- --------- --------- -------- ------- ------- -------- --------- ---------
   0.000   0.3436   0.01450   0.00861  -0.0796  0.8184  0.9703  -0.6300   0.0000   0.0000   0.0000   0.4810
   0.500   0.4453   0.01410   0.00804  -0.0883  0.8055  1.0000  -0.7084   0.0000   0.0000   0.0000   0.4469
   1.000   0.4843   0.01406   0.00788  -0.0856  0.7865  1.0000  -0.7530   0.0000   0.0000   0.0000   0.4247
   1.500   0.5305   0.01416   0.00788  -0.0840  0.7662  1.0000  -0.8042   0.0000   0.0000   0.0000   0.4057
   2.000   0.5852   0.01410   0.00770  -0.0833  0.7480  1.0000  -0.8676   0.0000   0.0000   0.0000   0.3893
   2.500   0.6424   0.01391   0.00737  -0.0828  0.7289  1.0000  -0.9390   0.0000   0.0000   0.0000   0.3753
   3.000   0.6955   0.01389   0.00732  -0.0819  0.7053  1.0000  -1.0157   0.0000   0.0000   0.0000   0.3636
   3.500   0.7494   0.01389   0.00728  -0.0810  0.6806  1.0000  -1.1013   0.0000   0.0000   0.0000   0.3534
   4.000   0.8034   0.01389   0.00723  -0.0800  0.6538  1.0000  -1.2094   0.0000   0.0000   0.0000   0.3445
   4.500   0.8576   0.01394   0.00719  -0.0791  0.6244  1.0000  -1.3297   0.0000   0.0000   0.0000   0.3366
   5.000   0.9085   0.01417   0.00743  -0.0778  0.5895  1.0000  -1.4805   0.0000   0.0000   0.0000   0.3295
   5.500   0.9593   0.01448   0.00767  -0.0764  0.5514  1.0000  -1.6651   0.0000   0.0000   0.0000   0.3230
   6.000   1.0080   0.01500   0.00812  -0.0749  0.5098  1.0000  -1.9734   0.0000   0.0000   0.0000   0.3170
   6.500   1.0551   0.01569   0.00864  -0.0732  0.4663  1.0000  -2.3041   0.0000   0.0000   0.0000   0.3115
   7.000   1.0994   0.01650   0.00943  -0.0713  0.4208  1.0000  -2.6391   0.0000   0.0000   0.0000   0.3063
   7.500   1.1412   0.01747   0.01032  -0.0691  0.3733  1.0000  -2.9783   0.0000   0.0000   0.0000   0.3014
   8.000   1.1797   0.01863   0.01138  -0.0665  0.3250  1.0000  -3.3172   0.0000   0.0000   0.0000   0.2966
   8.500   1.2141   0.02001   0.01268  -0.0636  0.2754  1.0000  -3.6491   0.0000   0.0000   0.0000   0.2919
   9.000   1.2426   0.02171   0.01424  -0.0601  0.2247  1.0000  -3.9635   0.0000   0.0000   0.0000   0.2871
   9.500   1.2625   0.02386   0.01620  -0.0556  0.1767  1.0000  -4.2432   0.0000   0.0000   0.0000   0.2821
  10.000   1.2761   0.02653   0.01872  -0.0507  0.1372  1.0000  -4.4889   0.0000   0.0000   0.0000   0.2771


