xflr5 v6.61

 Calculated polar for: peg24_40_revT

 1 1 Reynolds number fixed          Mach number fixed         

 xtrf =   1.000 (top)        1.000 (bottom)
 Mach =   0.000     Re =     0.230 e 6     Ncrit =   9.000

  alpha     CL        CD       CDp       Cm    Top Xtr Bot Xtr   Cpmin    Chinge    XCp    
 ------- -------- --------- --------- -------- ------- ------- -------- --------- ---------
   0.000   0.4222   0.01115   0.00583  -0.0974  0.7782  0.8502  -0.6924   0.0000   0.0000   0.0000   0.4796
   0.500   0.4659   0.01095   0.00569  -0.0937  0.7640  0.9038  -0.7365   0.0000   0.0000   0.0000   0.4495
   1.000   0.5261   0.01072   0.00542  -0.0935  0.7512  0.9640  -0.7935   0.0000   0.0000   0.0000   0.4255
   1.500   0.5968   0.01056   0.00516  -0.0967  0.7350  1.0000  -0.8614   0.0000   0.0000   0.0000   0.4092
   2.000   0.6535   0.01061   0.00511  -0.0971  0.7183  1.0000  -0.9243   0.0000   0.0000   0.0000   0.3951
   2.500   0.7119   0.01060   0.00494  -0.0973  0.7011  1.0000  -0.9961   0.0000   0.0000   0.0000   0.3828
   3.000   0.7669   0.01063   0.00494  -0.0971  0.6801  1.0000  -1.0705   0.0000   0.0000   0.0000   0.3721
   3.500   0.8218   0.01072   0.00499  -0.0967  0.6573  1.0000  -1.1566   0.0000   0.0000   0.0000   0.3627
   4.000   0.8762   0.01084   0.00505  -0.0962  0.6310  1.0000  -1.2539   0.0000   0.0000   0.0000   0.3543
   4.500   0.9296   0.01105   0.00516  -0.0955  0.6014  1.0000  -1.3687   0.0000   0.0000   0.0000   0.3467
   5.000   0.9813   0.01138   0.00541  -0.0946  0.5672  1.0000  -1.4955   0.0000   0.0000   0.0000   0.3398
   5.500   1.0313   0.01184   0.00578  -0.0935  0.5287  1.0000  -1.6500   0.0000   0.0000   0.0000   0.3335
   6.000   1.0794   0.01246   0.00626  -0.0921  0.4870  1.0000  -1.8340   0.0000   0.0000   0.0000   0.3276
   6.500   1.1255   0.01322   0.00687  -0.0905  0.4442  1.0000  -2.1143   0.0000   0.0000   0.0000   0.3221
   7.000   1.1703   0.01406   0.00764  -0.0889  0.4014  1.0000  -2.4365   0.0000   0.0000   0.0000   0.3169
   7.500   1.2118   0.01507   0.00850  -0.0868  0.3576  1.0000  -2.7622   0.0000   0.0000   0.0000   0.3119
   8.000   1.2505   0.01623   0.00951  -0.0843  0.3139  1.0000  -3.0899   0.0000   0.0000   0.0000   0.3071
   8.500   1.2872   0.01744   0.01066  -0.0818  0.2710  1.0000  -3.4216   0.0000   0.0000   0.0000   0.3024
   9.000   1.3182   0.01890   0.01200  -0.0784  0.2298  1.0000  -3.7414   0.0000   0.0000   0.0000   0.2977
   9.500   1.3408   0.02071   0.01364  -0.0741  0.1904  1.0000  -4.0350   0.0000   0.0000   0.0000   0.2927
  10.000   1.3628   0.02271   0.01557  -0.0702  0.1532  1.0000  -4.3301   0.0000   0.0000   0.0000   0.2882


