xflr5 v6.61

 Calculated polar for: peg24_100_revT

 1 1 Reynolds number fixed          Mach number fixed         

 xtrf =   1.000 (top)        1.000 (bottom)
 Mach =   0.000     Re =     0.390 e 6     Ncrit =   9.000

  alpha     CL        CD       CDp       Cm    Top Xtr Bot Xtr   Cpmin    Chinge    XCp    
 ------- -------- --------- --------- -------- ------- ------- -------- --------- ---------
   0.000   0.7218   0.01041   0.00479  -0.1688  0.7362  0.5289  -0.9276   0.0000   0.0000   0.0000   0.4826
   0.500   0.7799   0.01036   0.00488  -0.1691  0.7280  0.6026  -0.9763   0.0000   0.0000   0.0000   0.4647
   1.500   0.8902   0.00998   0.00491  -0.1682  0.7101  0.7570  -1.0846   0.0000   0.0000   0.0000   0.4355
   2.000   0.9441   0.00992   0.00493  -0.1673  0.7006  0.8256  -1.1467   0.0000   0.0000   0.0000   0.4231
   2.500   0.9877   0.00959   0.00486  -0.1642  0.6892  0.9258  -1.2047   0.0000   0.0000   0.0000   0.4114
   3.000   1.0484   0.00953   0.00469  -0.1650  0.6772  1.0000  -1.2767   0.0000   0.0000   0.0000   0.4019
   3.500   1.1042   0.00963   0.00480  -0.1651  0.6633  1.0000  -1.3547   0.0000   0.0000   0.0000   0.3934
   4.000   1.1612   0.00975   0.00480  -0.1653  0.6487  1.0000  -1.4374   0.0000   0.0000   0.0000   0.3855
   4.500   1.2146   0.00988   0.00495  -0.1648  0.6292  1.0000  -1.5327   0.0000   0.0000   0.0000   0.3782
   5.000   1.2673   0.01012   0.00515  -0.1643  0.6071  1.0000  -1.6341   0.0000   0.0000   0.0000   0.3714
   5.500   1.3175   0.01046   0.00542  -0.1632  0.5793  1.0000  -1.7453   0.0000   0.0000   0.0000   0.3649
   6.000   1.3638   0.01101   0.00580  -0.1616  0.5454  1.0000  -1.8596   0.0000   0.0000   0.0000   0.3588
   6.500   1.4075   0.01169   0.00639  -0.1595  0.5085  1.0000  -1.9848   0.0000   0.0000   0.0000   0.3529
   7.000   1.4449   0.01265   0.00715  -0.1565  0.4676  1.0000  -2.1191   0.0000   0.0000   0.0000   0.3471
   7.500   1.4786   0.01370   0.00805  -0.1529  0.4283  1.0000  -2.2560   0.0000   0.0000   0.0000   0.3415
   8.000   1.5031   0.01500   0.00921  -0.1479  0.3905  1.0000  -2.3854   0.0000   0.0000   0.0000   0.3357
   8.500   1.5254   0.01656   0.01063  -0.1430  0.3554  1.0000  -2.5182   0.0000   0.0000   0.0000   0.3302
   9.000   1.5479   0.01830   0.01228  -0.1386  0.3223  1.0000  -2.6659   0.0000   0.0000   0.0000   0.3252
   9.500   1.5685   0.02033   0.01422  -0.1344  0.2918  1.0000  -2.8270   0.0000   0.0000   0.0000   0.3204
  10.000   1.5884   0.02255   0.01638  -0.1304  0.2647  1.0000  -3.0158   0.0000   0.0000   0.0000   0.3160


