xflr5 v6.61

 Calculated polar for: peg24_30_revT

 1 1 Reynolds number fixed          Mach number fixed         

 xtrf =   1.000 (top)        1.000 (bottom)
 Mach =   0.000     Re =     0.340 e 6     Ncrit =   9.000

  alpha     CL        CD       CDp       Cm    Top Xtr Bot Xtr   Cpmin    Chinge    XCp    
 ------- -------- --------- --------- -------- ------- ------- -------- --------- ---------
   0.000   0.3902   0.00847   0.00353  -0.0875  0.7516  0.8155  -0.6698   0.0000   0.0000   0.0000   0.4731
   0.500   0.4412   0.00837   0.00348  -0.0858  0.7365  0.8564  -0.7190   0.0000   0.0000   0.0000   0.4426
   1.000   0.4902   0.00832   0.00345  -0.0836  0.7214  0.8986  -0.7700   0.0000   0.0000   0.0000   0.4182
   1.500   0.5408   0.00819   0.00330  -0.0816  0.7043  0.9449  -0.8251   0.0000   0.0000   0.0000   0.3981
   2.000   0.6166   0.00809   0.00320  -0.0856  0.6845  0.9997  -0.9019   0.0000   0.0000   0.0000   0.3855
   2.500   0.6720   0.00821   0.00322  -0.0858  0.6632  1.0000  -0.9719   0.0000   0.0000   0.0000   0.3738
   3.000   0.7275   0.00836   0.00327  -0.0858  0.6393  1.0000  -1.0502   0.0000   0.0000   0.0000   0.3636
   3.500   0.7820   0.00857   0.00338  -0.0856  0.6111  1.0000  -1.1362   0.0000   0.0000   0.0000   0.3546
   4.000   0.8356   0.00885   0.00355  -0.0851  0.5795  1.0000  -1.2428   0.0000   0.0000   0.0000   0.3465
   4.500   0.8878   0.00925   0.00380  -0.0845  0.5438  1.0000  -1.3594   0.0000   0.0000   0.0000   0.3393
   5.000   0.9394   0.00970   0.00416  -0.0838  0.5056  1.0000  -1.5045   0.0000   0.0000   0.0000   0.3328
   5.500   0.9891   0.01030   0.00459  -0.0828  0.4632  1.0000  -1.6845   0.0000   0.0000   0.0000   0.3267
   6.000   1.0383   0.01094   0.00512  -0.0818  0.4217  1.0000  -1.9925   0.0000   0.0000   0.0000   0.3212
   6.500   1.0862   0.01168   0.00573  -0.0807  0.3782  1.0000  -2.3277   0.0000   0.0000   0.0000   0.3161
   7.000   1.1320   0.01256   0.00645  -0.0793  0.3335  1.0000  -2.6718   0.0000   0.0000   0.0000   0.3113
   7.500   1.1760   0.01355   0.00727  -0.0777  0.2885  1.0000  -3.0239   0.0000   0.0000   0.0000   0.3067
   8.000   1.2188   0.01461   0.00818  -0.0761  0.2437  1.0000  -3.3844   0.0000   0.0000   0.0000   0.3023
   8.500   1.2575   0.01590   0.00929  -0.0739  0.1963  1.0000  -3.7417   0.0000   0.0000   0.0000   0.2980
   9.000   1.2915   0.01746   0.01060  -0.0712  0.1486  1.0000  -4.0897   0.0000   0.0000   0.0000   0.2937
   9.500   1.3203   0.01914   0.01208  -0.0678  0.1101  1.0000  -4.4238   0.0000   0.0000   0.0000   0.2892
  10.000   1.3466   0.02093   0.01380  -0.0642  0.0835  1.0000  -4.7618   0.0000   0.0000   0.0000   0.2848


