xflr5 v6.61

 Calculated polar for: peg24_0_revT

 1 1 Reynolds number fixed          Mach number fixed         

 xtrf =   1.000 (top)        1.000 (bottom)
 Mach =   0.000     Re =     0.265 e 6     Ncrit =   9.000

  alpha     CL        CD       CDp       Cm    Top Xtr Bot Xtr   Cpmin    Chinge    XCp    
 ------- -------- --------- --------- -------- ------- ------- -------- --------- ---------
   0.000   0.2343   0.00893   0.00389  -0.0480  0.7729  0.8920  -0.5620   0.0000   0.0000   0.0000   0.4539
   0.500   0.2873   0.00892   0.00380  -0.0463  0.7528  0.9234  -0.6120   0.0000   0.0000   0.0000   0.4093
   1.000   0.3553   0.00896   0.00377  -0.0480  0.7310  0.9501  -0.6727   0.0000   0.0000   0.0000   0.3827
   1.500   0.4348   0.00903   0.00373  -0.0524  0.7066  0.9682  -0.7500   0.0000   0.0000   0.0000   0.3679
   2.000   0.5193   0.00908   0.00367  -0.0583  0.6797  0.9815  -0.8364   0.0000   0.0000   0.0000   0.3591
   2.500   0.5995   0.00909   0.00364  -0.0636  0.6477  0.9956  -0.9343   0.0000   0.0000   0.0000   0.3525
   3.000   0.6488   0.00916   0.00358  -0.0628  0.6155  1.0000  -1.0273   0.0000   0.0000   0.0000   0.3428
   3.500   0.6813   0.00934   0.00363  -0.0585  0.5846  1.0000  -1.1130   0.0000   0.0000   0.0000   0.3315
   4.000   0.7191   0.00962   0.00381  -0.0551  0.5491  1.0000  -1.2374   0.0000   0.0000   0.0000   0.3217
   4.500   0.7612   0.01003   0.00409  -0.0524  0.5130  1.0000  -1.4045   0.0000   0.0000   0.0000   0.3135
   5.000   0.8050   0.01049   0.00441  -0.0501  0.4711  1.0000  -1.6472   0.0000   0.0000   0.0000   0.3064
   5.500   0.8506   0.01099   0.00483  -0.0482  0.4343  1.0000  -1.9943   0.0000   0.0000   0.0000   0.3004
   6.000   0.8943   0.01160   0.00533  -0.0460  0.3885  1.0000  -2.3545   0.0000   0.0000   0.0000   0.2947
   6.500   0.9369   0.01231   0.00588  -0.0438  0.3397  1.0000  -2.7283   0.0000   0.0000   0.0000   0.2894
   7.000   0.9764   0.01320   0.00653  -0.0412  0.2822  1.0000  -3.1070   0.0000   0.0000   0.0000   0.2843
   7.500   1.0143   0.01424   0.00736  -0.0385  0.2250  1.0000  -3.4925   0.0000   0.0000   0.0000   0.2795
   8.000   1.0482   0.01553   0.00834  -0.0353  0.1646  1.0000  -3.8721   0.0000   0.0000   0.0000   0.2746
   8.500   1.0792   0.01697   0.00951  -0.0318  0.1140  1.0000  -4.2469   0.0000   0.0000   0.0000   0.2698
   9.000   1.1093   0.01833   0.01076  -0.0282  0.0830  1.0000  -4.6217   0.0000   0.0000   0.0000   0.2651
   9.500   1.1333   0.01970   0.01208  -0.0235  0.0618  1.0000  -4.9683   0.0000   0.0000   0.0000   0.2598
  10.000   1.1519   0.02131   0.01370  -0.0183  0.0437  1.0000  -5.2702   0.0000   0.0000   0.0000   0.2542


