xflr5 v6.61

 Calculated polar for: peg24_30_revT

 1 1 Reynolds number fixed          Mach number fixed         

 xtrf =   1.000 (top)        1.000 (bottom)
 Mach =   0.000     Re =     0.175 e 6     Ncrit =   9.000

  alpha     CL        CD       CDp       Cm    Top Xtr Bot Xtr   Cpmin    Chinge    XCp    
 ------- -------- --------- --------- -------- ------- ------- -------- --------- ---------
   0.000   0.3510   0.01295   0.00740  -0.0812  0.8003  0.9228  -0.6413   0.0000   0.0000   0.0000   0.4806
   0.500   0.4294   0.01255   0.00690  -0.0845  0.7869  0.9747  -0.7058   0.0000   0.0000   0.0000   0.4452
   1.000   0.5038   0.01247   0.00671  -0.0887  0.7704  1.0000  -0.7711   0.0000   0.0000   0.0000   0.4239
   1.500   0.5572   0.01235   0.00639  -0.0880  0.7551  1.0000  -0.8276   0.0000   0.0000   0.0000   0.4053
   2.000   0.6090   0.01237   0.00635  -0.0874  0.7348  1.0000  -0.8881   0.0000   0.0000   0.0000   0.3903
   2.500   0.6636   0.01238   0.00629  -0.0870  0.7145  1.0000  -0.9574   0.0000   0.0000   0.0000   0.3773
   3.000   0.7193   0.01237   0.00620  -0.0865  0.6937  1.0000  -1.0347   0.0000   0.0000   0.0000   0.3661
   3.500   0.7745   0.01237   0.00612  -0.0860  0.6704  1.0000  -1.1214   0.0000   0.0000   0.0000   0.3563
   4.000   0.8283   0.01244   0.00614  -0.0852  0.6433  1.0000  -1.2254   0.0000   0.0000   0.0000   0.3476
   4.500   0.8810   0.01258   0.00625  -0.0843  0.6123  1.0000  -1.3416   0.0000   0.0000   0.0000   0.3399
   5.000   0.9331   0.01282   0.00641  -0.0832  0.5780  1.0000  -1.4846   0.0000   0.0000   0.0000   0.3329
   5.500   0.9836   0.01324   0.00673  -0.0820  0.5403  1.0000  -1.6610   0.0000   0.0000   0.0000   0.3265
   6.000   1.0319   0.01380   0.00717  -0.0805  0.4979  1.0000  -1.9227   0.0000   0.0000   0.0000   0.3206
   6.500   1.0786   0.01450   0.00780  -0.0789  0.4544  1.0000  -2.2468   0.0000   0.0000   0.0000   0.3151
   7.000   1.1231   0.01538   0.00856  -0.0771  0.4107  1.0000  -2.5786   0.0000   0.0000   0.0000   0.3100
   7.500   1.1644   0.01640   0.00943  -0.0749  0.3645  1.0000  -2.9132   0.0000   0.0000   0.0000   0.3050
   8.000   1.2036   0.01751   0.01047  -0.0726  0.3178  1.0000  -3.2515   0.0000   0.0000   0.0000   0.3003
   8.500   1.2392   0.01882   0.01172  -0.0698  0.2710  1.0000  -3.5861   0.0000   0.0000   0.0000   0.2956
   9.000   1.2694   0.02041   0.01318  -0.0665  0.2240  1.0000  -3.9077   0.0000   0.0000   0.0000   0.2910
   9.500   1.2916   0.02233   0.01495  -0.0622  0.1792  1.0000  -4.2008   0.0000   0.0000   0.0000   0.2860
  10.000   1.3075   0.02478   0.01727  -0.0576  0.1403  1.0000  -4.4655   0.0000   0.0000   0.0000   0.2812


