xflr5 v6.61

 Calculated polar for: peg24_85_revT

 1 1 Reynolds number fixed          Mach number fixed         

 xtrf =   1.000 (top)        1.000 (bottom)
 Mach =   0.000     Re =     0.220 e 6     Ncrit =   9.000

  alpha     CL        CD       CDp       Cm    Top Xtr Bot Xtr   Cpmin    Chinge    XCp    
 ------- -------- --------- --------- -------- ------- ------- -------- --------- ---------
   0.000   0.6258   0.01486   0.00909  -0.1511  0.7682  0.6846  -0.8453   0.0000   0.0000   0.0000   0.4905
   0.500   0.6803   0.01452   0.00887  -0.1498  0.7603  0.7665  -0.8944   0.0000   0.0000   0.0000   0.4684
   1.000   0.7267   0.01439   0.00889  -0.1469  0.7507  0.8429  -0.9404   0.0000   0.0000   0.0000   0.4497
   1.500   0.7715   0.01395   0.00861  -0.1437  0.7387  1.0000  -0.9910   0.0000   0.0000   0.0000   0.4331
   2.000   0.8394   0.01363   0.00808  -0.1456  0.7301  1.0000  -1.0620   0.0000   0.0000   0.0000   0.4197
   2.500   0.8943   0.01380   0.00823  -0.1457  0.7160  1.0000  -1.1249   0.0000   0.0000   0.0000   0.4085
   3.000   0.9574   0.01345   0.00774  -0.1465  0.7047  1.0000  -1.2008   0.0000   0.0000   0.0000   0.3979
   3.500   1.0116   0.01352   0.00782  -0.1461  0.6890  1.0000  -1.2776   0.0000   0.0000   0.0000   0.3887
   4.000   1.0733   0.01325   0.00741  -0.1466  0.6754  1.0000  -1.3686   0.0000   0.0000   0.0000   0.3802
   4.500   1.1250   0.01329   0.00752  -0.1457  0.6561  1.0000  -1.4613   0.0000   0.0000   0.0000   0.3725
   5.000   1.1784   0.01329   0.00752  -0.1450  0.6346  1.0000  -1.5659   0.0000   0.0000   0.0000   0.3653
   5.500   1.2308   0.01337   0.00757  -0.1441  0.6098  1.0000  -1.6829   0.0000   0.0000   0.0000   0.3587
   6.000   1.2807   0.01359   0.00771  -0.1428  0.5792  1.0000  -1.8085   0.0000   0.0000   0.0000   0.3524
   6.500   1.3279   0.01404   0.00800  -0.1410  0.5446  1.0000  -1.9505   0.0000   0.0000   0.0000   0.3464
   7.000   1.3693   0.01475   0.00866  -0.1385  0.5052  1.0000  -2.0950   0.0000   0.0000   0.0000   0.3406
   7.500   1.4065   0.01574   0.00944  -0.1354  0.4640  1.0000  -2.2472   0.0000   0.0000   0.0000   0.3350
   8.000   1.4388   0.01687   0.01047  -0.1317  0.4235  1.0000  -2.4074   0.0000   0.0000   0.0000   0.3295
   8.500   1.4621   0.01830   0.01173  -0.1266  0.3856  1.0000  -2.5713   0.0000   0.0000   0.0000   0.3237
   9.000   1.4840   0.01986   0.01324  -0.1218  0.3500  1.0000  -2.7511   0.0000   0.0000   0.0000   0.3184
   9.500   1.5020   0.02180   0.01508  -0.1169  0.3166  1.0000  -2.9408   0.0000   0.0000   0.0000   0.3133
  10.000   1.5181   0.02406   0.01727  -0.1123  0.2859  1.0000  -3.1511   0.0000   0.0000   0.0000   0.3086


