xflr5 v6.61

 Calculated polar for: peg24_75_revT

 1 1 Reynolds number fixed          Mach number fixed         

 xtrf =   1.000 (top)        1.000 (bottom)
 Mach =   0.000     Re =     0.260 e 6     Ncrit =   9.000

  alpha     CL        CD       CDp       Cm    Top Xtr Bot Xtr   Cpmin    Chinge    XCp    
 ------- -------- --------- --------- -------- ------- ------- -------- --------- ---------
   0.000   0.5939   0.01211   0.00659  -0.1404  0.7624  0.7111  -0.8218   0.0000   0.0000   0.0000   0.4853
   0.500   0.6469   0.01202   0.00660  -0.1390  0.7533  0.7820  -0.8693   0.0000   0.0000   0.0000   0.4630
   1.000   0.6944   0.01187   0.00661  -0.1367  0.7415  0.8488  -0.9175   0.0000   0.0000   0.0000   0.4443
   1.500   0.7406   0.01139   0.00620  -0.1334  0.7316  0.9361  -0.9700   0.0000   0.0000   0.0000   0.4269
   2.000   0.8037   0.01139   0.00615  -0.1350  0.7188  1.0000  -1.0372   0.0000   0.0000   0.0000   0.4142
   2.500   0.8646   0.01126   0.00589  -0.1358  0.7061  1.0000  -1.1057   0.0000   0.0000   0.0000   0.4026
   3.000   0.9213   0.01132   0.00592  -0.1359  0.6910  1.0000  -1.1792   0.0000   0.0000   0.0000   0.3925
   3.500   0.9805   0.01125   0.00571  -0.1362  0.6760  1.0000  -1.2599   0.0000   0.0000   0.0000   0.3833
   4.000   1.0342   0.01133   0.00583  -0.1357  0.6571  1.0000  -1.3489   0.0000   0.0000   0.0000   0.3750
   4.500   1.0886   0.01141   0.00588  -0.1353  0.6353  1.0000  -1.4452   0.0000   0.0000   0.0000   0.3674
   5.000   1.1417   0.01156   0.00599  -0.1346  0.6101  1.0000  -1.5570   0.0000   0.0000   0.0000   0.3604
   5.500   1.1927   0.01184   0.00618  -0.1335  0.5795  1.0000  -1.6771   0.0000   0.0000   0.0000   0.3538
   6.000   1.2410   0.01232   0.00651  -0.1321  0.5445  1.0000  -1.8095   0.0000   0.0000   0.0000   0.3476
   6.500   1.2861   0.01296   0.00707  -0.1303  0.5050  1.0000  -1.9559   0.0000   0.0000   0.0000   0.3418
   7.000   1.3272   0.01385   0.00778  -0.1278  0.4633  1.0000  -2.1107   0.0000   0.0000   0.0000   0.3361
   7.500   1.3654   0.01484   0.00865  -0.1251  0.4217  1.0000  -2.2833   0.0000   0.0000   0.0000   0.3306
   8.000   1.3987   0.01604   0.00969  -0.1216  0.3822  1.0000  -2.4692   0.0000   0.0000   0.0000   0.3252
   8.500   1.4262   0.01733   0.01089  -0.1173  0.3442  1.0000  -2.6702   0.0000   0.0000   0.0000   0.3198
   9.000   1.4483   0.01897   0.01238  -0.1126  0.3099  1.0000  -2.9141   0.0000   0.0000   0.0000   0.3145
   9.500   1.4716   0.02069   0.01407  -0.1084  0.2779  1.0000  -3.1688   0.0000   0.0000   0.0000   0.3096
  10.000   1.4920   0.02274   0.01609  -0.1044  0.2468  1.0000  -3.4268   0.0000   0.0000   0.0000   0.3051


