xflr5 v6.61

 Calculated polar for: peg24_20_revT

 1 1 Reynolds number fixed          Mach number fixed         

 xtrf =   1.000 (top)        1.000 (bottom)
 Mach =   0.000     Re =     0.395 e 6     Ncrit =   9.000

  alpha     CL        CD       CDp       Cm    Top Xtr Bot Xtr   Cpmin    Chinge    XCp    
 ------- -------- --------- --------- -------- ------- ------- -------- --------- ---------
   0.000   0.3454   0.00760   0.00286  -0.0760  0.7402  0.8149  -0.6381   0.0000   0.0000   0.0000   0.4688
   0.500   0.3983   0.00761   0.00284  -0.0748  0.7244  0.8511  -0.6881   0.0000   0.0000   0.0000   0.4359
   1.000   0.4484   0.00754   0.00281  -0.0729  0.7066  0.8868  -0.7402   0.0000   0.0000   0.0000   0.4101
   1.500   0.4975   0.00750   0.00280  -0.0708  0.6872  0.9254  -0.7944   0.0000   0.0000   0.0000   0.3895
   2.000   0.5572   0.00747   0.00275  -0.0711  0.6662  0.9671  -0.8616   0.0000   0.0000   0.0000   0.3742
   2.500   0.6314   0.00753   0.00272  -0.0750  0.6410  1.0000  -0.9454   0.0000   0.0000   0.0000   0.3650
   3.000   0.6846   0.00772   0.00279  -0.0747  0.6128  1.0000  -1.0247   0.0000   0.0000   0.0000   0.3549
   3.500   0.7382   0.00798   0.00293  -0.0744  0.5812  1.0000  -1.1148   0.0000   0.0000   0.0000   0.3461
   4.500   0.8436   0.00874   0.00343  -0.0734  0.5094  1.0000  -1.3547   0.0000   0.0000   0.0000   0.3313
   5.000   0.8944   0.00928   0.00379  -0.0726  0.4672  1.0000  -1.5249   0.0000   0.0000   0.0000   0.3250
   5.500   0.9457   0.00980   0.00423  -0.0720  0.4271  1.0000  -1.8267   0.0000   0.0000   0.0000   0.3194
   6.000   0.9952   0.01046   0.00474  -0.0711  0.3840  1.0000  -2.1669   0.0000   0.0000   0.0000   0.3141
   6.500   1.0433   0.01125   0.00534  -0.0700  0.3377  1.0000  -2.5189   0.0000   0.0000   0.0000   0.3093
   7.000   1.0908   0.01208   0.00603  -0.0690  0.2916  1.0000  -2.8846   0.0000   0.0000   0.0000   0.3048
   8.000   1.1784   0.01429   0.00779  -0.0661  0.1880  1.0000  -3.6309   0.0000   0.0000   0.0000   0.2963
   8.500   1.2180   0.01569   0.00893  -0.0642  0.1361  1.0000  -4.0043   0.0000   0.0000   0.0000   0.2923
   9.000   1.2549   0.01721   0.01024  -0.0619  0.0966  1.0000  -4.3848   0.0000   0.0000   0.0000   0.2883
   9.500   1.2897   0.01875   0.01167  -0.0594  0.0705  1.0000  -4.7712   0.0000   0.0000   0.0000   0.2843
  10.000   1.3179   0.02046   0.01331  -0.0559  0.0519  1.0000  -5.1319   0.0000   0.0000   0.0000   0.2799


