xflr5 v6.61

 Calculated polar for: peg24_25_revT

 1 1 Reynolds number fixed          Mach number fixed         

 xtrf =   1.000 (top)        1.000 (bottom)
 Mach =   0.000     Re =     0.450 e 6     Ncrit =   9.000

  alpha     CL        CD       CDp       Cm    Top Xtr Bot Xtr   Cpmin    Chinge    XCp    
 ------- -------- --------- --------- -------- ------- ------- -------- --------- ---------
   0.000   0.3720   0.00727   0.00255  -0.0824  0.7313  0.7903  -0.6569   0.0000   0.0000   0.0000   0.4704
   0.500   0.4257   0.00723   0.00258  -0.0815  0.7160  0.8273  -0.7077   0.0000   0.0000   0.0000   0.4397
   1.000   0.4778   0.00723   0.00258  -0.0802  0.6992  0.8636  -0.7611   0.0000   0.0000   0.0000   0.4154
   1.500   0.5286   0.00720   0.00257  -0.0786  0.6801  0.9006  -0.8162   0.0000   0.0000   0.0000   0.3958
   2.000   0.5787   0.00714   0.00257  -0.0767  0.6598  0.9446  -0.8767   0.0000   0.0000   0.0000   0.3792
   2.500   0.6502   0.00717   0.00254  -0.0799  0.6356  0.9945  -0.9579   0.0000   0.0000   0.0000   0.3690
   3.000   0.7067   0.00737   0.00262  -0.0803  0.6076  1.0000  -1.0392   0.0000   0.0000   0.0000   0.3593
   3.500   0.7609   0.00765   0.00276  -0.0801  0.5763  1.0000  -1.1269   0.0000   0.0000   0.0000   0.3505
   4.000   0.8143   0.00800   0.00298  -0.0797  0.5416  1.0000  -1.2372   0.0000   0.0000   0.0000   0.3426
   4.500   0.8671   0.00841   0.00327  -0.0793  0.5044  1.0000  -1.3576   0.0000   0.0000   0.0000   0.3356
   5.000   0.9185   0.00893   0.00363  -0.0786  0.4624  1.0000  -1.5169   0.0000   0.0000   0.0000   0.3292
   5.500   0.9694   0.00950   0.00406  -0.0779  0.4217  1.0000  -1.7635   0.0000   0.0000   0.0000   0.3235
   6.000   1.0196   0.01013   0.00456  -0.0771  0.3797  1.0000  -2.0994   0.0000   0.0000   0.0000   0.3182
   6.500   1.0680   0.01090   0.00515  -0.0762  0.3345  1.0000  -2.4467   0.0000   0.0000   0.0000   0.3133
   7.000   1.1152   0.01176   0.00583  -0.0751  0.2888  1.0000  -2.8057   0.0000   0.0000   0.0000   0.3087
   7.500   1.1602   0.01278   0.00662  -0.0737  0.2384  1.0000  -3.1716   0.0000   0.0000   0.0000   0.3043
   8.000   1.2034   0.01390   0.00753  -0.0722  0.1894  1.0000  -3.5443   0.0000   0.0000   0.0000   0.3001
   8.500   1.2437   0.01521   0.00861  -0.0703  0.1412  1.0000  -3.9170   0.0000   0.0000   0.0000   0.2960
   9.000   1.2811   0.01665   0.00984  -0.0681  0.1025  1.0000  -4.2931   0.0000   0.0000   0.0000   0.2919
   9.500   1.3152   0.01819   0.01123  -0.0654  0.0749  1.0000  -4.6749   0.0000   0.0000   0.0000   0.2878
  10.000   1.3460   0.01966   0.01269  -0.0622  0.0569  1.0000  -5.0492   0.0000   0.0000   0.0000   0.2835


