xflr5 v6.61

 Calculated polar for: peg24_0_revT

 1 1 Reynolds number fixed          Mach number fixed         

 xtrf =   1.000 (top)        1.000 (bottom)
 Mach =   0.000     Re =     0.185 e 6     Ncrit =   9.000

  alpha     CL        CD       CDp       Cm    Top Xtr Bot Xtr   Cpmin    Chinge    XCp    
 ------- -------- --------- --------- -------- ------- ------- -------- --------- ---------
   0.000   0.2430   0.01124   0.00574  -0.0493  0.8054  0.9386  -0.5646   0.0000   0.0000   0.0000   0.4521
   0.500   0.3381   0.01128   0.00566  -0.0564  0.7860  0.9595  -0.6386   0.0000   0.0000   0.0000   0.4152
   1.000   0.4330   0.01115   0.00539  -0.0639  0.7632  0.9766  -0.7200   0.0000   0.0000   0.0000   0.3955
   1.500   0.5192   0.01097   0.00511  -0.0701  0.7378  0.9941  -0.8038   0.0000   0.0000   0.0000   0.3825
   2.000   0.5733   0.01081   0.00485  -0.0702  0.7104  1.0000  -0.8737   0.0000   0.0000   0.0000   0.3695
   2.500   0.6070   0.01080   0.00475  -0.0662  0.6838  1.0000  -0.9364   0.0000   0.0000   0.0000   0.3557
   3.000   0.6404   0.01088   0.00473  -0.0620  0.6542  1.0000  -1.0137   0.0000   0.0000   0.0000   0.3429
   3.500   0.6767   0.01104   0.00482  -0.0582  0.6220  1.0000  -1.1033   0.0000   0.0000   0.0000   0.3317
   4.000   0.7182   0.01131   0.00493  -0.0552  0.5892  1.0000  -1.2288   0.0000   0.0000   0.0000   0.3222
   4.500   0.7615   0.01165   0.00523  -0.0527  0.5524  1.0000  -1.3972   0.0000   0.0000   0.0000   0.3139
   5.000   0.8062   0.01212   0.00552  -0.0504  0.5141  1.0000  -1.6253   0.0000   0.0000   0.0000   0.3068
   5.500   0.8501   0.01261   0.00592  -0.0480  0.4713  1.0000  -1.9475   0.0000   0.0000   0.0000   0.3003
   6.000   0.8943   0.01320   0.00650  -0.0459  0.4305  1.0000  -2.3029   0.0000   0.0000   0.0000   0.2945
   6.500   0.9360   0.01388   0.00706  -0.0433  0.3833  1.0000  -2.6674   0.0000   0.0000   0.0000   0.2890
   7.000   0.9763   0.01467   0.00774  -0.0407  0.3364  1.0000  -3.0421   0.0000   0.0000   0.0000   0.2839
   7.500   1.0138   0.01560   0.00859  -0.0378  0.2862  1.0000  -3.4191   0.0000   0.0000   0.0000   0.2788
   8.000   1.0471   0.01678   0.00959  -0.0344  0.2334  1.0000  -3.7883   0.0000   0.0000   0.0000   0.2738
   8.500   1.0746   0.01827   0.01080  -0.0303  0.1699  1.0000  -4.1392   0.0000   0.0000   0.0000   0.2685
   9.000   1.0940   0.02019   0.01234  -0.0253  0.1153  1.0000  -4.4570   0.0000   0.0000   0.0000   0.2628
   9.500   1.1123   0.02188   0.01394  -0.0200  0.0839  1.0000  -4.7684   0.0000   0.0000   0.0000   0.2570
  10.000   1.1269   0.02382   0.01594  -0.0146  0.0641  1.0000  -5.0502   0.0000   0.0000   0.0000   0.2513


