xflr5 v6.61

 Calculated polar for: peg24_95_revT

 1 1 Reynolds number fixed          Mach number fixed         

 xtrf =   1.000 (top)        1.000 (bottom)
 Mach =   0.000     Re =     0.070 e 6     Ncrit =   9.000

  alpha     CL        CD       CDp       Cm    Top Xtr Bot Xtr   Cpmin    Chinge    XCp    
 ------- -------- --------- --------- -------- ------- ------- -------- --------- ---------
   0.000   0.3402   0.04429   0.03643  -0.1339  0.8681  0.6698  -0.6771   0.0000   0.0000   0.0000   0.6450
   0.500   0.3514   0.04485   0.03731  -0.1269  0.8494  0.7760  -0.6330   0.0000   0.0000   0.0000   0.6113
   1.000   0.3932   0.04527   0.03778  -0.1250  0.8309  1.0000  -0.6651   0.0000   0.0000   0.0000   0.5668
   1.500   0.4815   0.04695   0.03892  -0.1319  0.8128  1.0000  -0.7300   0.0000   0.0000   0.0000   0.5218
   2.000   0.5186   0.04876   0.04050  -0.1312  0.7902  1.0000  -0.7625   0.0000   0.0000   0.0000   0.4999
   2.500   0.5681   0.05060   0.04213  -0.1316  0.7683  1.0000  -0.8070   0.0000   0.0000   0.0000   0.4778
   3.000   0.6318   0.05210   0.04346  -0.1333  0.7492  1.0000  -0.8692   0.0000   0.0000   0.0000   0.4564
   3.500   0.7035   0.05287   0.04410  -0.1353  0.7308  1.0000  -0.9404   0.0000   0.0000   0.0000   0.4370
   4.000   0.7410   0.05458   0.04578  -0.1338  0.7068  1.0000  -0.9868   0.0000   0.0000   0.0000   0.4244
   4.500   0.7810   0.05633   0.04751  -0.1325  0.6833  1.0000  -1.0397   0.0000   0.0000   0.0000   0.4128
   5.000   0.8262   0.05773   0.04893  -0.1314  0.6604  1.0000  -1.1006   0.0000   0.0000   0.0000   0.4015
   5.500   0.9258   0.05556   0.04680  -0.1336  0.6496  1.0000  -1.2353   0.0000   0.0000   0.0000   0.3861
   7.000   1.0388   0.05897   0.05050  -0.1265  0.5766  1.0000  -1.4690   0.0000   0.0000   0.0000   0.3613
   7.500   1.1538   0.05210   0.04383  -0.1265  0.5705  1.0000  -1.6870   0.0000   0.0000   0.0000   0.3485
   8.000   1.1999   0.05125   0.04314  -0.1233  0.5471  1.0000  -1.8163   0.0000   0.0000   0.0000   0.3408
   8.500   1.2541   0.04957   0.04167  -0.1204  0.5241  1.0000  -1.9766   0.0000   0.0000   0.0000   0.3332
   9.000   1.3551   0.04347   0.03574  -0.1198  0.5031  1.0000  -2.2445   0.0000   0.0000   0.0000   0.3248
   9.500   1.4816   0.03724   0.02951  -0.1229  0.4703  1.0000  -2.6104   0.0000   0.0000   0.0000   0.3185
  10.000   1.5292   0.03749   0.02968  -0.1203  0.4320  1.0000  -2.8494   0.0000   0.0000   0.0000   0.3133


