xflr5 v6.61

 Calculated polar for: peg24_100_revT

 1 1 Reynolds number fixed          Mach number fixed         

 xtrf =   1.000 (top)        1.000 (bottom)
 Mach =   0.000     Re =     0.285 e 6     Ncrit =   9.000

  alpha     CL        CD       CDp       Cm    Top Xtr Bot Xtr   Cpmin    Chinge    XCp    
 ------- -------- --------- --------- -------- ------- ------- -------- --------- ---------
   0.000   0.7099   0.01306   0.00718  -0.1684  0.7530  0.5704  -0.9162   0.0000   0.0000   0.0000   0.4861
   0.500   0.7636   0.01294   0.00731  -0.1679  0.7435  0.6507  -0.9619   0.0000   0.0000   0.0000   0.4679
   1.000   0.8198   0.01261   0.00716  -0.1673  0.7352  0.7330  -1.0139   0.0000   0.0000   0.0000   0.4513
   1.500   0.8731   0.01248   0.00715  -0.1660  0.7272  0.8092  -1.0697   0.0000   0.0000   0.0000   0.4368
   2.000   0.9148   0.01217   0.00708  -0.1625  0.7158  0.9019  -1.1224   0.0000   0.0000   0.0000   0.4236
   2.500   0.9764   0.01183   0.00665  -0.1632  0.7062  1.0000  -1.1929   0.0000   0.0000   0.0000   0.4124
   3.000   1.0337   0.01190   0.00668  -0.1635  0.6940  1.0000  -1.2616   0.0000   0.0000   0.0000   0.4028
   3.500   1.0922   0.01178   0.00648  -0.1638  0.6811  1.0000  -1.3413   0.0000   0.0000   0.0000   0.3939
   4.000   1.1479   0.01185   0.00653  -0.1637  0.6669  1.0000  -1.4225   0.0000   0.0000   0.0000   0.3859
   4.500   1.2047   0.01181   0.00641  -0.1637  0.6513  1.0000  -1.5197   0.0000   0.0000   0.0000   0.3784
   5.000   1.2564   0.01192   0.00655  -0.1628  0.6306  1.0000  -1.6191   0.0000   0.0000   0.0000   0.3714
   5.500   1.3078   0.01212   0.00673  -0.1619  0.6075  1.0000  -1.7301   0.0000   0.0000   0.0000   0.3649
   6.000   1.3563   0.01243   0.00695  -0.1605  0.5783  1.0000  -1.8469   0.0000   0.0000   0.0000   0.3587
   6.500   1.4012   0.01297   0.00735  -0.1585  0.5448  1.0000  -1.9723   0.0000   0.0000   0.0000   0.3527
   7.000   1.4412   0.01372   0.00801  -0.1558  0.5069  1.0000  -2.1089   0.0000   0.0000   0.0000   0.3470
   7.500   1.4743   0.01478   0.00887  -0.1520  0.4665  1.0000  -2.2447   0.0000   0.0000   0.0000   0.3412
   8.000   1.5010   0.01596   0.00994  -0.1473  0.4280  1.0000  -2.3768   0.0000   0.0000   0.0000   0.3354
   8.500   1.5211   0.01752   0.01136  -0.1419  0.3908  1.0000  -2.5054   0.0000   0.0000   0.0000   0.3298
   9.000   1.5387   0.01940   0.01312  -0.1367  0.3564  1.0000  -2.6412   0.0000   0.0000   0.0000   0.3245
   9.500   1.5575   0.02145   0.01510  -0.1322  0.3240  1.0000  -2.7960   0.0000   0.0000   0.0000   0.3196
  10.000   1.5745   0.02379   0.01738  -0.1278  0.2940  1.0000  -2.9702   0.0000   0.0000   0.0000   0.3151


