xflr5 v6.61

 Calculated polar for: peg24_45_revT

 1 1 Reynolds number fixed          Mach number fixed         

 xtrf =   1.000 (top)        1.000 (bottom)
 Mach =   0.000     Re =     0.110 e 6     Ncrit =   9.000

  alpha     CL        CD       CDp       Cm    Top Xtr Bot Xtr   Cpmin    Chinge    XCp    
 ------- -------- --------- --------- -------- ------- ------- -------- --------- ---------
   0.000   0.3601   0.02144   0.01498  -0.0982  0.8249  1.0000  -0.6383   0.0000   0.0000   0.0000   0.5224
   0.500   0.4391   0.02120   0.01448  -0.1022  0.8140  1.0000  -0.7006   0.0000   0.0000   0.0000   0.4815
   1.000   0.4924   0.02169   0.01481  -0.1024  0.7948  1.0000  -0.7499   0.0000   0.0000   0.0000   0.4560
   1.500   0.5670   0.02114   0.01410  -0.1043  0.7844  1.0000  -0.8207   0.0000   0.0000   0.0000   0.4314
   2.000   0.6178   0.02151   0.01441  -0.1036  0.7638  1.0000  -0.8756   0.0000   0.0000   0.0000   0.4144
   2.500   0.6794   0.02128   0.01411  -0.1035  0.7483  1.0000  -0.9463   0.0000   0.0000   0.0000   0.3986
   3.000   0.7426   0.02069   0.01348  -0.1033  0.7320  1.0000  -1.0254   0.0000   0.0000   0.0000   0.3848
   3.500   0.7966   0.02059   0.01340  -0.1022  0.7105  1.0000  -1.1053   0.0000   0.0000   0.0000   0.3734
   4.000   0.8546   0.02021   0.01303  -0.1013  0.6902  1.0000  -1.1972   0.0000   0.0000   0.0000   0.3632
   4.500   0.9159   0.01956   0.01238  -0.1006  0.6696  1.0000  -1.3124   0.0000   0.0000   0.0000   0.3540
   5.000   0.9735   0.01909   0.01192  -0.0996  0.6445  1.0000  -1.4383   0.0000   0.0000   0.0000   0.3459
   5.500   1.0274   0.01885   0.01172  -0.0982  0.6144  1.0000  -1.5805   0.0000   0.0000   0.0000   0.3385
   6.000   1.0811   0.01870   0.01156  -0.0968  0.5805  1.0000  -1.7522   0.0000   0.0000   0.0000   0.3318
   6.500   1.1346   0.01877   0.01149  -0.0954  0.5436  1.0000  -1.9575   0.0000   0.0000   0.0000   0.3257
   7.000   1.1796   0.01932   0.01204  -0.0931  0.5003  1.0000  -2.2318   0.0000   0.0000   0.0000   0.3199
   7.500   1.2230   0.02013   0.01276  -0.0907  0.4559  1.0000  -2.5438   0.0000   0.0000   0.0000   0.3145
   8.000   1.2637   0.02120   0.01364  -0.0881  0.4117  1.0000  -2.8640   0.0000   0.0000   0.0000   0.3093
   8.500   1.2979   0.02247   0.01488  -0.0847  0.3663  1.0000  -3.1715   0.0000   0.0000   0.0000   0.3041
   9.000   1.3267   0.02400   0.01638  -0.0808  0.3214  1.0000  -3.4666   0.0000   0.0000   0.0000   0.2990
   9.500   1.3496   0.02583   0.01809  -0.0763  0.2785  1.0000  -3.7468   0.0000   0.0000   0.0000   0.2939
  10.000   1.3628   0.02799   0.02012  -0.0707  0.2389  1.0000  -3.9936   0.0000   0.0000   0.0000   0.2885


