xflr5 v6.61

 Calculated polar for: peg24_90_revT

 1 1 Reynolds number fixed          Mach number fixed         

 xtrf =   1.000 (top)        1.000 (bottom)
 Mach =   0.000     Re =     0.260 e 6     Ncrit =   9.000

  alpha     CL        CD       CDp       Cm    Top Xtr Bot Xtr   Cpmin    Chinge    XCp    
 ------- -------- --------- --------- -------- ------- ------- -------- --------- ---------
   0.000   0.6618   0.01310   0.00733  -0.1574  0.7596  0.6337  -0.8754   0.0000   0.0000   0.0000   0.4867
   0.500   0.7152   0.01310   0.00754  -0.1565  0.7510  0.7158  -0.9228   0.0000   0.0000   0.0000   0.4669
   1.000   0.7659   0.01293   0.00755  -0.1549  0.7402  0.7926  -0.9711   0.0000   0.0000   0.0000   0.4496
   1.500   0.8152   0.01250   0.00721  -0.1524  0.7318  0.8698  -1.0256   0.0000   0.0000   0.0000   0.4336
   2.000   0.8663   0.01230   0.00710  -0.1510  0.7203  1.0000  -1.0847   0.0000   0.0000   0.0000   0.4204
   2.500   0.9277   0.01216   0.00685  -0.1519  0.7089  1.0000  -1.1537   0.0000   0.0000   0.0000   0.4092
   3.000   0.9866   0.01215   0.00675  -0.1524  0.6967  1.0000  -1.2253   0.0000   0.0000   0.0000   0.3992
   3.500   1.0439   0.01206   0.00661  -0.1525  0.6822  1.0000  -1.3051   0.0000   0.0000   0.0000   0.3902
   4.000   1.0999   0.01209   0.00662  -0.1523  0.6670  1.0000  -1.3885   0.0000   0.0000   0.0000   0.3820
   4.500   1.1572   0.01203   0.00646  -0.1523  0.6501  1.0000  -1.4880   0.0000   0.0000   0.0000   0.3744
   5.000   1.2089   0.01212   0.00657  -0.1514  0.6277  1.0000  -1.5895   0.0000   0.0000   0.0000   0.3674
   5.500   1.2603   0.01232   0.00674  -0.1504  0.6025  1.0000  -1.7049   0.0000   0.0000   0.0000   0.3608
   6.000   1.3092   0.01266   0.00695  -0.1490  0.5713  1.0000  -1.8270   0.0000   0.0000   0.0000   0.3545
   6.500   1.3541   0.01321   0.00745  -0.1471  0.5360  1.0000  -1.9599   0.0000   0.0000   0.0000   0.3486
   7.000   1.3946   0.01401   0.00809  -0.1445  0.4960  1.0000  -2.1038   0.0000   0.0000   0.0000   0.3428
   7.500   1.4306   0.01500   0.00894  -0.1412  0.4552  1.0000  -2.2490   0.0000   0.0000   0.0000   0.3372
   8.000   1.4595   0.01623   0.00999  -0.1369  0.4157  1.0000  -2.3929   0.0000   0.0000   0.0000   0.3315
   8.500   1.4828   0.01763   0.01130  -0.1319  0.3787  1.0000  -2.5463   0.0000   0.0000   0.0000   0.3259
   9.000   1.5033   0.01932   0.01289  -0.1270  0.3436  1.0000  -2.7114   0.0000   0.0000   0.0000   0.3206
   9.500   1.5207   0.02138   0.01483  -0.1222  0.3112  1.0000  -2.8908   0.0000   0.0000   0.0000   0.3156
  10.000   1.5376   0.02368   0.01707  -0.1178  0.2816  1.0000  -3.0828   0.0000   0.0000   0.0000   0.3110


