xflr5 v6.61

 Calculated polar for: peg24_75_revT

 1 1 Reynolds number fixed          Mach number fixed         

 xtrf =   1.000 (top)        1.000 (bottom)
 Mach =   0.000     Re =     0.495 e 6     Ncrit =   9.000

  alpha     CL        CD       CDp       Cm    Top Xtr Bot Xtr   Cpmin    Chinge    XCp    
 ------- -------- --------- --------- -------- ------- ------- -------- --------- ---------
   0.000   0.6119   0.00827   0.00312  -0.1413  0.7258  0.6016  -0.8382   0.0000   0.0000   0.0000   0.4795
   0.500   0.6681   0.00811   0.00317  -0.1411  0.7163  0.6810  -0.8873   0.0000   0.0000   0.0000   0.4592
   1.000   0.7237   0.00802   0.00317  -0.1407  0.7054  0.7459  -0.9418   0.0000   0.0000   0.0000   0.4417
   1.500   0.7781   0.00798   0.00327  -0.1401  0.6943  0.8020  -1.0002   0.0000   0.0000   0.0000   0.4267
   2.000   0.8306   0.00787   0.00325  -0.1390  0.6809  0.8551  -1.0615   0.0000   0.0000   0.0000   0.4134
   2.500   0.8777   0.00772   0.00326  -0.1366  0.6672  0.9347  -1.1208   0.0000   0.0000   0.0000   0.4011
   3.000   0.9377   0.00778   0.00323  -0.1374  0.6506  1.0000  -1.1980   0.0000   0.0000   0.0000   0.3914
   3.500   0.9943   0.00792   0.00335  -0.1376  0.6316  1.0000  -1.2766   0.0000   0.0000   0.0000   0.3827
   4.000   1.0493   0.00815   0.00350  -0.1375  0.6080  1.0000  -1.3687   0.0000   0.0000   0.0000   0.3747
   4.500   1.1030   0.00846   0.00371  -0.1371  0.5809  1.0000  -1.4654   0.0000   0.0000   0.0000   0.3674
   5.000   1.1534   0.00893   0.00401  -0.1362  0.5453  1.0000  -1.5763   0.0000   0.0000   0.0000   0.3605
   5.500   1.2037   0.00945   0.00442  -0.1353  0.5094  1.0000  -1.6970   0.0000   0.0000   0.0000   0.3542
   6.500   1.2956   0.01094   0.00557  -0.1323  0.4265  1.0000  -1.9783   0.0000   0.0000   0.0000   0.3425
   7.000   1.3373   0.01189   0.00633  -0.1301  0.3852  1.0000  -2.1359   0.0000   0.0000   0.0000   0.3370
   7.500   1.3782   0.01282   0.00713  -0.1279  0.3459  1.0000  -2.3182   0.0000   0.0000   0.0000   0.3318
   8.500   1.4469   0.01504   0.00910  -0.1215  0.2767  1.0000  -2.7569   0.0000   0.0000   0.0000   0.3215
   9.000   1.4763   0.01637   0.01032  -0.1178  0.2452  1.0000  -3.0325   0.0000   0.0000   0.0000   0.3165
   9.500   1.5017   0.01802   0.01183  -0.1139  0.2146  1.0000  -3.3070   0.0000   0.0000   0.0000   0.3117
  10.000   1.5258   0.01986   0.01359  -0.1102  0.1863  1.0000  -3.5847   0.0000   0.0000   0.0000   0.3073


