xflr5 v6.61

 Calculated polar for: peg24_20_revT

 1 1 Reynolds number fixed          Mach number fixed         

 xtrf =   1.000 (top)        1.000 (bottom)
 Mach =   0.000     Re =     0.305 e 6     Ncrit =   9.000

  alpha     CL        CD       CDp       Cm    Top Xtr Bot Xtr   Cpmin    Chinge    XCp    
 ------- -------- --------- --------- -------- ------- ------- -------- --------- ---------
   0.000   0.3388   0.00868   0.00370  -0.0747  0.7597  0.8479  -0.6333   0.0000   0.0000   0.0000   0.4694
   0.500   0.3871   0.00862   0.00368  -0.0723  0.7434  0.8864  -0.6805   0.0000   0.0000   0.0000   0.4349
   1.000   0.4358   0.00856   0.00356  -0.0698  0.7270  0.9269  -0.7315   0.0000   0.0000   0.0000   0.4079
   1.500   0.4985   0.00843   0.00342  -0.0706  0.7075  0.9674  -0.7942   0.0000   0.0000   0.0000   0.3887
   2.000   0.5808   0.00838   0.00331  -0.0761  0.6857  1.0000  -0.8772   0.0000   0.0000   0.0000   0.3777
   2.500   0.6304   0.00849   0.00332  -0.0752  0.6624  1.0000  -0.9431   0.0000   0.0000   0.0000   0.3656
   3.000   0.6839   0.00865   0.00338  -0.0748  0.6363  1.0000  -1.0223   0.0000   0.0000   0.0000   0.3552
   3.500   0.7373   0.00886   0.00348  -0.0744  0.6064  1.0000  -1.1123   0.0000   0.0000   0.0000   0.3462
   4.000   0.7901   0.00918   0.00365  -0.0738  0.5738  1.0000  -1.2235   0.0000   0.0000   0.0000   0.3382
   4.500   0.8422   0.00955   0.00394  -0.0731  0.5371  1.0000  -1.3505   0.0000   0.0000   0.0000   0.3311
   5.000   0.8930   0.01005   0.00429  -0.0722  0.4975  1.0000  -1.5195   0.0000   0.0000   0.0000   0.3247
   5.500   0.9432   0.01059   0.00473  -0.0713  0.4554  1.0000  -1.8047   0.0000   0.0000   0.0000   0.3189
   6.000   0.9920   0.01127   0.00527  -0.0703  0.4140  1.0000  -2.1397   0.0000   0.0000   0.0000   0.3136
   6.500   1.0396   0.01203   0.00588  -0.0691  0.3676  1.0000  -2.4874   0.0000   0.0000   0.0000   0.3086
   7.000   1.0864   0.01285   0.00660  -0.0679  0.3216  1.0000  -2.8472   0.0000   0.0000   0.0000   0.3040
   7.500   1.1312   0.01382   0.00743  -0.0665  0.2749  1.0000  -3.2143   0.0000   0.0000   0.0000   0.2997
   8.000   1.1729   0.01501   0.00840  -0.0647  0.2232  1.0000  -3.5822   0.0000   0.0000   0.0000   0.2954
   8.500   1.2106   0.01649   0.00962  -0.0625  0.1690  1.0000  -3.9443   0.0000   0.0000   0.0000   0.2913
   9.000   1.2454   0.01811   0.01101  -0.0601  0.1200  1.0000  -4.3023   0.0000   0.0000   0.0000   0.2871
   9.500   1.2758   0.01989   0.01261  -0.0570  0.0859  1.0000  -4.6571   0.0000   0.0000   0.0000   0.2829
  10.000   1.3002   0.02186   0.01451  -0.0532  0.0640  1.0000  -4.9922   0.0000   0.0000   0.0000   0.2784


