xflr5 v6.61

 Calculated polar for: peg24_05_revT

 1 1 Reynolds number fixed          Mach number fixed         

 xtrf =   1.000 (top)        1.000 (bottom)
 Mach =   0.000     Re =     0.305 e 6     Ncrit =   9.000

  alpha     CL        CD       CDp       Cm    Top Xtr Bot Xtr   Cpmin    Chinge    XCp    
 ------- -------- --------- --------- -------- ------- ------- -------- --------- ---------
   0.000   0.2621   0.00833   0.00342  -0.0552  0.7597  0.8678  -0.5808   0.0000   0.0000   0.0000   0.4594
   0.500   0.3109   0.00832   0.00340  -0.0529  0.7406  0.9024  -0.6274   0.0000   0.0000   0.0000   0.4183
   1.000   0.3655   0.00831   0.00335  -0.0517  0.7210  0.9344  -0.6816   0.0000   0.0000   0.0000   0.3891
   1.500   0.4359   0.00836   0.00330  -0.0541  0.6985  0.9602  -0.7502   0.0000   0.0000   0.0000   0.3713
   2.000   0.5167   0.00843   0.00327  -0.0591  0.6731  0.9771  -0.8334   0.0000   0.0000   0.0000   0.3612
   2.500   0.5968   0.00850   0.00327  -0.0642  0.6435  0.9919  -0.9274   0.0000   0.0000   0.0000   0.3541
   3.000   0.6575   0.00858   0.00327  -0.0657  0.6112  1.0000  -1.0192   0.0000   0.0000   0.0000   0.3460
   3.500   0.6919   0.00879   0.00336  -0.0617  0.5795  1.0000  -1.1082   0.0000   0.0000   0.0000   0.3348
   4.000   0.7332   0.00913   0.00354  -0.0589  0.5452  1.0000  -1.2173   0.0000   0.0000   0.0000   0.3255
   4.500   0.7785   0.00950   0.00383  -0.0569  0.5080  1.0000  -1.3774   0.0000   0.0000   0.0000   0.3177
   5.000   0.8238   0.01001   0.00417  -0.0549  0.4672  1.0000  -1.6777   0.0000   0.0000   0.0000   0.3108
   5.500   0.8704   0.01050   0.00460  -0.0532  0.4279  1.0000  -2.0088   0.0000   0.0000   0.0000   0.3048
   6.000   0.9151   0.01113   0.00510  -0.0513  0.3830  1.0000  -2.3501   0.0000   0.0000   0.0000   0.2991
   6.500   0.9584   0.01186   0.00568  -0.0492  0.3372  1.0000  -2.7019   0.0000   0.0000   0.0000   0.2939
   7.000   1.0001   0.01271   0.00636  -0.0469  0.2885  1.0000  -3.0609   0.0000   0.0000   0.0000   0.2889
   7.500   1.0396   0.01369   0.00716  -0.0444  0.2326  1.0000  -3.4233   0.0000   0.0000   0.0000   0.2841
   8.000   1.0743   0.01496   0.00815  -0.0414  0.1742  1.0000  -3.7764   0.0000   0.0000   0.0000   0.2793
   8.500   1.1054   0.01642   0.00933  -0.0378  0.1194  1.0000  -4.1239   0.0000   0.0000   0.0000   0.2744
   9.000   1.1331   0.01796   0.01070  -0.0338  0.0830  1.0000  -4.4746   0.0000   0.0000   0.0000   0.2694
   9.500   1.1538   0.01951   0.01217  -0.0286  0.0610  1.0000  -4.7923   0.0000   0.0000   0.0000   0.2637
  10.000   1.1698   0.02135   0.01396  -0.0231  0.0439  1.0000  -5.0750   0.0000   0.0000   0.0000   0.2580


