xflr5 v6.61

 Calculated polar for: peg24_50_revT

 1 1 Reynolds number fixed          Mach number fixed         

 xtrf =   1.000 (top)        1.000 (bottom)
 Mach =   0.000     Re =     0.210 e 6     Ncrit =   9.000

  alpha     CL        CD       CDp       Cm    Top Xtr Bot Xtr   Cpmin    Chinge    XCp    
 ------- -------- --------- --------- -------- ------- ------- -------- --------- ---------
   0.000   0.4652   0.01244   0.00695  -0.1091  0.7832  0.8375  -0.7237   0.0000   0.0000   0.0000   0.4836
   0.500   0.5054   0.01232   0.00695  -0.1050  0.7684  0.9001  -0.7639   0.0000   0.0000   0.0000   0.4561
   1.000   0.5719   0.01187   0.00644  -0.1059  0.7576  0.9800  -0.8256   0.0000   0.0000   0.0000   0.4329
   1.500   0.6326   0.01192   0.00640  -0.1074  0.7420  1.0000  -0.8866   0.0000   0.0000   0.0000   0.4169
   2.000   0.6944   0.01180   0.00609  -0.1082  0.7289  1.0000  -0.9523   0.0000   0.0000   0.0000   0.4024
   2.500   0.7498   0.01181   0.00608  -0.1081  0.7106  1.0000  -1.0201   0.0000   0.0000   0.0000   0.3902
   3.000   0.8067   0.01182   0.00601  -0.1081  0.6931  1.0000  -1.0946   0.0000   0.0000   0.0000   0.3794
   3.500   0.8645   0.01177   0.00584  -0.1080  0.6744  1.0000  -1.1817   0.0000   0.0000   0.0000   0.3699
   4.000   0.9189   0.01180   0.00585  -0.1075  0.6513  1.0000  -1.2721   0.0000   0.0000   0.0000   0.3613
   4.500   0.9727   0.01190   0.00590  -0.1068  0.6247  1.0000  -1.3819   0.0000   0.0000   0.0000   0.3536
   5.000   1.0249   0.01213   0.00608  -0.1059  0.5943  1.0000  -1.5027   0.0000   0.0000   0.0000   0.3465
   5.500   1.0750   0.01248   0.00638  -0.1047  0.5576  1.0000  -1.6415   0.0000   0.0000   0.0000   0.3400
   6.000   1.1238   0.01303   0.00675  -0.1033  0.5194  1.0000  -1.8034   0.0000   0.0000   0.0000   0.3339
   6.500   1.1696   0.01371   0.00736  -0.1016  0.4760  1.0000  -1.9907   0.0000   0.0000   0.0000   0.3282
   7.000   1.2132   0.01457   0.00810  -0.0996  0.4340  1.0000  -2.2493   0.0000   0.0000   0.0000   0.3228
   7.500   1.2537   0.01560   0.00896  -0.0973  0.3909  1.0000  -2.5574   0.0000   0.0000   0.0000   0.3176
   8.000   1.2919   0.01669   0.00998  -0.0947  0.3484  1.0000  -2.8698   0.0000   0.0000   0.0000   0.3126
   8.500   1.3250   0.01803   0.01119  -0.0915  0.3080  1.0000  -3.1758   0.0000   0.0000   0.0000   0.3076
   9.000   1.3538   0.01941   0.01251  -0.0877  0.2685  1.0000  -3.4752   0.0000   0.0000   0.0000   0.3026
   9.500   1.3763   0.02115   0.01414  -0.0833  0.2318  1.0000  -3.7583   0.0000   0.0000   0.0000   0.2976
  10.000   1.3959   0.02320   0.01612  -0.0791  0.1960  1.0000  -4.0355   0.0000   0.0000   0.0000   0.2929


