xflr5 v6.61

 Calculated polar for: peg24_30_revT

 1 1 Reynolds number fixed          Mach number fixed         

 xtrf =   1.000 (top)        1.000 (bottom)
 Mach =   0.000     Re =     0.295 e 6     Ncrit =   9.000

  alpha     CL        CD       CDp       Cm    Top Xtr Bot Xtr   Cpmin    Chinge    XCp    
 ------- -------- --------- --------- -------- ------- ------- -------- --------- ---------
   0.000   0.3854   0.00911   0.00408  -0.0867  0.7613  0.8340  -0.6664   0.0000   0.0000   0.0000   0.4738
   0.500   0.4346   0.00908   0.00406  -0.0845  0.7470  0.8778  -0.7143   0.0000   0.0000   0.0000   0.4426
   1.000   0.4819   0.00891   0.00390  -0.0817  0.7317  0.9233  -0.7643   0.0000   0.0000   0.0000   0.4171
   1.500   0.5459   0.00878   0.00377  -0.0828  0.7144  0.9723  -0.8273   0.0000   0.0000   0.0000   0.3988
   2.000   0.6161   0.00876   0.00363  -0.0859  0.6956  1.0000  -0.9005   0.0000   0.0000   0.0000   0.3861
   2.500   0.6718   0.00886   0.00358  -0.0860  0.6751  1.0000  -0.9708   0.0000   0.0000   0.0000   0.3741
   3.000   0.7267   0.00897   0.00364  -0.0858  0.6515  1.0000  -1.0485   0.0000   0.0000   0.0000   0.3638
   3.500   0.7811   0.00916   0.00372  -0.0855  0.6245  1.0000  -1.1343   0.0000   0.0000   0.0000   0.3546
   4.000   0.8346   0.00941   0.00390  -0.0850  0.5939  1.0000  -1.2404   0.0000   0.0000   0.0000   0.3465
   4.500   0.8870   0.00973   0.00415  -0.0844  0.5589  1.0000  -1.3571   0.0000   0.0000   0.0000   0.3393
   5.000   0.9380   0.01022   0.00447  -0.0835  0.5213  1.0000  -1.5010   0.0000   0.0000   0.0000   0.3326
   5.500   0.9881   0.01075   0.00490  -0.0825  0.4792  1.0000  -1.6802   0.0000   0.0000   0.0000   0.3266
   6.000   1.0365   0.01143   0.00544  -0.0814  0.4379  1.0000  -1.9780   0.0000   0.0000   0.0000   0.3210
   6.500   1.0839   0.01217   0.00606  -0.0801  0.3945  1.0000  -2.3104   0.0000   0.0000   0.0000   0.3158
   7.000   1.1298   0.01301   0.00679  -0.0787  0.3496  1.0000  -2.6529   0.0000   0.0000   0.0000   0.3109
   7.500   1.1735   0.01400   0.00762  -0.0771  0.3051  1.0000  -3.0021   0.0000   0.0000   0.0000   0.3063
   8.000   1.2146   0.01513   0.00859  -0.0752  0.2602  1.0000  -3.3547   0.0000   0.0000   0.0000   0.3018
   8.500   1.2526   0.01644   0.00973  -0.0729  0.2140  1.0000  -3.7068   0.0000   0.0000   0.0000   0.2974
   9.000   1.2867   0.01794   0.01104  -0.0702  0.1667  1.0000  -4.0529   0.0000   0.0000   0.0000   0.2931
   9.500   1.3136   0.01970   0.01259  -0.0665  0.1240  1.0000  -4.3769   0.0000   0.0000   0.0000   0.2885
  10.000   1.3369   0.02171   0.01446  -0.0627  0.0929  1.0000  -4.6910   0.0000   0.0000   0.0000   0.2840


