xflr5 v6.61

 Calculated polar for: peg24_95_revT

 1 1 Reynolds number fixed          Mach number fixed         

 xtrf =   1.000 (top)        1.000 (bottom)
 Mach =   0.000     Re =     0.270 e 6     Ncrit =   9.000

  alpha     CL        CD       CDp       Cm    Top Xtr Bot Xtr   Cpmin    Chinge    XCp    
 ------- -------- --------- --------- -------- ------- ------- -------- --------- ---------
   0.000   0.6868   0.01311   0.00725  -0.1631  0.7570  0.6026  -0.8962   0.0000   0.0000   0.0000   0.4863
   0.500   0.7388   0.01312   0.00753  -0.1622  0.7476  0.6846  -0.9417   0.0000   0.0000   0.0000   0.4676
   1.000   0.7923   0.01287   0.00745  -0.1611  0.7379  0.7650  -0.9918   0.0000   0.0000   0.0000   0.4507
   1.500   0.8449   0.01254   0.00721  -0.1594  0.7301  0.8407  -1.0481   0.0000   0.0000   0.0000   0.4353
   2.000   0.8888   0.01224   0.00712  -0.1563  0.7184  1.0000  -1.1023   0.0000   0.0000   0.0000   0.4219
   2.500   0.9514   0.01208   0.00682  -0.1575  0.7079  1.0000  -1.1727   0.0000   0.0000   0.0000   0.4109
   3.000   1.0097   0.01210   0.00677  -0.1579  0.6958  1.0000  -1.2430   0.0000   0.0000   0.0000   0.4011
   3.500   1.0675   0.01200   0.00662  -0.1581  0.6821  1.0000  -1.3226   0.0000   0.0000   0.0000   0.3921
   4.000   1.1235   0.01204   0.00662  -0.1580  0.6675  1.0000  -1.4046   0.0000   0.0000   0.0000   0.3840
   4.500   1.1803   0.01198   0.00649  -0.1579  0.6512  1.0000  -1.5032   0.0000   0.0000   0.0000   0.3765
   5.000   1.2321   0.01209   0.00662  -0.1571  0.6298  1.0000  -1.6037   0.0000   0.0000   0.0000   0.3694
   5.500   1.2836   0.01228   0.00679  -0.1561  0.6057  1.0000  -1.7170   0.0000   0.0000   0.0000   0.3629
   6.000   1.3323   0.01258   0.00700  -0.1547  0.5756  1.0000  -1.8357   0.0000   0.0000   0.0000   0.3567
   6.500   1.3775   0.01313   0.00744  -0.1528  0.5416  1.0000  -1.9656   0.0000   0.0000   0.0000   0.3507
   7.000   1.4178   0.01389   0.00808  -0.1501  0.5024  1.0000  -2.1063   0.0000   0.0000   0.0000   0.3449
   7.500   1.4523   0.01493   0.00893  -0.1466  0.4620  1.0000  -2.2438   0.0000   0.0000   0.0000   0.3392
   8.000   1.4806   0.01610   0.00998  -0.1422  0.4228  1.0000  -2.3845   0.0000   0.0000   0.0000   0.3335
   9.000   1.5216   0.01935   0.01300  -0.1319  0.3511  1.0000  -2.6724   0.0000   0.0000   0.0000   0.3226
   9.500   1.5397   0.02139   0.01495  -0.1272  0.3184  1.0000  -2.8417   0.0000   0.0000   0.0000   0.3177
  10.000   1.5563   0.02372   0.01722  -0.1228  0.2885  1.0000  -3.0269   0.0000   0.0000   0.0000   0.3131


