xflr5 v6.61

 Calculated polar for: peg24_50_revT

 1 1 Reynolds number fixed          Mach number fixed         

 xtrf =   1.000 (top)        1.000 (bottom)
 Mach =   0.000     Re =     0.135 e 6     Ncrit =   9.000

  alpha     CL        CD       CDp       Cm    Top Xtr Bot Xtr   Cpmin    Chinge    XCp    
 ------- -------- --------- --------- -------- ------- ------- -------- --------- ---------
   0.000   0.4094   0.01799   0.01200  -0.1027  0.8122  0.9358  -0.6812   0.0000   0.0000   0.0000   0.5004
   0.500   0.4784   0.01818   0.01206  -0.1064  0.7958  1.0000  -0.7348   0.0000   0.0000   0.0000   0.4711
   1.000   0.5486   0.01774   0.01140  -0.1084  0.7853  1.0000  -0.7983   0.0000   0.0000   0.0000   0.4455
   1.500   0.6016   0.01808   0.01164  -0.1083  0.7677  1.0000  -0.8527   0.0000   0.0000   0.0000   0.4274
   2.000   0.6691   0.01750   0.01091  -0.1091  0.7567  1.0000  -0.9225   0.0000   0.0000   0.0000   0.4098
   2.500   0.7214   0.01765   0.01103  -0.1084  0.7372  1.0000  -0.9859   0.0000   0.0000   0.0000   0.3964
   3.000   0.7808   0.01737   0.01070  -0.1081  0.7213  1.0000  -1.0623   0.0000   0.0000   0.0000   0.3840
   3.500   0.8419   0.01686   0.01012  -0.1079  0.7042  1.0000  -1.1498   0.0000   0.0000   0.0000   0.3732
   4.000   0.8958   0.01676   0.01004  -0.1069  0.6821  1.0000  -1.2386   0.0000   0.0000   0.0000   0.3638
   4.500   0.9513   0.01657   0.00986  -0.1061  0.6590  1.0000  -1.3465   0.0000   0.0000   0.0000   0.3554
   5.000   1.0068   0.01634   0.00962  -0.1051  0.6329  1.0000  -1.4689   0.0000   0.0000   0.0000   0.3477
   5.500   1.0611   0.01623   0.00947  -0.1040  0.6033  1.0000  -1.6089   0.0000   0.0000   0.0000   0.3407
   6.000   1.1138   0.01633   0.00947  -0.1028  0.5690  1.0000  -1.7726   0.0000   0.0000   0.0000   0.3343
   6.500   1.1608   0.01677   0.00990  -0.1009  0.5289  1.0000  -1.9561   0.0000   0.0000   0.0000   0.3283
   7.000   1.2067   0.01743   0.01043  -0.0989  0.4865  1.0000  -2.1934   0.0000   0.0000   0.0000   0.3227
   7.500   1.2489   0.01833   0.01118  -0.0965  0.4430  1.0000  -2.4962   0.0000   0.0000   0.0000   0.3173
   8.000   1.2866   0.01943   0.01224  -0.0936  0.3989  1.0000  -2.8019   0.0000   0.0000   0.0000   0.3121
   8.500   1.3205   0.02076   0.01346  -0.0903  0.3560  1.0000  -3.1058   0.0000   0.0000   0.0000   0.3070
   9.000   1.3486   0.02227   0.01485  -0.0864  0.3141  1.0000  -3.3979   0.0000   0.0000   0.0000   0.3019
   9.500   1.3699   0.02397   0.01653  -0.0816  0.2742  1.0000  -3.6709   0.0000   0.0000   0.0000   0.2967
  10.000   1.3835   0.02617   0.01858  -0.0763  0.2374  1.0000  -3.9198   0.0000   0.0000   0.0000   0.2915


