xflr5 v6.61

 Calculated polar for: peg24_50_revT

 1 1 Reynolds number fixed          Mach number fixed         

 xtrf =   1.000 (top)        1.000 (bottom)
 Mach =   0.000     Re =     0.380 e 6     Ncrit =   9.000

  alpha     CL        CD       CDp       Cm    Top Xtr Bot Xtr   Cpmin    Chinge    XCp    
 ------- -------- --------- --------- -------- ------- ------- -------- --------- ---------
   0.000   0.4886   0.00853   0.00356  -0.1119  0.7425  0.7501  -0.7426   0.0000   0.0000   0.0000   0.4778
   0.500   0.5427   0.00846   0.00351  -0.1109  0.7308  0.8014  -0.7923   0.0000   0.0000   0.0000   0.4525
   1.000   0.5947   0.00840   0.00356  -0.1096  0.7177  0.8493  -0.8448   0.0000   0.0000   0.0000   0.4318
   1.500   0.6437   0.00827   0.00346  -0.1074  0.7039  0.8986  -0.9006   0.0000   0.0000   0.0000   0.4138
   2.000   0.6999   0.00808   0.00336  -0.1069  0.6878  0.9741  -0.9625   0.0000   0.0000   0.0000   0.3992
   2.500   0.7615   0.00816   0.00333  -0.1082  0.6707  1.0000  -1.0355   0.0000   0.0000   0.0000   0.3880
   3.000   0.8184   0.00829   0.00335  -0.1084  0.6507  1.0000  -1.1103   0.0000   0.0000   0.0000   0.3778
   3.500   0.8740   0.00845   0.00345  -0.1084  0.6269  1.0000  -1.1966   0.0000   0.0000   0.0000   0.3688
   4.000   0.9283   0.00870   0.00360  -0.1081  0.5994  1.0000  -1.2885   0.0000   0.0000   0.0000   0.3607
   4.500   0.9815   0.00903   0.00384  -0.1076  0.5678  1.0000  -1.3993   0.0000   0.0000   0.0000   0.3533
   5.000   1.0330   0.00946   0.00417  -0.1069  0.5306  1.0000  -1.5201   0.0000   0.0000   0.0000   0.3465
   5.500   1.0824   0.01006   0.00459  -0.1058  0.4911  1.0000  -1.6605   0.0000   0.0000   0.0000   0.3403
   6.000   1.1309   0.01071   0.00511  -0.1047  0.4487  1.0000  -1.8244   0.0000   0.0000   0.0000   0.3345
   6.500   1.1777   0.01147   0.00573  -0.1033  0.4077  1.0000  -2.0199   0.0000   0.0000   0.0000   0.3290
   7.000   1.2219   0.01238   0.00646  -0.1017  0.3647  1.0000  -2.3156   0.0000   0.0000   0.0000   0.3238
   7.500   1.2656   0.01328   0.00725  -0.1000  0.3238  1.0000  -2.6397   0.0000   0.0000   0.0000   0.3189
   8.000   1.3053   0.01439   0.00818  -0.0978  0.2834  1.0000  -2.9636   0.0000   0.0000   0.0000   0.3141
   8.500   1.3435   0.01552   0.00921  -0.0953  0.2445  1.0000  -3.2939   0.0000   0.0000   0.0000   0.3095
   9.000   1.3754   0.01684   0.01039  -0.0920  0.2087  1.0000  -3.6123   0.0000   0.0000   0.0000   0.3047
   9.500   1.4034   0.01837   0.01178  -0.0883  0.1728  1.0000  -3.9247   0.0000   0.0000   0.0000   0.3000
  10.000   1.4276   0.02020   0.01349  -0.0845  0.1396  1.0000  -4.2292   0.0000   0.0000   0.0000   0.2955


