xflr5 v6.61

 Calculated polar for: peg24_80_revT

 1 1 Reynolds number fixed          Mach number fixed         

 xtrf =   1.000 (top)        1.000 (bottom)
 Mach =   0.000     Re =     0.375 e 6     Ncrit =   9.000

  alpha     CL        CD       CDp       Cm    Top Xtr Bot Xtr   Cpmin    Chinge    XCp    
 ------- -------- --------- --------- -------- ------- ------- -------- --------- ---------
   0.000   0.6295   0.00975   0.00440  -0.1467  0.7405  0.6250  -0.8512   0.0000   0.0000   0.0000   0.4818
   0.500   0.6859   0.00958   0.00436  -0.1464  0.7315  0.7061  -0.9011   0.0000   0.0000   0.0000   0.4614
   1.000   0.7397   0.00954   0.00449  -0.1456  0.7217  0.7719  -0.9529   0.0000   0.0000   0.0000   0.4441
   1.500   0.7921   0.00935   0.00442  -0.1443  0.7104  0.8320  -1.0096   0.0000   0.0000   0.0000   0.4289
   2.000   0.8404   0.00921   0.00437  -0.1421  0.6993  0.9013  -1.0684   0.0000   0.0000   0.0000   0.4151
   2.500   0.8971   0.00901   0.00422  -0.1420  0.6855  1.0000  -1.1335   0.0000   0.0000   0.0000   0.4037
   3.000   0.9556   0.00911   0.00422  -0.1425  0.6715  1.0000  -1.2086   0.0000   0.0000   0.0000   0.3939
   3.500   1.0120   0.00919   0.00426  -0.1426  0.6549  1.0000  -1.2873   0.0000   0.0000   0.0000   0.3851
   4.000   1.0673   0.00934   0.00438  -0.1424  0.6353  1.0000  -1.3768   0.0000   0.0000   0.0000   0.3771
   4.500   1.1213   0.00954   0.00452  -0.1421  0.6119  1.0000  -1.4726   0.0000   0.0000   0.0000   0.3697
   5.000   1.1736   0.00984   0.00474  -0.1414  0.5845  1.0000  -1.5827   0.0000   0.0000   0.0000   0.3628
   5.500   1.2230   0.01031   0.00506  -0.1402  0.5494  1.0000  -1.6991   0.0000   0.0000   0.0000   0.3563
   6.000   1.2704   0.01091   0.00553  -0.1388  0.5129  1.0000  -1.8276   0.0000   0.0000   0.0000   0.3502
   6.500   1.3139   0.01170   0.00615  -0.1368  0.4705  1.0000  -1.9706   0.0000   0.0000   0.0000   0.3444
   7.000   1.3554   0.01259   0.00690  -0.1346  0.4303  1.0000  -2.1219   0.0000   0.0000   0.0000   0.3388
   7.500   1.3918   0.01368   0.00780  -0.1316  0.3890  1.0000  -2.2792   0.0000   0.0000   0.0000   0.3333
   8.000   1.4255   0.01478   0.00878  -0.1282  0.3514  1.0000  -2.4589   0.0000   0.0000   0.0000   0.3280
   8.500   1.4532   0.01610   0.00999  -0.1240  0.3160  1.0000  -2.6472   0.0000   0.0000   0.0000   0.3226
   9.000   1.4776   0.01768   0.01144  -0.1197  0.2838  1.0000  -2.8587   0.0000   0.0000   0.0000   0.3175
   9.500   1.5032   0.01935   0.01305  -0.1159  0.2539  1.0000  -3.1174   0.0000   0.0000   0.0000   0.3128
  10.000   1.5264   0.02130   0.01495  -0.1122  0.2247  1.0000  -3.3788   0.0000   0.0000   0.0000   0.3084


