xflr5 v6.61

 Calculated polar for: peg24_30_revT

 1 1 Reynolds number fixed          Mach number fixed         

 xtrf =   1.000 (top)        1.000 (bottom)
 Mach =   0.000     Re =     0.380 e 6     Ncrit =   9.000

  alpha     CL        CD       CDp       Cm    Top Xtr Bot Xtr   Cpmin    Chinge    XCp    
 ------- -------- --------- --------- -------- ------- ------- -------- --------- ---------
   0.000   0.3928   0.00798   0.00315  -0.0880  0.7434  0.8010  -0.6718   0.0000   0.0000   0.0000   0.4727
   0.500   0.4454   0.00796   0.00310  -0.0866  0.7288  0.8416  -0.7221   0.0000   0.0000   0.0000   0.4426
   1.000   0.4959   0.00787   0.00311  -0.0849  0.7131  0.8808  -0.7740   0.0000   0.0000   0.0000   0.4188
   1.500   0.5445   0.00780   0.00305  -0.0826  0.6961  0.9240  -0.8277   0.0000   0.0000   0.0000   0.3988
   2.000   0.6075   0.00773   0.00293  -0.0836  0.6768  0.9753  -0.8961   0.0000   0.0000   0.0000   0.3842
   2.500   0.6725   0.00778   0.00292  -0.0857  0.6543  1.0000  -0.9729   0.0000   0.0000   0.0000   0.3736
   3.000   0.7281   0.00795   0.00300  -0.0858  0.6294  1.0000  -1.0515   0.0000   0.0000   0.0000   0.3635
   3.500   0.7826   0.00819   0.00312  -0.0856  0.6005  1.0000  -1.1374   0.0000   0.0000   0.0000   0.3545
   4.000   0.8362   0.00850   0.00332  -0.0852  0.5687  1.0000  -1.2444   0.0000   0.0000   0.0000   0.3465
   4.500   0.8888   0.00888   0.00359  -0.0847  0.5315  1.0000  -1.3614   0.0000   0.0000   0.0000   0.3394
   5.000   0.9398   0.00941   0.00395  -0.0839  0.4926  1.0000  -1.5060   0.0000   0.0000   0.0000   0.3328
   5.500   0.9904   0.00996   0.00438  -0.0831  0.4503  1.0000  -1.6887   0.0000   0.0000   0.0000   0.3269
   6.000   1.0398   0.01061   0.00490  -0.0822  0.4099  1.0000  -2.0033   0.0000   0.0000   0.0000   0.3215
   6.500   1.0872   0.01141   0.00551  -0.0810  0.3647  1.0000  -2.3382   0.0000   0.0000   0.0000   0.3163
   7.000   1.1343   0.01221   0.00620  -0.0798  0.3206  1.0000  -2.6880   0.0000   0.0000   0.0000   0.3116
   7.500   1.1795   0.01314   0.00699  -0.0784  0.2767  1.0000  -3.0455   0.0000   0.0000   0.0000   0.3071
   8.000   1.2218   0.01426   0.00790  -0.0767  0.2302  1.0000  -3.4061   0.0000   0.0000   0.0000   0.3027
   8.500   1.2611   0.01554   0.00899  -0.0747  0.1824  1.0000  -3.7670   0.0000   0.0000   0.0000   0.2985
   9.000   1.2963   0.01704   0.01025  -0.0721  0.1365  1.0000  -4.1218   0.0000   0.0000   0.0000   0.2942
   9.500   1.3267   0.01865   0.01168  -0.0689  0.1010  1.0000  -4.4653   0.0000   0.0000   0.0000   0.2898
  10.000   1.3524   0.02047   0.01338  -0.0652  0.0762  1.0000  -4.8081   0.0000   0.0000   0.0000   0.2853


