xflr5 v6.61

 Calculated polar for: peg24_80_revT

 1 1 Reynolds number fixed          Mach number fixed         

 xtrf =   1.000 (top)        1.000 (bottom)
 Mach =   0.000     Re =     0.190 e 6     Ncrit =   9.000

  alpha     CL        CD       CDp       Cm    Top Xtr Bot Xtr   Cpmin    Chinge    XCp    
 ------- -------- --------- --------- -------- ------- ------- -------- --------- ---------
   0.000   0.5941   0.01630   0.01042  -0.1450  0.7800  0.7335  -0.8194   0.0000   0.0000   0.0000   0.4931
   0.500   0.6367   0.01634   0.01067  -0.1418  0.7671  0.8117  -0.8598   0.0000   0.0000   0.0000   0.4711
   1.500   0.7406   0.01565   0.01003  -0.1383  0.7466  1.0000  -0.9645   0.0000   0.0000   0.0000   0.4338
   2.000   0.8036   0.01540   0.00964  -0.1394  0.7353  1.0000  -1.0315   0.0000   0.0000   0.0000   0.4198
   2.500   0.8659   0.01523   0.00934  -0.1402  0.7246  1.0000  -1.1002   0.0000   0.0000   0.0000   0.4076
   3.000   0.9225   0.01509   0.00917  -0.1401  0.7097  1.0000  -1.1714   0.0000   0.0000   0.0000   0.3969
   3.500   0.9819   0.01489   0.00890  -0.1402  0.6962  1.0000  -1.2525   0.0000   0.0000   0.0000   0.3872
   4.000   1.0401   0.01461   0.00858  -0.1401  0.6800  1.0000  -1.3412   0.0000   0.0000   0.0000   0.3785
   4.500   1.0939   0.01460   0.00859  -0.1394  0.6612  1.0000  -1.4354   0.0000   0.0000   0.0000   0.3706
   5.000   1.1495   0.01444   0.00841  -0.1389  0.6406  1.0000  -1.5449   0.0000   0.0000   0.0000   0.3633
   5.500   1.2028   0.01441   0.00834  -0.1380  0.6159  1.0000  -1.6633   0.0000   0.0000   0.0000   0.3565
   6.000   1.2527   0.01456   0.00848  -0.1366  0.5856  1.0000  -1.7925   0.0000   0.0000   0.0000   0.3501
   6.500   1.3006   0.01490   0.00869  -0.1349  0.5504  1.0000  -1.9386   0.0000   0.0000   0.0000   0.3441
   7.000   1.3442   0.01554   0.00924  -0.1327  0.5119  1.0000  -2.0904   0.0000   0.0000   0.0000   0.3383
   7.500   1.3827   0.01646   0.00998  -0.1297  0.4698  1.0000  -2.2493   0.0000   0.0000   0.0000   0.3327
   8.000   1.4167   0.01758   0.01098  -0.1262  0.4292  1.0000  -2.4236   0.0000   0.0000   0.0000   0.3272
   8.500   1.4436   0.01894   0.01219  -0.1217  0.3898  1.0000  -2.6063   0.0000   0.0000   0.0000   0.3217
   9.000   1.4653   0.02047   0.01365  -0.1167  0.3539  1.0000  -2.7960   0.0000   0.0000   0.0000   0.3162
   9.500   1.4840   0.02230   0.01541  -0.1117  0.3195  1.0000  -3.0228   0.0000   0.0000   0.0000   0.3111
  10.000   1.4995   0.02450   0.01754  -0.1069  0.2878  1.0000  -3.2507   0.0000   0.0000   0.0000   0.3062


