xflr5 v6.61

 Calculated polar for: peg24_15_revT

 1 1 Reynolds number fixed          Mach number fixed         

 xtrf =   1.000 (top)        1.000 (bottom)
 Mach =   0.000     Re =     0.210 e 6     Ncrit =   9.000

  alpha     CL        CD       CDp       Cm    Top Xtr Bot Xtr   Cpmin    Chinge    XCp    
 ------- -------- --------- --------- -------- ------- ------- -------- --------- ---------
   0.000   0.2952   0.01065   0.00534  -0.0645  0.7896  0.9106  -0.6030   0.0000   0.0000   0.0000   0.4676
   0.500   0.3532   0.01056   0.00519  -0.0638  0.7733  0.9523  -0.6552   0.0000   0.0000   0.0000   0.4291
   1.000   0.4399   0.01035   0.00483  -0.0694  0.7562  0.9832  -0.7292   0.0000   0.0000   0.0000   0.4056
   1.500   0.5163   0.01021   0.00462  -0.0740  0.7349  1.0000  -0.8017   0.0000   0.0000   0.0000   0.3906
   2.000   0.5603   0.01024   0.00456  -0.0721  0.7126  1.0000  -0.8594   0.0000   0.0000   0.0000   0.3754
   2.500   0.6096   0.01032   0.00454  -0.0708  0.6894  1.0000  -0.9259   0.0000   0.0000   0.0000   0.3626
   3.000   0.6618   0.01043   0.00455  -0.0700  0.6637  1.0000  -1.0045   0.0000   0.0000   0.0000   0.3518
   3.500   0.7144   0.01057   0.00462  -0.0693  0.6349  1.0000  -1.0975   0.0000   0.0000   0.0000   0.3424
   4.000   0.7669   0.01080   0.00473  -0.0684  0.6032  1.0000  -1.2090   0.0000   0.0000   0.0000   0.3342
   4.500   0.8187   0.01113   0.00495  -0.0675  0.5685  1.0000  -1.3461   0.0000   0.0000   0.0000   0.3269
   5.000   0.8693   0.01154   0.00530  -0.0665  0.5295  1.0000  -1.5228   0.0000   0.0000   0.0000   0.3204
   5.500   0.9187   0.01208   0.00571  -0.0652  0.4876  1.0000  -1.8438   0.0000   0.0000   0.0000   0.3145
   6.000   0.9669   0.01274   0.00625  -0.0639  0.4449  1.0000  -2.1800   0.0000   0.0000   0.0000   0.3090
   6.500   1.0140   0.01345   0.00689  -0.0626  0.3996  1.0000  -2.5283   0.0000   0.0000   0.0000   0.3040
   7.000   1.0592   0.01431   0.00766  -0.0610  0.3520  1.0000  -2.8847   0.0000   0.0000   0.0000   0.2993
   7.500   1.1025   0.01531   0.00854  -0.0593  0.3034  1.0000  -3.2470   0.0000   0.0000   0.0000   0.2949
   8.000   1.1432   0.01650   0.00958  -0.0573  0.2523  1.0000  -3.6104   0.0000   0.0000   0.0000   0.2906
   8.500   1.1789   0.01803   0.01090  -0.0549  0.1961  1.0000  -3.9624   0.0000   0.0000   0.0000   0.2863
   9.000   1.2100   0.01990   0.01251  -0.0520  0.1388  1.0000  -4.2987   0.0000   0.0000   0.0000   0.2821
   9.500   1.2347   0.02207   0.01444  -0.0484  0.0971  1.0000  -4.6076   0.0000   0.0000   0.0000   0.2776
  10.000   1.2532   0.02454   0.01684  -0.0441  0.0732  1.0000  -4.8953   0.0000   0.0000   0.0000   0.2729


