xflr5 v6.61

 Calculated polar for: peg24_80_revT

 1 1 Reynolds number fixed          Mach number fixed         

 xtrf =   1.000 (top)        1.000 (bottom)
 Mach =   0.000     Re =     0.380 e 6     Ncrit =   9.000

  alpha     CL        CD       CDp       Cm    Top Xtr Bot Xtr   Cpmin    Chinge    XCp    
 ------- -------- --------- --------- -------- ------- ------- -------- --------- ---------
   0.000   0.6299   0.00967   0.00432  -0.1467  0.7398  0.6229  -0.8515   0.0000   0.0000   0.0000   0.4816
   0.500   0.6863   0.00952   0.00430  -0.1464  0.7308  0.7040  -0.9015   0.0000   0.0000   0.0000   0.4613
   1.000   0.7401   0.00946   0.00442  -0.1456  0.7209  0.7700  -0.9533   0.0000   0.0000   0.0000   0.4441
   1.500   0.7928   0.00928   0.00435  -0.1444  0.7097  0.8298  -1.0102   0.0000   0.0000   0.0000   0.4288
   2.000   0.8412   0.00914   0.00432  -0.1422  0.6986  0.8978  -1.0690   0.0000   0.0000   0.0000   0.4151
   2.500   0.8975   0.00894   0.00417  -0.1420  0.6847  1.0000  -1.1339   0.0000   0.0000   0.0000   0.4037
   3.000   0.9558   0.00904   0.00417  -0.1425  0.6706  1.0000  -1.2089   0.0000   0.0000   0.0000   0.3939
   3.500   1.0124   0.00912   0.00420  -0.1426  0.6541  1.0000  -1.2878   0.0000   0.0000   0.0000   0.3851
   4.000   1.0676   0.00927   0.00433  -0.1425  0.6342  1.0000  -1.3772   0.0000   0.0000   0.0000   0.3771
   4.500   1.1216   0.00948   0.00448  -0.1421  0.6107  1.0000  -1.4730   0.0000   0.0000   0.0000   0.3697
   5.000   1.1739   0.00979   0.00470  -0.1414  0.5831  1.0000  -1.5831   0.0000   0.0000   0.0000   0.3628
   5.500   1.2231   0.01027   0.00502  -0.1402  0.5479  1.0000  -1.6994   0.0000   0.0000   0.0000   0.3563
   6.000   1.2706   0.01086   0.00550  -0.1389  0.5113  1.0000  -1.8281   0.0000   0.0000   0.0000   0.3503
   6.500   1.3139   0.01167   0.00612  -0.1368  0.4688  1.0000  -1.9708   0.0000   0.0000   0.0000   0.3444
   7.000   1.3557   0.01255   0.00687  -0.1346  0.4286  1.0000  -2.1225   0.0000   0.0000   0.0000   0.3389
   7.500   1.3918   0.01365   0.00778  -0.1316  0.3874  1.0000  -2.2793   0.0000   0.0000   0.0000   0.3334
   8.000   1.4259   0.01473   0.00875  -0.1282  0.3499  1.0000  -2.4600   0.0000   0.0000   0.0000   0.3280
   8.500   1.4533   0.01606   0.00996  -0.1240  0.3145  1.0000  -2.6479   0.0000   0.0000   0.0000   0.3226
   9.000   1.4782   0.01763   0.01140  -0.1198  0.2825  1.0000  -2.8611   0.0000   0.0000   0.0000   0.3175
   9.500   1.5042   0.01928   0.01300  -0.1161  0.2527  1.0000  -3.1212   0.0000   0.0000   0.0000   0.3129
  10.000   1.5273   0.02123   0.01489  -0.1124  0.2234  1.0000  -3.3823   0.0000   0.0000   0.0000   0.3084


