xflr5 v6.61

 Calculated polar for: peg24_100_revT

 1 1 Reynolds number fixed          Mach number fixed         

 xtrf =   1.000 (top)        1.000 (bottom)
 Mach =   0.000     Re =     0.180 e 6     Ncrit =   9.000

  alpha     CL        CD       CDp       Cm    Top Xtr Bot Xtr   Cpmin    Chinge    XCp    
 ------- -------- --------- --------- -------- ------- ------- -------- --------- ---------
   0.000   0.6536   0.02056   0.01431  -0.1650  0.7700  0.6223  -0.8677   0.0000   0.0000   0.0000   0.5016
   0.500   0.7107   0.02004   0.01402  -0.1640  0.7626  0.7117  -0.9166   0.0000   0.0000   0.0000   0.4791
   1.000   0.7674   0.01928   0.01341  -0.1621  0.7572  0.8052  -0.9697   0.0000   0.0000   0.0000   0.4588
   1.500   0.7928   0.01954   0.01395  -0.1560  0.7421  0.9621  -1.0032   0.0000   0.0000   0.0000   0.4436
   2.000   0.8644   0.01893   0.01315  -0.1584  0.7346  1.0000  -1.0744   0.0000   0.0000   0.0000   0.4294
   2.500   0.9375   0.01820   0.01222  -0.1605  0.7287  1.0000  -1.1538   0.0000   0.0000   0.0000   0.4166
   3.000   0.9836   0.01863   0.01268  -0.1592  0.7122  1.0000  -1.2114   0.0000   0.0000   0.0000   0.4066
   3.500   1.0542   0.01769   0.01161  -0.1606  0.7043  1.0000  -1.2995   0.0000   0.0000   0.0000   0.3964
   4.000   1.1033   0.01786   0.01182  -0.1594  0.6879  1.0000  -1.3740   0.0000   0.0000   0.0000   0.3879
   4.500   1.1719   0.01697   0.01082  -0.1606  0.6771  1.0000  -1.4782   0.0000   0.0000   0.0000   0.3797
   5.000   1.2205   0.01704   0.01098  -0.1591  0.6585  1.0000  -1.5708   0.0000   0.0000   0.0000   0.3723
   5.500   1.2764   0.01671   0.01065  -0.1585  0.6401  1.0000  -1.6834   0.0000   0.0000   0.0000   0.3654
   6.000   1.3319   0.01642   0.01032  -0.1578  0.6186  1.0000  -1.8082   0.0000   0.0000   0.0000   0.3590
   6.500   1.3802   0.01647   0.01036  -0.1561  0.5911  1.0000  -1.9337   0.0000   0.0000   0.0000   0.3528
   7.000   1.4238   0.01678   0.01064  -0.1537  0.5574  1.0000  -2.0708   0.0000   0.0000   0.0000   0.3469
   7.500   1.4655   0.01735   0.01103  -0.1510  0.5210  1.0000  -2.2199   0.0000   0.0000   0.0000   0.3412
   8.000   1.4973   0.01834   0.01192  -0.1469  0.4815  1.0000  -2.3586   0.0000   0.0000   0.0000   0.3355
   8.500   1.5210   0.01963   0.01305  -0.1417  0.4425  1.0000  -2.4938   0.0000   0.0000   0.0000   0.3297
   9.000   1.5398   0.02127   0.01457  -0.1362  0.4061  1.0000  -2.6312   0.0000   0.0000   0.0000   0.3242
   9.500   1.5546   0.02326   0.01647  -0.1307  0.3710  1.0000  -2.7765   0.0000   0.0000   0.0000   0.3189
  10.000   1.5676   0.02559   0.01871  -0.1255  0.3385  1.0000  -2.9372   0.0000   0.0000   0.0000   0.3140


