xflr5 v6.61

 Calculated polar for: peg24_05_revT

 1 1 Reynolds number fixed          Mach number fixed         

 xtrf =   1.000 (top)        1.000 (bottom)
 Mach =   0.000     Re =     0.375 e 6     Ncrit =   9.000

  alpha     CL        CD       CDp       Cm    Top Xtr Bot Xtr   Cpmin    Chinge    XCp    
 ------- -------- --------- --------- -------- ------- ------- -------- --------- ---------
   0.000   0.2682   0.00751   0.00279  -0.0566  0.7427  0.8425  -0.5848   0.0000   0.0000   0.0000   0.4600
   0.500   0.3193   0.00754   0.00277  -0.0550  0.7241  0.8750  -0.6330   0.0000   0.0000   0.0000   0.4203
   1.000   0.3690   0.00752   0.00274  -0.0529  0.7033  0.9066  -0.6844   0.0000   0.0000   0.0000   0.3910
   1.500   0.4224   0.00752   0.00274  -0.0517  0.6807  0.9395  -0.7421   0.0000   0.0000   0.0000   0.3695
   2.000   0.4906   0.00761   0.00276  -0.0539  0.6553  0.9649  -0.8159   0.0000   0.0000   0.0000   0.3566
   2.500   0.5690   0.00776   0.00279  -0.0586  0.6258  0.9808  -0.9057   0.0000   0.0000   0.0000   0.3493
   3.000   0.6469   0.00793   0.00287  -0.0634  0.5919  0.9958  -1.0100   0.0000   0.0000   0.0000   0.3439
   3.500   0.6942   0.00813   0.00297  -0.0621  0.5579  1.0000  -1.1122   0.0000   0.0000   0.0000   0.3350
   4.000   0.7337   0.00848   0.00316  -0.0591  0.5229  1.0000  -1.2195   0.0000   0.0000   0.0000   0.3256
   4.500   0.7788   0.00886   0.00343  -0.0570  0.4853  1.0000  -1.3800   0.0000   0.0000   0.0000   0.3178
   5.000   0.8244   0.00936   0.00378  -0.0551  0.4447  1.0000  -1.6913   0.0000   0.0000   0.0000   0.3110
   5.500   0.8715   0.00986   0.00419  -0.0536  0.4052  1.0000  -2.0260   0.0000   0.0000   0.0000   0.3051
   6.000   0.9166   0.01050   0.00467  -0.0517  0.3595  1.0000  -2.3707   0.0000   0.0000   0.0000   0.2995
   6.500   0.9605   0.01124   0.00525  -0.0498  0.3126  1.0000  -2.7267   0.0000   0.0000   0.0000   0.2944
   7.000   1.0026   0.01210   0.00590  -0.0476  0.2574  1.0000  -3.0901   0.0000   0.0000   0.0000   0.2895
   7.500   1.0421   0.01314   0.00671  -0.0452  0.2017  1.0000  -3.4550   0.0000   0.0000   0.0000   0.2848
   8.000   1.0779   0.01441   0.00768  -0.0423  0.1448  1.0000  -3.8142   0.0000   0.0000   0.0000   0.2800
   8.500   1.1111   0.01577   0.00882  -0.0390  0.0996  1.0000  -4.1881   0.0000   0.0000   0.0000   0.2753
   9.000   1.1419   0.01714   0.01006  -0.0354  0.0704  1.0000  -4.5572   0.0000   0.0000   0.0000   0.2705
   9.500   1.1657   0.01856   0.01140  -0.0306  0.0504  1.0000  -4.8945   0.0000   0.0000   0.0000   0.2651
  10.000   1.1817   0.02033   0.01310  -0.0248  0.0338  1.0000  -5.1737   0.0000   0.0000   0.0000   0.2592


