xflr5 v6.61

 Calculated polar for: peg24_50_revT

 1 1 Reynolds number fixed          Mach number fixed         

 xtrf =   1.000 (top)        1.000 (bottom)
 Mach =   0.000     Re =     0.185 e 6     Ncrit =   9.000

  alpha     CL        CD       CDp       Cm    Top Xtr Bot Xtr   Cpmin    Chinge    XCp    
 ------- -------- --------- --------- -------- ------- ------- -------- --------- ---------
   0.000   0.4508   0.01381   0.00825  -0.1075  0.7899  0.8595  -0.7127   0.0000   0.0000   0.0000   0.4876
   0.500   0.4953   0.01351   0.00796  -0.1035  0.7785  0.9308  -0.7560   0.0000   0.0000   0.0000   0.4574
   1.000   0.5681   0.01327   0.00765  -0.1069  0.7642  1.0000  -0.8200   0.0000   0.0000   0.0000   0.4359
   1.500   0.6300   0.01318   0.00739  -0.1080  0.7519  1.0000  -0.8826   0.0000   0.0000   0.0000   0.4185
   2.000   0.6872   0.01313   0.00725  -0.1082  0.7354  1.0000  -0.9443   0.0000   0.0000   0.0000   0.4040
   2.500   0.7445   0.01312   0.00716  -0.1082  0.7193  1.0000  -1.0134   0.0000   0.0000   0.0000   0.3914
   3.000   0.8043   0.01291   0.00682  -0.1083  0.7031  1.0000  -1.0907   0.0000   0.0000   0.0000   0.3802
   3.500   0.8585   0.01292   0.00683  -0.1078  0.6820  1.0000  -1.1736   0.0000   0.0000   0.0000   0.3705
   4.000   0.9135   0.01293   0.00682  -0.1072  0.6600  1.0000  -1.2641   0.0000   0.0000   0.0000   0.3618
   4.500   0.9678   0.01293   0.00679  -0.1065  0.6345  1.0000  -1.3737   0.0000   0.0000   0.0000   0.3539
   5.000   1.0211   0.01304   0.00684  -0.1057  0.6054  1.0000  -1.4955   0.0000   0.0000   0.0000   0.3467
   5.500   1.0732   0.01329   0.00695  -0.1046  0.5721  1.0000  -1.6364   0.0000   0.0000   0.0000   0.3401
   6.000   1.1215   0.01375   0.00739  -0.1031  0.5332  1.0000  -1.7961   0.0000   0.0000   0.0000   0.3339
   6.500   1.1680   0.01442   0.00787  -0.1014  0.4917  1.0000  -1.9837   0.0000   0.0000   0.0000   0.3281
   7.000   1.2116   0.01523   0.00862  -0.0994  0.4483  1.0000  -2.2337   0.0000   0.0000   0.0000   0.3227
   7.500   1.2527   0.01622   0.00949  -0.0970  0.4057  1.0000  -2.5422   0.0000   0.0000   0.0000   0.3175
   8.000   1.2893   0.01743   0.01050  -0.0942  0.3629  1.0000  -2.8487   0.0000   0.0000   0.0000   0.3123
   8.500   1.3237   0.01865   0.01172  -0.0911  0.3211  1.0000  -3.1571   0.0000   0.0000   0.0000   0.3074
   9.000   1.3511   0.02015   0.01310  -0.0871  0.2819  1.0000  -3.4504   0.0000   0.0000   0.0000   0.3023
   9.500   1.3732   0.02183   0.01471  -0.0826  0.2437  1.0000  -3.7305   0.0000   0.0000   0.0000   0.2972
  10.000   1.3907   0.02397   0.01677  -0.0781  0.2081  1.0000  -3.9973   0.0000   0.0000   0.0000   0.2924


