xflr5 v6.61

 Calculated polar for: peg24_15_revT

 1 1 Reynolds number fixed          Mach number fixed         

 xtrf =   1.000 (top)        1.000 (bottom)
 Mach =   0.000     Re =     0.075 e 6     Ncrit =   9.000

  alpha     CL        CD       CDp       Cm    Top Xtr Bot Xtr   Cpmin    Chinge    XCp    
 ------- -------- --------- --------- -------- ------- ------- -------- --------- ---------
   0.000   0.2048   0.02327   0.01534  -0.0662  0.8923  1.0000  -0.5206   0.0000   0.0000   0.0000   0.5734
   0.500   0.2784   0.02380   0.01567  -0.0704  0.8697  1.0000  -0.5773   0.0000   0.0000   0.0000   0.5015
   1.000   0.3425   0.02441   0.01614  -0.0725  0.8451  1.0000  -0.6317   0.0000   0.0000   0.0000   0.4597
   1.500   0.4071   0.02498   0.01662  -0.0742  0.8213  1.0000  -0.6907   0.0000   0.0000   0.0000   0.4299
   2.000   0.4727   0.02531   0.01692  -0.0754  0.7977  1.0000  -0.7571   0.0000   0.0000   0.0000   0.4066
   2.500   0.5401   0.02532   0.01693  -0.0762  0.7754  1.0000  -0.8323   0.0000   0.0000   0.0000   0.3876
   3.000   0.6124   0.02473   0.01636  -0.0766  0.7552  1.0000  -0.9241   0.0000   0.0000   0.0000   0.3712
   3.500   0.6691   0.02459   0.01627  -0.0751  0.7290  1.0000  -1.0113   0.0000   0.0000   0.0000   0.3580
   4.000   0.7265   0.02428   0.01603  -0.0735  0.7024  1.0000  -1.1215   0.0000   0.0000   0.0000   0.3465
   4.500   0.7821   0.02400   0.01583  -0.0717  0.6736  1.0000  -1.2442   0.0000   0.0000   0.0000   0.3364
   5.000   0.8316   0.02405   0.01602  -0.0694  0.6395  1.0000  -1.3977   0.0000   0.0000   0.0000   0.3277
   5.500   0.8887   0.02357   0.01561  -0.0674  0.6060  1.0000  -1.6066   0.0000   0.0000   0.0000   0.3196
   6.000   0.9486   0.02300   0.01500  -0.0656  0.5708  1.0000  -1.9624   0.0000   0.0000   0.0000   0.3124
   6.500   0.9967   0.02324   0.01532  -0.0631  0.5267  1.0000  -2.2957   0.0000   0.0000   0.0000   0.3060
   7.000   1.0444   0.02363   0.01568  -0.0605  0.4793  1.0000  -2.6430   0.0000   0.0000   0.0000   0.3000
   7.500   1.0890   0.02431   0.01633  -0.0577  0.4288  1.0000  -2.9920   0.0000   0.0000   0.0000   0.2944
   8.000   1.1284   0.02526   0.01717  -0.0545  0.3735  1.0000  -3.3318   0.0000   0.0000   0.0000   0.2890
   8.500   1.1623   0.02664   0.01827  -0.0508  0.3145  1.0000  -3.6571   0.0000   0.0000   0.0000   0.2837
   9.000   1.1856   0.02875   0.02032  -0.0462  0.2526  1.0000  -3.9294   0.0000   0.0000   0.0000   0.2783
   9.500   1.2052   0.03152   0.02279  -0.0416  0.1975  1.0000  -4.1745   0.0000   0.0000   0.0000   0.2731
  10.000   1.2247   0.03496   0.02608  -0.0374  0.1549  1.0000  -4.3897   0.0000   0.0000   0.0000   0.2684


