xflr5 v6.61

 Calculated polar for: peg24_80_revT

 1 1 Reynolds number fixed          Mach number fixed         

 xtrf =   1.000 (top)        1.000 (bottom)
 Mach =   0.000     Re =     0.235 e 6     Ncrit =   9.000

  alpha     CL        CD       CDp       Cm    Top Xtr Bot Xtr   Cpmin    Chinge    XCp    
 ------- -------- --------- --------- -------- ------- ------- -------- --------- ---------
   0.000   0.6092   0.01357   0.00793  -0.1457  0.7663  0.7016  -0.8329   0.0000   0.0000   0.0000   0.4881
   0.500   0.6638   0.01326   0.00772  -0.1443  0.7583  0.7778  -0.8820   0.0000   0.0000   0.0000   0.4656
   1.000   0.7091   0.01324   0.00786  -0.1416  0.7471  0.8501  -0.9276   0.0000   0.0000   0.0000   0.4472
   1.500   0.7570   0.01270   0.00745  -0.1387  0.7363  0.9772  -0.9809   0.0000   0.0000   0.0000   0.4301
   2.000   0.8218   0.01262   0.00718  -0.1404  0.7261  1.0000  -1.0497   0.0000   0.0000   0.0000   0.4170
   2.500   0.8791   0.01261   0.00713  -0.1407  0.7121  1.0000  -1.1144   0.0000   0.0000   0.0000   0.4057
   3.000   0.9404   0.01246   0.00684  -0.1413  0.7000  1.0000  -1.1908   0.0000   0.0000   0.0000   0.3953
   3.500   0.9956   0.01243   0.00681  -0.1411  0.6835  1.0000  -1.2682   0.0000   0.0000   0.0000   0.3861
   4.000   1.0519   0.01243   0.00677  -0.1410  0.6673  1.0000  -1.3566   0.0000   0.0000   0.0000   0.3777
   4.500   1.1094   0.01235   0.00658  -0.1409  0.6490  1.0000  -1.4552   0.0000   0.0000   0.0000   0.3700
   5.000   1.1616   0.01242   0.00666  -0.1400  0.6251  1.0000  -1.5634   0.0000   0.0000   0.0000   0.3629
   5.500   1.2131   0.01262   0.00680  -0.1390  0.5981  1.0000  -1.6809   0.0000   0.0000   0.0000   0.3563
   6.000   1.2611   0.01298   0.00714  -0.1375  0.5643  1.0000  -1.8087   0.0000   0.0000   0.0000   0.3500
   6.500   1.3067   0.01354   0.00758  -0.1356  0.5271  1.0000  -1.9526   0.0000   0.0000   0.0000   0.3441
   7.000   1.3484   0.01434   0.00824  -0.1332  0.4865  1.0000  -2.1026   0.0000   0.0000   0.0000   0.3384
   7.500   1.3856   0.01535   0.00908  -0.1301  0.4447  1.0000  -2.2599   0.0000   0.0000   0.0000   0.3328
   8.000   1.4185   0.01651   0.01012  -0.1266  0.4048  1.0000  -2.4341   0.0000   0.0000   0.0000   0.3273
   8.500   1.4438   0.01787   0.01136  -0.1219  0.3668  1.0000  -2.6139   0.0000   0.0000   0.0000   0.3218
   9.000   1.4652   0.01950   0.01287  -0.1170  0.3319  1.0000  -2.8035   0.0000   0.0000   0.0000   0.3164
   9.500   1.4864   0.02130   0.01462  -0.1126  0.2991  1.0000  -3.0429   0.0000   0.0000   0.0000   0.3115
  10.000   1.5047   0.02344   0.01673  -0.1082  0.2682  1.0000  -3.2808   0.0000   0.0000   0.0000   0.3068


