xflr5 v6.61

 Calculated polar for: peg24_90_revT

 1 1 Reynolds number fixed          Mach number fixed         

 xtrf =   1.000 (top)        1.000 (bottom)
 Mach =   0.000     Re =     0.365 e 6     Ncrit =   9.000

  alpha     CL        CD       CDp       Cm    Top Xtr Bot Xtr   Cpmin    Chinge    XCp    
 ------- -------- --------- --------- -------- ------- ------- -------- --------- ---------
   0.000   0.6742   0.01040   0.00490  -0.1578  0.7408  0.5815  -0.8870   0.0000   0.0000   0.0000   0.4827
   0.500   0.7316   0.01017   0.00481  -0.1577  0.7324  0.6632  -0.9375   0.0000   0.0000   0.0000   0.4635
   1.500   0.8393   0.00996   0.00494  -0.1561  0.7127  0.8047  -1.0452   0.0000   0.0000   0.0000   0.4326
   2.000   0.8905   0.00979   0.00484  -0.1544  0.7026  0.8737  -1.1060   0.0000   0.0000   0.0000   0.4194
   2.500   0.9415   0.00954   0.00473  -0.1530  0.6902  1.0000  -1.1679   0.0000   0.0000   0.0000   0.4079
   3.000   1.0009   0.00956   0.00461  -0.1537  0.6774  1.0000  -1.2405   0.0000   0.0000   0.0000   0.3982
   3.500   1.0567   0.00966   0.00473  -0.1537  0.6622  1.0000  -1.3196   0.0000   0.0000   0.0000   0.3895
   4.000   1.1131   0.00978   0.00476  -0.1537  0.6463  1.0000  -1.4051   0.0000   0.0000   0.0000   0.3815
   4.500   1.1671   0.00992   0.00484  -0.1533  0.6249  1.0000  -1.5014   0.0000   0.0000   0.0000   0.3741
   5.000   1.2195   0.01017   0.00506  -0.1527  0.6007  1.0000  -1.6046   0.0000   0.0000   0.0000   0.3673
   5.500   1.2692   0.01057   0.00535  -0.1516  0.5701  1.0000  -1.7196   0.0000   0.0000   0.0000   0.3608
   6.000   1.3168   0.01109   0.00578  -0.1502  0.5353  1.0000  -1.8407   0.0000   0.0000   0.0000   0.3547
   6.500   1.3597   0.01185   0.00638  -0.1480  0.4955  1.0000  -1.9736   0.0000   0.0000   0.0000   0.3488
   7.000   1.3997   0.01274   0.00712  -0.1454  0.4544  1.0000  -2.1169   0.0000   0.0000   0.0000   0.3431
   7.500   1.4340   0.01385   0.00803  -0.1420  0.4143  1.0000  -2.2604   0.0000   0.0000   0.0000   0.3375
   8.000   1.4637   0.01500   0.00907  -0.1379  0.3765  1.0000  -2.4064   0.0000   0.0000   0.0000   0.3319
   8.500   1.4881   0.01645   0.01040  -0.1332  0.3406  1.0000  -2.5635   0.0000   0.0000   0.0000   0.3264
   9.000   1.5094   0.01821   0.01202  -0.1286  0.3076  1.0000  -2.7337   0.0000   0.0000   0.0000   0.3213
   9.500   1.5335   0.02001   0.01377  -0.1247  0.2785  1.0000  -2.9337   0.0000   0.0000   0.0000   0.3166
  10.000   1.5552   0.02208   0.01580  -0.1209  0.2502  1.0000  -3.1408   0.0000   0.0000   0.0000   0.3121


