xflr5 v6.61

 Calculated polar for: peg24_0_revT

 1 1 Reynolds number fixed          Mach number fixed         

 xtrf =   1.000 (top)        1.000 (bottom)
 Mach =   0.000     Re =     0.300 e 6     Ncrit =   9.000

  alpha     CL        CD       CDp       Cm    Top Xtr Bot Xtr   Cpmin    Chinge    XCp    
 ------- -------- --------- --------- -------- ------- ------- -------- --------- ---------
   0.000   0.2386   0.00832   0.00342  -0.0491  0.7613  0.8750  -0.5649   0.0000   0.0000   0.0000   0.4548
   0.500   0.2880   0.00831   0.00338  -0.0468  0.7407  0.9075  -0.6128   0.0000   0.0000   0.0000   0.4107
   1.000   0.3424   0.00834   0.00335  -0.0456  0.7201  0.9393  -0.6652   0.0000   0.0000   0.0000   0.3809
   1.500   0.4144   0.00842   0.00334  -0.0484  0.6954  0.9614  -0.7370   0.0000   0.0000   0.0000   0.3641
   2.000   0.4983   0.00851   0.00333  -0.0541  0.6686  0.9744  -0.8216   0.0000   0.0000   0.0000   0.3554
   2.500   0.5752   0.00862   0.00332  -0.0585  0.6374  0.9885  -0.9154   0.0000   0.0000   0.0000   0.3482
   3.000   0.6525   0.00872   0.00332  -0.0633  0.6031  1.0000  -1.0322   0.0000   0.0000   0.0000   0.3431
   3.500   0.6831   0.00888   0.00336  -0.0588  0.5704  1.0000  -1.1161   0.0000   0.0000   0.0000   0.3316
   4.000   0.7194   0.00919   0.00352  -0.0551  0.5361  1.0000  -1.2397   0.0000   0.0000   0.0000   0.3217
   4.500   0.7612   0.00957   0.00380  -0.0524  0.4981  1.0000  -1.4065   0.0000   0.0000   0.0000   0.3135
   5.000   0.8055   0.01003   0.00413  -0.0502  0.4587  1.0000  -1.6611   0.0000   0.0000   0.0000   0.3066
   5.500   0.8504   0.01058   0.00454  -0.0482  0.4208  1.0000  -2.0078   0.0000   0.0000   0.0000   0.3004
   6.000   0.8939   0.01121   0.00503  -0.0461  0.3713  1.0000  -2.3690   0.0000   0.0000   0.0000   0.2947
   6.500   0.9361   0.01196   0.00557  -0.0438  0.3139  1.0000  -2.7435   0.0000   0.0000   0.0000   0.2895
   7.000   0.9754   0.01293   0.00624  -0.0413  0.2547  1.0000  -3.1225   0.0000   0.0000   0.0000   0.2844
   7.500   1.0150   0.01391   0.00707  -0.0388  0.2026  1.0000  -3.5162   0.0000   0.0000   0.0000   0.2798
   8.000   1.0498   0.01519   0.00804  -0.0358  0.1442  1.0000  -3.9015   0.0000   0.0000   0.0000   0.2751
   8.500   1.0830   0.01650   0.00913  -0.0326  0.1016  1.0000  -4.2880   0.0000   0.0000   0.0000   0.2704
   9.000   1.1130   0.01788   0.01037  -0.0289  0.0725  1.0000  -4.6632   0.0000   0.0000   0.0000   0.2657
   9.500   1.1384   0.01919   0.01163  -0.0244  0.0527  1.0000  -5.0145   0.0000   0.0000   0.0000   0.2605
  10.000   1.1566   0.02080   0.01323  -0.0190  0.0327  1.0000  -5.2898   0.0000   0.0000   0.0000   0.2548


