xflr5 v6.61

 Calculated polar for: peg24_70_revT

 1 1 Reynolds number fixed          Mach number fixed         

 xtrf =   1.000 (top)        1.000 (bottom)
 Mach =   0.000     Re =     0.060 e 6     Ncrit =   9.000

  alpha     CL        CD       CDp       Cm    Top Xtr Bot Xtr   Cpmin    Chinge    XCp    
 ------- -------- --------- --------- -------- ------- ------- -------- --------- ---------
   0.000   0.1709   0.03673   0.02927  -0.0908  0.9141  1.0000  -0.7705   0.0000   0.0000   0.0000   0.7844
   0.500   0.2789   0.03927   0.03096  -0.1038  0.8938  1.0000  -0.5790   0.0000   0.0000   0.0000   0.6221
   1.000   0.3318   0.04083   0.03216  -0.1059  0.8720  1.0000  -0.6159   0.0000   0.0000   0.0000   0.5680
   1.500   0.3861   0.04274   0.03378  -0.1078  0.8486  1.0000  -0.6577   0.0000   0.0000   0.0000   0.5270
   2.000   0.4442   0.04472   0.03554  -0.1099  0.8250  1.0000  -0.7052   0.0000   0.0000   0.0000   0.4943
   2.500   0.5057   0.04663   0.03730  -0.1121  0.8017  1.0000  -0.7608   0.0000   0.0000   0.0000   0.4679
   3.000   0.5751   0.04825   0.03880  -0.1147  0.7789  1.0000  -0.8252   0.0000   0.0000   0.0000   0.4450
   3.500   0.6447   0.04945   0.03994  -0.1168  0.7562  1.0000  -0.8970   0.0000   0.0000   0.0000   0.4261
   4.000   0.6922   0.05092   0.04141  -0.1162  0.7303  1.0000  -0.9559   0.0000   0.0000   0.0000   0.4123
   4.500   0.7406   0.05232   0.04284  -0.1155  0.7045  1.0000  -1.0192   0.0000   0.0000   0.0000   0.3998
   5.000   0.7897   0.05356   0.04415  -0.1147  0.6786  1.0000  -1.0922   0.0000   0.0000   0.0000   0.3883
   5.500   0.8393   0.05461   0.04530  -0.1136  0.6529  1.0000  -1.1712   0.0000   0.0000   0.0000   0.3778
   6.000   0.8881   0.05550   0.04631  -0.1121  0.6272  1.0000  -1.2618   0.0000   0.0000   0.0000   0.3681
   7.000   0.9892   0.05620   0.04734  -0.1083  0.5761  1.0000  -1.4807   0.0000   0.0000   0.0000   0.3500
   8.500   1.2151   0.04627   0.03818  -0.1008  0.5064  1.0000  -2.1146   0.0000   0.0000   0.0000   0.3214
   9.000   1.3638   0.03793   0.02994  -0.1041  0.4705  1.0000  -2.6205   0.0000   0.0000   0.0000   0.3139
   9.500   1.4083   0.03837   0.03041  -0.1008  0.4284  1.0000  -2.9299   0.0000   0.0000   0.0000   0.3083
  10.000   1.4624   0.03871   0.03053  -0.0986  0.3834  1.0000  -3.2850   0.0000   0.0000   0.0000   0.3033


