xflr5 v6.61

 Calculated polar for: peg24_0_revT

 1 1 Reynolds number fixed          Mach number fixed         

 xtrf =   1.000 (top)        1.000 (bottom)
 Mach =   0.000     Re =     0.475 e 6     Ncrit =   9.000

  alpha     CL        CD       CDp       Cm    Top Xtr Bot Xtr   Cpmin    Chinge    XCp    
 ------- -------- --------- --------- -------- ------- ------- -------- --------- ---------
   0.000   0.2499   0.00673   0.00216  -0.0519  0.7227  0.8217  -0.5726   0.0000   0.0000   0.0000   0.4565
   0.500   0.3023   0.00675   0.00217  -0.0507  0.7029  0.8511  -0.6221   0.0000   0.0000   0.0000   0.4157
   1.000   0.3533   0.00678   0.00218  -0.0491  0.6796  0.8805  -0.6727   0.0000   0.0000   0.0000   0.3865
   1.500   0.4032   0.00682   0.00223  -0.0473  0.6559  0.9116  -0.7306   0.0000   0.0000   0.0000   0.3643
   2.000   0.4546   0.00689   0.00227  -0.0458  0.6298  0.9414  -0.7912   0.0000   0.0000   0.0000   0.3475
   2.500   0.5193   0.00704   0.00234  -0.0474  0.5975  0.9662  -0.8720   0.0000   0.0000   0.0000   0.3376
   3.000   0.5946   0.00731   0.00247  -0.0516  0.5632  0.9806  -0.9747   0.0000   0.0000   0.0000   0.3327
   3.500   0.6692   0.00758   0.00262  -0.0558  0.5234  0.9940  -1.1043   0.0000   0.0000   0.0000   0.3290
   4.000   0.7236   0.00791   0.00279  -0.0561  0.4844  1.0000  -1.2511   0.0000   0.0000   0.0000   0.3226
   4.500   0.7622   0.00833   0.00304  -0.0529  0.4417  1.0000  -1.4130   0.0000   0.0000   0.0000   0.3140
   5.000   0.8054   0.00885   0.00335  -0.0506  0.3906  1.0000  -1.7013   0.0000   0.0000   0.0000   0.3070
   6.000   0.8927   0.01028   0.00425  -0.0465  0.2747  1.0000  -2.4163   0.0000   0.0000   0.0000   0.2953
   6.500   0.9372   0.01103   0.00480  -0.0448  0.2288  1.0000  -2.8037   0.0000   0.0000   0.0000   0.2904
   7.000   0.9797   0.01193   0.00545  -0.0427  0.1778  1.0000  -3.2001   0.0000   0.0000   0.0000   0.2857
   7.500   1.0179   0.01310   0.00631  -0.0402  0.1199  1.0000  -3.5926   0.0000   0.0000   0.0000   0.2810
   8.000   1.0565   0.01418   0.00719  -0.0377  0.0821  1.0000  -3.9960   0.0000   0.0000   0.0000   0.2766
   8.500   1.0923   0.01536   0.00817  -0.0347  0.0511  1.0000  -4.3895   0.0000   0.0000   0.0000   0.2721
   9.000   1.1216   0.01680   0.00938  -0.0309  0.0233  1.0000  -4.7322   0.0000   0.0000   0.0000   0.2672
   9.500   1.1425   0.01834   0.01081  -0.0255  0.0096  1.0000  -5.0050   0.0000   0.0000   0.0000   0.2613
  10.000   1.1680   0.01946   0.01207  -0.0209  0.0086  1.0000  -5.3502   0.0000   0.0000   0.0000   0.2562


