xflr5 v6.61

 Calculated polar for: peg24_100_revT

 1 1 Reynolds number fixed          Mach number fixed         

 xtrf =   1.000 (top)        1.000 (bottom)
 Mach =   0.000     Re =     0.335 e 6     Ncrit =   9.000

  alpha     CL        CD       CDp       Cm    Top Xtr Bot Xtr   Cpmin    Chinge    XCp    
 ------- -------- --------- --------- -------- ------- ------- -------- --------- ---------
   0.000   0.7154   0.01161   0.00591  -0.1685  0.7437  0.5486  -0.9218   0.0000   0.0000   0.0000   0.4843
   0.500   0.7734   0.01133   0.00580  -0.1686  0.7358  0.6263  -0.9707   0.0000   0.0000   0.0000   0.4659
   1.000   0.8303   0.01127   0.00588  -0.1684  0.7277  0.7069  -1.0227   0.0000   0.0000   0.0000   0.4500
   1.500   0.8819   0.01112   0.00597  -0.1672  0.7180  0.7813  -1.0774   0.0000   0.0000   0.0000   0.4361
   2.000   0.9333   0.01080   0.00576  -0.1656  0.7082  0.8557  -1.1377   0.0000   0.0000   0.0000   0.4232
   2.500   0.9837   0.01056   0.00562  -0.1639  0.6980  1.0000  -1.2002   0.0000   0.0000   0.0000   0.4118
   3.000   1.0416   0.01053   0.00554  -0.1643  0.6851  1.0000  -1.2699   0.0000   0.0000   0.0000   0.4022
   3.500   1.1001   0.01057   0.00548  -0.1647  0.6727  1.0000  -1.3500   0.0000   0.0000   0.0000   0.3936
   4.000   1.1550   0.01063   0.00555  -0.1645  0.6575  1.0000  -1.4305   0.0000   0.0000   0.0000   0.3856
   4.500   1.2097   0.01075   0.00563  -0.1642  0.6403  1.0000  -1.5264   0.0000   0.0000   0.0000   0.3783
   5.000   1.2630   0.01090   0.00571  -0.1637  0.6193  1.0000  -1.6282   0.0000   0.0000   0.0000   0.3714
   5.500   1.3139   0.01117   0.00594  -0.1627  0.5945  1.0000  -1.7395   0.0000   0.0000   0.0000   0.3649
   6.000   1.3611   0.01160   0.00629  -0.1612  0.5622  1.0000  -1.8546   0.0000   0.0000   0.0000   0.3587
   6.500   1.4049   0.01223   0.00681  -0.1591  0.5265  1.0000  -1.9795   0.0000   0.0000   0.0000   0.3528
   7.000   1.4434   0.01311   0.00750  -0.1562  0.4873  1.0000  -2.1149   0.0000   0.0000   0.0000   0.3470
   7.500   1.4766   0.01417   0.00841  -0.1525  0.4463  1.0000  -2.2508   0.0000   0.0000   0.0000   0.3413
   8.000   1.5010   0.01546   0.00953  -0.1474  0.4092  1.0000  -2.3796   0.0000   0.0000   0.0000   0.3355
   8.500   1.5236   0.01696   0.01094  -0.1425  0.3725  1.0000  -2.5127   0.0000   0.0000   0.0000   0.3300
   9.000   1.5422   0.01885   0.01271  -0.1375  0.3385  1.0000  -2.6516   0.0000   0.0000   0.0000   0.3248
   9.500   1.5596   0.02105   0.01478  -0.1329  0.3070  1.0000  -2.8038   0.0000   0.0000   0.0000   0.3200
  10.000   1.5794   0.02326   0.01696  -0.1289  0.2788  1.0000  -2.9878   0.0000   0.0000   0.0000   0.3155


