xflr5 v6.61

 Calculated polar for: peg24_75_revT

 1 1 Reynolds number fixed          Mach number fixed         

 xtrf =   1.000 (top)        1.000 (bottom)
 Mach =   0.000     Re =     0.315 e 6     Ncrit =   9.000

  alpha     CL        CD       CDp       Cm    Top Xtr Bot Xtr   Cpmin    Chinge    XCp    
 ------- -------- --------- --------- -------- ------- ------- -------- --------- ---------
   0.000   0.6020   0.01066   0.00524  -0.1409  0.7519  0.6801  -0.8290   0.0000   0.0000   0.0000   0.4828
   0.500   0.6552   0.01049   0.00527  -0.1398  0.7411  0.7522  -0.8763   0.0000   0.0000   0.0000   0.4615
   1.000   0.7088   0.01031   0.00515  -0.1386  0.7316  0.8158  -0.9293   0.0000   0.0000   0.0000   0.4430
   1.500   0.7561   0.01018   0.00517  -0.1362  0.7200  0.8796  -0.9823   0.0000   0.0000   0.0000   0.4270
   2.000   0.8111   0.00983   0.00486  -0.1353  0.7080  1.0000  -1.0451   0.0000   0.0000   0.0000   0.4130
   2.500   0.8703   0.00990   0.00484  -0.1361  0.6945  1.0000  -1.1121   0.0000   0.0000   0.0000   0.4019
   3.000   0.9285   0.00989   0.00475  -0.1364  0.6797  1.0000  -1.1875   0.0000   0.0000   0.0000   0.3919
   3.500   0.9845   0.01000   0.00483  -0.1364  0.6627  1.0000  -1.2651   0.0000   0.0000   0.0000   0.3830
   4.000   1.0405   0.01010   0.00486  -0.1363  0.6442  1.0000  -1.3571   0.0000   0.0000   0.0000   0.3748
   4.500   1.0946   0.01025   0.00494  -0.1359  0.6209  1.0000  -1.4538   0.0000   0.0000   0.0000   0.3673
   5.000   1.1469   0.01052   0.00515  -0.1352  0.5939  1.0000  -1.5653   0.0000   0.0000   0.0000   0.3603
   5.500   1.1969   0.01090   0.00546  -0.1341  0.5598  1.0000  -1.6848   0.0000   0.0000   0.0000   0.3539
   6.000   1.2443   0.01148   0.00589  -0.1326  0.5229  1.0000  -1.8172   0.0000   0.0000   0.0000   0.3477
   6.500   1.2889   0.01220   0.00648  -0.1308  0.4818  1.0000  -1.9631   0.0000   0.0000   0.0000   0.3419
   7.000   1.3294   0.01315   0.00724  -0.1283  0.4402  1.0000  -2.1176   0.0000   0.0000   0.0000   0.3363
   7.500   1.3684   0.01413   0.00810  -0.1257  0.3992  1.0000  -2.2928   0.0000   0.0000   0.0000   0.3309
   8.000   1.4008   0.01537   0.00916  -0.1222  0.3600  1.0000  -2.4781   0.0000   0.0000   0.0000   0.3255
   8.500   1.4304   0.01657   0.01030  -0.1182  0.3241  1.0000  -2.6912   0.0000   0.0000   0.0000   0.3202
   9.000   1.4556   0.01809   0.01172  -0.1140  0.2905  1.0000  -2.9458   0.0000   0.0000   0.0000   0.3150
   9.500   1.4768   0.01997   0.01347  -0.1096  0.2588  1.0000  -3.1983   0.0000   0.0000   0.0000   0.3102
  10.000   1.5002   0.02189   0.01537  -0.1060  0.2289  1.0000  -3.4682   0.0000   0.0000   0.0000   0.3057


