xflr5 v6.61

 Calculated polar for: peg24_70_revT

 1 1 Reynolds number fixed          Mach number fixed         

 xtrf =   1.000 (top)        1.000 (bottom)
 Mach =   0.000     Re =     0.305 e 6     Ncrit =   9.000

  alpha     CL        CD       CDp       Cm    Top Xtr Bot Xtr   Cpmin    Chinge    XCp    
 ------- -------- --------- --------- -------- ------- ------- -------- --------- ---------
   0.000   0.5784   0.01063   0.00523  -0.1351  0.7545  0.7091  -0.8106   0.0000   0.0000   0.0000   0.4824
   0.500   0.6302   0.01048   0.00528  -0.1338  0.7434  0.7752  -0.8568   0.0000   0.0000   0.0000   0.4604
   1.000   0.6822   0.01028   0.00515  -0.1322  0.7333  0.8358  -0.9095   0.0000   0.0000   0.0000   0.4412
   2.000   0.7882   0.00985   0.00483  -0.1298  0.7087  1.0000  -1.0273   0.0000   0.0000   0.0000   0.4109
   2.500   0.8472   0.00991   0.00480  -0.1305  0.6948  1.0000  -1.0949   0.0000   0.0000   0.0000   0.3996
   3.000   0.9053   0.00991   0.00470  -0.1308  0.6793  1.0000  -1.1706   0.0000   0.0000   0.0000   0.3895
   3.500   0.9611   0.01001   0.00480  -0.1307  0.6616  1.0000  -1.2490   0.0000   0.0000   0.0000   0.3805
   4.000   1.0168   0.01012   0.00484  -0.1306  0.6418  1.0000  -1.3414   0.0000   0.0000   0.0000   0.3723
   4.500   1.0708   0.01028   0.00494  -0.1301  0.6175  1.0000  -1.4393   0.0000   0.0000   0.0000   0.3648
   5.000   1.1231   0.01055   0.00515  -0.1294  0.5892  1.0000  -1.5524   0.0000   0.0000   0.0000   0.3578
   5.500   1.1730   0.01096   0.00544  -0.1283  0.5541  1.0000  -1.6746   0.0000   0.0000   0.0000   0.3513
   6.000   1.2206   0.01156   0.00589  -0.1268  0.5171  1.0000  -1.8134   0.0000   0.0000   0.0000   0.3452
   6.500   1.2654   0.01229   0.00649  -0.1250  0.4746  1.0000  -1.9639   0.0000   0.0000   0.0000   0.3394
   7.000   1.3073   0.01319   0.00724  -0.1228  0.4337  1.0000  -2.1273   0.0000   0.0000   0.0000   0.3339
   7.500   1.3458   0.01422   0.00811  -0.1202  0.3920  1.0000  -2.3145   0.0000   0.0000   0.0000   0.3285
   8.000   1.3814   0.01535   0.00911  -0.1171  0.3528  1.0000  -2.5219   0.0000   0.0000   0.0000   0.3233
   8.500   1.4106   0.01662   0.01028  -0.1132  0.3160  1.0000  -2.7865   0.0000   0.0000   0.0000   0.3180
   9.000   1.4358   0.01814   0.01168  -0.1089  0.2823  1.0000  -3.0531   0.0000   0.0000   0.0000   0.3128
   9.500   1.4613   0.01977   0.01326  -0.1050  0.2501  1.0000  -3.3291   0.0000   0.0000   0.0000   0.3080
  10.000   1.4826   0.02179   0.01520  -0.1011  0.2188  1.0000  -3.5973   0.0000   0.0000   0.0000   0.3035


