xflr5 v6.61

 Calculated polar for: peg24_50_revT

 1 1 Reynolds number fixed          Mach number fixed         

 xtrf =   1.000 (top)        1.000 (bottom)
 Mach =   0.000     Re =     0.065 e 6     Ncrit =   9.000

  alpha     CL        CD       CDp       Cm    Top Xtr Bot Xtr   Cpmin    Chinge    XCp    
 ------- -------- --------- --------- -------- ------- ------- -------- --------- ---------
   0.000   0.2118   0.03155   0.02351  -0.0877  0.8981  1.0000  -0.5659   0.0000   0.0000   0.0000   0.6651
   0.500   0.2701   0.03293   0.02453  -0.0905  0.8764  1.0000  -0.5717   0.0000   0.0000   0.0000   0.5843
   1.000   0.3347   0.03448   0.02580  -0.0937  0.8553  1.0000  -0.6201   0.0000   0.0000   0.0000   0.5283
   1.500   0.4147   0.03584   0.02693  -0.0985  0.8353  1.0000  -0.6837   0.0000   0.0000   0.0000   0.4850
   2.000   0.4794   0.03696   0.02792  -0.1007  0.8126  1.0000  -0.7425   0.0000   0.0000   0.0000   0.4569
   2.500   0.5296   0.03830   0.02919  -0.1008  0.7876  1.0000  -0.7921   0.0000   0.0000   0.0000   0.4366
   3.000   0.5834   0.03955   0.03040  -0.1010  0.7625  1.0000  -0.8499   0.0000   0.0000   0.0000   0.4189
   3.500   0.6388   0.04064   0.03150  -0.1012  0.7374  1.0000  -0.9154   0.0000   0.0000   0.0000   0.4035
   4.000   0.6949   0.04153   0.03243  -0.1010  0.7124  1.0000  -0.9878   0.0000   0.0000   0.0000   0.3900
   4.500   0.7523   0.04210   0.03309  -0.1006  0.6874  1.0000  -1.0722   0.0000   0.0000   0.0000   0.3778
   5.000   0.8107   0.04231   0.03342  -0.0997  0.6627  1.0000  -1.1673   0.0000   0.0000   0.0000   0.3665
   5.500   0.8979   0.03995   0.03124  -0.0998  0.6455  1.0000  -1.3223   0.0000   0.0000   0.0000   0.3542
   6.000   0.9778   0.03740   0.02889  -0.0990  0.6250  1.0000  -1.4897   0.0000   0.0000   0.0000   0.3436
   6.500   1.0476   0.03540   0.02710  -0.0974  0.5997  1.0000  -1.6751   0.0000   0.0000   0.0000   0.3348
   7.000   1.1288   0.03255   0.02439  -0.0966  0.5725  1.0000  -1.9237   0.0000   0.0000   0.0000   0.3267
   7.500   1.1763   0.03237   0.02441  -0.0935  0.5345  1.0000  -2.1460   0.0000   0.0000   0.0000   0.3200
   8.000   1.2532   0.03042   0.02234  -0.0928  0.4944  1.0000  -2.5606   0.0000   0.0000   0.0000   0.3138
   8.500   1.2928   0.03119   0.02315  -0.0893  0.4484  1.0000  -2.8594   0.0000   0.0000   0.0000   0.3080
   9.000   1.3331   0.03220   0.02415  -0.0859  0.4014  1.0000  -3.1804   0.0000   0.0000   0.0000   0.3026
   9.500   1.3678   0.03368   0.02548  -0.0821  0.3539  1.0000  -3.4890   0.0000   0.0000   0.0000   0.2974
  10.000   1.3964   0.03563   0.02726  -0.0778  0.3071  1.0000  -3.7801   0.0000   0.0000   0.0000   0.2924


