xflr5 v6.61

 Calculated polar for: peg24_70_revT

 1 1 Reynolds number fixed          Mach number fixed         

 xtrf =   1.000 (top)        1.000 (bottom)
 Mach =   0.000     Re =     0.425 e 6     Ncrit =   9.000

  alpha     CL        CD       CDp       Cm    Top Xtr Bot Xtr   Cpmin    Chinge    XCp    
 ------- -------- --------- --------- -------- ------- ------- -------- --------- ---------
   0.000   0.5860   0.00867   0.00350  -0.1355  0.7345  0.6522  -0.8178   0.0000   0.0000   0.0000   0.4798
   0.500   0.6413   0.00862   0.00362  -0.1350  0.7249  0.7266  -0.8661   0.0000   0.0000   0.0000   0.4585
   1.000   0.6955   0.00850   0.00363  -0.1343  0.7134  0.7853  -0.9202   0.0000   0.0000   0.0000   0.4404
   1.500   0.7490   0.00846   0.00362  -0.1332  0.7016  0.8383  -0.9782   0.0000   0.0000   0.0000   0.4246
   2.000   0.7974   0.00827   0.00361  -0.1312  0.6884  0.8979  -1.0361   0.0000   0.0000   0.0000   0.4106
   2.500   0.8545   0.00816   0.00347  -0.1310  0.6741  1.0000  -1.1029   0.0000   0.0000   0.0000   0.3989
   3.000   0.9119   0.00824   0.00353  -0.1314  0.6572  1.0000  -1.1784   0.0000   0.0000   0.0000   0.3891
   3.500   0.9684   0.00839   0.00363  -0.1315  0.6387  1.0000  -1.2576   0.0000   0.0000   0.0000   0.3802
   4.000   1.0233   0.00860   0.00375  -0.1314  0.6154  1.0000  -1.3503   0.0000   0.0000   0.0000   0.3722
   4.500   1.0770   0.00888   0.00395  -0.1310  0.5886  1.0000  -1.4490   0.0000   0.0000   0.0000   0.3648
   5.000   1.1284   0.00928   0.00423  -0.1302  0.5539  1.0000  -1.5612   0.0000   0.0000   0.0000   0.3579
   5.500   1.1776   0.00985   0.00463  -0.1291  0.5176  1.0000  -1.6833   0.0000   0.0000   0.0000   0.3515
   6.000   1.2251   0.01050   0.00514  -0.1277  0.4758  1.0000  -1.8236   0.0000   0.0000   0.0000   0.3455
   6.500   1.2700   0.01130   0.00577  -0.1260  0.4351  1.0000  -1.9752   0.0000   0.0000   0.0000   0.3398
   7.000   1.3128   0.01219   0.00651  -0.1241  0.3933  1.0000  -2.1425   0.0000   0.0000   0.0000   0.3344
   7.500   1.3532   0.01318   0.00734  -0.1218  0.3537  1.0000  -2.3357   0.0000   0.0000   0.0000   0.3292
   8.000   1.3901   0.01427   0.00828  -0.1190  0.3156  1.0000  -2.5599   0.0000   0.0000   0.0000   0.3241
   8.500   1.4217   0.01546   0.00936  -0.1154  0.2813  1.0000  -2.8390   0.0000   0.0000   0.0000   0.3189
   9.000   1.4518   0.01677   0.01058  -0.1118  0.2488  1.0000  -3.1258   0.0000   0.0000   0.0000   0.3140
   9.500   1.4773   0.01840   0.01209  -0.1079  0.2172  1.0000  -3.4057   0.0000   0.0000   0.0000   0.3092
  10.000   1.5000   0.02034   0.01393  -0.1041  0.1874  1.0000  -3.6825   0.0000   0.0000   0.0000   0.3047


