xflr5 v6.61

 Calculated polar for: peg24_60_revT

 1 1 Reynolds number fixed          Mach number fixed         

 xtrf =   1.000 (top)        1.000 (bottom)
 Mach =   0.000     Re =     0.250 e 6     Ncrit =   9.000

  alpha     CL        CD       CDp       Cm    Top Xtr Bot Xtr   Cpmin    Chinge    XCp    
 ------- -------- --------- --------- -------- ------- ------- -------- --------- ---------
   0.000   0.5215   0.01159   0.00623  -0.1225  0.7675  0.7781  -0.7663   0.0000   0.0000   0.0000   0.4838
   0.500   0.5726   0.01135   0.00602  -0.1203  0.7574  0.8387  -0.8133   0.0000   0.0000   0.0000   0.4584
   1.500   0.6798   0.01083   0.00559  -0.1178  0.7327  1.0000  -0.9243   0.0000   0.0000   0.0000   0.4203
   2.000   0.7389   0.01092   0.00559  -0.1187  0.7186  1.0000  -0.9874   0.0000   0.0000   0.0000   0.4070
   2.500   0.7990   0.01083   0.00535  -0.1193  0.7040  1.0000  -1.0573   0.0000   0.0000   0.0000   0.3951
   3.000   0.8548   0.01089   0.00540  -0.1192  0.6864  1.0000  -1.1318   0.0000   0.0000   0.0000   0.3847
   3.500   0.9116   0.01093   0.00536  -0.1192  0.6685  1.0000  -1.2138   0.0000   0.0000   0.0000   0.3754
   4.000   0.9677   0.01098   0.00532  -0.1190  0.6479  1.0000  -1.3067   0.0000   0.0000   0.0000   0.3670
   4.500   1.0214   0.01111   0.00539  -0.1184  0.6225  1.0000  -1.4106   0.0000   0.0000   0.0000   0.3594
   5.000   1.0734   0.01135   0.00561  -0.1175  0.5930  1.0000  -1.5268   0.0000   0.0000   0.0000   0.3524
   5.500   1.1235   0.01172   0.00591  -0.1164  0.5573  1.0000  -1.6543   0.0000   0.0000   0.0000   0.3459
   6.500   1.2171   0.01299   0.00691  -0.1132  0.4770  1.0000  -1.9663   0.0000   0.0000   0.0000   0.3340
   7.000   1.2598   0.01388   0.00765  -0.1112  0.4355  1.0000  -2.1565   0.0000   0.0000   0.0000   0.3285
   7.500   1.2997   0.01488   0.00852  -0.1087  0.3933  1.0000  -2.3946   0.0000   0.0000   0.0000   0.3232
   8.000   1.3365   0.01601   0.00953  -0.1059  0.3527  1.0000  -2.6900   0.0000   0.0000   0.0000   0.3181
   8.500   1.3682   0.01732   0.01071  -0.1024  0.3138  1.0000  -2.9809   0.0000   0.0000   0.0000   0.3130
   9.000   1.3954   0.01871   0.01203  -0.0983  0.2780  1.0000  -3.2653   0.0000   0.0000   0.0000   0.3079
   9.500   1.4186   0.02041   0.01364  -0.0941  0.2430  1.0000  -3.5430   0.0000   0.0000   0.0000   0.3030
  10.000   1.4378   0.02251   0.01565  -0.0899  0.2103  1.0000  -3.8114   0.0000   0.0000   0.0000   0.2983


