xflr5 v6.61

 Calculated polar for: peg24_10_revT

 1 1 Reynolds number fixed          Mach number fixed         

 xtrf =   1.000 (top)        1.000 (bottom)
 Mach =   0.000     Re =     0.075 e 6     Ncrit =   9.000

  alpha     CL        CD       CDp       Cm    Top Xtr Bot Xtr   Cpmin    Chinge    XCp    
 ------- -------- --------- --------- -------- ------- ------- -------- --------- ---------
   0.000   0.2000   0.02249   0.01454  -0.0629  0.8964  1.0000  -0.5168   0.0000   0.0000   0.0000   0.5643
   0.500   0.2670   0.02303   0.01490  -0.0660  0.8716  1.0000  -0.5690   0.0000   0.0000   0.0000   0.4958
   1.000   0.3349   0.02358   0.01532  -0.0687  0.8471  1.0000  -0.6266   0.0000   0.0000   0.0000   0.4532
   1.500   0.4011   0.02405   0.01572  -0.0705  0.8230  1.0000  -0.6878   0.0000   0.0000   0.0000   0.4234
   2.000   0.4673   0.02429   0.01593  -0.0717  0.7990  1.0000  -0.7561   0.0000   0.0000   0.0000   0.4004
   2.500   0.5330   0.02428   0.01592  -0.0721  0.7755  1.0000  -0.8315   0.0000   0.0000   0.0000   0.3818
   3.000   0.5971   0.02401   0.01568  -0.0716  0.7518  1.0000  -0.9166   0.0000   0.0000   0.0000   0.3661
   3.500   0.6555   0.02379   0.01551  -0.0703  0.7257  1.0000  -1.0101   0.0000   0.0000   0.0000   0.3530
   4.000   0.7083   0.02378   0.01558  -0.0683  0.6961  1.0000  -1.1168   0.0000   0.0000   0.0000   0.3418
   4.500   0.7616   0.02366   0.01556  -0.0663  0.6650  1.0000  -1.2466   0.0000   0.0000   0.0000   0.3319
   5.000   0.8179   0.02327   0.01525  -0.0643  0.6329  1.0000  -1.4248   0.0000   0.0000   0.0000   0.3230
   5.500   0.8772   0.02269   0.01468  -0.0624  0.5999  1.0000  -1.7058   0.0000   0.0000   0.0000   0.3151
   6.000   0.9263   0.02288   0.01497  -0.0600  0.5589  1.0000  -2.0321   0.0000   0.0000   0.0000   0.3081
   6.500   0.9794   0.02289   0.01491  -0.0578  0.5160  1.0000  -2.3920   0.0000   0.0000   0.0000   0.3018
   7.000   1.0282   0.02325   0.01515  -0.0553  0.4675  1.0000  -2.7521   0.0000   0.0000   0.0000   0.2959
   7.500   1.0707   0.02405   0.01592  -0.0523  0.4146  1.0000  -3.0986   0.0000   0.0000   0.0000   0.2904
   8.000   1.1065   0.02513   0.01699  -0.0488  0.3556  1.0000  -3.4268   0.0000   0.0000   0.0000   0.2849
   8.500   1.1373   0.02662   0.01825  -0.0448  0.2925  1.0000  -3.7391   0.0000   0.0000   0.0000   0.2795
   9.000   1.1602   0.02901   0.02045  -0.0403  0.2280  1.0000  -4.0035   0.0000   0.0000   0.0000   0.2742
   9.500   1.1807   0.03210   0.02322  -0.0359  0.1751  1.0000  -4.2377   0.0000   0.0000   0.0000   0.2692
  10.000   1.2036   0.03584   0.02690  -0.0321  0.1368  1.0000  -4.4415   0.0000   0.0000   0.0000   0.2647


