xflr5 v6.61

 Calculated polar for: peg24_55_revT

 1 1 Reynolds number fixed          Mach number fixed         

 xtrf =   1.000 (top)        1.000 (bottom)
 Mach =   0.000     Re =     0.100 e 6     Ncrit =   9.000

  alpha     CL        CD       CDp       Cm    Top Xtr Bot Xtr   Cpmin    Chinge    XCp    
 ------- -------- --------- --------- -------- ------- ------- -------- --------- ---------
   0.000   0.3447   0.02527   0.01865  -0.1028  0.8249  1.0000  -0.6295   0.0000   0.0000   0.0000   0.5482
   0.500   0.4328   0.02527   0.01833  -0.1088  0.8142  1.0000  -0.6946   0.0000   0.0000   0.0000   0.5001
   1.000   0.4834   0.02612   0.01898  -0.1090  0.7946  1.0000  -0.7397   0.0000   0.0000   0.0000   0.4735
   1.500   0.5672   0.02556   0.01825  -0.1123  0.7851  1.0000  -0.8148   0.0000   0.0000   0.0000   0.4454
   2.000   0.6139   0.02634   0.01895  -0.1114  0.7639  1.0000  -0.8649   0.0000   0.0000   0.0000   0.4282
   2.500   0.6964   0.02520   0.01772  -0.1134  0.7557  1.0000  -0.9507   0.0000   0.0000   0.0000   0.4089
   3.000   0.7444   0.02557   0.01808  -0.1120  0.7335  1.0000  -1.0134   0.0000   0.0000   0.0000   0.3960
   4.000   0.8770   0.02386   0.01637  -0.1117  0.7029  1.0000  -1.1988   0.0000   0.0000   0.0000   0.3718
   4.500   0.9299   0.02360   0.01618  -0.1102  0.6799  1.0000  -1.2926   0.0000   0.0000   0.0000   0.3624
   5.000   0.9866   0.02308   0.01573  -0.1089  0.6571  1.0000  -1.4082   0.0000   0.0000   0.0000   0.3537
   5.500   1.0462   0.02228   0.01499  -0.1079  0.6327  1.0000  -1.5431   0.0000   0.0000   0.0000   0.3458
   6.000   1.1063   0.02151   0.01424  -0.1069  0.6050  1.0000  -1.7027   0.0000   0.0000   0.0000   0.3387
   6.500   1.1661   0.02090   0.01357  -0.1059  0.5731  1.0000  -1.8905   0.0000   0.0000   0.0000   0.3322
   7.000   1.2128   0.02119   0.01390  -0.1036  0.5336  1.0000  -2.0857   0.0000   0.0000   0.0000   0.3261
   7.500   1.2636   0.02153   0.01401  -0.1018  0.4923  1.0000  -2.3577   0.0000   0.0000   0.0000   0.3205
   8.000   1.3013   0.02249   0.01498  -0.0986  0.4475  1.0000  -2.6451   0.0000   0.0000   0.0000   0.3150
   8.500   1.3379   0.02371   0.01613  -0.0954  0.4036  1.0000  -2.9441   0.0000   0.0000   0.0000   0.3098
   9.000   1.3711   0.02517   0.01737  -0.0919  0.3604  1.0000  -3.2462   0.0000   0.0000   0.0000   0.3048
   9.500   1.3930   0.02689   0.01912  -0.0870  0.3184  1.0000  -3.5132   0.0000   0.0000   0.0000   0.2995
  10.000   1.4104   0.02894   0.02107  -0.0818  0.2794  1.0000  -3.7686   0.0000   0.0000   0.0000   0.2942


