xflr5 v6.61

 Calculated polar for: peg24_05_revT

 1 1 Reynolds number fixed          Mach number fixed         

 xtrf =   1.000 (top)        1.000 (bottom)
 Mach =   0.000     Re =     0.310 e 6     Ncrit =   9.000

  alpha     CL        CD       CDp       Cm    Top Xtr Bot Xtr   Cpmin    Chinge    XCp    
 ------- -------- --------- --------- -------- ------- ------- -------- --------- ---------
   0.000   0.2628   0.00826   0.00336  -0.0553  0.7584  0.8656  -0.5813   0.0000   0.0000   0.0000   0.4594
   0.500   0.3116   0.00824   0.00335  -0.0530  0.7392  0.9002  -0.6278   0.0000   0.0000   0.0000   0.4184
   1.000   0.3649   0.00823   0.00330  -0.0516  0.7195  0.9325  -0.6813   0.0000   0.0000   0.0000   0.3891
   1.500   0.4341   0.00828   0.00325  -0.0538  0.6971  0.9588  -0.7491   0.0000   0.0000   0.0000   0.3711
   2.000   0.5140   0.00836   0.00324  -0.0586  0.6717  0.9764  -0.8316   0.0000   0.0000   0.0000   0.3607
   2.500   0.5941   0.00844   0.00324  -0.0637  0.6421  0.9911  -0.9252   0.0000   0.0000   0.0000   0.3536
   3.000   0.6579   0.00853   0.00324  -0.0658  0.6094  1.0000  -1.0198   0.0000   0.0000   0.0000   0.3460
   4.000   0.7333   0.00907   0.00351  -0.0590  0.5436  1.0000  -1.2176   0.0000   0.0000   0.0000   0.3255
   4.500   0.7785   0.00944   0.00379  -0.0569  0.5062  1.0000  -1.3776   0.0000   0.0000   0.0000   0.3177
   5.000   0.8240   0.00994   0.00414  -0.0549  0.4655  1.0000  -1.6792   0.0000   0.0000   0.0000   0.3108
   5.500   0.8704   0.01045   0.00456  -0.0532  0.4261  1.0000  -2.0101   0.0000   0.0000   0.0000   0.3048
   6.000   0.9152   0.01107   0.00506  -0.0513  0.3810  1.0000  -2.3520   0.0000   0.0000   0.0000   0.2992
   6.500   0.9588   0.01180   0.00564  -0.0493  0.3355  1.0000  -2.7045   0.0000   0.0000   0.0000   0.2939
   7.000   1.0006   0.01264   0.00632  -0.0470  0.2866  1.0000  -3.0643   0.0000   0.0000   0.0000   0.2890
   7.500   1.0398   0.01364   0.00712  -0.0445  0.2300  1.0000  -3.4261   0.0000   0.0000   0.0000   0.2842
   8.000   1.0743   0.01493   0.00811  -0.0414  0.1718  1.0000  -3.7781   0.0000   0.0000   0.0000   0.2793
   8.500   1.1057   0.01637   0.00928  -0.0379  0.1175  1.0000  -4.1286   0.0000   0.0000   0.0000   0.2745
   9.000   1.1336   0.01791   0.01065  -0.0339  0.0819  1.0000  -4.4806   0.0000   0.0000   0.0000   0.2695
   9.500   1.1550   0.01942   0.01210  -0.0288  0.0601  1.0000  -4.8016   0.0000   0.0000   0.0000   0.2638
  10.000   1.1701   0.02130   0.01391  -0.0232  0.0430  1.0000  -5.0797   0.0000   0.0000   0.0000   0.2580


