xflr5 v6.61

 Calculated polar for: peg24_35_revT

 1 1 Reynolds number fixed          Mach number fixed         

 xtrf =   1.000 (top)        1.000 (bottom)
 Mach =   0.000     Re =     0.430 e 6     Ncrit =   9.000

  alpha     CL        CD       CDp       Cm    Top Xtr Bot Xtr   Cpmin    Chinge    XCp    
 ------- -------- --------- --------- -------- ------- ------- -------- --------- ---------
   0.000   0.4192   0.00761   0.00283  -0.0943  0.7351  0.7740  -0.6912   0.0000   0.0000   0.0000   0.4737
   0.500   0.4730   0.00760   0.00286  -0.0934  0.7213  0.8168  -0.7419   0.0000   0.0000   0.0000   0.4456
   1.000   0.5254   0.00754   0.00283  -0.0921  0.7061  0.8565  -0.7952   0.0000   0.0000   0.0000   0.4228
   1.500   0.5756   0.00748   0.00285  -0.0903  0.6892  0.8978  -0.8503   0.0000   0.0000   0.0000   0.4040
   2.000   0.6260   0.00742   0.00279  -0.0885  0.6714  0.9489  -0.9099   0.0000   0.0000   0.0000   0.3880
   2.500   0.6948   0.00745   0.00273  -0.0912  0.6494  1.0000  -0.9894   0.0000   0.0000   0.0000   0.3774
   3.000   0.7511   0.00762   0.00281  -0.0915  0.6249  1.0000  -1.0666   0.0000   0.0000   0.0000   0.3673
   3.500   0.8060   0.00786   0.00295  -0.0914  0.5963  1.0000  -1.1536   0.0000   0.0000   0.0000   0.3584
   4.000   0.8602   0.00815   0.00315  -0.0911  0.5644  1.0000  -1.2554   0.0000   0.0000   0.0000   0.3504
   4.500   0.9127   0.00857   0.00343  -0.0906  0.5268  1.0000  -1.3723   0.0000   0.0000   0.0000   0.3432
   5.000   0.9642   0.00907   0.00378  -0.0899  0.4885  1.0000  -1.5086   0.0000   0.0000   0.0000   0.3367
   5.500   1.0144   0.00966   0.00422  -0.0890  0.4457  1.0000  -1.6785   0.0000   0.0000   0.0000   0.3307
   6.000   1.0643   0.01029   0.00473  -0.0882  0.4057  1.0000  -1.9370   0.0000   0.0000   0.0000   0.3252
   6.500   1.1117   0.01108   0.00534  -0.0871  0.3616  1.0000  -2.2662   0.0000   0.0000   0.0000   0.3200
   7.000   1.1587   0.01190   0.00602  -0.0859  0.3180  1.0000  -2.6095   0.0000   0.0000   0.0000   0.3152
   7.500   1.2042   0.01281   0.00678  -0.0845  0.2753  1.0000  -2.9623   0.0000   0.0000   0.0000   0.3106
   8.000   1.2467   0.01389   0.00766  -0.0828  0.2309  1.0000  -3.3185   0.0000   0.0000   0.0000   0.3062
   8.500   1.2861   0.01514   0.00872  -0.0807  0.1855  1.0000  -3.6753   0.0000   0.0000   0.0000   0.3018
   9.000   1.3217   0.01657   0.00992  -0.0782  0.1420  1.0000  -4.0277   0.0000   0.0000   0.0000   0.2975
   9.500   1.3513   0.01816   0.01131  -0.0748  0.1063  1.0000  -4.3647   0.0000   0.0000   0.0000   0.2930
  10.000   1.3796   0.01976   0.01285  -0.0713  0.0824  1.0000  -4.7140   0.0000   0.0000   0.0000   0.2886


