xflr5 v6.61

 Calculated polar for: peg24_20_revT

 1 1 Reynolds number fixed          Mach number fixed         

 xtrf =   1.000 (top)        1.000 (bottom)
 Mach =   0.000     Re =     0.170 e 6     Ncrit =   9.000

  alpha     CL        CD       CDp       Cm    Top Xtr Bot Xtr   Cpmin    Chinge    XCp    
 ------- -------- --------- --------- -------- ------- ------- -------- --------- ---------
   0.000   0.3145   0.01254   0.00691  -0.0704  0.8080  0.9424  -0.6143   0.0000   0.0000   0.0000   0.4729
   0.500   0.4029   0.01230   0.00658  -0.0764  0.7910  0.9819  -0.6841   0.0000   0.0000   0.0000   0.4380
   1.000   0.4810   0.01211   0.00626  -0.0811  0.7737  1.0000  -0.7530   0.0000   0.0000   0.0000   0.4165
   1.500   0.5263   0.01202   0.00601  -0.0791  0.7555  1.0000  -0.8057   0.0000   0.0000   0.0000   0.3976
   2.000   0.5733   0.01204   0.00596  -0.0775  0.7335  1.0000  -0.8643   0.0000   0.0000   0.0000   0.3821
   2.500   0.6254   0.01208   0.00592  -0.0767  0.7109  1.0000  -0.9318   0.0000   0.0000   0.0000   0.3690
   3.000   0.6789   0.01213   0.00589  -0.0759  0.6872  1.0000  -1.0105   0.0000   0.0000   0.0000   0.3577
   3.500   0.7326   0.01219   0.00589  -0.0751  0.6610  1.0000  -1.0999   0.0000   0.0000   0.0000   0.3479
   4.000   0.7857   0.01229   0.00592  -0.0742  0.6317  1.0000  -1.2100   0.0000   0.0000   0.0000   0.3394
   4.500   0.8387   0.01249   0.00600  -0.0732  0.5998  1.0000  -1.3363   0.0000   0.0000   0.0000   0.3318
   5.000   0.8895   0.01282   0.00630  -0.0721  0.5628  1.0000  -1.5015   0.0000   0.0000   0.0000   0.3250
   6.000   0.9876   0.01386   0.00717  -0.0693  0.4794  1.0000  -2.0745   0.0000   0.0000   0.0000   0.3130
   6.500   1.0344   0.01461   0.00779  -0.0678  0.4364  1.0000  -2.4123   0.0000   0.0000   0.0000   0.3077
   7.000   1.0785   0.01550   0.00854  -0.0659  0.3899  1.0000  -2.7558   0.0000   0.0000   0.0000   0.3027
   7.500   1.1207   0.01647   0.00944  -0.0639  0.3414  1.0000  -3.1049   0.0000   0.0000   0.0000   0.2980
   8.000   1.1600   0.01763   0.01050  -0.0616  0.2920  1.0000  -3.4543   0.0000   0.0000   0.0000   0.2934
   8.500   1.1948   0.01908   0.01182  -0.0589  0.2405  1.0000  -3.7948   0.0000   0.0000   0.0000   0.2889
   9.000   1.2247   0.02085   0.01343  -0.0557  0.1875  1.0000  -4.1192   0.0000   0.0000   0.0000   0.2844
   9.500   1.2461   0.02306   0.01545  -0.0515  0.1393  1.0000  -4.4063   0.0000   0.0000   0.0000   0.2796
  10.000   1.2607   0.02573   0.01793  -0.0470  0.1040  1.0000  -4.6615   0.0000   0.0000   0.0000   0.2748


