xflr5 v6.61

 Calculated polar for: peg24_40_revT

 1 1 Reynolds number fixed          Mach number fixed         

 xtrf =   1.000 (top)        1.000 (bottom)
 Mach =   0.000     Re =     0.380 e 6     Ncrit =   9.000

  alpha     CL        CD       CDp       Cm    Top Xtr Bot Xtr   Cpmin    Chinge    XCp    
 ------- -------- --------- --------- -------- ------- ------- -------- --------- ---------
   0.000   0.4407   0.00823   0.00335  -0.1000  0.7432  0.7784  -0.7067   0.0000   0.0000   0.0000   0.4756
   0.500   0.4944   0.00820   0.00329  -0.0989  0.7300  0.8235  -0.7573   0.0000   0.0000   0.0000   0.4481
   1.000   0.5449   0.00810   0.00332  -0.0972  0.7157  0.8669  -0.8090   0.0000   0.0000   0.0000   0.4259
   1.500   0.5938   0.00803   0.00323  -0.0950  0.7005  0.9129  -0.8639   0.0000   0.0000   0.0000   0.4069
   2.000   0.6546   0.00786   0.00312  -0.0955  0.6827  0.9775  -0.9298   0.0000   0.0000   0.0000   0.3924
   2.500   0.7164   0.00794   0.00313  -0.0969  0.6630  1.0000  -1.0039   0.0000   0.0000   0.0000   0.3813
   3.000   0.7730   0.00810   0.00318  -0.0971  0.6412  1.0000  -1.0798   0.0000   0.0000   0.0000   0.3711
   3.500   0.8282   0.00829   0.00329  -0.0970  0.6149  1.0000  -1.1671   0.0000   0.0000   0.0000   0.3621
   4.000   0.8823   0.00856   0.00346  -0.0967  0.5848  1.0000  -1.2652   0.0000   0.0000   0.0000   0.3540
   4.500   0.9347   0.00895   0.00370  -0.0961  0.5494  1.0000  -1.3800   0.0000   0.0000   0.0000   0.3467
   5.000   0.9865   0.00941   0.00405  -0.0954  0.5129  1.0000  -1.5084   0.0000   0.0000   0.0000   0.3400
   5.500   1.0359   0.01002   0.00448  -0.0944  0.4697  1.0000  -1.6644   0.0000   0.0000   0.0000   0.3339
   6.000   1.0852   0.01065   0.00500  -0.0934  0.4289  1.0000  -1.8556   0.0000   0.0000   0.0000   0.3282
   6.500   1.1322   0.01144   0.00562  -0.0921  0.3869  1.0000  -2.1681   0.0000   0.0000   0.0000   0.3229
   7.000   1.1782   0.01228   0.00632  -0.0908  0.3432  1.0000  -2.4997   0.0000   0.0000   0.0000   0.3180
   7.500   1.2227   0.01320   0.00711  -0.0892  0.3011  1.0000  -2.8404   0.0000   0.0000   0.0000   0.3133
   8.000   1.2639   0.01430   0.00803  -0.0873  0.2589  1.0000  -3.1834   0.0000   0.0000   0.0000   0.3087
   8.500   1.3028   0.01550   0.00908  -0.0851  0.2170  1.0000  -3.5299   0.0000   0.0000   0.0000   0.3042
   9.000   1.3379   0.01685   0.01026  -0.0824  0.1753  1.0000  -3.8728   0.0000   0.0000   0.0000   0.2997
   9.500   1.3659   0.01843   0.01166  -0.0787  0.1365  1.0000  -4.1967   0.0000   0.0000   0.0000   0.2951
  10.000   1.3898   0.02031   0.01338  -0.0748  0.1049  1.0000  -4.5100   0.0000   0.0000   0.0000   0.2905


