xflr5 v6.61

 Calculated polar for: peg24_45_revT

 1 1 Reynolds number fixed          Mach number fixed         

 xtrf =   1.000 (top)        1.000 (bottom)
 Mach =   0.000     Re =     0.300 e 6     Ncrit =   9.000

  alpha     CL        CD       CDp       Cm    Top Xtr Bot Xtr   Cpmin    Chinge    XCp    
 ------- -------- --------- --------- -------- ------- ------- -------- --------- ---------
   0.000   0.4589   0.00955   0.00440  -0.1052  0.7586  0.7980  -0.7198   0.0000   0.0000   0.0000   0.4781
   0.500   0.5091   0.00951   0.00445  -0.1034  0.7461  0.8477  -0.7675   0.0000   0.0000   0.0000   0.4513
   1.000   0.5567   0.00931   0.00428  -0.1007  0.7327  0.8978  -0.8173   0.0000   0.0000   0.0000   0.4284
   1.500   0.6114   0.00913   0.00416  -0.0997  0.7181  0.9613  -0.8759   0.0000   0.0000   0.0000   0.4101
   2.000   0.6795   0.00909   0.00395  -0.1022  0.7022  1.0000  -0.9461   0.0000   0.0000   0.0000   0.3969
   2.500   0.7362   0.00913   0.00397  -0.1025  0.6837  1.0000  -1.0158   0.0000   0.0000   0.0000   0.3852
   3.000   0.7927   0.00924   0.00401  -0.1026  0.6637  1.0000  -1.0908   0.0000   0.0000   0.0000   0.3749
   3.500   0.8483   0.00937   0.00406  -0.1025  0.6413  1.0000  -1.1775   0.0000   0.0000   0.0000   0.3657
   4.000   0.9026   0.00956   0.00417  -0.1021  0.6141  1.0000  -1.2722   0.0000   0.0000   0.0000   0.3575
   4.500   0.9557   0.00984   0.00437  -0.1015  0.5833  1.0000  -1.3848   0.0000   0.0000   0.0000   0.3500
   5.000   1.0069   0.01026   0.00463  -0.1006  0.5473  1.0000  -1.5074   0.0000   0.0000   0.0000   0.3432
   5.500   1.0572   0.01076   0.00505  -0.0997  0.5091  1.0000  -1.6556   0.0000   0.0000   0.0000   0.3369
   6.000   1.1046   0.01147   0.00557  -0.0983  0.4662  1.0000  -1.8288   0.0000   0.0000   0.0000   0.3310
   6.500   1.1516   0.01218   0.00618  -0.0969  0.4242  1.0000  -2.0619   0.0000   0.0000   0.0000   0.3256
   7.000   1.1960   0.01306   0.00693  -0.0953  0.3820  1.0000  -2.3791   0.0000   0.0000   0.0000   0.3204
   7.500   1.2377   0.01408   0.00778  -0.0932  0.3386  1.0000  -2.7012   0.0000   0.0000   0.0000   0.3154
   8.000   1.2786   0.01512   0.00871  -0.0912  0.2973  1.0000  -3.0331   0.0000   0.0000   0.0000   0.3107
   8.500   1.3148   0.01637   0.00984  -0.0885  0.2568  1.0000  -3.3603   0.0000   0.0000   0.0000   0.3060
   9.000   1.3464   0.01774   0.01107  -0.0852  0.2178  1.0000  -3.6803   0.0000   0.0000   0.0000   0.3013
   9.500   1.3739   0.01931   0.01253  -0.0815  0.1811  1.0000  -3.9929   0.0000   0.0000   0.0000   0.2966
  10.000   1.3947   0.02137   0.01443  -0.0774  0.1450  1.0000  -4.2844   0.0000   0.0000   0.0000   0.2920


