xflr5 v6.61

 Calculated polar for: peg24_95_revT

 1 1 Reynolds number fixed          Mach number fixed         

 xtrf =   1.000 (top)        1.000 (bottom)
 Mach =   0.000     Re =     0.100 e 6     Ncrit =   9.000

  alpha     CL        CD       CDp       Cm    Top Xtr Bot Xtr   Cpmin    Chinge    XCp    
 ------- -------- --------- --------- -------- ------- ------- -------- --------- ---------
   0.000   0.4512   0.03589   0.02879  -0.1443  0.8020  0.6656  -0.7067   0.0000   0.0000   0.0000   0.5700
   0.500   0.4982   0.03603   0.02919  -0.1414  0.7890  0.7842  -0.7460   0.0000   0.0000   0.0000   0.5330
   1.000   0.5688   0.03513   0.02837  -0.1409  0.7827  1.0000  -0.8059   0.0000   0.0000   0.0000   0.4959
   4.500   0.9335   0.03924   0.03173  -0.1387  0.6656  1.0000  -1.2170   0.0000   0.0000   0.0000   0.3915
   5.000   1.0108   0.03716   0.02968  -0.1391  0.6552  1.0000  -1.3278   0.0000   0.0000   0.0000   0.3799
   5.500   1.1105   0.03319   0.02577  -0.1413  0.6513  1.0000  -1.4786   0.0000   0.0000   0.0000   0.3688
   6.500   1.2671   0.02839   0.02113  -0.1428  0.6234  1.0000  -1.7776   0.0000   0.0000   0.0000   0.3529
   7.000   1.3224   0.02732   0.02014  -0.1411  0.5992  1.0000  -1.9216   0.0000   0.0000   0.0000   0.3461
   7.500   1.3869   0.02593   0.01879  -0.1405  0.5724  1.0000  -2.1004   0.0000   0.0000   0.0000   0.3399
   8.000   1.4319   0.02582   0.01868  -0.1377  0.5382  1.0000  -2.2583   0.0000   0.0000   0.0000   0.3340
   8.500   1.4746   0.02605   0.01888  -0.1348  0.5005  1.0000  -2.4267   0.0000   0.0000   0.0000   0.3283
   9.000   1.5171   0.02668   0.01931  -0.1320  0.4612  1.0000  -2.6192   0.0000   0.0000   0.0000   0.3231
   9.500   1.5367   0.02821   0.02079  -0.1263  0.4231  1.0000  -2.7843   0.0000   0.0000   0.0000   0.3175
  10.000   1.5669   0.02974   0.02207  -0.1224  0.3860  1.0000  -2.9993   0.0000   0.0000   0.0000   0.3125


