xflr5 v6.61

 Calculated polar for: peg24_75_revT

 1 1 Reynolds number fixed          Mach number fixed         

 xtrf =   1.000 (top)        1.000 (bottom)
 Mach =   0.000     Re =     0.405 e 6     Ncrit =   9.000

  alpha     CL        CD       CDp       Cm    Top Xtr Bot Xtr   Cpmin    Chinge    XCp    
 ------- -------- --------- --------- -------- ------- ------- -------- --------- ---------
   0.000   0.6083   0.00908   0.00384  -0.1411  0.7367  0.6367  -0.8349   0.0000   0.0000   0.0000   0.4807
   0.500   0.6643   0.00905   0.00393  -0.1408  0.7273  0.7144  -0.8841   0.0000   0.0000   0.0000   0.4599
   1.000   0.7181   0.00891   0.00397  -0.1400  0.7167  0.7768  -0.9370   0.0000   0.0000   0.0000   0.4423
   1.500   0.7714   0.00878   0.00391  -0.1389  0.7056  0.8332  -0.9947   0.0000   0.0000   0.0000   0.4268
   2.000   0.8197   0.00865   0.00393  -0.1368  0.6932  0.8965  -1.0529   0.0000   0.0000   0.0000   0.4130
   2.500   0.8764   0.00847   0.00374  -0.1365  0.6792  1.0000  -1.1189   0.0000   0.0000   0.0000   0.4013
   3.000   0.9339   0.00858   0.00382  -0.1370  0.6635  1.0000  -1.1938   0.0000   0.0000   0.0000   0.3916
   3.500   0.9908   0.00872   0.00387  -0.1371  0.6466  1.0000  -1.2725   0.0000   0.0000   0.0000   0.3827
   4.000   1.0458   0.00889   0.00396  -0.1369  0.6245  1.0000  -1.3642   0.0000   0.0000   0.0000   0.3746
   4.500   1.0994   0.00914   0.00415  -0.1365  0.5992  1.0000  -1.4607   0.0000   0.0000   0.0000   0.3673
   5.000   1.1512   0.00951   0.00442  -0.1358  0.5684  1.0000  -1.5724   0.0000   0.0000   0.0000   0.3604
   5.500   1.2010   0.00999   0.00480  -0.1348  0.5324  1.0000  -1.6924   0.0000   0.0000   0.0000   0.3540
   6.500   1.2924   0.01144   0.00592  -0.1315  0.4507  1.0000  -1.9712   0.0000   0.0000   0.0000   0.3422
   7.000   1.3338   0.01237   0.00668  -0.1293  0.4099  1.0000  -2.1280   0.0000   0.0000   0.0000   0.3367
   7.500   1.3732   0.01336   0.00753  -0.1268  0.3697  1.0000  -2.3060   0.0000   0.0000   0.0000   0.3314
   8.000   1.4076   0.01451   0.00851  -0.1236  0.3317  1.0000  -2.4974   0.0000   0.0000   0.0000   0.3261
   8.500   1.4389   0.01568   0.00961  -0.1199  0.2977  1.0000  -2.7262   0.0000   0.0000   0.0000   0.3209
   9.000   1.4658   0.01714   0.01094  -0.1159  0.2650  1.0000  -2.9886   0.0000   0.0000   0.0000   0.3158
   9.500   1.4895   0.01889   0.01257  -0.1119  0.2338  1.0000  -3.2553   0.0000   0.0000   0.0000   0.3110
  10.000   1.5146   0.02071   0.01435  -0.1083  0.2054  1.0000  -3.5340   0.0000   0.0000   0.0000   0.3066


