xflr5 v6.61

 Calculated polar for: peg24_40_revT

 1 1 Reynolds number fixed          Mach number fixed         

 xtrf =   1.000 (top)        1.000 (bottom)
 Mach =   0.000     Re =     0.385 e 6     Ncrit =   9.000

  alpha     CL        CD       CDp       Cm    Top Xtr Bot Xtr   Cpmin    Chinge    XCp    
 ------- -------- --------- --------- -------- ------- ------- -------- --------- ---------
   0.000   0.4410   0.00818   0.00330  -0.1000  0.7423  0.7766  -0.7069   0.0000   0.0000   0.0000   0.4755
   0.500   0.4949   0.00816   0.00326  -0.0990  0.7291  0.8219  -0.7577   0.0000   0.0000   0.0000   0.4481
   1.000   0.5454   0.00805   0.00328  -0.0973  0.7148  0.8649  -0.8094   0.0000   0.0000   0.0000   0.4259
   1.500   0.5945   0.00798   0.00320  -0.0951  0.6996  0.9104  -0.8644   0.0000   0.0000   0.0000   0.4070
   2.000   0.6535   0.00782   0.00309  -0.0952  0.6818  0.9737  -0.9292   0.0000   0.0000   0.0000   0.3922
   2.500   0.7165   0.00789   0.00309  -0.0969  0.6619  1.0000  -1.0040   0.0000   0.0000   0.0000   0.3813
   3.000   0.7731   0.00805   0.00315  -0.0971  0.6401  1.0000  -1.0799   0.0000   0.0000   0.0000   0.3711
   3.500   0.8283   0.00825   0.00326  -0.0970  0.6136  1.0000  -1.1673   0.0000   0.0000   0.0000   0.3621
   4.000   0.8824   0.00852   0.00343  -0.0967  0.5835  1.0000  -1.2654   0.0000   0.0000   0.0000   0.3540
   4.500   0.9348   0.00892   0.00367  -0.0961  0.5480  1.0000  -1.3802   0.0000   0.0000   0.0000   0.3467
   5.000   0.9866   0.00937   0.00402  -0.0954  0.5114  1.0000  -1.5087   0.0000   0.0000   0.0000   0.3401
   5.500   1.0359   0.00999   0.00446  -0.0944  0.4682  1.0000  -1.6645   0.0000   0.0000   0.0000   0.3339
   6.000   1.0854   0.01062   0.00498  -0.0935  0.4273  1.0000  -1.8562   0.0000   0.0000   0.0000   0.3283
   6.500   1.1326   0.01139   0.00559  -0.0922  0.3855  1.0000  -2.1699   0.0000   0.0000   0.0000   0.3230
   7.000   1.1784   0.01225   0.00630  -0.0908  0.3416  1.0000  -2.5010   0.0000   0.0000   0.0000   0.3180
   7.500   1.2230   0.01316   0.00708  -0.0893  0.2995  1.0000  -2.8425   0.0000   0.0000   0.0000   0.3133
   8.000   1.2645   0.01425   0.00799  -0.0874  0.2577  1.0000  -3.1866   0.0000   0.0000   0.0000   0.3087
   8.500   1.3030   0.01547   0.00905  -0.0851  0.2154  1.0000  -3.5318   0.0000   0.0000   0.0000   0.3042
   9.000   1.3382   0.01682   0.01023  -0.0825  0.1736  1.0000  -3.8753   0.0000   0.0000   0.0000   0.2998
   9.500   1.3664   0.01839   0.01162  -0.0788  0.1351  1.0000  -4.2005   0.0000   0.0000   0.0000   0.2951
  10.000   1.3909   0.02023   0.01332  -0.0750  0.1041  1.0000  -4.5158   0.0000   0.0000   0.0000   0.2906


