xflr5 v6.61

 Calculated polar for: peg24_50_revT

 1 1 Reynolds number fixed          Mach number fixed         

 xtrf =   1.000 (top)        1.000 (bottom)
 Mach =   0.000     Re =     0.190 e 6     Ncrit =   9.000

  alpha     CL        CD       CDp       Cm    Top Xtr Bot Xtr   Cpmin    Chinge    XCp    
 ------- -------- --------- --------- -------- ------- ------- -------- --------- ---------
   0.000   0.4545   0.01348   0.00794  -0.1080  0.7885  0.8549  -0.7155   0.0000   0.0000   0.0000   0.4867
   0.500   0.4962   0.01327   0.00778  -0.1036  0.7761  0.9242  -0.7568   0.0000   0.0000   0.0000   0.4572
   1.000   0.5698   0.01293   0.00737  -0.1068  0.7627  1.0000  -0.8217   0.0000   0.0000   0.0000   0.4352
   1.500   0.6301   0.01292   0.00720  -0.1078  0.7495  1.0000  -0.8830   0.0000   0.0000   0.0000   0.4182
   2.000   0.6889   0.01281   0.00697  -0.1082  0.7341  1.0000  -0.9462   0.0000   0.0000   0.0000   0.4036
   2.500   0.7455   0.01284   0.00693  -0.1082  0.7173  1.0000  -1.0147   0.0000   0.0000   0.0000   0.3911
   3.000   0.8060   0.01265   0.00659  -0.1084  0.7017  1.0000  -1.0926   0.0000   0.0000   0.0000   0.3800
   3.500   0.8599   0.01264   0.00659  -0.1078  0.6805  1.0000  -1.1755   0.0000   0.0000   0.0000   0.3703
   4.000   0.9146   0.01267   0.00661  -0.1073  0.6580  1.0000  -1.2657   0.0000   0.0000   0.0000   0.3617
   4.500   0.9688   0.01270   0.00660  -0.1066  0.6323  1.0000  -1.3753   0.0000   0.0000   0.0000   0.3538
   5.000   1.0221   0.01282   0.00665  -0.1057  0.6031  1.0000  -1.4973   0.0000   0.0000   0.0000   0.3466
   5.500   1.0735   0.01311   0.00683  -0.1046  0.5692  1.0000  -1.6374   0.0000   0.0000   0.0000   0.3401
   6.000   1.1220   0.01358   0.00725  -0.1032  0.5302  1.0000  -1.7977   0.0000   0.0000   0.0000   0.3339
   6.500   1.1683   0.01426   0.00777  -0.1014  0.4884  1.0000  -1.9851   0.0000   0.0000   0.0000   0.3281
   7.000   1.2119   0.01509   0.00849  -0.0994  0.4452  1.0000  -2.2369   0.0000   0.0000   0.0000   0.3227
   7.500   1.2530   0.01607   0.00937  -0.0971  0.4025  1.0000  -2.5459   0.0000   0.0000   0.0000   0.3175
   8.000   1.2899   0.01726   0.01039  -0.0943  0.3601  1.0000  -2.8532   0.0000   0.0000   0.0000   0.3124
   8.500   1.3239   0.01851   0.01160  -0.0912  0.3182  1.0000  -3.1608   0.0000   0.0000   0.0000   0.3074
   9.000   1.3519   0.01997   0.01297  -0.0873  0.2791  1.0000  -3.4565   0.0000   0.0000   0.0000   0.3024
   9.500   1.3734   0.02170   0.01459  -0.0827  0.2412  1.0000  -3.7348   0.0000   0.0000   0.0000   0.2973
  10.000   1.3922   0.02377   0.01662  -0.0783  0.2055  1.0000  -4.0069   0.0000   0.0000   0.0000   0.2925


