xflr5 v6.61

 Calculated polar for: peg24_100_revT

 1 1 Reynolds number fixed          Mach number fixed         

 xtrf =   1.000 (top)        1.000 (bottom)
 Mach =   0.000     Re =     0.440 e 6     Ncrit =   9.000

  alpha     CL        CD       CDp       Cm    Top Xtr Bot Xtr   Cpmin    Chinge    XCp    
 ------- -------- --------- --------- -------- ------- ------- -------- --------- ---------
   0.000   0.7256   0.00975   0.00418  -0.1691  0.7299  0.5125  -0.9310   0.0000   0.0000   0.0000   0.4816
   0.500   0.7821   0.00961   0.00427  -0.1691  0.7222  0.5832  -0.9786   0.0000   0.0000   0.0000   0.4641
   1.000   0.8389   0.00943   0.00429  -0.1691  0.7135  0.6600  -1.0305   0.0000   0.0000   0.0000   0.4488
   1.500   0.8956   0.00933   0.00427  -0.1689  0.7039  0.7377  -1.0892   0.0000   0.0000   0.0000   0.4351
   2.000   0.9485   0.00925   0.00440  -0.1681  0.6943  0.8044  -1.1507   0.0000   0.0000   0.0000   0.4230
   3.000   1.0512   0.00891   0.00427  -0.1654  0.6707  1.0000  -1.2796   0.0000   0.0000   0.0000   0.4018
   3.500   1.1080   0.00898   0.00430  -0.1656  0.6564  1.0000  -1.3589   0.0000   0.0000   0.0000   0.3933
   4.000   1.1638   0.00915   0.00443  -0.1656  0.6410  1.0000  -1.4403   0.0000   0.0000   0.0000   0.3855
   4.500   1.2179   0.00934   0.00453  -0.1653  0.6207  1.0000  -1.5368   0.0000   0.0000   0.0000   0.3782
   5.000   1.2702   0.00963   0.00474  -0.1647  0.5974  1.0000  -1.6382   0.0000   0.0000   0.0000   0.3714
   5.500   1.3197   0.01003   0.00507  -0.1636  0.5670  1.0000  -1.7490   0.0000   0.0000   0.0000   0.3650
   6.000   1.3667   0.01058   0.00551  -0.1621  0.5323  1.0000  -1.8639   0.0000   0.0000   0.0000   0.3589
   6.500   1.4080   0.01140   0.00614  -0.1596  0.4927  1.0000  -1.9866   0.0000   0.0000   0.0000   0.3529
   7.000   1.4471   0.01229   0.00689  -0.1569  0.4523  1.0000  -2.1240   0.0000   0.0000   0.0000   0.3473
   7.500   1.4784   0.01343   0.00784  -0.1530  0.4131  1.0000  -2.2570   0.0000   0.0000   0.0000   0.3415
   8.000   1.5060   0.01465   0.00895  -0.1485  0.3764  1.0000  -2.3919   0.0000   0.0000   0.0000   0.3359
   8.500   1.5293   0.01618   0.01034  -0.1438  0.3411  1.0000  -2.5267   0.0000   0.0000   0.0000   0.3305
   9.000   1.5502   0.01802   0.01205  -0.1392  0.3087  1.0000  -2.6724   0.0000   0.0000   0.0000   0.3254
   9.500   1.5728   0.01996   0.01391  -0.1353  0.2798  1.0000  -2.8387   0.0000   0.0000   0.0000   0.3207
  10.000   1.5944   0.02208   0.01598  -0.1315  0.2536  1.0000  -3.0347   0.0000   0.0000   0.0000   0.3163


