xflr5 v6.61

 Calculated polar for: peg24_15_revT

 1 1 Reynolds number fixed          Mach number fixed         

 xtrf =   1.000 (top)        1.000 (bottom)
 Mach =   0.000     Re =     0.285 e 6     Ncrit =   9.000

  alpha     CL        CD       CDp       Cm    Top Xtr Bot Xtr   Cpmin    Chinge    XCp    
 ------- -------- --------- --------- -------- ------- ------- -------- --------- ---------
   0.000   0.3113   0.00887   0.00389  -0.0678  0.7648  0.8640  -0.6142   0.0000   0.0000   0.0000   0.4668
   0.500   0.3596   0.00884   0.00382  -0.0653  0.7485  0.9027  -0.6611   0.0000   0.0000   0.0000   0.4299
   1.000   0.4110   0.00872   0.00366  -0.0633  0.7306  0.9409  -0.7138   0.0000   0.0000   0.0000   0.4018
   1.500   0.4823   0.00864   0.00354  -0.0661  0.7100  0.9755  -0.7821   0.0000   0.0000   0.0000   0.3842
   2.000   0.5649   0.00860   0.00342  -0.0717  0.6872  1.0000  -0.8659   0.0000   0.0000   0.0000   0.3737
   2.500   0.6114   0.00870   0.00342  -0.0702  0.6630  1.0000  -0.9305   0.0000   0.0000   0.0000   0.3612
   3.000   0.6631   0.00886   0.00347  -0.0695  0.6359  1.0000  -1.0090   0.0000   0.0000   0.0000   0.3508
   3.500   0.7157   0.00908   0.00358  -0.0689  0.6052  1.0000  -1.1026   0.0000   0.0000   0.0000   0.3417
   4.000   0.7679   0.00941   0.00375  -0.0682  0.5722  1.0000  -1.2140   0.0000   0.0000   0.0000   0.3337
   4.500   0.8198   0.00977   0.00405  -0.0675  0.5350  1.0000  -1.3522   0.0000   0.0000   0.0000   0.3268
   5.000   0.8702   0.01029   0.00439  -0.0665  0.4950  1.0000  -1.5437   0.0000   0.0000   0.0000   0.3204
   5.500   0.9204   0.01081   0.00484  -0.0656  0.4528  1.0000  -1.8724   0.0000   0.0000   0.0000   0.3147
   6.000   0.9694   0.01147   0.00538  -0.0646  0.4111  1.0000  -2.2144   0.0000   0.0000   0.0000   0.3095
   6.500   1.0164   0.01226   0.00600  -0.0633  0.3639  1.0000  -2.5664   0.0000   0.0000   0.0000   0.3046
   7.000   1.0630   0.01310   0.00673  -0.0621  0.3167  1.0000  -2.9317   0.0000   0.0000   0.0000   0.3001
   7.500   1.1077   0.01409   0.00758  -0.0606  0.2677  1.0000  -3.3036   0.0000   0.0000   0.0000   0.2958
   8.000   1.1491   0.01533   0.00859  -0.0589  0.2132  1.0000  -3.6749   0.0000   0.0000   0.0000   0.2917
   8.500   1.1871   0.01683   0.00983  -0.0568  0.1548  1.0000  -4.0416   0.0000   0.0000   0.0000   0.2876
   9.000   1.2207   0.01861   0.01134  -0.0543  0.1065  1.0000  -4.3972   0.0000   0.0000   0.0000   0.2835
   9.500   1.2507   0.02051   0.01308  -0.0512  0.0755  1.0000  -4.7544   0.0000   0.0000   0.0000   0.2794
  10.000   1.2770   0.02239   0.01497  -0.0477  0.0563  1.0000  -5.0925   0.0000   0.0000   0.0000   0.2750


