xflr5 v6.61

 Calculated polar for: peg24_25_revT

 1 1 Reynolds number fixed          Mach number fixed         

 xtrf =   1.000 (top)        1.000 (bottom)
 Mach =   0.000     Re =     0.350 e 6     Ncrit =   9.000

  alpha     CL        CD       CDp       Cm    Top Xtr Bot Xtr   Cpmin    Chinge    XCp    
 ------- -------- --------- --------- -------- ------- ------- -------- --------- ---------
   0.000   0.3671   0.00822   0.00333  -0.0816  0.7496  0.8213  -0.6531   0.0000   0.0000   0.0000   0.4712
   0.500   0.4179   0.00813   0.00327  -0.0798  0.7339  0.8600  -0.7024   0.0000   0.0000   0.0000   0.4392
   1.000   0.4673   0.00809   0.00326  -0.0778  0.7176  0.9000  -0.7537   0.0000   0.0000   0.0000   0.4141
   1.500   0.5177   0.00801   0.00314  -0.0758  0.6999  0.9425  -0.8083   0.0000   0.0000   0.0000   0.3935
   2.000   0.5902   0.00793   0.00303  -0.0790  0.6792  0.9869  -0.8840   0.0000   0.0000   0.0000   0.3805
   2.500   0.6510   0.00801   0.00304  -0.0803  0.6560  1.0000  -0.9573   0.0000   0.0000   0.0000   0.3696
   3.000   0.7057   0.00818   0.00311  -0.0802  0.6304  1.0000  -1.0370   0.0000   0.0000   0.0000   0.3594
   3.500   0.7598   0.00842   0.00322  -0.0799  0.6009  1.0000  -1.1245   0.0000   0.0000   0.0000   0.3504
   4.000   0.8131   0.00873   0.00342  -0.0795  0.5686  1.0000  -1.2342   0.0000   0.0000   0.0000   0.3425
   4.500   0.8655   0.00911   0.00370  -0.0789  0.5312  1.0000  -1.3538   0.0000   0.0000   0.0000   0.3354
   5.000   0.9164   0.00963   0.00405  -0.0781  0.4921  1.0000  -1.5110   0.0000   0.0000   0.0000   0.3289
   5.500   0.9668   0.01018   0.00449  -0.0772  0.4497  1.0000  -1.7434   0.0000   0.0000   0.0000   0.3230
   6.000   1.0163   0.01083   0.00502  -0.0763  0.4091  1.0000  -2.0747   0.0000   0.0000   0.0000   0.3177
   6.500   1.0635   0.01163   0.00563  -0.0751  0.3632  1.0000  -2.4155   0.0000   0.0000   0.0000   0.3126
   7.000   1.1105   0.01245   0.00633  -0.0739  0.3180  1.0000  -2.7709   0.0000   0.0000   0.0000   0.3080
   7.500   1.1558   0.01338   0.00713  -0.0726  0.2726  1.0000  -3.1349   0.0000   0.0000   0.0000   0.3035
   8.000   1.1980   0.01454   0.00807  -0.0709  0.2232  1.0000  -3.5002   0.0000   0.0000   0.0000   0.2993
   8.500   1.2364   0.01592   0.00922  -0.0688  0.1722  1.0000  -3.8626   0.0000   0.0000   0.0000   0.2950
   9.000   1.2714   0.01750   0.01054  -0.0662  0.1253  1.0000  -4.2196   0.0000   0.0000   0.0000   0.2908
  10.000   1.3297   0.02089   0.01373  -0.0597  0.0690  1.0000  -4.9251   0.0000   0.0000   0.0000   0.2822


