xflr5 v6.61

 Calculated polar for: peg24_25_revT

 1 1 Reynolds number fixed          Mach number fixed         

 xtrf =   1.000 (top)        1.000 (bottom)
 Mach =   0.000     Re =     0.125 e 6     Ncrit =   9.000

  alpha     CL        CD       CDp       Cm    Top Xtr Bot Xtr   Cpmin    Chinge    XCp    
 ------- -------- --------- --------- -------- ------- ------- -------- --------- ---------
   0.000   0.3872   0.01603   0.00974  -0.0899  0.8380  0.9946  -0.6523   0.0000   0.0000   0.0000   0.4813
   0.500   0.4259   0.01609   0.00968  -0.0878  0.8158  1.0000  -0.6918   0.0000   0.0000   0.0000   0.4548
   1.000   0.4674   0.01629   0.00976  -0.0856  0.7958  1.0000  -0.7368   0.0000   0.0000   0.0000   0.4312
   1.500   0.5273   0.01602   0.00933  -0.0854  0.7809  1.0000  -0.7982   0.0000   0.0000   0.0000   0.4095
   2.000   0.5789   0.01601   0.00925  -0.0843  0.7594  1.0000  -0.8585   0.0000   0.0000   0.0000   0.3926
   2.500   0.6319   0.01603   0.00922  -0.0833  0.7375  1.0000  -0.9256   0.0000   0.0000   0.0000   0.3783
   3.000   0.6869   0.01593   0.00907  -0.0824  0.7155  1.0000  -1.0030   0.0000   0.0000   0.0000   0.3659
   3.500   0.7424   0.01579   0.00889  -0.0814  0.6923  1.0000  -1.0891   0.0000   0.0000   0.0000   0.3551
   4.000   0.7973   0.01568   0.00875  -0.0804  0.6664  1.0000  -1.1972   0.0000   0.0000   0.0000   0.3458
   4.500   0.8511   0.01562   0.00868  -0.0792  0.6369  1.0000  -1.3159   0.0000   0.0000   0.0000   0.3375
   5.000   0.9046   0.01563   0.00865  -0.0780  0.6045  1.0000  -1.4683   0.0000   0.0000   0.0000   0.3301
   5.500   0.9571   0.01582   0.00874  -0.0767  0.5689  1.0000  -1.6535   0.0000   0.0000   0.0000   0.3234
   6.000   1.0057   0.01624   0.00915  -0.0750  0.5276  1.0000  -1.9475   0.0000   0.0000   0.0000   0.3173
   6.500   1.0530   0.01685   0.00967  -0.0732  0.4836  1.0000  -2.2763   0.0000   0.0000   0.0000   0.3116
   7.000   1.0984   0.01766   0.01034  -0.0712  0.4392  1.0000  -2.6138   0.0000   0.0000   0.0000   0.3063
   7.500   1.1399   0.01861   0.01121  -0.0688  0.3917  1.0000  -2.9501   0.0000   0.0000   0.0000   0.3013
   8.000   1.1778   0.01975   0.01229  -0.0661  0.3424  1.0000  -3.2841   0.0000   0.0000   0.0000   0.2963
   8.500   1.2114   0.02113   0.01361  -0.0630  0.2922  1.0000  -3.6103   0.0000   0.0000   0.0000   0.2915
   9.000   1.2385   0.02289   0.01521  -0.0592  0.2411  1.0000  -3.9165   0.0000   0.0000   0.0000   0.2866
   9.500   1.2571   0.02517   0.01726  -0.0546  0.1921  1.0000  -4.1872   0.0000   0.0000   0.0000   0.2815
  10.000   1.2694   0.02783   0.01979  -0.0495  0.1508  1.0000  -4.4245   0.0000   0.0000   0.0000   0.2763


