xflr5 v6.61

 Calculated polar for: peg24_15_revT

 1 1 Reynolds number fixed          Mach number fixed         

 xtrf =   1.000 (top)        1.000 (bottom)
 Mach =   0.000     Re =     0.165 e 6     Ncrit =   9.000

  alpha     CL        CD       CDp       Cm    Top Xtr Bot Xtr   Cpmin    Chinge    XCp    
 ------- -------- --------- --------- -------- ------- ------- -------- --------- ---------
   0.000   0.2991   0.01251   0.00682  -0.0657  0.8122  0.9526  -0.6026   0.0000   0.0000   0.0000   0.4690
   0.500   0.3950   0.01232   0.00653  -0.0735  0.7948  0.9860  -0.6765   0.0000   0.0000   0.0000   0.4344
   1.000   0.4691   0.01209   0.00616  -0.0773  0.7768  1.0000  -0.7433   0.0000   0.0000   0.0000   0.4127
   1.500   0.5124   0.01201   0.00594  -0.0750  0.7565  1.0000  -0.7953   0.0000   0.0000   0.0000   0.3939
   2.000   0.5567   0.01204   0.00590  -0.0730  0.7336  1.0000  -0.8528   0.0000   0.0000   0.0000   0.3780
   2.500   0.6069   0.01209   0.00586  -0.0717  0.7100  1.0000  -0.9199   0.0000   0.0000   0.0000   0.3646
   3.000   0.6594   0.01214   0.00584  -0.0708  0.6851  1.0000  -0.9984   0.0000   0.0000   0.0000   0.3533
   3.500   0.7123   0.01222   0.00585  -0.0698  0.6578  1.0000  -1.0906   0.0000   0.0000   0.0000   0.3435
   4.000   0.7652   0.01235   0.00588  -0.0688  0.6278  1.0000  -1.2027   0.0000   0.0000   0.0000   0.3350
   4.500   0.8174   0.01259   0.00604  -0.0678  0.5946  1.0000  -1.3388   0.0000   0.0000   0.0000   0.3275
   5.000   0.8678   0.01293   0.00634  -0.0666  0.5563  1.0000  -1.5134   0.0000   0.0000   0.0000   0.3207
   5.500   0.9177   0.01342   0.00670  -0.0653  0.5167  1.0000  -1.8182   0.0000   0.0000   0.0000   0.3146
   6.000   0.9656   0.01401   0.00720  -0.0638  0.4724  1.0000  -2.1505   0.0000   0.0000   0.0000   0.3090
   6.500   1.0124   0.01473   0.00788  -0.0622  0.4281  1.0000  -2.4943   0.0000   0.0000   0.0000   0.3038
   7.000   1.0569   0.01558   0.00864  -0.0604  0.3805  1.0000  -2.8447   0.0000   0.0000   0.0000   0.2989
   7.500   1.0990   0.01658   0.00953  -0.0584  0.3312  1.0000  -3.1993   0.0000   0.0000   0.0000   0.2943
   8.000   1.1382   0.01777   0.01062  -0.0561  0.2795  1.0000  -3.5532   0.0000   0.0000   0.0000   0.2898
   8.500   1.1730   0.01927   0.01197  -0.0534  0.2239  1.0000  -3.8961   0.0000   0.0000   0.0000   0.2854
   9.000   1.2005   0.02130   0.01374  -0.0500  0.1676  1.0000  -4.2099   0.0000   0.0000   0.0000   0.2808
   9.500   1.2216   0.02366   0.01589  -0.0459  0.1202  1.0000  -4.4921   0.0000   0.0000   0.0000   0.2760
  10.000   1.2357   0.02644   0.01848  -0.0414  0.0896  1.0000  -4.7400   0.0000   0.0000   0.0000   0.2712


