xflr5 v6.61

 Calculated polar for: peg24_40_revT

 1 1 Reynolds number fixed          Mach number fixed         

 xtrf =   1.000 (top)        1.000 (bottom)
 Mach =   0.000     Re =     0.155 e 6     Ncrit =   9.000

  alpha     CL        CD       CDp       Cm    Top Xtr Bot Xtr   Cpmin    Chinge    XCp    
 ------- -------- --------- --------- -------- ------- ------- -------- --------- ---------
   0.000   0.3861   0.01501   0.00924  -0.0924  0.8078  0.9282  -0.6653   0.0000   0.0000   0.0000   0.4887
   0.500   0.4719   0.01466   0.00882  -0.0981  0.7923  1.0000  -0.7326   0.0000   0.0000   0.0000   0.4563
   1.000   0.5293   0.01455   0.00851  -0.0984  0.7799  1.0000  -0.7875   0.0000   0.0000   0.0000   0.4338
   1.500   0.5834   0.01456   0.00841  -0.0983  0.7620  1.0000  -0.8442   0.0000   0.0000   0.0000   0.4157
   2.000   0.6400   0.01456   0.00833  -0.0982  0.7453  1.0000  -0.9066   0.0000   0.0000   0.0000   0.4001
   2.500   0.7006   0.01427   0.00789  -0.0982  0.7298  1.0000  -0.9798   0.0000   0.0000   0.0000   0.3864
   3.000   0.7544   0.01426   0.00787  -0.0975  0.7085  1.0000  -1.0524   0.0000   0.0000   0.0000   0.3749
   3.500   0.8096   0.01422   0.00779  -0.0969  0.6871  1.0000  -1.1377   0.0000   0.0000   0.0000   0.3648
   4.000   0.8652   0.01414   0.00768  -0.0962  0.6641  1.0000  -1.2342   0.0000   0.0000   0.0000   0.3558
   4.500   0.9196   0.01409   0.00761  -0.0954  0.6373  1.0000  -1.3485   0.0000   0.0000   0.0000   0.3478
   5.000   0.9728   0.01415   0.00762  -0.0943  0.6069  1.0000  -1.4748   0.0000   0.0000   0.0000   0.3405
   5.500   1.0256   0.01434   0.00768  -0.0932  0.5730  1.0000  -1.6308   0.0000   0.0000   0.0000   0.3338
   6.000   1.0740   0.01478   0.00812  -0.0917  0.5333  1.0000  -1.8116   0.0000   0.0000   0.0000   0.3277
   6.500   1.1214   0.01542   0.00856  -0.0900  0.4913  1.0000  -2.0664   0.0000   0.0000   0.0000   0.3219
   7.000   1.1655   0.01621   0.00931  -0.0880  0.4471  1.0000  -2.3822   0.0000   0.0000   0.0000   0.3165
   7.500   1.2073   0.01718   0.01019  -0.0857  0.4030  1.0000  -2.7034   0.0000   0.0000   0.0000   0.3114
   8.000   1.2452   0.01835   0.01121  -0.0830  0.3585  1.0000  -3.0242   0.0000   0.0000   0.0000   0.3063
   8.500   1.2789   0.01968   0.01245  -0.0799  0.3141  1.0000  -3.3400   0.0000   0.0000   0.0000   0.3014
   9.000   1.3085   0.02116   0.01389  -0.0763  0.2701  1.0000  -3.6485   0.0000   0.0000   0.0000   0.2965
   9.500   1.3298   0.02296   0.01558  -0.0717  0.2289  1.0000  -3.9308   0.0000   0.0000   0.0000   0.2914
  10.000   1.3431   0.02534   0.01780  -0.0667  0.1904  1.0000  -4.1843   0.0000   0.0000   0.0000   0.2864


