xflr5 v6.61

 Calculated polar for: peg24_70_revT

 1 1 Reynolds number fixed          Mach number fixed         

 xtrf =   1.000 (top)        1.000 (bottom)
 Mach =   0.000     Re =     0.340 e 6     Ncrit =   9.000

  alpha     CL        CD       CDp       Cm    Top Xtr Bot Xtr   Cpmin    Chinge    XCp    
 ------- -------- --------- --------- -------- ------- ------- -------- --------- ---------
   0.000   0.5805   0.00990   0.00463  -0.1352  0.7476  0.6903  -0.8127   0.0000   0.0000   0.0000   0.4816
   0.500   0.6349   0.00974   0.00460  -0.1343  0.7372  0.7596  -0.8608   0.0000   0.0000   0.0000   0.4596
   1.000   0.6883   0.00969   0.00460  -0.1332  0.7270  0.8186  -0.9143   0.0000   0.0000   0.0000   0.4409
   1.500   0.7367   0.00949   0.00456  -0.1310  0.7147  0.8777  -0.9684   0.0000   0.0000   0.0000   0.4246
   2.000   0.7916   0.00920   0.00428  -0.1300  0.7025  1.0000  -1.0309   0.0000   0.0000   0.0000   0.4104
   2.500   0.8497   0.00924   0.00430  -0.1306  0.6876  1.0000  -1.0977   0.0000   0.0000   0.0000   0.3993
   3.000   0.9080   0.00932   0.00426  -0.1310  0.6725  1.0000  -1.1738   0.0000   0.0000   0.0000   0.3893
   3.500   0.9641   0.00940   0.00431  -0.1310  0.6545  1.0000  -1.2525   0.0000   0.0000   0.0000   0.3803
   4.000   1.0191   0.00954   0.00442  -0.1308  0.6329  1.0000  -1.3446   0.0000   0.0000   0.0000   0.3722
   4.500   1.0729   0.00975   0.00456  -0.1304  0.6078  1.0000  -1.4428   0.0000   0.0000   0.0000   0.3647
   5.000   1.1250   0.01007   0.00479  -0.1296  0.5780  1.0000  -1.5557   0.0000   0.0000   0.0000   0.3578
   5.500   1.1746   0.01055   0.00512  -0.1285  0.5427  1.0000  -1.6778   0.0000   0.0000   0.0000   0.3514
   6.000   1.2224   0.01114   0.00561  -0.1272  0.5039  1.0000  -1.8174   0.0000   0.0000   0.0000   0.3453
   6.500   1.2667   0.01194   0.00622  -0.1253  0.4619  1.0000  -1.9674   0.0000   0.0000   0.0000   0.3395
   7.000   1.3089   0.01282   0.00697  -0.1232  0.4202  1.0000  -2.1322   0.0000   0.0000   0.0000   0.3340
   7.500   1.3482   0.01384   0.00783  -0.1207  0.3800  1.0000  -2.3216   0.0000   0.0000   0.0000   0.3287
   8.000   1.3834   0.01499   0.00883  -0.1176  0.3402  1.0000  -2.5321   0.0000   0.0000   0.0000   0.3235
   8.500   1.4137   0.01622   0.00997  -0.1138  0.3052  1.0000  -2.8015   0.0000   0.0000   0.0000   0.3182
   9.000   1.4418   0.01761   0.01127  -0.1099  0.2713  1.0000  -3.0799   0.0000   0.0000   0.0000   0.3132
   9.500   1.4652   0.01936   0.01290  -0.1058  0.2389  1.0000  -3.3497   0.0000   0.0000   0.0000   0.3084
  10.000   1.4873   0.02135   0.01482  -0.1020  0.2088  1.0000  -3.6215   0.0000   0.0000   0.0000   0.3039


