xflr5 v6.61

 Calculated polar for: peg24_55_revT

 1 1 Reynolds number fixed          Mach number fixed         

 xtrf =   1.000 (top)        1.000 (bottom)
 Mach =   0.000     Re =     0.435 e 6     Ncrit =   9.000

  alpha     CL        CD       CDp       Cm    Top Xtr Bot Xtr   Cpmin    Chinge    XCp    
 ------- -------- --------- --------- -------- ------- ------- -------- --------- ---------
   0.000   0.5153   0.00809   0.00313  -0.1181  0.7342  0.7123  -0.7633   0.0000   0.0000   0.0000   0.4778
   0.500   0.5700   0.00806   0.00320  -0.1174  0.7228  0.7704  -0.8123   0.0000   0.0000   0.0000   0.4540
   1.000   0.6237   0.00796   0.00319  -0.1165  0.7100  0.8194  -0.8665   0.0000   0.0000   0.0000   0.4342
   1.500   0.6752   0.00791   0.00321  -0.1151  0.6967  0.8661  -0.9237   0.0000   0.0000   0.0000   0.4173
   2.000   0.7233   0.00776   0.00314  -0.1128  0.6812  0.9236  -0.9801   0.0000   0.0000   0.0000   0.4022
   2.500   0.7856   0.00771   0.00310  -0.1140  0.6641  1.0000  -1.0533   0.0000   0.0000   0.0000   0.3909
   3.000   0.8430   0.00786   0.00314  -0.1143  0.6452  1.0000  -1.1288   0.0000   0.0000   0.0000   0.3809
   3.500   0.8987   0.00806   0.00323  -0.1143  0.6215  1.0000  -1.2136   0.0000   0.0000   0.0000   0.3719
   4.000   0.9533   0.00831   0.00340  -0.1141  0.5943  1.0000  -1.3044   0.0000   0.0000   0.0000   0.3638
   4.500   1.0065   0.00864   0.00365  -0.1137  0.5619  1.0000  -1.4128   0.0000   0.0000   0.0000   0.3565
   5.000   1.0577   0.00912   0.00397  -0.1129  0.5244  1.0000  -1.5321   0.0000   0.0000   0.0000   0.3497
   5.500   1.1076   0.00969   0.00440  -0.1120  0.4851  1.0000  -1.6676   0.0000   0.0000   0.0000   0.3434
   6.000   1.1553   0.01041   0.00493  -0.1107  0.4425  1.0000  -1.8218   0.0000   0.0000   0.0000   0.3376
   6.500   1.2026   0.01113   0.00553  -0.1095  0.4017  1.0000  -2.0051   0.0000   0.0000   0.0000   0.3321
   7.000   1.2468   0.01204   0.00626  -0.1078  0.3598  1.0000  -2.2418   0.0000   0.0000   0.0000   0.3269
   7.500   1.2903   0.01295   0.00704  -0.1061  0.3194  1.0000  -2.5593   0.0000   0.0000   0.0000   0.3219
   8.000   1.3306   0.01399   0.00793  -0.1039  0.2808  1.0000  -2.8798   0.0000   0.0000   0.0000   0.3171
   8.500   1.3681   0.01514   0.00895  -0.1014  0.2429  1.0000  -3.2024   0.0000   0.0000   0.0000   0.3124
   9.000   1.3998   0.01641   0.01009  -0.0979  0.2086  1.0000  -3.5155   0.0000   0.0000   0.0000   0.3075
   9.500   1.4287   0.01787   0.01143  -0.0944  0.1752  1.0000  -3.8269   0.0000   0.0000   0.0000   0.3029
  10.000   1.4524   0.01971   0.01313  -0.0905  0.1428  1.0000  -4.1257   0.0000   0.0000   0.0000   0.2983


