xflr5 v6.61

 Calculated polar for: peg24_50_revT

 1 1 Reynolds number fixed          Mach number fixed         

 xtrf =   1.000 (top)        1.000 (bottom)
 Mach =   0.000     Re =     0.370 e 6     Ncrit =   9.000

  alpha     CL        CD       CDp       Cm    Top Xtr Bot Xtr   Cpmin    Chinge    XCp    
 ------- -------- --------- --------- -------- ------- ------- -------- --------- ---------
   0.000   0.4879   0.00866   0.00367  -0.1118  0.7442  0.7542  -0.7421   0.0000   0.0000   0.0000   0.4779
   0.500   0.5417   0.00856   0.00362  -0.1108  0.7326  0.8051  -0.7916   0.0000   0.0000   0.0000   0.4526
   1.000   0.5934   0.00851   0.00365  -0.1093  0.7195  0.8530  -0.8439   0.0000   0.0000   0.0000   0.4318
   1.500   0.6421   0.00836   0.00354  -0.1071  0.7057  0.9036  -0.8993   0.0000   0.0000   0.0000   0.4137
   2.000   0.7018   0.00818   0.00343  -0.1074  0.6896  0.9889  -0.9636   0.0000   0.0000   0.0000   0.3994
   2.500   0.7613   0.00828   0.00339  -0.1082  0.6726  1.0000  -1.0352   0.0000   0.0000   0.0000   0.3880
   3.000   0.8181   0.00839   0.00343  -0.1084  0.6526  1.0000  -1.1098   0.0000   0.0000   0.0000   0.3779
   3.500   0.8737   0.00855   0.00353  -0.1084  0.6290  1.0000  -1.1961   0.0000   0.0000   0.0000   0.3688
   4.000   0.9281   0.00879   0.00367  -0.1081  0.6017  1.0000  -1.2881   0.0000   0.0000   0.0000   0.3607
   4.500   0.9810   0.00913   0.00390  -0.1075  0.5705  1.0000  -1.3986   0.0000   0.0000   0.0000   0.3533
   5.000   1.0327   0.00954   0.00422  -0.1068  0.5336  1.0000  -1.5195   0.0000   0.0000   0.0000   0.3465
   5.500   1.0820   0.01015   0.00464  -0.1057  0.4941  1.0000  -1.6596   0.0000   0.0000   0.0000   0.3402
   6.000   1.1307   0.01078   0.00516  -0.1046  0.4520  1.0000  -1.8237   0.0000   0.0000   0.0000   0.3344
   6.500   1.1770   0.01157   0.00578  -0.1032  0.4106  1.0000  -2.0181   0.0000   0.0000   0.0000   0.3289
   7.000   1.2217   0.01243   0.00651  -0.1016  0.3679  1.0000  -2.3136   0.0000   0.0000   0.0000   0.3238
   7.500   1.2649   0.01337   0.00731  -0.0998  0.3269  1.0000  -2.6357   0.0000   0.0000   0.0000   0.3188
   8.500   1.3427   0.01560   0.00928  -0.0952  0.2474  1.0000  -3.2891   0.0000   0.0000   0.0000   0.3094
   9.000   1.3735   0.01697   0.01049  -0.0917  0.2110  1.0000  -3.6031   0.0000   0.0000   0.0000   0.3045
   9.500   1.4025   0.01845   0.01186  -0.0881  0.1758  1.0000  -3.9187   0.0000   0.0000   0.0000   0.2999
  10.000   1.4257   0.02034   0.01362  -0.0842  0.1421  1.0000  -4.2187   0.0000   0.0000   0.0000   0.2953


