xflr5 v6.61

 Calculated polar for: peg24_60_revT

 1 1 Reynolds number fixed          Mach number fixed         

 xtrf =   1.000 (top)        1.000 (bottom)
 Mach =   0.000     Re =     0.270 e 6     Ncrit =   9.000

  alpha     CL        CD       CDp       Cm    Top Xtr Bot Xtr   Cpmin    Chinge    XCp    
 ------- -------- --------- --------- -------- ------- ------- -------- --------- ---------
   0.000   0.5261   0.01093   0.00560  -0.1229  0.7629  0.7675  -0.7702   0.0000   0.0000   0.0000   0.4825
   0.500   0.5772   0.01085   0.00559  -0.1211  0.7526  0.8261  -0.8168   0.0000   0.0000   0.0000   0.4579
   1.000   0.6227   0.01065   0.00552  -0.1181  0.7399  0.8857  -0.8654   0.0000   0.0000   0.0000   0.4372
   1.500   0.6809   0.01032   0.00515  -0.1175  0.7284  0.9772  -0.9262   0.0000   0.0000   0.0000   0.4195
   2.000   0.7411   0.01031   0.00511  -0.1187  0.7135  1.0000  -0.9900   0.0000   0.0000   0.0000   0.4065
   2.500   0.8008   0.01032   0.00497  -0.1193  0.6992  1.0000  -1.0595   0.0000   0.0000   0.0000   0.3948
   3.000   0.8573   0.01032   0.00494  -0.1194  0.6816  1.0000  -1.1348   0.0000   0.0000   0.0000   0.3845
   3.500   0.9133   0.01041   0.00499  -0.1193  0.6627  1.0000  -1.2162   0.0000   0.0000   0.0000   0.3753
   4.000   0.9686   0.01051   0.00502  -0.1190  0.6412  1.0000  -1.3083   0.0000   0.0000   0.0000   0.3669
   4.500   1.0224   0.01067   0.00512  -0.1185  0.6152  1.0000  -1.4126   0.0000   0.0000   0.0000   0.3594
   5.000   1.0747   0.01093   0.00533  -0.1177  0.5850  1.0000  -1.5294   0.0000   0.0000   0.0000   0.3524
   5.500   1.1248   0.01135   0.00561  -0.1165  0.5491  1.0000  -1.6572   0.0000   0.0000   0.0000   0.3459
   6.000   1.1729   0.01193   0.00608  -0.1152  0.5108  1.0000  -1.8058   0.0000   0.0000   0.0000   0.3398
   6.500   1.2176   0.01271   0.00667  -0.1134  0.4679  1.0000  -1.9688   0.0000   0.0000   0.0000   0.3341
   7.000   1.2611   0.01354   0.00742  -0.1114  0.4262  1.0000  -2.1611   0.0000   0.0000   0.0000   0.3286
   7.500   1.3006   0.01459   0.00829  -0.1090  0.3848  1.0000  -2.4009   0.0000   0.0000   0.0000   0.3234
   8.000   1.3379   0.01569   0.00928  -0.1062  0.3438  1.0000  -2.7000   0.0000   0.0000   0.0000   0.3183
   8.500   1.3701   0.01697   0.01045  -0.1028  0.3061  1.0000  -2.9933   0.0000   0.0000   0.0000   0.3132
   9.000   1.3979   0.01835   0.01174  -0.0988  0.2699  1.0000  -3.2806   0.0000   0.0000   0.0000   0.3081
  10.000   1.4435   0.02201   0.01524  -0.0908  0.2031  1.0000  -3.8405   0.0000   0.0000   0.0000   0.2987


