xflr5 v6.61

 Calculated polar for: peg24_70_revT

 1 1 Reynolds number fixed          Mach number fixed         

 xtrf =   1.000 (top)        1.000 (bottom)
 Mach =   0.000     Re =     0.160 e 6     Ncrit =   9.000

  alpha     CL        CD       CDp       Cm    Top Xtr Bot Xtr   Cpmin    Chinge    XCp    
 ------- -------- --------- --------- -------- ------- ------- -------- --------- ---------
   0.000   0.5232   0.01806   0.01218  -0.1309  0.7901  0.8068  -0.7646   0.0000   0.0000   0.0000   0.4995
   0.500   0.5685   0.01749   0.01166  -0.1263  0.7830  0.8944  -0.8082   0.0000   0.0000   0.0000   0.4707
   1.000   0.6223   0.01759   0.01176  -0.1265  0.7665  1.0000  -0.8575   0.0000   0.0000   0.0000   0.4510
   1.500   0.6926   0.01710   0.01106  -0.1285  0.7582  1.0000  -0.9245   0.0000   0.0000   0.0000   0.4326
   2.000   0.7468   0.01739   0.01128  -0.1285  0.7426  1.0000  -0.9840   0.0000   0.0000   0.0000   0.4185
   2.500   0.8125   0.01682   0.01058  -0.1293  0.7320  1.0000  -1.0564   0.0000   0.0000   0.0000   0.4049
   3.000   0.8665   0.01691   0.01065  -0.1288  0.7154  1.0000  -1.1262   0.0000   0.0000   0.0000   0.3939
   3.500   0.9324   0.01622   0.00984  -0.1293  0.7033  1.0000  -1.2128   0.0000   0.0000   0.0000   0.3834
   4.000   0.9845   0.01621   0.00988  -0.1284  0.6834  1.0000  -1.2987   0.0000   0.0000   0.0000   0.3744
   4.500   1.0408   0.01601   0.00968  -0.1279  0.6645  1.0000  -1.3960   0.0000   0.0000   0.0000   0.3663
   5.000   1.0982   0.01570   0.00933  -0.1273  0.6433  1.0000  -1.5120   0.0000   0.0000   0.0000   0.3587
   5.500   1.1520   0.01558   0.00919  -0.1264  0.6173  1.0000  -1.6360   0.0000   0.0000   0.0000   0.3518
   6.000   1.2023   0.01567   0.00928  -0.1249  0.5858  1.0000  -1.7723   0.0000   0.0000   0.0000   0.3453
   6.500   1.2516   0.01592   0.00941  -0.1233  0.5500  1.0000  -1.9267   0.0000   0.0000   0.0000   0.3393
   7.000   1.2963   0.01653   0.00995  -0.1212  0.5104  1.0000  -2.0917   0.0000   0.0000   0.0000   0.3335
   7.500   1.3372   0.01740   0.01061  -0.1186  0.4680  1.0000  -2.2775   0.0000   0.0000   0.0000   0.3280
   8.000   1.3730   0.01849   0.01163  -0.1154  0.4260  1.0000  -2.4754   0.0000   0.0000   0.0000   0.3226
   8.500   1.4041   0.01984   0.01281  -0.1116  0.3859  1.0000  -2.7291   0.0000   0.0000   0.0000   0.3173
   9.000   1.4285   0.02127   0.01422  -0.1069  0.3474  1.0000  -2.9820   0.0000   0.0000   0.0000   0.3119
   9.500   1.4470   0.02307   0.01588  -0.1017  0.3124  1.0000  -3.2266   0.0000   0.0000   0.0000   0.3065
  10.000   1.4634   0.02514   0.01793  -0.0968  0.2793  1.0000  -3.4714   0.0000   0.0000   0.0000   0.3016


