xflr5 v6.61

 Calculated polar for: peg24_80_revT

 1 1 Reynolds number fixed          Mach number fixed         

 xtrf =   1.000 (top)        1.000 (bottom)
 Mach =   0.000     Re =     0.360 e 6     Ncrit =   9.000

  alpha     CL        CD       CDp       Cm    Top Xtr Bot Xtr   Cpmin    Chinge    XCp    
 ------- -------- --------- --------- -------- ------- ------- -------- --------- ---------
   0.000   0.6283   0.01001   0.00464  -0.1467  0.7429  0.6318  -0.8500   0.0000   0.0000   0.0000   0.4821
   0.500   0.6845   0.00980   0.00457  -0.1462  0.7337  0.7121  -0.8999   0.0000   0.0000   0.0000   0.4616
   1.000   0.7382   0.00978   0.00469  -0.1454  0.7242  0.7784  -0.9517   0.0000   0.0000   0.0000   0.4443
   1.500   0.7898   0.00959   0.00464  -0.1439  0.7126  0.8394  -1.0077   0.0000   0.0000   0.0000   0.4289
   2.000   0.8375   0.00940   0.00450  -0.1414  0.7015  0.9140  -1.0662   0.0000   0.0000   0.0000   0.4149
   2.500   0.8961   0.00925   0.00441  -0.1419  0.6878  1.0000  -1.1324   0.0000   0.0000   0.0000   0.4038
   3.000   0.9550   0.00933   0.00435  -0.1424  0.6740  1.0000  -1.2079   0.0000   0.0000   0.0000   0.3940
   3.500   1.0109   0.00940   0.00443  -0.1424  0.6574  1.0000  -1.2860   0.0000   0.0000   0.0000   0.3852
   4.000   1.0664   0.00954   0.00453  -0.1423  0.6385  1.0000  -1.3755   0.0000   0.0000   0.0000   0.3771
   4.500   1.1204   0.00973   0.00464  -0.1419  0.6154  1.0000  -1.4714   0.0000   0.0000   0.0000   0.3697
   5.000   1.1729   0.01002   0.00486  -0.1413  0.5886  1.0000  -1.5814   0.0000   0.0000   0.0000   0.3628
   5.500   1.2225   0.01044   0.00517  -0.1402  0.5540  1.0000  -1.6981   0.0000   0.0000   0.0000   0.3563
   6.000   1.2694   0.01106   0.00563  -0.1386  0.5175  1.0000  -1.8259   0.0000   0.0000   0.0000   0.3502
   6.500   1.3138   0.01180   0.00623  -0.1368  0.4758  1.0000  -1.9699   0.0000   0.0000   0.0000   0.3444
   7.000   1.3543   0.01273   0.00700  -0.1343  0.4352  1.0000  -2.1196   0.0000   0.0000   0.0000   0.3388
   7.500   1.3918   0.01376   0.00787  -0.1315  0.3940  1.0000  -2.2786   0.0000   0.0000   0.0000   0.3333
   8.000   1.4239   0.01493   0.00889  -0.1278  0.3562  1.0000  -2.4547   0.0000   0.0000   0.0000   0.3279
   8.500   1.4524   0.01621   0.01008  -0.1238  0.3205  1.0000  -2.6445   0.0000   0.0000   0.0000   0.3225
   9.000   1.4771   0.01777   0.01153  -0.1195  0.2881  1.0000  -2.8557   0.0000   0.0000   0.0000   0.3174
   9.500   1.4997   0.01961   0.01325  -0.1154  0.2574  1.0000  -3.1044   0.0000   0.0000   0.0000   0.3126
  10.000   1.5235   0.02153   0.01514  -0.1118  0.2286  1.0000  -3.3664   0.0000   0.0000   0.0000   0.3082


