xflr5 v6.61

 Calculated polar for: peg24_55_revT

 1 1 Reynolds number fixed          Mach number fixed         

 xtrf =   1.000 (top)        1.000 (bottom)
 Mach =   0.000     Re =     0.350 e 6     Ncrit =   9.000

  alpha     CL        CD       CDp       Cm    Top Xtr Bot Xtr   Cpmin    Chinge    XCp    
 ------- -------- --------- --------- -------- ------- ------- -------- --------- ---------
   0.000   0.5105   0.00911   0.00403  -0.1176  0.7474  0.7458  -0.7592   0.0000   0.0000   0.0000   0.4792
   0.500   0.5641   0.00900   0.00400  -0.1166  0.7360  0.8005  -0.8076   0.0000   0.0000   0.0000   0.4547
   1.000   0.6158   0.00895   0.00399  -0.1151  0.7240  0.8514  -0.8605   0.0000   0.0000   0.0000   0.4343
   1.500   0.6631   0.00875   0.00390  -0.1125  0.7103  0.9061  -0.9147   0.0000   0.0000   0.0000   0.4166
   2.000   0.7243   0.00858   0.00373  -0.1131  0.6957  1.0000  -0.9795   0.0000   0.0000   0.0000   0.4026
   2.500   0.7831   0.00863   0.00368  -0.1138  0.6791  1.0000  -1.0501   0.0000   0.0000   0.0000   0.3911
   3.000   0.8399   0.00874   0.00375  -0.1140  0.6602  1.0000  -1.1250   0.0000   0.0000   0.0000   0.3810
   3.500   0.8959   0.00888   0.00383  -0.1140  0.6393  1.0000  -1.2095   0.0000   0.0000   0.0000   0.3720
   4.000   0.9506   0.00908   0.00394  -0.1137  0.6136  1.0000  -1.3004   0.0000   0.0000   0.0000   0.3638
   4.500   1.0040   0.00936   0.00414  -0.1133  0.5843  1.0000  -1.4084   0.0000   0.0000   0.0000   0.3564
   5.000   1.0551   0.00979   0.00441  -0.1124  0.5486  1.0000  -1.5274   0.0000   0.0000   0.0000   0.3495
   5.500   1.1053   0.01030   0.00482  -0.1114  0.5115  1.0000  -1.6624   0.0000   0.0000   0.0000   0.3432
   6.000   1.1524   0.01101   0.00534  -0.1100  0.4683  1.0000  -1.8151   0.0000   0.0000   0.0000   0.3372
   6.500   1.1991   0.01174   0.00595  -0.1086  0.4271  1.0000  -1.9959   0.0000   0.0000   0.0000   0.3317
   7.000   1.2426   0.01265   0.00670  -0.1068  0.3856  1.0000  -2.2180   0.0000   0.0000   0.0000   0.3264
   7.500   1.2847   0.01360   0.00752  -0.1048  0.3437  1.0000  -2.5293   0.0000   0.0000   0.0000   0.3213
   8.000   1.3239   0.01468   0.00846  -0.1025  0.3045  1.0000  -2.8437   0.0000   0.0000   0.0000   0.3165
   8.500   1.3594   0.01589   0.00955  -0.0996  0.2656  1.0000  -3.1572   0.0000   0.0000   0.0000   0.3116
   9.000   1.3897   0.01721   0.01075  -0.0960  0.2304  1.0000  -3.4623   0.0000   0.0000   0.0000   0.3067
   9.500   1.4170   0.01876   0.01219  -0.0923  0.1963  1.0000  -3.7647   0.0000   0.0000   0.0000   0.3020
  10.000   1.4400   0.02066   0.01399  -0.0884  0.1643  1.0000  -4.0574   0.0000   0.0000   0.0000   0.2974


