xflr5 v6.61

 Calculated polar for: peg24_75_revT

 1 1 Reynolds number fixed          Mach number fixed         

 xtrf =   1.000 (top)        1.000 (bottom)
 Mach =   0.000     Re =     0.195 e 6     Ncrit =   9.000

  alpha     CL        CD       CDp       Cm    Top Xtr Bot Xtr   Cpmin    Chinge    XCp    
 ------- -------- --------- --------- -------- ------- ------- -------- --------- ---------
   0.000   0.5753   0.01537   0.00959  -0.1393  0.7805  0.7540  -0.8054   0.0000   0.0000   0.0000   0.4912
   0.500   0.6177   0.01538   0.00979  -0.1361  0.7674  0.8291  -0.8455   0.0000   0.0000   0.0000   0.4686
   1.000   0.6621   0.01471   0.00918  -0.1318  0.7586  0.9193  -0.8923   0.0000   0.0000   0.0000   0.4467
   1.500   0.7248   0.01476   0.00917  -0.1334  0.7460  1.0000  -0.9528   0.0000   0.0000   0.0000   0.4311
   2.000   0.7878   0.01449   0.00875  -0.1345  0.7344  1.0000  -1.0205   0.0000   0.0000   0.0000   0.4170
   2.500   0.8472   0.01447   0.00864  -0.1349  0.7220  1.0000  -1.0869   0.0000   0.0000   0.0000   0.4050
   3.000   0.9064   0.01421   0.00831  -0.1351  0.7077  1.0000  -1.1620   0.0000   0.0000   0.0000   0.3941
   3.500   0.9627   0.01418   0.00825  -0.1349  0.6921  1.0000  -1.2396   0.0000   0.0000   0.0000   0.3846
   4.000   1.0234   0.01385   0.00782  -0.1351  0.6768  1.0000  -1.3339   0.0000   0.0000   0.0000   0.3759
   4.500   1.0761   0.01387   0.00788  -0.1343  0.6562  1.0000  -1.4274   0.0000   0.0000   0.0000   0.3680
   5.000   1.1298   0.01384   0.00784  -0.1335  0.6331  1.0000  -1.5382   0.0000   0.0000   0.0000   0.3607
   5.500   1.1824   0.01389   0.00786  -0.1325  0.6066  1.0000  -1.6589   0.0000   0.0000   0.0000   0.3540
   6.000   1.2333   0.01408   0.00795  -0.1313  0.5747  1.0000  -1.7928   0.0000   0.0000   0.0000   0.3477
   6.500   1.2799   0.01456   0.00835  -0.1295  0.5382  1.0000  -1.9406   0.0000   0.0000   0.0000   0.3417
   7.000   1.3228   0.01527   0.00893  -0.1272  0.4974  1.0000  -2.0971   0.0000   0.0000   0.0000   0.3360
   7.500   1.3616   0.01622   0.00974  -0.1244  0.4556  1.0000  -2.2685   0.0000   0.0000   0.0000   0.3304
   8.000   1.3956   0.01740   0.01073  -0.1209  0.4146  1.0000  -2.4545   0.0000   0.0000   0.0000   0.3250
   8.500   1.4249   0.01868   0.01197  -0.1169  0.3755  1.0000  -2.6511   0.0000   0.0000   0.0000   0.3196
   9.000   1.4461   0.02025   0.01340  -0.1118  0.3391  1.0000  -2.8910   0.0000   0.0000   0.0000   0.3141
   9.500   1.4655   0.02207   0.01514  -0.1069  0.3057  1.0000  -3.1308   0.0000   0.0000   0.0000   0.3090
  10.000   1.4837   0.02413   0.01720  -0.1025  0.2735  1.0000  -3.3758   0.0000   0.0000   0.0000   0.3042


