xflr5 v6.61

 Calculated polar for: peg24_60_revT

 1 1 Reynolds number fixed          Mach number fixed         

 xtrf =   1.000 (top)        1.000 (bottom)
 Mach =   0.000     Re =     0.120 e 6     Ncrit =   9.000

  alpha     CL        CD       CDp       Cm    Top Xtr Bot Xtr   Cpmin    Chinge    XCp    
 ------- -------- --------- --------- -------- ------- ------- -------- --------- ---------
   0.000   0.4164   0.02184   0.01564  -0.1113  0.8131  0.9248  -0.6859   0.0000   0.0000   0.0000   0.5169
   0.500   0.4763   0.02243   0.01606  -0.1139  0.7954  1.0000  -0.7315   0.0000   0.0000   0.0000   0.4878
   1.000   0.5546   0.02190   0.01529  -0.1170  0.7863  1.0000  -0.7989   0.0000   0.0000   0.0000   0.4589
   1.500   0.6063   0.02249   0.01576  -0.1169  0.7686  1.0000  -0.8500   0.0000   0.0000   0.0000   0.4401
   2.000   0.6783   0.02178   0.01492  -0.1183  0.7588  1.0000  -0.9230   0.0000   0.0000   0.0000   0.4210
   2.500   0.7302   0.02208   0.01518  -0.1175  0.7403  1.0000  -0.9830   0.0000   0.0000   0.0000   0.4070
   3.000   0.8024   0.02101   0.01402  -0.1183  0.7304  1.0000  -1.0693   0.0000   0.0000   0.0000   0.3929
   3.500   0.8537   0.02105   0.01408  -0.1171  0.7099  1.0000  -1.1417   0.0000   0.0000   0.0000   0.3820
   4.000   0.9132   0.02058   0.01362  -0.1165  0.6927  1.0000  -1.2344   0.0000   0.0000   0.0000   0.3719
   4.500   0.9807   0.01953   0.01252  -0.1167  0.6768  1.0000  -1.3457   0.0000   0.0000   0.0000   0.3627
   5.000   1.0350   0.01922   0.01226  -0.1155  0.6532  1.0000  -1.4593   0.0000   0.0000   0.0000   0.3547
   5.500   1.0912   0.01878   0.01184  -0.1144  0.6274  1.0000  -1.5903   0.0000   0.0000   0.0000   0.3474
   6.000   1.1478   0.01844   0.01146  -0.1134  0.5985  1.0000  -1.7439   0.0000   0.0000   0.0000   0.3407
   6.500   1.1956   0.01861   0.01165  -0.1114  0.5620  1.0000  -1.9045   0.0000   0.0000   0.0000   0.3344
   7.000   1.2448   0.01890   0.01184  -0.1096  0.5231  1.0000  -2.0970   0.0000   0.0000   0.0000   0.3285
   7.500   1.2871   0.01965   0.01251  -0.1071  0.4800  1.0000  -2.3042   0.0000   0.0000   0.0000   0.3229
   8.000   1.3280   0.02064   0.01330  -0.1044  0.4374  1.0000  -2.5999   0.0000   0.0000   0.0000   0.3176
   8.500   1.3610   0.02189   0.01453  -0.1008  0.3943  1.0000  -2.8803   0.0000   0.0000   0.0000   0.3123
   9.000   1.3902   0.02339   0.01593  -0.0969  0.3531  1.0000  -3.1643   0.0000   0.0000   0.0000   0.3072
   9.500   1.4117   0.02508   0.01751  -0.0920  0.3143  1.0000  -3.4298   0.0000   0.0000   0.0000   0.3019
  10.000   1.4271   0.02711   0.01951  -0.0866  0.2780  1.0000  -3.6765   0.0000   0.0000   0.0000   0.2966


