xflr5 v6.61

 Calculated polar for: peg24_45_revT

 1 1 Reynolds number fixed          Mach number fixed         

 xtrf =   1.000 (top)        1.000 (bottom)
 Mach =   0.000     Re =     0.380 e 6     Ncrit =   9.000

  alpha     CL        CD       CDp       Cm    Top Xtr Bot Xtr   Cpmin    Chinge    XCp    
 ------- -------- --------- --------- -------- ------- ------- -------- --------- ---------
   0.000   0.4649   0.00839   0.00345  -0.1060  0.7429  0.7655  -0.7245   0.0000   0.0000   0.0000   0.4768
   0.500   0.5184   0.00832   0.00340  -0.1049  0.7305  0.8131  -0.7747   0.0000   0.0000   0.0000   0.4504
   1.000   0.5696   0.00824   0.00343  -0.1034  0.7168  0.8582  -0.8267   0.0000   0.0000   0.0000   0.4290
   1.500   0.6189   0.00816   0.00334  -0.1012  0.7022  0.9060  -0.8823   0.0000   0.0000   0.0000   0.4105
   2.000   0.6774   0.00796   0.00324  -0.1012  0.6853  0.9768  -0.9463   0.0000   0.0000   0.0000   0.3959
   2.500   0.7388   0.00805   0.00323  -0.1026  0.6670  1.0000  -1.0196   0.0000   0.0000   0.0000   0.3847
   3.000   0.7957   0.00820   0.00326  -0.1028  0.6464  1.0000  -1.0950   0.0000   0.0000   0.0000   0.3746
   3.500   0.8510   0.00838   0.00336  -0.1027  0.6213  1.0000  -1.1818   0.0000   0.0000   0.0000   0.3655
   4.000   0.9053   0.00863   0.00353  -0.1024  0.5926  1.0000  -1.2769   0.0000   0.0000   0.0000   0.3574
   4.500   0.9583   0.00897   0.00377  -0.1019  0.5587  1.0000  -1.3900   0.0000   0.0000   0.0000   0.3501
   5.000   1.0093   0.00946   0.00410  -0.1011  0.5214  1.0000  -1.5125   0.0000   0.0000   0.0000   0.3433
   5.500   1.0595   0.01001   0.00453  -0.1002  0.4805  1.0000  -1.6618   0.0000   0.0000   0.0000   0.3372
   6.000   1.1075   0.01072   0.00506  -0.0990  0.4388  1.0000  -1.8373   0.0000   0.0000   0.0000   0.3314
   6.500   1.1552   0.01144   0.00567  -0.0978  0.3973  1.0000  -2.0862   0.0000   0.0000   0.0000   0.3261
   7.000   1.2005   0.01230   0.00638  -0.0963  0.3547  1.0000  -2.4084   0.0000   0.0000   0.0000   0.3210
   7.500   1.2431   0.01331   0.00720  -0.0945  0.3120  1.0000  -2.7358   0.0000   0.0000   0.0000   0.3161
   8.000   1.2854   0.01430   0.00808  -0.0926  0.2712  1.0000  -3.0754   0.0000   0.0000   0.0000   0.3115
   8.500   1.3234   0.01549   0.00914  -0.0903  0.2320  1.0000  -3.4122   0.0000   0.0000   0.0000   0.3069
   9.000   1.3563   0.01685   0.01032  -0.0871  0.1928  1.0000  -3.7407   0.0000   0.0000   0.0000   0.3022
   9.500   1.3851   0.01836   0.01169  -0.0836  0.1553  1.0000  -4.0621   0.0000   0.0000   0.0000   0.2976
  10.000   1.4088   0.02024   0.01342  -0.0797  0.1217  1.0000  -4.3695   0.0000   0.0000   0.0000   0.2930


