xflr5 v6.61

 Calculated polar for: peg24_10_revT

 1 1 Reynolds number fixed          Mach number fixed         

 xtrf =   1.000 (top)        1.000 (bottom)
 Mach =   0.000     Re =     0.390 e 6     Ncrit =   9.000

  alpha     CL        CD       CDp       Cm    Top Xtr Bot Xtr   Cpmin    Chinge    XCp    
 ------- -------- --------- --------- -------- ------- ------- -------- --------- ---------
   0.000   0.2972   0.00746   0.00275  -0.0638  0.7403  0.8309  -0.6044   0.0000   0.0000   0.0000   0.4636
   0.500   0.3489   0.00747   0.00274  -0.0623  0.7227  0.8645  -0.6530   0.0000   0.0000   0.0000   0.4267
   1.000   0.3992   0.00747   0.00270  -0.0605  0.7028  0.8978  -0.7053   0.0000   0.0000   0.0000   0.3991
   1.500   0.4486   0.00743   0.00268  -0.0584  0.6813  0.9328  -0.7604   0.0000   0.0000   0.0000   0.3773
   2.000   0.5096   0.00744   0.00266  -0.0590  0.6575  0.9669  -0.8290   0.0000   0.0000   0.0000   0.3625
   2.500   0.5867   0.00752   0.00265  -0.0635  0.6293  0.9928  -0.9160   0.0000   0.0000   0.0000   0.3545
   3.000   0.6437   0.00772   0.00271  -0.0641  0.5986  1.0000  -0.9995   0.0000   0.0000   0.0000   0.3455
   3.500   0.6952   0.00798   0.00286  -0.0635  0.5661  1.0000  -1.0984   0.0000   0.0000   0.0000   0.3367
   4.000   0.7472   0.00833   0.00309  -0.0629  0.5294  1.0000  -1.2096   0.0000   0.0000   0.0000   0.3291
   4.500   0.7987   0.00878   0.00338  -0.0622  0.4914  1.0000  -1.3657   0.0000   0.0000   0.0000   0.3223
   5.000   0.8500   0.00926   0.00374  -0.0615  0.4493  1.0000  -1.6346   0.0000   0.0000   0.0000   0.3163
   5.500   0.9010   0.00980   0.00417  -0.0608  0.4097  1.0000  -1.9757   0.0000   0.0000   0.0000   0.3110
   6.000   0.9502   0.01049   0.00469  -0.0599  0.3625  1.0000  -2.3292   0.0000   0.0000   0.0000   0.3060
   6.500   0.9988   0.01125   0.00528  -0.0589  0.3151  1.0000  -2.6972   0.0000   0.0000   0.0000   0.3014
   7.000   1.0458   0.01216   0.00599  -0.0579  0.2606  1.0000  -3.0749   0.0000   0.0000   0.0000   0.2971
   7.500   1.0910   0.01324   0.00682  -0.0566  0.2040  1.0000  -3.4590   0.0000   0.0000   0.0000   0.2931
   8.000   1.1329   0.01459   0.00786  -0.0551  0.1460  1.0000  -3.8416   0.0000   0.0000   0.0000   0.2892
   8.500   1.1733   0.01602   0.00907  -0.0533  0.0997  1.0000  -4.2419   0.0000   0.0000   0.0000   0.2854
   9.000   1.2121   0.01751   0.01041  -0.0513  0.0695  1.0000  -4.6463   0.0000   0.0000   0.0000   0.2816
   9.500   1.2482   0.01908   0.01190  -0.0490  0.0484  1.0000  -5.0400   0.0000   0.0000   0.0000   0.2779
  10.000   1.2765   0.02100   0.01378  -0.0457  0.0312  1.0000  -5.3726   0.0000   0.0000   0.0000   0.2737


