xflr5 v6.61

 Calculated polar for: peg24_20_revT

 1 1 Reynolds number fixed          Mach number fixed         

 xtrf =   1.000 (top)        1.000 (bottom)
 Mach =   0.000     Re =     0.415 e 6     Ncrit =   9.000

  alpha     CL        CD       CDp       Cm    Top Xtr Bot Xtr   Cpmin    Chinge    XCp    
 ------- -------- --------- --------- -------- ------- ------- -------- --------- ---------
   0.000   0.3464   0.00742   0.00271  -0.0761  0.7366  0.8087  -0.6388   0.0000   0.0000   0.0000   0.4686
   0.500   0.3994   0.00742   0.00272  -0.0750  0.7207  0.8451  -0.6889   0.0000   0.0000   0.0000   0.4360
   1.000   0.4507   0.00741   0.00268  -0.0734  0.7028  0.8799  -0.7418   0.0000   0.0000   0.0000   0.4105
   1.500   0.4999   0.00734   0.00268  -0.0714  0.6832  0.9171  -0.7961   0.0000   0.0000   0.0000   0.3899
   2.000   0.5555   0.00732   0.00265  -0.0708  0.6620  0.9593  -0.8606   0.0000   0.0000   0.0000   0.3740
   2.500   0.6315   0.00736   0.00262  -0.0750  0.6365  0.9999  -0.9457   0.0000   0.0000   0.0000   0.3650
   3.000   0.6847   0.00756   0.00270  -0.0747  0.6080  1.0000  -1.0250   0.0000   0.0000   0.0000   0.3549
   3.500   0.7383   0.00785   0.00284  -0.0744  0.5763  1.0000  -1.1151   0.0000   0.0000   0.0000   0.3461
   4.000   0.7914   0.00820   0.00306  -0.0740  0.5413  1.0000  -1.2271   0.0000   0.0000   0.0000   0.3383
   4.500   0.8439   0.00861   0.00335  -0.0735  0.5038  1.0000  -1.3554   0.0000   0.0000   0.0000   0.3314
   5.000   0.8951   0.00912   0.00371  -0.0728  0.4620  1.0000  -1.5266   0.0000   0.0000   0.0000   0.3251
   5.500   0.9460   0.00968   0.00415  -0.0721  0.4215  1.0000  -1.8303   0.0000   0.0000   0.0000   0.3194
   6.000   0.9960   0.01032   0.00465  -0.0713  0.3781  1.0000  -2.1723   0.0000   0.0000   0.0000   0.3143
   6.500   1.0445   0.01108   0.00524  -0.0703  0.3326  1.0000  -2.5265   0.0000   0.0000   0.0000   0.3094
   7.000   1.0916   0.01195   0.00594  -0.0692  0.2856  1.0000  -2.8913   0.0000   0.0000   0.0000   0.3049
   7.500   1.1368   0.01297   0.00673  -0.0679  0.2328  1.0000  -3.2638   0.0000   0.0000   0.0000   0.3006
   8.000   1.1797   0.01415   0.00767  -0.0664  0.1813  1.0000  -3.6407   0.0000   0.0000   0.0000   0.2965
   8.500   1.2189   0.01559   0.00883  -0.0644  0.1300  1.0000  -4.0132   0.0000   0.0000   0.0000   0.2924
   9.000   1.2563   0.01708   0.01012  -0.0622  0.0925  1.0000  -4.3994   0.0000   0.0000   0.0000   0.2884
   9.500   1.2921   0.01855   0.01150  -0.0598  0.0678  1.0000  -4.7918   0.0000   0.0000   0.0000   0.2845
  10.000   1.3214   0.02020   0.01310  -0.0565  0.0499  1.0000  -5.1580   0.0000   0.0000   0.0000   0.2802


