xflr5 v6.61

 Calculated polar for: peg24_60_revT

 1 1 Reynolds number fixed          Mach number fixed         

 xtrf =   1.000 (top)        1.000 (bottom)
 Mach =   0.000     Re =     0.355 e 6     Ncrit =   9.000

  alpha     CL        CD       CDp       Cm    Top Xtr Bot Xtr   Cpmin    Chinge    XCp    
 ------- -------- --------- --------- -------- ------- ------- -------- --------- ---------
   0.000   0.5345   0.00922   0.00411  -0.1235  0.7459  0.7258  -0.7775   0.0000   0.0000   0.0000   0.4799
   0.500   0.5886   0.00910   0.00407  -0.1226  0.7352  0.7850  -0.8259   0.0000   0.0000   0.0000   0.4564
   1.000   0.6406   0.00904   0.00409  -0.1212  0.7236  0.8377  -0.8790   0.0000   0.0000   0.0000   0.4367
   1.500   0.6891   0.00885   0.00401  -0.1190  0.7105  0.8929  -0.9337   0.0000   0.0000   0.0000   0.4195
   2.000   0.7469   0.00865   0.00383  -0.1187  0.6967  1.0000  -0.9969   0.0000   0.0000   0.0000   0.4053
   2.500   0.8057   0.00869   0.00378  -0.1194  0.6807  1.0000  -1.0659   0.0000   0.0000   0.0000   0.3940
   3.000   0.8628   0.00880   0.00384  -0.1197  0.6628  1.0000  -1.1417   0.0000   0.0000   0.0000   0.3839
   3.500   0.9191   0.00894   0.00390  -0.1197  0.6433  1.0000  -1.2243   0.0000   0.0000   0.0000   0.3749
   4.000   0.9739   0.00912   0.00400  -0.1195  0.6189  1.0000  -1.3160   0.0000   0.0000   0.0000   0.3667
   4.500   1.0274   0.00939   0.00420  -0.1190  0.5909  1.0000  -1.4208   0.0000   0.0000   0.0000   0.3593
   5.000   1.0790   0.00977   0.00447  -0.1182  0.5561  1.0000  -1.5376   0.0000   0.0000   0.0000   0.3524
   6.000   1.1763   0.01095   0.00537  -0.1158  0.4772  1.0000  -1.8149   0.0000   0.0000   0.0000   0.3401
   6.500   1.2216   0.01175   0.00599  -0.1142  0.4361  1.0000  -1.9804   0.0000   0.0000   0.0000   0.3344
   7.000   1.2653   0.01262   0.00673  -0.1124  0.3941  1.0000  -2.1750   0.0000   0.0000   0.0000   0.3291
   7.500   1.3065   0.01360   0.00757  -0.1103  0.3533  1.0000  -2.4354   0.0000   0.0000   0.0000   0.3240
   8.000   1.3441   0.01473   0.00853  -0.1076  0.3137  1.0000  -2.7379   0.0000   0.0000   0.0000   0.3189
   8.500   1.3791   0.01587   0.00959  -0.1046  0.2773  1.0000  -3.0431   0.0000   0.0000   0.0000   0.3140
   9.000   1.4081   0.01724   0.01084  -0.1008  0.2417  1.0000  -3.3374   0.0000   0.0000   0.0000   0.3090
   9.500   1.4339   0.01886   0.01234  -0.0970  0.2090  1.0000  -3.6283   0.0000   0.0000   0.0000   0.3042
  10.000   1.4589   0.02065   0.01407  -0.0934  0.1778  1.0000  -3.9237   0.0000   0.0000   0.0000   0.2998


