xflr5 v6.61

 Calculated polar for: peg24_15_revT

 1 1 Reynolds number fixed          Mach number fixed         

 xtrf =   1.000 (top)        1.000 (bottom)
 Mach =   0.000     Re =     0.300 e 6     Ncrit =   9.000

  alpha     CL        CD       CDp       Cm    Top Xtr Bot Xtr   Cpmin    Chinge    XCp    
 ------- -------- --------- --------- -------- ------- ------- -------- --------- ---------
   0.000   0.3136   0.00862   0.00366  -0.0683  0.7610  0.8569  -0.6158   0.0000   0.0000   0.0000   0.4667
   0.500   0.3620   0.00859   0.00364  -0.0659  0.7441  0.8949  -0.6627   0.0000   0.0000   0.0000   0.4302
   1.000   0.4118   0.00853   0.00351  -0.0636  0.7268  0.9326  -0.7145   0.0000   0.0000   0.0000   0.4022
   1.500   0.4763   0.00843   0.00338  -0.0648  0.7062  0.9702  -0.7786   0.0000   0.0000   0.0000   0.3832
   2.000   0.5599   0.00839   0.00327  -0.0706  0.6832  0.9964  -0.8628   0.0000   0.0000   0.0000   0.3728
   2.500   0.6117   0.00848   0.00327  -0.0702  0.6584  1.0000  -0.9311   0.0000   0.0000   0.0000   0.3611
   3.000   0.6632   0.00865   0.00333  -0.0695  0.6310  1.0000  -1.0095   0.0000   0.0000   0.0000   0.3506
   3.500   0.7157   0.00889   0.00343  -0.0689  0.6004  1.0000  -1.1032   0.0000   0.0000   0.0000   0.3416
   4.000   0.7682   0.00920   0.00364  -0.0682  0.5669  1.0000  -1.2147   0.0000   0.0000   0.0000   0.3338
   4.500   0.8199   0.00958   0.00392  -0.0675  0.5293  1.0000  -1.3530   0.0000   0.0000   0.0000   0.3268
   5.000   0.8706   0.01008   0.00428  -0.0666  0.4894  1.0000  -1.5480   0.0000   0.0000   0.0000   0.3204
   5.500   0.9206   0.01065   0.00472  -0.0657  0.4471  1.0000  -1.8764   0.0000   0.0000   0.0000   0.3147
   6.000   0.9701   0.01127   0.00526  -0.0647  0.4050  1.0000  -2.2205   0.0000   0.0000   0.0000   0.3096
   6.500   1.0176   0.01204   0.00587  -0.0636  0.3583  1.0000  -2.5748   0.0000   0.0000   0.0000   0.3047
   7.000   1.0638   0.01292   0.00661  -0.0623  0.3113  1.0000  -2.9395   0.0000   0.0000   0.0000   0.3002
   7.500   1.1085   0.01393   0.00744  -0.0609  0.2613  1.0000  -3.3123   0.0000   0.0000   0.0000   0.2960
   8.000   1.1507   0.01513   0.00843  -0.0592  0.2059  1.0000  -3.6873   0.0000   0.0000   0.0000   0.2919
   8.500   1.1878   0.01671   0.00971  -0.0571  0.1481  1.0000  -4.0514   0.0000   0.0000   0.0000   0.2878
   9.000   1.2231   0.01837   0.01115  -0.0547  0.1020  1.0000  -4.4183   0.0000   0.0000   0.0000   0.2838
   9.500   1.2546   0.02018   0.01283  -0.0518  0.0728  1.0000  -4.7842   0.0000   0.0000   0.0000   0.2797
  10.000   1.2802   0.02211   0.01471  -0.0482  0.0538  1.0000  -5.1214   0.0000   0.0000   0.0000   0.2753


