xflr5 v6.61

 Calculated polar for: peg24_90_revT

 1 1 Reynolds number fixed          Mach number fixed         

 xtrf =   1.000 (top)        1.000 (bottom)
 Mach =   0.000     Re =     0.360 e 6     Ncrit =   9.000

  alpha     CL        CD       CDp       Cm    Top Xtr Bot Xtr   Cpmin    Chinge    XCp    
 ------- -------- --------- --------- -------- ------- ------- -------- --------- ---------
   0.000   0.6738   0.01050   0.00498  -0.1578  0.7415  0.5836  -0.8866   0.0000   0.0000   0.0000   0.4829
   0.500   0.7311   0.01025   0.00490  -0.1577  0.7331  0.6656  -0.9370   0.0000   0.0000   0.0000   0.4636
   1.000   0.7859   0.01024   0.00505  -0.1571  0.7243  0.7404  -0.9879   0.0000   0.0000   0.0000   0.4472
   1.500   0.8385   0.01005   0.00503  -0.1560  0.7134  0.8070  -1.0445   0.0000   0.0000   0.0000   0.4326
   2.500   0.9410   0.00963   0.00480  -0.1530  0.6910  1.0000  -1.1675   0.0000   0.0000   0.0000   0.4079
   3.000   1.0004   0.00963   0.00468  -0.1536  0.6782  1.0000  -1.2399   0.0000   0.0000   0.0000   0.3982
   3.500   1.0563   0.00974   0.00479  -0.1537  0.6630  1.0000  -1.3191   0.0000   0.0000   0.0000   0.3895
   4.000   1.1129   0.00985   0.00480  -0.1537  0.6472  1.0000  -1.4048   0.0000   0.0000   0.0000   0.3815
   4.500   1.1667   0.00999   0.00490  -0.1533  0.6259  1.0000  -1.5009   0.0000   0.0000   0.0000   0.3741
   5.000   1.2192   0.01024   0.00511  -0.1527  0.6018  1.0000  -1.6041   0.0000   0.0000   0.0000   0.3673
   5.500   1.2690   0.01062   0.00538  -0.1515  0.5714  1.0000  -1.7191   0.0000   0.0000   0.0000   0.3608
   6.000   1.3165   0.01114   0.00582  -0.1501  0.5369  1.0000  -1.8402   0.0000   0.0000   0.0000   0.3547
   6.500   1.3597   0.01189   0.00641  -0.1480  0.4972  1.0000  -1.9734   0.0000   0.0000   0.0000   0.3488
   7.000   1.3995   0.01278   0.00715  -0.1454  0.4562  1.0000  -2.1163   0.0000   0.0000   0.0000   0.3431
   7.500   1.4342   0.01387   0.00806  -0.1420  0.4160  1.0000  -2.2604   0.0000   0.0000   0.0000   0.3375
   8.000   1.4633   0.01505   0.00911  -0.1378  0.3781  1.0000  -2.4055   0.0000   0.0000   0.0000   0.3318
   8.500   1.4880   0.01648   0.01043  -0.1332  0.3422  1.0000  -2.5631   0.0000   0.0000   0.0000   0.3264
   9.000   1.5092   0.01825   0.01205  -0.1285  0.3091  1.0000  -2.7330   0.0000   0.0000   0.0000   0.3212
   9.500   1.5323   0.02009   0.01383  -0.1246  0.2797  1.0000  -2.9304   0.0000   0.0000   0.0000   0.3165
  10.000   1.5541   0.02216   0.01586  -0.1208  0.2515  1.0000  -3.1375   0.0000   0.0000   0.0000   0.3121


