xflr5 v6.61

 Calculated polar for: peg24_05_revT

 1 1 Reynolds number fixed          Mach number fixed         

 xtrf =   1.000 (top)        1.000 (bottom)
 Mach =   0.000     Re =     0.145 e 6     Ncrit =   9.000

  alpha     CL        CD       CDp       Cm    Top Xtr Bot Xtr   Cpmin    Chinge    XCp    
 ------- -------- --------- --------- -------- ------- ------- -------- --------- ---------
   0.000   0.3167   0.01363   0.00767  -0.0668  0.8301  0.9629  -0.6051   0.0000   0.0000   0.0000   0.4600
   0.500   0.4243   0.01321   0.00709  -0.0764  0.8126  0.9860  -0.6893   0.0000   0.0000   0.0000   0.4286
   1.000   0.4996   0.01288   0.00668  -0.0808  0.7889  1.0000  -0.7596   0.0000   0.0000   0.0000   0.4096
   1.500   0.5320   0.01279   0.00651  -0.0766  0.7638  1.0000  -0.8073   0.0000   0.0000   0.0000   0.3915
   2.000   0.5651   0.01273   0.00638  -0.0724  0.7383  1.0000  -0.8593   0.0000   0.0000   0.0000   0.3751
   2.500   0.6005   0.01274   0.00631  -0.0683  0.7124  1.0000  -0.9199   0.0000   0.0000   0.0000   0.3603
   3.000   0.6403   0.01280   0.00629  -0.0649  0.6852  1.0000  -0.9920   0.0000   0.0000   0.0000   0.3475
   3.500   0.6841   0.01290   0.00630  -0.0621  0.6561  1.0000  -1.0882   0.0000   0.0000   0.0000   0.3365
   4.000   0.7312   0.01305   0.00633  -0.0599  0.6252  1.0000  -1.2023   0.0000   0.0000   0.0000   0.3272
   4.500   0.7771   0.01333   0.00658  -0.0577  0.5899  1.0000  -1.3589   0.0000   0.0000   0.0000   0.3190
   5.000   0.8240   0.01367   0.00683  -0.0555  0.5522  1.0000  -1.6165   0.0000   0.0000   0.0000   0.3117
   5.500   0.8697   0.01415   0.00724  -0.0534  0.5113  1.0000  -1.9368   0.0000   0.0000   0.0000   0.3051
   6.000   0.9146   0.01475   0.00768  -0.0511  0.4686  1.0000  -2.2707   0.0000   0.0000   0.0000   0.2991
   6.500   0.9567   0.01540   0.00834  -0.0485  0.4233  1.0000  -2.6079   0.0000   0.0000   0.0000   0.2934
   7.000   0.9964   0.01618   0.00904  -0.0457  0.3748  1.0000  -2.9501   0.0000   0.0000   0.0000   0.2879
   7.500   1.0332   0.01711   0.00991  -0.0425  0.3245  1.0000  -3.2916   0.0000   0.0000   0.0000   0.2826
   8.000   1.0653   0.01828   0.01094  -0.0388  0.2707  1.0000  -3.6226   0.0000   0.0000   0.0000   0.2772
   8.500   1.0906   0.01982   0.01228  -0.0343  0.2124  1.0000  -3.9278   0.0000   0.0000   0.0000   0.2716
   9.000   1.1074   0.02186   0.01407  -0.0288  0.1553  1.0000  -4.1912   0.0000   0.0000   0.0000   0.2655
   9.500   1.1156   0.02417   0.01616  -0.0223  0.1149  1.0000  -4.4112   0.0000   0.0000   0.0000   0.2589
  10.000   1.1240   0.02674   0.01861  -0.0167  0.0873  1.0000  -4.6224   0.0000   0.0000   0.0000   0.2530


