xflr5 v6.61

 Calculated polar for: peg24_75_revT

 1 1 Reynolds number fixed          Mach number fixed         

 xtrf =   1.000 (top)        1.000 (bottom)
 Mach =   0.000     Re =     0.140 e 6     Ncrit =   9.000

  alpha     CL        CD       CDp       Cm    Top Xtr Bot Xtr   Cpmin    Chinge    XCp    
 ------- -------- --------- --------- -------- ------- ------- -------- --------- ---------
   0.000   0.5122   0.02184   0.01572  -0.1343  0.7923  0.7997  -0.7547   0.0000   0.0000   0.0000   0.5117
   0.500   0.5573   0.02096   0.01496  -0.1292  0.7852  0.9057  -0.7986   0.0000   0.0000   0.0000   0.4805
   1.000   0.6106   0.02152   0.01543  -0.1300  0.7685  1.0000  -0.8445   0.0000   0.0000   0.0000   0.4608
   1.500   0.6839   0.02089   0.01459  -0.1322  0.7602  1.0000  -0.9134   0.0000   0.0000   0.0000   0.4405
   2.000   0.7398   0.02118   0.01478  -0.1324  0.7464  1.0000  -0.9732   0.0000   0.0000   0.0000   0.4254
   2.500   0.8049   0.02059   0.01409  -0.1329  0.7346  1.0000  -1.0435   0.0000   0.0000   0.0000   0.4110
   3.000   0.8657   0.02030   0.01374  -0.1330  0.7222  1.0000  -1.1172   0.0000   0.0000   0.0000   0.3989
   3.500   0.9269   0.01972   0.01312  -0.1329  0.7076  1.0000  -1.1992   0.0000   0.0000   0.0000   0.3880
   4.000   0.9829   0.01949   0.01290  -0.1323  0.6908  1.0000  -1.2839   0.0000   0.0000   0.0000   0.3786
   4.500   1.0508   0.01848   0.01182  -0.1328  0.6772  1.0000  -1.3924   0.0000   0.0000   0.0000   0.3698
   5.000   1.1029   0.01832   0.01172  -0.1316  0.6555  1.0000  -1.4973   0.0000   0.0000   0.0000   0.3620
   5.500   1.1581   0.01796   0.01138  -0.1306  0.6321  1.0000  -1.6181   0.0000   0.0000   0.0000   0.3548
   6.000   1.2124   0.01769   0.01111  -0.1295  0.6053  1.0000  -1.7535   0.0000   0.0000   0.0000   0.3482
   6.500   1.2659   0.01755   0.01088  -0.1283  0.5738  1.0000  -1.9089   0.0000   0.0000   0.0000   0.3420
   7.000   1.3112   0.01796   0.01127  -0.1261  0.5363  1.0000  -2.0662   0.0000   0.0000   0.0000   0.3361
   7.500   1.3548   0.01859   0.01172  -0.1237  0.4956  1.0000  -2.2427   0.0000   0.0000   0.0000   0.3304
   8.000   1.3911   0.01961   0.01266  -0.1204  0.4534  1.0000  -2.4306   0.0000   0.0000   0.0000   0.3250
   8.500   1.4247   0.02088   0.01371  -0.1168  0.4129  1.0000  -2.6358   0.0000   0.0000   0.0000   0.3196
   9.000   1.4487   0.02232   0.01516  -0.1120  0.3737  1.0000  -2.8740   0.0000   0.0000   0.0000   0.3142
   9.500   1.4674   0.02408   0.01676  -0.1067  0.3378  1.0000  -3.1108   0.0000   0.0000   0.0000   0.3088
  10.000   1.4830   0.02613   0.01878  -0.1015  0.3042  1.0000  -3.3415   0.0000   0.0000   0.0000   0.3037


