xflr5 v6.61

 Calculated polar for: peg24_65_revT

 1 1 Reynolds number fixed          Mach number fixed         

 xtrf =   1.000 (top)        1.000 (bottom)
 Mach =   0.000     Re =     0.300 e 6     Ncrit =   9.000

  alpha     CL        CD       CDp       Cm    Top Xtr Bot Xtr   Cpmin    Chinge    XCp    
 ------- -------- --------- --------- -------- ------- ------- -------- --------- ---------
   0.000   0.5544   0.01045   0.00510  -0.1292  0.7562  0.7330  -0.7922   0.0000   0.0000   0.0000   0.4818
   0.500   0.6061   0.01038   0.00518  -0.1279  0.7449  0.7950  -0.8385   0.0000   0.0000   0.0000   0.4591
   1.000   0.6567   0.01015   0.00504  -0.1259  0.7340  0.8527  -0.8906   0.0000   0.0000   0.0000   0.4392
   1.500   0.7016   0.00996   0.00496  -0.1228  0.7221  0.9217  -0.9424   0.0000   0.0000   0.0000   0.4219
   2.000   0.7659   0.00976   0.00471  -0.1243  0.7085  1.0000  -1.0101   0.0000   0.0000   0.0000   0.4085
   2.500   0.8246   0.00983   0.00468  -0.1249  0.6938  1.0000  -1.0780   0.0000   0.0000   0.0000   0.3971
   3.000   0.8827   0.00984   0.00458  -0.1252  0.6779  1.0000  -1.1544   0.0000   0.0000   0.0000   0.3869
   3.500   0.9382   0.00993   0.00468  -0.1251  0.6591  1.0000  -1.2335   0.0000   0.0000   0.0000   0.3779
   4.000   0.9935   0.01005   0.00475  -0.1248  0.6378  1.0000  -1.3261   0.0000   0.0000   0.0000   0.3696
   4.500   1.0474   0.01024   0.00487  -0.1244  0.6123  1.0000  -1.4274   0.0000   0.0000   0.0000   0.3621
   5.000   1.0997   0.01052   0.00508  -0.1236  0.5825  1.0000  -1.5419   0.0000   0.0000   0.0000   0.3552
   5.500   1.1494   0.01098   0.00537  -0.1225  0.5469  1.0000  -1.6669   0.0000   0.0000   0.0000   0.3487
   6.000   1.1975   0.01155   0.00585  -0.1212  0.5088  1.0000  -1.8103   0.0000   0.0000   0.0000   0.3426
   7.000   1.2850   0.01319   0.00720  -0.1173  0.4245  1.0000  -2.1444   0.0000   0.0000   0.0000   0.3314
   7.500   1.3240   0.01424   0.00808  -0.1148  0.3837  1.0000  -2.3411   0.0000   0.0000   0.0000   0.3261
   8.000   1.3606   0.01535   0.00906  -0.1119  0.3432  1.0000  -2.6119   0.0000   0.0000   0.0000   0.3209
   8.500   1.3911   0.01663   0.01023  -0.1082  0.3069  1.0000  -2.8941   0.0000   0.0000   0.0000   0.3157
   9.000   1.4195   0.01800   0.01152  -0.1043  0.2719  1.0000  -3.1783   0.0000   0.0000   0.0000   0.3107
   9.500   1.4424   0.01975   0.01315  -0.1001  0.2384  1.0000  -3.4511   0.0000   0.0000   0.0000   0.3058
  10.000   1.4648   0.02171   0.01505  -0.0963  0.2073  1.0000  -3.7283   0.0000   0.0000   0.0000   0.3013


