xflr5 v6.61

 Calculated polar for: peg24_25_revT

 1 1 Reynolds number fixed          Mach number fixed         

 xtrf =   1.000 (top)        1.000 (bottom)
 Mach =   0.000     Re =     0.370 e 6     Ncrit =   9.000

  alpha     CL        CD       CDp       Cm    Top Xtr Bot Xtr   Cpmin    Chinge    XCp    
 ------- -------- --------- --------- -------- ------- ------- -------- --------- ---------
   0.000   0.3681   0.00797   0.00315  -0.0818  0.7453  0.8142  -0.6538   0.0000   0.0000   0.0000   0.4710
   0.500   0.4204   0.00794   0.00309  -0.0804  0.7300  0.8526  -0.7041   0.0000   0.0000   0.0000   0.4394
   1.000   0.4698   0.00786   0.00309  -0.0783  0.7134  0.8910  -0.7555   0.0000   0.0000   0.0000   0.4144
   1.500   0.5191   0.00780   0.00302  -0.0762  0.6956  0.9325  -0.8093   0.0000   0.0000   0.0000   0.3939
   2.000   0.5857   0.00777   0.00291  -0.0780  0.6752  0.9779  -0.8811   0.0000   0.0000   0.0000   0.3798
   2.500   0.6512   0.00782   0.00290  -0.0803  0.6517  1.0000  -0.9578   0.0000   0.0000   0.0000   0.3695
   3.000   0.7058   0.00800   0.00297  -0.0802  0.6255  1.0000  -1.0375   0.0000   0.0000   0.0000   0.3593
   3.500   0.7600   0.00824   0.00310  -0.0799  0.5958  1.0000  -1.1250   0.0000   0.0000   0.0000   0.3504
   4.000   0.8135   0.00854   0.00332  -0.0796  0.5627  1.0000  -1.2351   0.0000   0.0000   0.0000   0.3425
   4.500   0.8656   0.00895   0.00359  -0.0789  0.5251  1.0000  -1.3544   0.0000   0.0000   0.0000   0.3354
   5.000   0.9171   0.00944   0.00395  -0.0782  0.4857  1.0000  -1.5128   0.0000   0.0000   0.0000   0.3290
   5.500   0.9670   0.01005   0.00439  -0.0773  0.4433  1.0000  -1.7467   0.0000   0.0000   0.0000   0.3231
   6.000   1.0171   0.01065   0.00490  -0.0765  0.4025  1.0000  -2.0807   0.0000   0.0000   0.0000   0.3178
   6.500   1.0650   0.01142   0.00551  -0.0754  0.3573  1.0000  -2.4241   0.0000   0.0000   0.0000   0.3128
   7.000   1.1112   0.01230   0.00622  -0.0741  0.3116  1.0000  -2.7777   0.0000   0.0000   0.0000   0.3081
   7.500   1.1565   0.01326   0.00702  -0.0728  0.2654  1.0000  -3.1421   0.0000   0.0000   0.0000   0.3037
   8.500   1.2382   0.01574   0.00907  -0.0691  0.1654  1.0000  -3.8756   0.0000   0.0000   0.0000   0.2953
   9.000   1.2740   0.01728   0.01036  -0.0667  0.1198  1.0000  -4.2366   0.0000   0.0000   0.0000   0.2911
   9.500   1.3055   0.01891   0.01183  -0.0637  0.0875  1.0000  -4.5977   0.0000   0.0000   0.0000   0.2868
  10.000   1.3331   0.02063   0.01349  -0.0602  0.0660  1.0000  -4.9520   0.0000   0.0000   0.0000   0.2825


