xflr5 v6.61

 Calculated polar for: peg24_75_revT

 1 1 Reynolds number fixed          Mach number fixed         

 xtrf =   1.000 (top)        1.000 (bottom)
 Mach =   0.000     Re =     0.370 e 6     Ncrit =   9.000

  alpha     CL        CD       CDp       Cm    Top Xtr Bot Xtr   Cpmin    Chinge    XCp    
 ------- -------- --------- --------- -------- ------- ------- -------- --------- ---------
   0.000   0.6060   0.00961   0.00432  -0.1410  0.7418  0.6520  -0.8328   0.0000   0.0000   0.0000   0.4814
   0.500   0.6617   0.00944   0.00428  -0.1405  0.7325  0.7287  -0.8819   0.0000   0.0000   0.0000   0.4603
   1.000   0.7153   0.00941   0.00439  -0.1396  0.7222  0.7911  -0.9346   0.0000   0.0000   0.0000   0.4425
   1.500   0.7671   0.00923   0.00432  -0.1382  0.7105  0.8489  -0.9911   0.0000   0.0000   0.0000   0.4269
   2.000   0.8135   0.00904   0.00423  -0.1354  0.6989  0.9234  -1.0482   0.0000   0.0000   0.0000   0.4126
   2.500   0.8742   0.00892   0.00411  -0.1363  0.6845  1.0000  -1.1165   0.0000   0.0000   0.0000   0.4015
   3.000   0.9323   0.00902   0.00412  -0.1368  0.6697  1.0000  -1.1918   0.0000   0.0000   0.0000   0.3917
   3.500   0.9889   0.00912   0.00414  -0.1369  0.6525  1.0000  -1.2703   0.0000   0.0000   0.0000   0.3828
   4.000   1.0439   0.00927   0.00427  -0.1367  0.6314  1.0000  -1.3618   0.0000   0.0000   0.0000   0.3747
   4.500   1.0978   0.00949   0.00442  -0.1363  0.6068  1.0000  -1.4584   0.0000   0.0000   0.0000   0.3673
   5.000   1.1499   0.00982   0.00465  -0.1356  0.5776  1.0000  -1.5702   0.0000   0.0000   0.0000   0.3604
   5.500   1.1993   0.01031   0.00500  -0.1345  0.5424  1.0000  -1.6895   0.0000   0.0000   0.0000   0.3539
   6.000   1.2469   0.01090   0.00549  -0.1331  0.5041  1.0000  -1.8229   0.0000   0.0000   0.0000   0.3479
   6.500   1.2907   0.01172   0.00611  -0.1312  0.4620  1.0000  -1.9677   0.0000   0.0000   0.0000   0.3421
   7.000   1.3327   0.01260   0.00686  -0.1290  0.4207  1.0000  -2.1251   0.0000   0.0000   0.0000   0.3365
   7.500   1.3711   0.01363   0.00772  -0.1264  0.3807  1.0000  -2.3006   0.0000   0.0000   0.0000   0.3312
   8.000   1.4056   0.01477   0.00872  -0.1231  0.3415  1.0000  -2.4915   0.0000   0.0000   0.0000   0.3259
   8.500   1.4340   0.01606   0.00989  -0.1190  0.3070  1.0000  -2.7082   0.0000   0.0000   0.0000   0.3205
   9.000   1.4624   0.01744   0.01120  -0.1152  0.2745  1.0000  -2.9740   0.0000   0.0000   0.0000   0.3155
   9.500   1.4869   0.01915   0.01281  -0.1113  0.2432  1.0000  -3.2418   0.0000   0.0000   0.0000   0.3108
  10.000   1.5080   0.02120   0.01477  -0.1074  0.2133  1.0000  -3.5056   0.0000   0.0000   0.0000   0.3063


