xflr5 v6.61

 Calculated polar for: peg24_55_revT

 1 1 Reynolds number fixed          Mach number fixed         

 xtrf =   1.000 (top)        1.000 (bottom)
 Mach =   0.000     Re =     0.400 e 6     Ncrit =   9.000

  alpha     CL        CD       CDp       Cm    Top Xtr Bot Xtr   Cpmin    Chinge    XCp    
 ------- -------- --------- --------- -------- ------- ------- -------- --------- ---------
   0.000   0.5135   0.00844   0.00346  -0.1179  0.7390  0.7257  -0.7618   0.0000   0.0000   0.0000   0.4783
   0.500   0.5683   0.00843   0.00348  -0.1171  0.7277  0.7819  -0.8109   0.0000   0.0000   0.0000   0.4542
   1.000   0.6207   0.00831   0.00349  -0.1160  0.7152  0.8309  -0.8643   0.0000   0.0000   0.0000   0.4343
   1.500   0.6719   0.00825   0.00343  -0.1143  0.7018  0.8798  -0.9212   0.0000   0.0000   0.0000   0.4170
   2.000   0.7203   0.00802   0.00336  -0.1121  0.6867  0.9484  -0.9777   0.0000   0.0000   0.0000   0.4020
   2.500   0.7847   0.00805   0.00330  -0.1139  0.6702  1.0000  -1.0521   0.0000   0.0000   0.0000   0.3909
   3.000   0.8419   0.00818   0.00333  -0.1142  0.6510  1.0000  -1.1276   0.0000   0.0000   0.0000   0.3809
   3.500   0.8978   0.00834   0.00343  -0.1142  0.6282  1.0000  -1.2122   0.0000   0.0000   0.0000   0.3719
   4.000   0.9523   0.00858   0.00358  -0.1139  0.6014  1.0000  -1.3029   0.0000   0.0000   0.0000   0.3638
   4.500   1.0053   0.00893   0.00381  -0.1134  0.5707  1.0000  -1.4109   0.0000   0.0000   0.0000   0.3564
   5.000   1.0570   0.00934   0.00413  -0.1127  0.5341  1.0000  -1.5306   0.0000   0.0000   0.0000   0.3496
   5.500   1.1063   0.00994   0.00455  -0.1117  0.4950  1.0000  -1.6651   0.0000   0.0000   0.0000   0.3433
   6.000   1.1547   0.01059   0.00507  -0.1105  0.4528  1.0000  -1.8201   0.0000   0.0000   0.0000   0.3375
   6.500   1.2007   0.01139   0.00570  -0.1091  0.4114  1.0000  -2.0005   0.0000   0.0000   0.0000   0.3319
   7.000   1.2455   0.01224   0.00641  -0.1075  0.3695  1.0000  -2.2338   0.0000   0.0000   0.0000   0.3267
   7.500   1.2881   0.01319   0.00722  -0.1056  0.3291  1.0000  -2.5477   0.0000   0.0000   0.0000   0.3217
   8.000   1.3277   0.01427   0.00814  -0.1033  0.2894  1.0000  -2.8649   0.0000   0.0000   0.0000   0.3168
   8.500   1.3651   0.01540   0.00916  -0.1007  0.2521  1.0000  -3.1864   0.0000   0.0000   0.0000   0.3121
   9.000   1.3955   0.01673   0.01035  -0.0971  0.2165  1.0000  -3.4936   0.0000   0.0000   0.0000   0.3072
   9.500   1.4241   0.01821   0.01172  -0.0935  0.1839  1.0000  -3.8026   0.0000   0.0000   0.0000   0.3025
  10.000   1.4483   0.02003   0.01342  -0.0898  0.1512  1.0000  -4.1023   0.0000   0.0000   0.0000   0.2980


