xflr5 v6.61

 Calculated polar for: peg24_70_revT

 1 1 Reynolds number fixed          Mach number fixed         

 xtrf =   1.000 (top)        1.000 (bottom)
 Mach =   0.000     Re =     0.170 e 6     Ncrit =   9.000

  alpha     CL        CD       CDp       Cm    Top Xtr Bot Xtr   Cpmin    Chinge    XCp    
 ------- -------- --------- --------- -------- ------- ------- -------- --------- ---------
   0.000   0.5353   0.01690   0.01106  -0.1320  0.7880  0.7982  -0.7741   0.0000   0.0000   0.0000   0.4959
   0.500   0.5747   0.01680   0.01108  -0.1274  0.7777  0.8788  -0.8127   0.0000   0.0000   0.0000   0.4700
   1.000   0.6307   0.01640   0.01069  -0.1267  0.7643  1.0000  -0.8654   0.0000   0.0000   0.0000   0.4486
   1.500   0.7009   0.01600   0.01006  -0.1288  0.7564  1.0000  -0.9326   0.0000   0.0000   0.0000   0.4308
   2.000   0.7543   0.01626   0.01028  -0.1288  0.7400  1.0000  -0.9916   0.0000   0.0000   0.0000   0.4171
   2.500   0.8207   0.01573   0.00958  -0.1297  0.7301  1.0000  -1.0648   0.0000   0.0000   0.0000   0.4039
   3.000   0.8732   0.01584   0.00971  -0.1291  0.7126  1.0000  -1.1338   0.0000   0.0000   0.0000   0.3930
   3.500   0.9367   0.01539   0.00914  -0.1295  0.6998  1.0000  -1.2181   0.0000   0.0000   0.0000   0.3829
   4.000   0.9913   0.01524   0.00900  -0.1289  0.6808  1.0000  -1.3073   0.0000   0.0000   0.0000   0.3740
   4.500   1.0458   0.01517   0.00894  -0.1282  0.6607  1.0000  -1.4030   0.0000   0.0000   0.0000   0.3659
   5.000   1.1011   0.01499   0.00875  -0.1275  0.6381  1.0000  -1.5170   0.0000   0.0000   0.0000   0.3585
   5.500   1.1544   0.01495   0.00869  -0.1265  0.6115  1.0000  -1.6405   0.0000   0.0000   0.0000   0.3517
   6.000   1.2054   0.01506   0.00874  -0.1252  0.5796  1.0000  -1.7789   0.0000   0.0000   0.0000   0.3453
   6.500   1.2548   0.01540   0.00892  -0.1236  0.5440  1.0000  -1.9342   0.0000   0.0000   0.0000   0.3393
   7.000   1.2978   0.01607   0.00955  -0.1213  0.5027  1.0000  -2.0965   0.0000   0.0000   0.0000   0.3335
   7.500   1.3382   0.01698   0.01030  -0.1187  0.4609  1.0000  -2.2818   0.0000   0.0000   0.0000   0.3280
   8.000   1.3736   0.01810   0.01128  -0.1154  0.4189  1.0000  -2.4797   0.0000   0.0000   0.0000   0.3226
   8.500   1.4046   0.01941   0.01251  -0.1117  0.3790  1.0000  -2.7346   0.0000   0.0000   0.0000   0.3173
   9.000   1.4278   0.02090   0.01389  -0.1068  0.3412  1.0000  -2.9849   0.0000   0.0000   0.0000   0.3118
   9.500   1.4469   0.02271   0.01558  -0.1018  0.3068  1.0000  -3.2323   0.0000   0.0000   0.0000   0.3066
  10.000   1.4642   0.02473   0.01763  -0.0971  0.2734  1.0000  -3.4806   0.0000   0.0000   0.0000   0.3017


