xflr5 v6.61

 Calculated polar for: peg24_15_revT

 1 1 Reynolds number fixed          Mach number fixed         

 xtrf =   1.000 (top)        1.000 (bottom)
 Mach =   0.000     Re =     0.485 e 6     Ncrit =   9.000

  alpha     CL        CD       CDp       Cm    Top Xtr Bot Xtr   Cpmin    Chinge    XCp    
 ------- -------- --------- --------- -------- ------- ------- -------- --------- ---------
   0.000   0.3252   0.00688   0.00227  -0.0707  0.7249  0.7985  -0.6240   0.0000   0.0000   0.0000   0.4662
   0.500   0.3787   0.00685   0.00227  -0.0697  0.7074  0.8321  -0.6739   0.0000   0.0000   0.0000   0.4323
   1.000   0.4314   0.00685   0.00230  -0.0686  0.6881  0.8651  -0.7278   0.0000   0.0000   0.0000   0.4066
   1.500   0.4827   0.00687   0.00233  -0.0671  0.6678  0.8981  -0.7840   0.0000   0.0000   0.0000   0.3862
   2.000   0.5323   0.00688   0.00234  -0.0652  0.6446  0.9351  -0.8450   0.0000   0.0000   0.0000   0.3692
   2.500   0.5944   0.00695   0.00235  -0.0662  0.6177  0.9738  -0.9202   0.0000   0.0000   0.0000   0.3576
   3.000   0.6640   0.00712   0.00242  -0.0694  0.5852  1.0000  -1.0130   0.0000   0.0000   0.0000   0.3502
   3.500   0.7168   0.00743   0.00257  -0.0690  0.5517  1.0000  -1.1075   0.0000   0.0000   0.0000   0.3416
   4.000   0.7697   0.00779   0.00280  -0.0686  0.5155  1.0000  -1.2195   0.0000   0.0000   0.0000   0.3340
   4.500   0.8222   0.00822   0.00309  -0.0681  0.4760  1.0000  -1.3602   0.0000   0.0000   0.0000   0.3272
   5.000   0.8739   0.00872   0.00345  -0.0675  0.4353  1.0000  -1.5808   0.0000   0.0000   0.0000   0.3212
   5.500   0.9252   0.00928   0.00387  -0.0669  0.3946  1.0000  -1.9175   0.0000   0.0000   0.0000   0.3157
   6.000   0.9755   0.00993   0.00436  -0.0662  0.3485  1.0000  -2.2695   0.0000   0.0000   0.0000   0.3107
   6.500   1.0246   0.01068   0.00493  -0.0654  0.3007  1.0000  -2.6346   0.0000   0.0000   0.0000   0.3061
   7.000   1.0711   0.01166   0.00564  -0.0643  0.2438  1.0000  -3.0063   0.0000   0.0000   0.0000   0.3017
   7.500   1.1167   0.01271   0.00645  -0.0631  0.1925  1.0000  -3.3881   0.0000   0.0000   0.0000   0.2975
   8.000   1.1603   0.01391   0.00740  -0.0616  0.1409  1.0000  -3.7748   0.0000   0.0000   0.0000   0.2936
   8.500   1.2015   0.01526   0.00852  -0.0599  0.0984  1.0000  -4.1783   0.0000   0.0000   0.0000   0.2897
   9.000   1.2415   0.01661   0.00973  -0.0581  0.0697  1.0000  -4.5900   0.0000   0.0000   0.0000   0.2859
   9.500   1.2790   0.01804   0.01107  -0.0559  0.0492  1.0000  -4.9968   0.0000   0.0000   0.0000   0.2821
  10.000   1.3109   0.01967   0.01263  -0.0530  0.0334  1.0000  -5.3727   0.0000   0.0000   0.0000   0.2781


