xflr5 v6.61

 Calculated polar for: peg24_85_revT

 1 1 Reynolds number fixed          Mach number fixed         

 xtrf =   1.000 (top)        1.000 (bottom)
 Mach =   0.000     Re =     0.235 e 6     Ncrit =   9.000

  alpha     CL        CD       CDp       Cm    Top Xtr Bot Xtr   Cpmin    Chinge    XCp    
 ------- -------- --------- --------- -------- ------- ------- -------- --------- ---------
   0.000   0.6314   0.01397   0.00824  -0.1514  0.7650  0.6755  -0.8503   0.0000   0.0000   0.0000   0.4887
   0.500   0.6872   0.01366   0.00805  -0.1503  0.7577  0.7560  -0.9002   0.0000   0.0000   0.0000   0.4669
   1.000   0.7327   0.01366   0.00825  -0.1477  0.7463  0.8299  -0.9452   0.0000   0.0000   0.0000   0.4491
   2.000   0.8426   0.01296   0.00753  -0.1457  0.7265  1.0000  -1.0654   0.0000   0.0000   0.0000   0.4191
   2.500   0.8995   0.01297   0.00751  -0.1460  0.7128  1.0000  -1.1301   0.0000   0.0000   0.0000   0.4079
   3.000   0.9628   0.01275   0.00711  -0.1469  0.7017  1.0000  -1.2065   0.0000   0.0000   0.0000   0.3975
   3.500   1.0163   0.01277   0.00717  -0.1465  0.6855  1.0000  -1.2829   0.0000   0.0000   0.0000   0.3884
   4.000   1.0742   0.01269   0.00702  -0.1465  0.6707  1.0000  -1.3702   0.0000   0.0000   0.0000   0.3800
   4.500   1.1298   0.01262   0.00692  -0.1462  0.6525  1.0000  -1.4673   0.0000   0.0000   0.0000   0.3723
   5.000   1.1822   0.01269   0.00699  -0.1454  0.6299  1.0000  -1.5716   0.0000   0.0000   0.0000   0.3652
   5.500   1.2341   0.01284   0.00711  -0.1444  0.6043  1.0000  -1.6880   0.0000   0.0000   0.0000   0.3586
   6.000   1.2837   0.01312   0.00728  -0.1431  0.5730  1.0000  -1.8137   0.0000   0.0000   0.0000   0.3523
   6.500   1.3291   0.01365   0.00774  -0.1412  0.5374  1.0000  -1.9536   0.0000   0.0000   0.0000   0.3464
   7.000   1.3705   0.01441   0.00835  -0.1387  0.4971  1.0000  -2.0984   0.0000   0.0000   0.0000   0.3406
   7.500   1.4076   0.01539   0.00919  -0.1356  0.4561  1.0000  -2.2505   0.0000   0.0000   0.0000   0.3350
   8.000   1.4387   0.01660   0.01022  -0.1317  0.4158  1.0000  -2.4092   0.0000   0.0000   0.0000   0.3295
   8.500   1.4633   0.01794   0.01149  -0.1269  0.3785  1.0000  -2.5756   0.0000   0.0000   0.0000   0.3238
   9.000   1.4841   0.01959   0.01302  -0.1219  0.3428  1.0000  -2.7533   0.0000   0.0000   0.0000   0.3185
   9.500   1.5016   0.02159   0.01490  -0.1170  0.3102  1.0000  -2.9420   0.0000   0.0000   0.0000   0.3134
  10.000   1.5198   0.02376   0.01704  -0.1127  0.2801  1.0000  -3.1600   0.0000   0.0000   0.0000   0.3088


