xflr5 v6.61

 Calculated polar for: peg24_15_revT

 1 1 Reynolds number fixed          Mach number fixed         

 xtrf =   1.000 (top)        1.000 (bottom)
 Mach =   0.000     Re =     0.055 e 6     Ncrit =   9.000

  alpha     CL        CD       CDp       Cm    Top Xtr Bot Xtr   Cpmin    Chinge    XCp    
 ------- -------- --------- --------- -------- ------- ------- -------- --------- ---------
   0.000   0.0663   0.02625   0.01715  -0.0467  0.9551  1.0000  -0.5420   0.0000   0.0000   0.0000   0.9567
   0.500   0.1481   0.02793   0.01850  -0.0540  0.9299  1.0000  -0.4878   0.0000   0.0000   0.0000   0.6134
   1.000   0.2254   0.02951   0.01986  -0.0598  0.9027  1.0000  -0.5434   0.0000   0.0000   0.0000   0.5135
   1.500   0.2981   0.03102   0.02124  -0.0645  0.8746  1.0000  -0.6016   0.0000   0.0000   0.0000   0.4636
   2.000   0.3676   0.03246   0.02261  -0.0681  0.8460  1.0000  -0.6626   0.0000   0.0000   0.0000   0.4320
   2.500   0.4367   0.03374   0.02388  -0.0710  0.8166  1.0000  -0.7301   0.0000   0.0000   0.0000   0.4090
   3.000   0.5052   0.03480   0.02500  -0.0731  0.7872  1.0000  -0.8042   0.0000   0.0000   0.0000   0.3908
   4.000   0.6443   0.03580   0.02625  -0.0753  0.7298  1.0000  -0.9931   0.0000   0.0000   0.0000   0.3620
   4.500   0.7120   0.03561   0.02624  -0.0746  0.7018  1.0000  -1.1163   0.0000   0.0000   0.0000   0.3496
   5.000   0.7449   0.03730   0.02810  -0.0717  0.6641  1.0000  -1.2067   0.0000   0.0000   0.0000   0.3406
   5.500   0.8083   0.03669   0.02772  -0.0698  0.6331  1.0000  -1.3855   0.0000   0.0000   0.0000   0.3302
   6.000   0.8808   0.03494   0.02622  -0.0676  0.6026  1.0000  -1.6497   0.0000   0.0000   0.0000   0.3201
   6.500   0.9473   0.03350   0.02499  -0.0649  0.5675  1.0000  -2.0218   0.0000   0.0000   0.0000   0.3114
   7.000   1.0095   0.03226   0.02391  -0.0619  0.5250  1.0000  -2.4101   0.0000   0.0000   0.0000   0.3036
   7.500   1.0637   0.03175   0.02349  -0.0585  0.4754  1.0000  -2.7855   0.0000   0.0000   0.0000   0.2967
   8.000   1.1159   0.03161   0.02322  -0.0551  0.4197  1.0000  -3.1674   0.0000   0.0000   0.0000   0.2904
   8.500   1.1537   0.03263   0.02412  -0.0509  0.3579  1.0000  -3.4950   0.0000   0.0000   0.0000   0.2844
   9.000   1.1849   0.03426   0.02550  -0.0464  0.2927  1.0000  -3.7931   0.0000   0.0000   0.0000   0.2786
   9.500   1.2090   0.03721   0.02820  -0.0418  0.2340  1.0000  -4.0367   0.0000   0.0000   0.0000   0.2733
  10.000   1.2328   0.04105   0.03190  -0.0377  0.1878  1.0000  -4.2468   0.0000   0.0000   0.0000   0.2686


