xflr5 v6.61

 Calculated polar for: peg24_85_revT

 1 1 Reynolds number fixed          Mach number fixed         

 xtrf =   1.000 (top)        1.000 (bottom)
 Mach =   0.000     Re =     0.105 e 6     Ncrit =   9.000

  alpha     CL        CD       CDp       Cm    Top Xtr Bot Xtr   Cpmin    Chinge    XCp    
 ------- -------- --------- --------- -------- ------- ------- -------- --------- ---------
   0.000   0.4528   0.03154   0.02478  -0.1369  0.8048  0.7524  -0.7079   0.0000   0.0000   0.0000   0.5522
   0.500   0.4787   0.03151   0.02500  -0.1300  0.7894  0.8865  -0.7354   0.0000   0.0000   0.0000   0.5206
   1.000   0.5726   0.03093   0.02413  -0.1356  0.7834  1.0000  -0.8083   0.0000   0.0000   0.0000   0.4849
   2.000   0.6989   0.03150   0.02431  -0.1383  0.7563  1.0000  -0.9264   0.0000   0.0000   0.0000   0.4444
   3.000   0.8221   0.03124   0.02389  -0.1387  0.7291  1.0000  -1.0611   0.0000   0.0000   0.0000   0.4139
   3.500   0.8584   0.03226   0.02490  -0.1363  0.7068  1.0000  -1.1129   0.0000   0.0000   0.0000   0.4032
   4.000   0.9487   0.02992   0.02253  -0.1385  0.7022  1.0000  -1.2241   0.0000   0.0000   0.0000   0.3898
   5.500   1.1290   0.02719   0.01995  -0.1360  0.6523  1.0000  -1.5327   0.0000   0.0000   0.0000   0.3624
   6.000   1.1819   0.02653   0.01940  -0.1343  0.6304  1.0000  -1.6502   0.0000   0.0000   0.0000   0.3548
   6.500   1.2446   0.02525   0.01820  -0.1335  0.6083  1.0000  -1.7974   0.0000   0.0000   0.0000   0.3477
   7.000   1.3079   0.02406   0.01705  -0.1329  0.5821  1.0000  -1.9679   0.0000   0.0000   0.0000   0.3413
   7.500   1.3672   0.02328   0.01620  -0.1318  0.5497  1.0000  -2.1486   0.0000   0.0000   0.0000   0.3354
   8.000   1.4143   0.02350   0.01632  -0.1296  0.5120  1.0000  -2.3260   0.0000   0.0000   0.0000   0.3298
   8.500   1.4528   0.02423   0.01696  -0.1263  0.4710  1.0000  -2.5143   0.0000   0.0000   0.0000   0.3242
   9.000   1.4845   0.02548   0.01809  -0.1223  0.4307  1.0000  -2.7125   0.0000   0.0000   0.0000   0.3189
   9.500   1.5076   0.02701   0.01950  -0.1173  0.3925  1.0000  -2.9121   0.0000   0.0000   0.0000   0.3135
  10.000   1.5280   0.02888   0.02124  -0.1122  0.3564  1.0000  -3.1249   0.0000   0.0000   0.0000   0.3083


