xflr5 v6.61

 Calculated polar for: peg24_80_revT

 1 1 Reynolds number fixed          Mach number fixed         

 xtrf =   1.000 (top)        1.000 (bottom)
 Mach =   0.000     Re =     0.220 e 6     Ncrit =   9.000

  alpha     CL        CD       CDp       Cm    Top Xtr Bot Xtr   Cpmin    Chinge    XCp    
 ------- -------- --------- --------- -------- ------- ------- -------- --------- ---------
   0.000   0.6044   0.01441   0.00870  -0.1455  0.7698  0.7114  -0.8285   0.0000   0.0000   0.0000   0.4898
   0.500   0.6568   0.01409   0.00852  -0.1437  0.7611  0.7886  -0.8762   0.0000   0.0000   0.0000   0.4670
   1.000   0.7026   0.01389   0.00843  -0.1405  0.7516  0.8634  -0.9225   0.0000   0.0000   0.0000   0.4476
   1.500   0.7524   0.01354   0.00819  -0.1386  0.7392  1.0000  -0.9762   0.0000   0.0000   0.0000   0.4311
   2.000   0.8193   0.01325   0.00769  -0.1404  0.7299  1.0000  -1.0469   0.0000   0.0000   0.0000   0.4176
   2.500   0.8744   0.01340   0.00781  -0.1404  0.7155  1.0000  -1.1095   0.0000   0.0000   0.0000   0.4062
   3.000   0.9372   0.01308   0.00735  -0.1412  0.7037  1.0000  -1.1872   0.0000   0.0000   0.0000   0.3956
   3.500   0.9911   0.01314   0.00743  -0.1408  0.6871  1.0000  -1.2633   0.0000   0.0000   0.0000   0.3864
   4.000   1.0500   0.01300   0.00720  -0.1409  0.6721  1.0000  -1.3538   0.0000   0.0000   0.0000   0.3779
   4.500   1.1049   0.01294   0.00712  -0.1404  0.6529  1.0000  -1.4495   0.0000   0.0000   0.0000   0.3701
   5.000   1.1576   0.01298   0.00717  -0.1396  0.6296  1.0000  -1.5575   0.0000   0.0000   0.0000   0.3630
   5.500   1.2097   0.01311   0.00726  -0.1386  0.6033  1.0000  -1.6752   0.0000   0.0000   0.0000   0.3563
   6.000   1.2598   0.01339   0.00741  -0.1373  0.5714  1.0000  -1.8059   0.0000   0.0000   0.0000   0.3500
   6.500   1.3051   0.01392   0.00790  -0.1354  0.5347  1.0000  -1.9488   0.0000   0.0000   0.0000   0.3441
   7.000   1.3472   0.01469   0.00849  -0.1330  0.4941  1.0000  -2.0993   0.0000   0.0000   0.0000   0.3383
   7.500   1.3850   0.01564   0.00934  -0.1300  0.4525  1.0000  -2.2572   0.0000   0.0000   0.0000   0.3328
   8.000   1.4172   0.01687   0.01036  -0.1263  0.4123  1.0000  -2.4296   0.0000   0.0000   0.0000   0.3273
   8.500   1.4441   0.01814   0.01159  -0.1219  0.3740  1.0000  -2.6124   0.0000   0.0000   0.0000   0.3217
   9.000   1.4647   0.01979   0.01309  -0.1168  0.3383  1.0000  -2.8000   0.0000   0.0000   0.0000   0.3163
   9.500   1.4841   0.02166   0.01488  -0.1121  0.3057  1.0000  -3.0320   0.0000   0.0000   0.0000   0.3113
  10.000   1.5030   0.02375   0.01697  -0.1078  0.2745  1.0000  -3.2713   0.0000   0.0000   0.0000   0.3066


