xflr5 v6.61

 Calculated polar for: peg24_90_revT

 1 1 Reynolds number fixed          Mach number fixed         

 xtrf =   1.000 (top)        1.000 (bottom)
 Mach =   0.000     Re =     0.270 e 6     Ncrit =   9.000

  alpha     CL        CD       CDp       Cm    Top Xtr Bot Xtr   Cpmin    Chinge    XCp    
 ------- -------- --------- --------- -------- ------- ------- -------- --------- ---------
   0.000   0.6646   0.01272   0.00695  -0.1576  0.7579  0.6282  -0.8778   0.0000   0.0000   0.0000   0.4859
   0.500   0.7169   0.01275   0.00721  -0.1566  0.7485  0.7104  -0.9243   0.0000   0.0000   0.0000   0.4666
   1.000   0.7690   0.01251   0.00715  -0.1552  0.7384  0.7863  -0.9738   0.0000   0.0000   0.0000   0.4492
   1.500   0.8198   0.01217   0.00688  -0.1531  0.7301  0.8609  -1.0293   0.0000   0.0000   0.0000   0.4334
   2.000   0.8682   0.01192   0.00679  -0.1511  0.7181  1.0000  -1.0867   0.0000   0.0000   0.0000   0.4201
   2.500   0.9304   0.01177   0.00650  -0.1522  0.7072  1.0000  -1.1564   0.0000   0.0000   0.0000   0.4090
   3.000   0.9880   0.01181   0.00648  -0.1525  0.6943  1.0000  -1.2268   0.0000   0.0000   0.0000   0.3991
   3.500   1.0462   0.01170   0.00630  -0.1527  0.6804  1.0000  -1.3076   0.0000   0.0000   0.0000   0.3900
   4.000   1.1015   0.01178   0.00637  -0.1525  0.6646  1.0000  -1.3905   0.0000   0.0000   0.0000   0.3819
   4.500   1.1584   0.01176   0.00626  -0.1524  0.6476  1.0000  -1.4896   0.0000   0.0000   0.0000   0.3744
   5.000   1.2110   0.01185   0.00632  -0.1516  0.6252  1.0000  -1.5923   0.0000   0.0000   0.0000   0.3673
   5.500   1.2620   0.01207   0.00651  -0.1507  0.5996  1.0000  -1.7076   0.0000   0.0000   0.0000   0.3608
   6.000   1.3100   0.01245   0.00681  -0.1492  0.5676  1.0000  -1.8285   0.0000   0.0000   0.0000   0.3546
   6.500   1.3549   0.01301   0.00730  -0.1472  0.5316  1.0000  -1.9619   0.0000   0.0000   0.0000   0.3486
   7.000   1.3949   0.01386   0.00795  -0.1445  0.4916  1.0000  -2.1051   0.0000   0.0000   0.0000   0.3428
   7.500   1.4311   0.01484   0.00882  -0.1413  0.4505  1.0000  -2.2505   0.0000   0.0000   0.0000   0.3372
   8.000   1.4591   0.01610   0.00989  -0.1369  0.4116  1.0000  -2.3929   0.0000   0.0000   0.0000   0.3315
   8.500   1.4834   0.01747   0.01118  -0.1321  0.3744  1.0000  -2.5484   0.0000   0.0000   0.0000   0.3259
   9.000   1.5032   0.01921   0.01280  -0.1271  0.3395  1.0000  -2.7122   0.0000   0.0000   0.0000   0.3206
   9.500   1.5205   0.02130   0.01476  -0.1223  0.3076  1.0000  -2.8912   0.0000   0.0000   0.0000   0.3157
  10.000   1.5403   0.02344   0.01690  -0.1183  0.2784  1.0000  -3.0914   0.0000   0.0000   0.0000   0.3112


