xflr5 v6.61

 Calculated polar for: peg24_95_revT

 1 1 Reynolds number fixed          Mach number fixed         

 xtrf =   1.000 (top)        1.000 (bottom)
 Mach =   0.000     Re =     0.395 e 6     Ncrit =   9.000

  alpha     CL        CD       CDp       Cm    Top Xtr Bot Xtr   Cpmin    Chinge    XCp    
 ------- -------- --------- --------- -------- ------- ------- -------- --------- ---------
   0.000   0.6996   0.01009   0.00456  -0.1634  0.7362  0.5477  -0.9087   0.0000   0.0000   0.0000   0.4822
   0.500   0.7573   0.01003   0.00463  -0.1636  0.7277  0.6249  -0.9582   0.0000   0.0000   0.0000   0.4639
   1.000   0.8121   0.00987   0.00472  -0.1631  0.7191  0.7027  -1.0088   0.0000   0.0000   0.0000   0.4481
   1.500   0.8671   0.00968   0.00466  -0.1625  0.7092  0.7740  -1.0669   0.0000   0.0000   0.0000   0.4339
   2.000   0.9196   0.00961   0.00470  -0.1614  0.6993  0.8406  -1.1283   0.0000   0.0000   0.0000   0.4213
   2.500   0.9664   0.00923   0.00454  -0.1588  0.6871  1.0000  -1.1881   0.0000   0.0000   0.0000   0.4096
   3.000   1.0261   0.00932   0.00448  -0.1595  0.6747  1.0000  -1.2600   0.0000   0.0000   0.0000   0.4001
   3.500   1.0818   0.00938   0.00457  -0.1596  0.6601  1.0000  -1.3387   0.0000   0.0000   0.0000   0.3914
   4.000   1.1380   0.00952   0.00463  -0.1596  0.6446  1.0000  -1.4218   0.0000   0.0000   0.0000   0.3835
   4.500   1.1922   0.00969   0.00471  -0.1593  0.6238  1.0000  -1.5188   0.0000   0.0000   0.0000   0.3762
   5.000   1.2445   0.00994   0.00494  -0.1586  0.6003  1.0000  -1.6210   0.0000   0.0000   0.0000   0.3694
   5.500   1.2941   0.01035   0.00524  -0.1575  0.5700  1.0000  -1.7339   0.0000   0.0000   0.0000   0.3629
   6.000   1.3414   0.01087   0.00568  -0.1561  0.5356  1.0000  -1.8518   0.0000   0.0000   0.0000   0.3568
   6.500   1.3840   0.01164   0.00628  -0.1538  0.4961  1.0000  -1.9794   0.0000   0.0000   0.0000   0.3509
   7.000   1.4232   0.01255   0.00703  -0.1512  0.4553  1.0000  -2.1202   0.0000   0.0000   0.0000   0.3452
   7.500   1.4568   0.01365   0.00795  -0.1476  0.4155  1.0000  -2.2571   0.0000   0.0000   0.0000   0.3396
   8.000   1.4843   0.01486   0.00904  -0.1431  0.3783  1.0000  -2.3971   0.0000   0.0000   0.0000   0.3339
   8.500   1.5087   0.01633   0.01038  -0.1385  0.3427  1.0000  -2.5405   0.0000   0.0000   0.0000   0.3285
   9.000   1.5296   0.01813   0.01205  -0.1339  0.3099  1.0000  -2.6975   0.0000   0.0000   0.0000   0.3233
   9.500   1.5518   0.02006   0.01390  -0.1298  0.2806  1.0000  -2.8795   0.0000   0.0000   0.0000   0.3186
  10.000   1.5736   0.02215   0.01595  -0.1260  0.2534  1.0000  -3.0841   0.0000   0.0000   0.0000   0.3142


