xflr5 v6.61

 Calculated polar for: peg24_30_revT

 1 1 Reynolds number fixed          Mach number fixed         

 xtrf =   1.000 (top)        1.000 (bottom)
 Mach =   0.000     Re =     0.480 e 6     Ncrit =   9.000

  alpha     CL        CD       CDp       Cm    Top Xtr Bot Xtr   Cpmin    Chinge    XCp    
 ------- -------- --------- --------- -------- ------- ------- -------- --------- ---------
   0.000   0.3971   0.00719   0.00247  -0.0886  0.7272  0.7711  -0.6750   0.0000   0.0000   0.0000   0.4720
   0.500   0.4511   0.00711   0.00249  -0.0878  0.7126  0.8116  -0.7261   0.0000   0.0000   0.0000   0.4428
   1.000   0.5046   0.00713   0.00251  -0.0869  0.6967  0.8493  -0.7802   0.0000   0.0000   0.0000   0.4197
   1.500   0.5556   0.00708   0.00250  -0.0853  0.6784  0.8861  -0.8355   0.0000   0.0000   0.0000   0.4005
   2.000   0.6052   0.00704   0.00252  -0.0834  0.6587  0.9293  -0.8950   0.0000   0.0000   0.0000   0.3844
   2.500   0.6706   0.00703   0.00250  -0.0851  0.6359  0.9876  -0.9726   0.0000   0.0000   0.0000   0.3730
   3.000   0.7293   0.00722   0.00257  -0.0859  0.6086  1.0000  -1.0537   0.0000   0.0000   0.0000   0.3634
   3.500   0.7840   0.00750   0.00271  -0.0858  0.5778  1.0000  -1.1398   0.0000   0.0000   0.0000   0.3546
   4.000   0.8375   0.00786   0.00293  -0.0855  0.5433  1.0000  -1.2472   0.0000   0.0000   0.0000   0.3467
   4.500   0.8906   0.00827   0.00322  -0.0851  0.5065  1.0000  -1.3650   0.0000   0.0000   0.0000   0.3396
   5.000   0.9418   0.00881   0.00358  -0.0844  0.4645  1.0000  -1.5110   0.0000   0.0000   0.0000   0.3332
   5.500   0.9930   0.00936   0.00401  -0.0838  0.4237  1.0000  -1.6967   0.0000   0.0000   0.0000   0.3274
   6.000   1.0430   0.01001   0.00451  -0.0830  0.3829  1.0000  -2.0253   0.0000   0.0000   0.0000   0.3220
   6.500   1.0911   0.01079   0.00510  -0.0819  0.3375  1.0000  -2.3649   0.0000   0.0000   0.0000   0.3169
   7.000   1.1390   0.01158   0.00576  -0.0809  0.2940  1.0000  -2.7197   0.0000   0.0000   0.0000   0.3123
   7.500   1.1845   0.01254   0.00652  -0.0796  0.2473  1.0000  -3.0813   0.0000   0.0000   0.0000   0.3078
   8.000   1.2273   0.01367   0.00741  -0.0780  0.1989  1.0000  -3.4466   0.0000   0.0000   0.0000   0.3035
   8.500   1.2673   0.01496   0.00847  -0.0761  0.1525  1.0000  -3.8132   0.0000   0.0000   0.0000   0.2993
   9.000   1.3044   0.01636   0.00966  -0.0737  0.1128  1.0000  -4.1787   0.0000   0.0000   0.0000   0.2951
   9.500   1.3385   0.01779   0.01096  -0.0710  0.0847  1.0000  -4.5541   0.0000   0.0000   0.0000   0.2909
  10.000   1.3676   0.01936   0.01246  -0.0675  0.0643  1.0000  -4.9179   0.0000   0.0000   0.0000   0.2865


