xflr5 v6.61

 Calculated polar for: peg24_85_revT

 1 1 Reynolds number fixed          Mach number fixed         

 xtrf =   1.000 (top)        1.000 (bottom)
 Mach =   0.000     Re =     0.280 e 6     Ncrit =   9.000

  alpha     CL        CD       CDp       Cm    Top Xtr Bot Xtr   Cpmin    Chinge    XCp    
 ------- -------- --------- --------- -------- ------- ------- -------- --------- ---------
   0.000   0.6443   0.01208   0.00640  -0.1521  0.7570  0.6492  -0.8615   0.0000   0.0000   0.0000   0.4849
   0.500   0.6959   0.01204   0.00662  -0.1510  0.7470  0.7284  -0.9079   0.0000   0.0000   0.0000   0.4651
   1.000   0.7487   0.01181   0.00651  -0.1496  0.7370  0.8000  -0.9583   0.0000   0.0000   0.0000   0.4473
   1.500   0.7982   0.01159   0.00636  -0.1473  0.7280  0.8723  -1.0132   0.0000   0.0000   0.0000   0.4313
   2.000   0.8491   0.01128   0.00618  -0.1459  0.7156  1.0000  -1.0726   0.0000   0.0000   0.0000   0.4179
   2.500   0.9114   0.01116   0.00590  -0.1470  0.7046  1.0000  -1.1421   0.0000   0.0000   0.0000   0.4067
   3.000   0.9678   0.01123   0.00596  -0.1471  0.6903  1.0000  -1.2129   0.0000   0.0000   0.0000   0.3968
   3.500   1.0273   0.01115   0.00575  -0.1475  0.6765  1.0000  -1.2949   0.0000   0.0000   0.0000   0.3878
   4.000   1.0811   0.01124   0.00588  -0.1471  0.6592  1.0000  -1.3793   0.0000   0.0000   0.0000   0.3796
   4.500   1.1359   0.01131   0.00591  -0.1468  0.6399  1.0000  -1.4757   0.0000   0.0000   0.0000   0.3721
   5.000   1.1892   0.01145   0.00599  -0.1461  0.6167  1.0000  -1.5823   0.0000   0.0000   0.0000   0.3651
   5.500   1.2402   0.01171   0.00620  -0.1451  0.5889  1.0000  -1.6978   0.0000   0.0000   0.0000   0.3586
   6.000   1.2881   0.01213   0.00653  -0.1436  0.5544  1.0000  -1.8223   0.0000   0.0000   0.0000   0.3524
   6.500   1.3328   0.01279   0.00701  -0.1417  0.5175  1.0000  -1.9624   0.0000   0.0000   0.0000   0.3464
   7.000   1.3735   0.01361   0.00773  -0.1392  0.4760  1.0000  -2.1062   0.0000   0.0000   0.0000   0.3407
   7.500   1.4094   0.01468   0.00861  -0.1360  0.4356  1.0000  -2.2570   0.0000   0.0000   0.0000   0.3351
   8.000   1.4405   0.01584   0.00965  -0.1321  0.3956  1.0000  -2.4166   0.0000   0.0000   0.0000   0.3296
   8.500   1.4632   0.01731   0.01097  -0.1270  0.3593  1.0000  -2.5796   0.0000   0.0000   0.0000   0.3239
   9.000   1.4870   0.01887   0.01247  -0.1226  0.3250  1.0000  -2.7651   0.0000   0.0000   0.0000   0.3188
   9.500   1.5079   0.02076   0.01428  -0.1183  0.2931  1.0000  -2.9643   0.0000   0.0000   0.0000   0.3139
  10.000   1.5263   0.02297   0.01642  -0.1140  0.2634  1.0000  -3.1893   0.0000   0.0000   0.0000   0.3093


