xflr5 v6.61

 Calculated polar for: peg24_60_revT

 1 1 Reynolds number fixed          Mach number fixed         

 xtrf =   1.000 (top)        1.000 (bottom)
 Mach =   0.000     Re =     0.475 e 6     Ncrit =   9.000

  alpha     CL        CD       CDp       Cm    Top Xtr Bot Xtr   Cpmin    Chinge    XCp    
 ------- -------- --------- --------- -------- ------- ------- -------- --------- ---------
   0.000   0.5408   0.00798   0.00296  -0.1241  0.7282  0.6784  -0.7829   0.0000   0.0000   0.0000   0.4781
   0.500   0.5956   0.00783   0.00302  -0.1235  0.7177  0.7440  -0.8316   0.0000   0.0000   0.0000   0.4554
   1.000   0.6506   0.00778   0.00300  -0.1229  0.7056  0.7956  -0.8867   0.0000   0.0000   0.0000   0.4363
   1.500   0.7033   0.00772   0.00307  -0.1219  0.6926  0.8434  -0.9446   0.0000   0.0000   0.0000   0.4201
   2.000   0.7535   0.00763   0.00303  -0.1201  0.6776  0.8947  -1.0028   0.0000   0.0000   0.0000   0.4057
   2.500   0.8097   0.00748   0.00299  -0.1198  0.6611  1.0000  -1.0706   0.0000   0.0000   0.0000   0.3936
   3.000   0.8673   0.00764   0.00305  -0.1202  0.6430  1.0000  -1.1469   0.0000   0.0000   0.0000   0.3838
   3.500   0.9232   0.00783   0.00315  -0.1202  0.6199  1.0000  -1.2299   0.0000   0.0000   0.0000   0.3748
   4.000   0.9779   0.00809   0.00332  -0.1201  0.5932  1.0000  -1.3215   0.0000   0.0000   0.0000   0.3668
   4.500   1.0312   0.00843   0.00356  -0.1196  0.5608  1.0000  -1.4268   0.0000   0.0000   0.0000   0.3594
   5.000   1.0822   0.00892   0.00388  -0.1188  0.5235  1.0000  -1.5436   0.0000   0.0000   0.0000   0.3526
   5.500   1.1322   0.00949   0.00432  -0.1179  0.4845  1.0000  -1.6735   0.0000   0.0000   0.0000   0.3464
   6.000   1.1795   0.01022   0.00485  -0.1166  0.4418  1.0000  -1.8228   0.0000   0.0000   0.0000   0.3405
   6.500   1.2267   0.01095   0.00545  -0.1154  0.4011  1.0000  -1.9932   0.0000   0.0000   0.0000   0.3350
   7.000   1.2706   0.01186   0.00618  -0.1137  0.3597  1.0000  -2.1904   0.0000   0.0000   0.0000   0.3297
   7.500   1.3140   0.01275   0.00694  -0.1119  0.3202  1.0000  -2.4732   0.0000   0.0000   0.0000   0.3247
   8.000   1.3537   0.01381   0.00784  -0.1096  0.2824  1.0000  -2.7852   0.0000   0.0000   0.0000   0.3198
   8.500   1.3910   0.01490   0.00882  -0.1070  0.2462  1.0000  -3.1014   0.0000   0.0000   0.0000   0.3150
   9.500   1.4510   0.01761   0.01128  -0.0999  0.1816  1.0000  -3.7130   0.0000   0.0000   0.0000   0.3054
  10.000   1.4754   0.01940   0.01294  -0.0961  0.1504  1.0000  -4.0100   0.0000   0.0000   0.0000   0.3009


