xflr5 v6.61

 Calculated polar for: peg24_65_revT

 1 1 Reynolds number fixed          Mach number fixed         

 xtrf =   1.000 (top)        1.000 (bottom)
 Mach =   0.000     Re =     0.385 e 6     Ncrit =   9.000

  alpha     CL        CD       CDp       Cm    Top Xtr Bot Xtr   Cpmin    Chinge    XCp    
 ------- -------- --------- --------- -------- ------- ------- -------- --------- ---------
   0.000   0.5601   0.00897   0.00385  -0.1295  0.7404  0.6918  -0.7975   0.0000   0.0000   0.0000   0.4800
   0.500   0.6154   0.00889   0.00384  -0.1289  0.7305  0.7583  -0.8463   0.0000   0.0000   0.0000   0.4575
   1.000   0.6681   0.00881   0.00391  -0.1278  0.7189  0.8132  -0.8995   0.0000   0.0000   0.0000   0.4387
   1.500   0.7193   0.00866   0.00382  -0.1262  0.7068  0.8665  -0.9561   0.0000   0.0000   0.0000   0.4222
   2.000   0.7665   0.00848   0.00376  -0.1237  0.6932  0.9406  -1.0127   0.0000   0.0000   0.0000   0.4076
   2.500   0.8299   0.00845   0.00363  -0.1252  0.6780  1.0000  -1.0842   0.0000   0.0000   0.0000   0.3965
   3.000   0.8871   0.00855   0.00371  -0.1255  0.6606  1.0000  -1.1598   0.0000   0.0000   0.0000   0.3866
   3.500   0.9435   0.00870   0.00379  -0.1256  0.6417  1.0000  -1.2405   0.0000   0.0000   0.0000   0.3776
   4.000   0.9984   0.00889   0.00389  -0.1254  0.6179  1.0000  -1.3329   0.0000   0.0000   0.0000   0.3695
   4.500   1.0520   0.00916   0.00409  -0.1250  0.5906  1.0000  -1.4347   0.0000   0.0000   0.0000   0.3621
   5.000   1.1035   0.00954   0.00436  -0.1242  0.5561  1.0000  -1.5490   0.0000   0.0000   0.0000   0.3552
   6.000   1.2006   0.01074   0.00527  -0.1218  0.4778  1.0000  -1.8177   0.0000   0.0000   0.0000   0.3429
   6.500   1.2455   0.01155   0.00589  -0.1201  0.4367  1.0000  -1.9741   0.0000   0.0000   0.0000   0.3372
   7.000   1.2890   0.01242   0.00663  -0.1182  0.3949  1.0000  -2.1558   0.0000   0.0000   0.0000   0.3318
   7.500   1.3295   0.01341   0.00747  -0.1160  0.3546  1.0000  -2.3575   0.0000   0.0000   0.0000   0.3266
   8.000   1.3671   0.01450   0.00841  -0.1133  0.3159  1.0000  -2.6464   0.0000   0.0000   0.0000   0.3215
   8.500   1.4000   0.01569   0.00949  -0.1099  0.2805  1.0000  -2.9387   0.0000   0.0000   0.0000   0.3165
   9.000   1.4298   0.01701   0.01072  -0.1063  0.2463  1.0000  -3.2304   0.0000   0.0000   0.0000   0.3115
   9.500   1.4545   0.01869   0.01226  -0.1023  0.2139  1.0000  -3.5125   0.0000   0.0000   0.0000   0.3067
  10.000   1.4795   0.02049   0.01400  -0.0987  0.1842  1.0000  -3.8023   0.0000   0.0000   0.0000   0.3023


