xflr5 v6.61

 Calculated polar for: peg24_30_revT

 1 1 Reynolds number fixed          Mach number fixed         

 xtrf =   1.000 (top)        1.000 (bottom)
 Mach =   0.000     Re =     0.325 e 6     Ncrit =   9.000

  alpha     CL        CD       CDp       Cm    Top Xtr Bot Xtr   Cpmin    Chinge    XCp    
 ------- -------- --------- --------- -------- ------- ------- -------- --------- ---------
   0.000   0.3895   0.00871   0.00369  -0.0874  0.7546  0.8215  -0.6693   0.0000   0.0000   0.0000   0.4732
   0.500   0.4391   0.00858   0.00367  -0.0854  0.7396  0.8630  -0.7175   0.0000   0.0000   0.0000   0.4426
   1.000   0.4878   0.00852   0.00359  -0.0830  0.7248  0.9056  -0.7684   0.0000   0.0000   0.0000   0.4178
   1.500   0.5410   0.00835   0.00344  -0.0817  0.7075  0.9536  -0.8249   0.0000   0.0000   0.0000   0.3981
   2.000   0.6164   0.00829   0.00334  -0.0857  0.6879  1.0000  -0.9014   0.0000   0.0000   0.0000   0.3857
   2.500   0.6718   0.00840   0.00334  -0.0859  0.6670  1.0000  -0.9714   0.0000   0.0000   0.0000   0.3739
   3.000   0.7272   0.00855   0.00338  -0.0858  0.6434  1.0000  -1.0497   0.0000   0.0000   0.0000   0.3637
   3.500   0.7818   0.00874   0.00349  -0.0856  0.6155  1.0000  -1.1356   0.0000   0.0000   0.0000   0.3546
   4.000   0.8354   0.00901   0.00366  -0.0851  0.5841  1.0000  -1.2421   0.0000   0.0000   0.0000   0.3465
   4.500   0.8875   0.00940   0.00390  -0.0844  0.5484  1.0000  -1.3586   0.0000   0.0000   0.0000   0.3392
   5.000   0.9391   0.00985   0.00426  -0.0837  0.5109  1.0000  -1.5035   0.0000   0.0000   0.0000   0.3327
   5.500   0.9884   0.01047   0.00469  -0.0826  0.4679  1.0000  -1.6823   0.0000   0.0000   0.0000   0.3266
   6.000   1.0380   0.01107   0.00521  -0.0817  0.4268  1.0000  -1.9886   0.0000   0.0000   0.0000   0.3212
   6.500   1.0853   0.01184   0.00583  -0.0805  0.3837  1.0000  -2.3219   0.0000   0.0000   0.0000   0.3160
   7.500   1.1756   0.01366   0.00736  -0.0776  0.2936  1.0000  -3.0184   0.0000   0.0000   0.0000   0.3066
   8.000   1.2179   0.01474   0.00830  -0.0758  0.2493  1.0000  -3.3768   0.0000   0.0000   0.0000   0.3022
   8.500   1.2565   0.01603   0.00941  -0.0737  0.2023  1.0000  -3.7329   0.0000   0.0000   0.0000   0.2979
   9.000   1.2906   0.01757   0.01071  -0.0710  0.1544  1.0000  -4.0807   0.0000   0.0000   0.0000   0.2935
   9.500   1.3189   0.01927   0.01221  -0.0675  0.1145  1.0000  -4.4120   0.0000   0.0000   0.0000   0.2890
  10.000   1.3435   0.02117   0.01401  -0.0637  0.0865  1.0000  -4.7391   0.0000   0.0000   0.0000   0.2845


