xflr5 v6.61

 Calculated polar for: peg24_45_revT

 1 1 Reynolds number fixed          Mach number fixed         

 xtrf =   1.000 (top)        1.000 (bottom)
 Mach =   0.000     Re =     0.480 e 6     Ncrit =   9.000

  alpha     CL        CD       CDp       Cm    Top Xtr Bot Xtr   Cpmin    Chinge    XCp    
 ------- -------- --------- --------- -------- ------- ------- -------- --------- ---------
   0.000   0.4691   0.00752   0.00269  -0.1065  0.7279  0.7320  -0.7280   0.0000   0.0000   0.0000   0.4756
   0.500   0.5235   0.00741   0.00272  -0.1058  0.7154  0.7825  -0.7787   0.0000   0.0000   0.0000   0.4501
   1.000   0.5778   0.00743   0.00272  -0.1050  0.7014  0.8253  -0.8329   0.0000   0.0000   0.0000   0.4292
   1.500   0.6297   0.00733   0.00275  -0.1037  0.6860  0.8675  -0.8901   0.0000   0.0000   0.0000   0.4116
   2.000   0.6790   0.00728   0.00275  -0.1018  0.6697  0.9152  -0.9482   0.0000   0.0000   0.0000   0.3963
   2.500   0.7405   0.00723   0.00267  -0.1026  0.6496  1.0000  -1.0222   0.0000   0.0000   0.0000   0.3844
   3.000   0.7977   0.00738   0.00276  -0.1030  0.6271  1.0000  -1.0978   0.0000   0.0000   0.0000   0.3745
   3.500   0.8531   0.00762   0.00289  -0.1030  0.5998  1.0000  -1.1850   0.0000   0.0000   0.0000   0.3656
   4.000   0.9074   0.00793   0.00309  -0.1027  0.5695  1.0000  -1.2804   0.0000   0.0000   0.0000   0.3575
   4.500   0.9604   0.00832   0.00336  -0.1023  0.5328  1.0000  -1.3939   0.0000   0.0000   0.0000   0.3503
   5.000   1.0115   0.00885   0.00371  -0.1016  0.4949  1.0000  -1.5168   0.0000   0.0000   0.0000   0.3436
   5.500   1.0621   0.00942   0.00415  -0.1008  0.4524  1.0000  -1.6676   0.0000   0.0000   0.0000   0.3375
   6.000   1.1109   0.01011   0.00467  -0.0998  0.4116  1.0000  -1.8459   0.0000   0.0000   0.0000   0.3318
   6.500   1.1590   0.01084   0.00525  -0.0987  0.3696  1.0000  -2.1091   0.0000   0.0000   0.0000   0.3266
   7.000   1.2055   0.01166   0.00593  -0.0974  0.3280  1.0000  -2.4374   0.0000   0.0000   0.0000   0.3216
   7.500   1.2493   0.01264   0.00671  -0.0958  0.2858  1.0000  -2.7711   0.0000   0.0000   0.0000   0.3168
   8.000   1.2926   0.01360   0.00754  -0.0942  0.2463  1.0000  -3.1172   0.0000   0.0000   0.0000   0.3122
   8.500   1.3321   0.01475   0.00853  -0.0920  0.2064  1.0000  -3.4621   0.0000   0.0000   0.0000   0.3078
   9.000   1.3663   0.01612   0.00969  -0.0891  0.1657  1.0000  -3.7985   0.0000   0.0000   0.0000   0.3032
   9.500   1.3957   0.01759   0.01099  -0.0855  0.1304  1.0000  -4.1259   0.0000   0.0000   0.0000   0.2985
  10.000   1.4221   0.01927   0.01255  -0.0818  0.1022  1.0000  -4.4480   0.0000   0.0000   0.0000   0.2940


