xflr5 v6.61

 Calculated polar for: peg24_35_revT

 1 1 Reynolds number fixed          Mach number fixed         

 xtrf =   1.000 (top)        1.000 (bottom)
 Mach =   0.000     Re =     0.265 e 6     Ncrit =   9.000

  alpha     CL        CD       CDp       Cm    Top Xtr Bot Xtr   Cpmin    Chinge    XCp    
 ------- -------- --------- --------- -------- ------- ------- -------- --------- ---------
   0.000   0.4047   0.00992   0.00479  -0.0921  0.7679  0.8392  -0.6801   0.0000   0.0000   0.0000   0.4765
   0.500   0.4531   0.00983   0.00466  -0.0894  0.7554  0.8864  -0.7277   0.0000   0.0000   0.0000   0.4456
   1.000   0.5009   0.00963   0.00453  -0.0868  0.7396  0.9384  -0.7772   0.0000   0.0000   0.0000   0.4210
   1.500   0.5788   0.00946   0.00427  -0.0909  0.7247  0.9949  -0.8497   0.0000   0.0000   0.0000   0.4043
   2.000   0.6355   0.00945   0.00415  -0.0914  0.7061  1.0000  -0.9132   0.0000   0.0000   0.0000   0.3905
   2.500   0.6914   0.00953   0.00417  -0.0915  0.6863  1.0000  -0.9833   0.0000   0.0000   0.0000   0.3785
   3.000   0.7471   0.00963   0.00418  -0.0914  0.6647  1.0000  -1.0594   0.0000   0.0000   0.0000   0.3680
   3.500   0.8021   0.00976   0.00424  -0.0911  0.6402  1.0000  -1.1464   0.0000   0.0000   0.0000   0.3587
   4.000   0.8560   0.00995   0.00435  -0.0906  0.6113  1.0000  -1.2468   0.0000   0.0000   0.0000   0.3505
   4.500   0.9088   0.01024   0.00454  -0.0900  0.5790  1.0000  -1.3636   0.0000   0.0000   0.0000   0.3431
   5.000   0.9600   0.01066   0.00483  -0.0891  0.5426  1.0000  -1.4976   0.0000   0.0000   0.0000   0.3363
   5.500   1.0100   0.01118   0.00524  -0.0880  0.5024  1.0000  -1.6645   0.0000   0.0000   0.0000   0.3301
   6.000   1.0582   0.01183   0.00577  -0.0868  0.4601  1.0000  -1.8912   0.0000   0.0000   0.0000   0.3243
   6.500   1.1047   0.01261   0.00639  -0.0853  0.4177  1.0000  -2.2128   0.0000   0.0000   0.0000   0.3190
   7.000   1.1500   0.01344   0.00714  -0.0838  0.3735  1.0000  -2.5453   0.0000   0.0000   0.0000   0.3140
   7.500   1.1929   0.01443   0.00798  -0.0820  0.3294  1.0000  -2.8835   0.0000   0.0000   0.0000   0.3092
   8.000   1.2326   0.01559   0.00897  -0.0798  0.2853  1.0000  -3.2233   0.0000   0.0000   0.0000   0.3045
   8.500   1.2703   0.01682   0.01011  -0.0774  0.2416  1.0000  -3.5667   0.0000   0.0000   0.0000   0.3000
   9.000   1.3040   0.01825   0.01141  -0.0746  0.1986  1.0000  -3.9039   0.0000   0.0000   0.0000   0.2955
   9.500   1.3298   0.01996   0.01295  -0.0707  0.1567  1.0000  -4.2174   0.0000   0.0000   0.0000   0.2908
  10.000   1.3509   0.02206   0.01489  -0.0667  0.1196  1.0000  -4.5156   0.0000   0.0000   0.0000   0.2862


