xflr5 v6.61

 Calculated polar for: peg24_65_revT

 1 1 Reynolds number fixed          Mach number fixed         

 xtrf =   1.000 (top)        1.000 (bottom)
 Mach =   0.000     Re =     0.175 e 6     Ncrit =   9.000

  alpha     CL        CD       CDp       Cm    Top Xtr Bot Xtr   Cpmin    Chinge    XCp    
 ------- -------- --------- --------- -------- ------- ------- -------- --------- ---------
   0.000   0.5161   0.01589   0.01014  -0.1261  0.7883  0.8153  -0.7603   0.0000   0.0000   0.0000   0.4934
   0.500   0.5558   0.01573   0.01007  -0.1213  0.7779  0.8933  -0.7994   0.0000   0.0000   0.0000   0.4667
   1.000   0.6170   0.01536   0.00969  -0.1219  0.7643  1.0000  -0.8558   0.0000   0.0000   0.0000   0.4453
   1.500   0.6856   0.01506   0.00916  -0.1238  0.7558  1.0000  -0.9223   0.0000   0.0000   0.0000   0.4276
   2.000   0.7395   0.01523   0.00928  -0.1238  0.7389  1.0000  -0.9814   0.0000   0.0000   0.0000   0.4139
   2.500   0.8052   0.01482   0.00870  -0.1247  0.7287  1.0000  -1.0548   0.0000   0.0000   0.0000   0.4007
   3.000   0.8578   0.01485   0.00875  -0.1240  0.7102  1.0000  -1.1250   0.0000   0.0000   0.0000   0.3899
   3.500   0.9159   0.01469   0.00854  -0.1239  0.6944  1.0000  -1.2053   0.0000   0.0000   0.0000   0.3800
   4.000   0.9755   0.01437   0.00814  -0.1238  0.6772  1.0000  -1.3007   0.0000   0.0000   0.0000   0.3710
   4.500   1.0288   0.01435   0.00814  -0.1230  0.6552  1.0000  -1.3977   0.0000   0.0000   0.0000   0.3631
   5.000   1.0826   0.01429   0.00807  -0.1222  0.6304  1.0000  -1.5116   0.0000   0.0000   0.0000   0.3557
   5.500   1.1358   0.01433   0.00806  -0.1212  0.6023  1.0000  -1.6389   0.0000   0.0000   0.0000   0.3489
   6.000   1.1865   0.01456   0.00819  -0.1199  0.5687  1.0000  -1.7838   0.0000   0.0000   0.0000   0.3426
   6.500   1.2329   0.01505   0.00864  -0.1181  0.5299  1.0000  -1.9392   0.0000   0.0000   0.0000   0.3366
   7.000   1.2770   0.01578   0.00921  -0.1159  0.4886  1.0000  -2.1161   0.0000   0.0000   0.0000   0.3309
   7.500   1.3168   0.01672   0.01002  -0.1132  0.4457  1.0000  -2.3105   0.0000   0.0000   0.0000   0.3255
   8.000   1.3530   0.01785   0.01104  -0.1102  0.4042  1.0000  -2.5580   0.0000   0.0000   0.0000   0.3202
   8.500   1.3838   0.01920   0.01225  -0.1064  0.3638  1.0000  -2.8294   0.0000   0.0000   0.0000   0.3149
   9.000   1.4092   0.02063   0.01364  -0.1020  0.3263  1.0000  -3.0981   0.0000   0.0000   0.0000   0.3096
   9.500   1.4290   0.02238   0.01530  -0.0971  0.2910  1.0000  -3.3556   0.0000   0.0000   0.0000   0.3044
  10.000   1.4446   0.02455   0.01737  -0.0922  0.2579  1.0000  -3.6029   0.0000   0.0000   0.0000   0.2994


