xflr5 v6.61

 Calculated polar for: peg24_55_revT

 1 1 Reynolds number fixed          Mach number fixed         

 xtrf =   1.000 (top)        1.000 (bottom)
 Mach =   0.000     Re =     0.140 e 6     Ncrit =   9.000

  alpha     CL        CD       CDp       Cm    Top Xtr Bot Xtr   Cpmin    Chinge    XCp    
 ------- -------- --------- --------- -------- ------- ------- -------- --------- ---------
   0.000   0.4310   0.01832   0.01237  -0.1089  0.8063  0.9030  -0.6974   0.0000   0.0000   0.0000   0.5020
   0.500   0.4974   0.01811   0.01210  -0.1109  0.7917  1.0000  -0.7505   0.0000   0.0000   0.0000   0.4715
   1.000   0.5706   0.01763   0.01137  -0.1133  0.7832  1.0000  -0.8159   0.0000   0.0000   0.0000   0.4464
   1.500   0.6221   0.01801   0.01167  -0.1132  0.7648  1.0000  -0.8687   0.0000   0.0000   0.0000   0.4292
   2.000   0.6913   0.01742   0.01090  -0.1142  0.7555  1.0000  -0.9399   0.0000   0.0000   0.0000   0.4119
   2.500   0.7426   0.01758   0.01105  -0.1135  0.7359  1.0000  -1.0015   0.0000   0.0000   0.0000   0.3989
   3.000   0.8010   0.01738   0.01080  -0.1132  0.7201  1.0000  -1.0772   0.0000   0.0000   0.0000   0.3868
   3.500   0.8633   0.01681   0.01015  -0.1131  0.7043  1.0000  -1.1635   0.0000   0.0000   0.0000   0.3760
   4.000   0.9169   0.01673   0.01010  -0.1122  0.6828  1.0000  -1.2526   0.0000   0.0000   0.0000   0.3667
   4.500   0.9727   0.01653   0.00991  -0.1114  0.6609  1.0000  -1.3572   0.0000   0.0000   0.0000   0.3584
   5.000   1.0284   0.01628   0.00965  -0.1106  0.6359  1.0000  -1.4774   0.0000   0.0000   0.0000   0.3507
   5.500   1.0825   0.01616   0.00951  -0.1095  0.6070  1.0000  -1.6105   0.0000   0.0000   0.0000   0.3437
   6.000   1.1357   0.01618   0.00942  -0.1083  0.5740  1.0000  -1.7689   0.0000   0.0000   0.0000   0.3373
   6.500   1.1831   0.01660   0.00982  -0.1065  0.5351  1.0000  -1.9420   0.0000   0.0000   0.0000   0.3312
   7.000   1.2298   0.01722   0.01024  -0.1045  0.4936  1.0000  -2.1443   0.0000   0.0000   0.0000   0.3256
   7.500   1.2702   0.01812   0.01111  -0.1019  0.4495  1.0000  -2.4140   0.0000   0.0000   0.0000   0.3201
   8.000   1.3084   0.01923   0.01209  -0.0991  0.4069  1.0000  -2.7112   0.0000   0.0000   0.0000   0.3149
   8.500   1.3416   0.02055   0.01329  -0.0957  0.3645  1.0000  -3.0078   0.0000   0.0000   0.0000   0.3097
   9.000   1.3698   0.02201   0.01473  -0.0917  0.3234  1.0000  -3.2949   0.0000   0.0000   0.0000   0.3046
   9.500   1.3895   0.02380   0.01633  -0.0867  0.2858  1.0000  -3.5598   0.0000   0.0000   0.0000   0.2993
  10.000   1.4057   0.02580   0.01839  -0.0817  0.2492  1.0000  -3.8140   0.0000   0.0000   0.0000   0.2942


