xflr5 v6.61

 Calculated polar for: peg24_65_revT

 1 1 Reynolds number fixed          Mach number fixed         

 xtrf =   1.000 (top)        1.000 (bottom)
 Mach =   0.000     Re =     0.045 e 6     Ncrit =   9.000

  alpha     CL        CD       CDp       Cm    Top Xtr Bot Xtr   Cpmin    Chinge    XCp    
 ------- -------- --------- --------- -------- ------- ------- -------- --------- ---------
   0.000   0.0109   0.03484   0.02675  -0.0610  1.0000  1.0000  -0.9928   0.0000   0.0000   0.0000   5.8906
   0.500   0.0762   0.03716   0.02815  -0.0687  1.0000  1.0000  -0.8167   0.0000   0.0000   0.0000   1.1558
   1.000   0.1224   0.03953   0.03001  -0.0715  1.0000  1.0000  -0.6680   0.0000   0.0000   0.0000   0.8339
   1.500   0.2262   0.04386   0.03380  -0.0844  0.9634  1.0000  -0.5431   0.0000   0.0000   0.0000   0.6206
   2.000   0.3034   0.04729   0.03689  -0.0916  0.9309  1.0000  -0.5969   0.0000   0.0000   0.0000   0.5487
   2.500   0.4016   0.05146   0.04077  -0.1012  0.8949  1.0000  -0.6715   0.0000   0.0000   0.0000   0.4980
   3.000   0.4513   0.05404   0.04325  -0.1029  0.8642  1.0000  -0.7129   0.0000   0.0000   0.0000   0.4734
   3.500   0.4985   0.05669   0.04583  -0.1040  0.8322  1.0000  -0.7575   0.0000   0.0000   0.0000   0.4535
   4.000   0.5464   0.05946   0.04858  -0.1050  0.8000  1.0000  -0.8064   0.0000   0.0000   0.0000   0.4366
   4.500   0.5956   0.06230   0.05143  -0.1061  0.7681  1.0000  -0.8590   0.0000   0.0000   0.0000   0.4219
   5.000   0.6502   0.06496   0.05413  -0.1073  0.7359  1.0000  -0.9244   0.0000   0.0000   0.0000   0.4082
   5.500   0.7115   0.06733   0.05659  -0.1086  0.7049  1.0000  -1.0063   0.0000   0.0000   0.0000   0.3953
   6.000   0.7761   0.06936   0.05876  -0.1095  0.6756  1.0000  -1.1003   0.0000   0.0000   0.0000   0.3833
   6.500   0.7876   0.07316   0.06267  -0.1068  0.6436  1.0000  -1.1355   0.0000   0.0000   0.0000   0.3772
   7.000   0.8155   0.07666   0.06633  -0.1054  0.6131  1.0000  -1.1939   0.0000   0.0000   0.0000   0.3703
   7.500   0.8484   0.08000   0.06984  -0.1042  0.5832  1.0000  -1.2679   0.0000   0.0000   0.0000   0.3632
   8.000   0.8877   0.08280   0.07284  -0.1028  0.5531  1.0000  -1.3609   0.0000   0.0000   0.0000   0.3556
   8.500   0.9260   0.08572   0.07599  -0.1013  0.5244  1.0000  -1.4645   0.0000   0.0000   0.0000   0.3485
   9.000   0.9772   0.08697   0.07751  -0.0991  0.4952  1.0000  -1.6104   0.0000   0.0000   0.0000   0.3398


