xflr5 v6.61

 Calculated polar for: peg24_40_revT

 1 1 Reynolds number fixed          Mach number fixed         

 xtrf =   1.000 (top)        1.000 (bottom)
 Mach =   0.000     Re =     0.120 e 6     Ncrit =   9.000

  alpha     CL        CD       CDp       Cm    Top Xtr Bot Xtr   Cpmin    Chinge    XCp    
 ------- -------- --------- --------- -------- ------- ------- -------- --------- ---------
   0.000   0.3756   0.01893   0.01268  -0.0962  0.8234  1.0000  -0.6492   0.0000   0.0000   0.0000   0.5055
   0.500   0.4477   0.01856   0.01207  -0.0989  0.8123  1.0000  -0.7092   0.0000   0.0000   0.0000   0.4694
   1.000   0.4985   0.01893   0.01229  -0.0987  0.7927  1.0000  -0.7572   0.0000   0.0000   0.0000   0.4459
   1.500   0.5691   0.01846   0.01165  -0.1000  0.7824  1.0000  -0.8264   0.0000   0.0000   0.0000   0.4230
   2.000   0.6198   0.01864   0.01177  -0.0991  0.7613  1.0000  -0.8831   0.0000   0.0000   0.0000   0.4067
   2.500   0.6754   0.01864   0.01173  -0.0984  0.7426  1.0000  -0.9502   0.0000   0.0000   0.0000   0.3920
   3.000   0.7418   0.01792   0.01090  -0.0985  0.7287  1.0000  -1.0341   0.0000   0.0000   0.0000   0.3786
   3.500   0.7947   0.01783   0.01083  -0.0974  0.7058  1.0000  -1.1157   0.0000   0.0000   0.0000   0.3678
   4.000   0.8495   0.01767   0.01068  -0.0963  0.6826  1.0000  -1.2086   0.0000   0.0000   0.0000   0.3581
   4.500   0.9054   0.01742   0.01045  -0.0953  0.6580  1.0000  -1.3224   0.0000   0.0000   0.0000   0.3495
   5.000   0.9613   0.01715   0.01016  -0.0943  0.6304  1.0000  -1.4499   0.0000   0.0000   0.0000   0.3417
   5.500   1.0167   0.01700   0.00995  -0.0932  0.5998  1.0000  -1.6066   0.0000   0.0000   0.0000   0.3346
   6.000   1.0666   0.01722   0.01018  -0.0915  0.5623  1.0000  -1.7860   0.0000   0.0000   0.0000   0.3282
   6.500   1.1166   0.01757   0.01040  -0.0899  0.5225  1.0000  -2.0243   0.0000   0.0000   0.0000   0.3222
   7.000   1.1610   0.01827   0.01107  -0.0877  0.4779  1.0000  -2.3349   0.0000   0.0000   0.0000   0.3166
   7.500   1.2041   0.01918   0.01185  -0.0854  0.4338  1.0000  -2.6578   0.0000   0.0000   0.0000   0.3113
   8.000   1.2435   0.02032   0.01279  -0.0827  0.3887  1.0000  -2.9806   0.0000   0.0000   0.0000   0.3062
   8.500   1.2768   0.02159   0.01410  -0.0793  0.3424  1.0000  -3.2907   0.0000   0.0000   0.0000   0.3011
   9.000   1.3055   0.02314   0.01559  -0.0755  0.2970  1.0000  -3.5918   0.0000   0.0000   0.0000   0.2961
   9.500   1.3272   0.02501   0.01735  -0.0709  0.2535  1.0000  -3.8716   0.0000   0.0000   0.0000   0.2910
  10.000   1.3393   0.02736   0.01947  -0.0655  0.2137  1.0000  -4.1164   0.0000   0.0000   0.0000   0.2856


