xflr5 v6.61

 Calculated polar for: peg24_25_revT

 1 1 Reynolds number fixed          Mach number fixed         

 xtrf =   1.000 (top)        1.000 (bottom)
 Mach =   0.000     Re =     0.065 e 6     Ncrit =   9.000

  alpha     CL        CD       CDp       Cm    Top Xtr Bot Xtr   Cpmin    Chinge    XCp    
 ------- -------- --------- --------- -------- ------- ------- -------- --------- ---------
   0.000   0.1568   0.02665   0.01828  -0.0658  0.9093  1.0000  -0.4912   0.0000   0.0000   0.0000   0.6700
   0.500   0.2341   0.02792   0.01926  -0.0712  0.8879  1.0000  -0.5458   0.0000   0.0000   0.0000   0.5534
   1.000   0.3243   0.02898   0.02010  -0.0779  0.8668  1.0000  -0.6138   0.0000   0.0000   0.0000   0.4884
   1.500   0.3835   0.02991   0.02092  -0.0795  0.8410  1.0000  -0.6664   0.0000   0.0000   0.0000   0.4547
   2.000   0.4433   0.03090   0.02184  -0.0808  0.8151  1.0000  -0.7232   0.0000   0.0000   0.0000   0.4293
   2.500   0.5052   0.03175   0.02267  -0.0820  0.7889  1.0000  -0.7876   0.0000   0.0000   0.0000   0.4088
   3.000   0.5682   0.03239   0.02334  -0.0828  0.7628  1.0000  -0.8594   0.0000   0.0000   0.0000   0.3918
   3.500   0.6305   0.03277   0.02379  -0.0829  0.7368  1.0000  -0.9410   0.0000   0.0000   0.0000   0.3771
   4.000   0.6919   0.03284   0.02397  -0.0823  0.7107  1.0000  -1.0322   0.0000   0.0000   0.0000   0.3641
   4.500   0.7538   0.03257   0.02383  -0.0812  0.6846  1.0000  -1.1462   0.0000   0.0000   0.0000   0.3524
   5.000   0.8173   0.03184   0.02327  -0.0798  0.6582  1.0000  -1.2781   0.0000   0.0000   0.0000   0.3417
   5.500   0.8823   0.03070   0.02230  -0.0780  0.6306  1.0000  -1.4534   0.0000   0.0000   0.0000   0.3320
   6.000   0.9514   0.02912   0.02086  -0.0763  0.6014  1.0000  -1.6768   0.0000   0.0000   0.0000   0.3233
   6.500   1.0093   0.02844   0.02031  -0.0740  0.5653  1.0000  -1.9984   0.0000   0.0000   0.0000   0.3158
   7.000   1.0688   0.02767   0.01956  -0.0718  0.5243  1.0000  -2.3665   0.0000   0.0000   0.0000   0.3090
   7.500   1.1174   0.02785   0.01979  -0.0689  0.4769  1.0000  -2.7136   0.0000   0.0000   0.0000   0.3029
   8.000   1.1631   0.02841   0.02029  -0.0658  0.4262  1.0000  -3.0622   0.0000   0.0000   0.0000   0.2971
   8.500   1.2027   0.02939   0.02113  -0.0623  0.3715  1.0000  -3.3977   0.0000   0.0000   0.0000   0.2916
   9.000   1.2360   0.03089   0.02237  -0.0584  0.3143  1.0000  -3.7148   0.0000   0.0000   0.0000   0.2863
   9.500   1.2584   0.03329   0.02462  -0.0536  0.2584  1.0000  -3.9768   0.0000   0.0000   0.0000   0.2809
  10.000   1.2770   0.03633   0.02750  -0.0488  0.2092  1.0000  -4.2091   0.0000   0.0000   0.0000   0.2758


