xflr5 v6.61

 Calculated polar for: peg24_55_revT

 1 1 Reynolds number fixed          Mach number fixed         

 xtrf =   1.000 (top)        1.000 (bottom)
 Mach =   0.000     Re =     0.070 e 6     Ncrit =   9.000

  alpha     CL        CD       CDp       Cm    Top Xtr Bot Xtr   Cpmin    Chinge    XCp    
 ------- -------- --------- --------- -------- ------- ------- -------- --------- ---------
   0.000   0.2321   0.03156   0.02389  -0.0924  0.8783  1.0000  -0.5689   0.0000   0.0000   0.0000   0.6490
   0.500   0.3082   0.03298   0.02490  -0.0977  0.8602  1.0000  -0.5991   0.0000   0.0000   0.0000   0.5664
   1.000   0.3833   0.03413   0.02575  -0.1021  0.8414  1.0000  -0.6561   0.0000   0.0000   0.0000   0.5146
   1.500   0.4330   0.03546   0.02689  -0.1025  0.8182  1.0000  -0.6992   0.0000   0.0000   0.0000   0.4842
   2.000   0.4893   0.03679   0.02809  -0.1036  0.7960  1.0000  -0.7513   0.0000   0.0000   0.0000   0.4585
   2.500   0.5572   0.03775   0.02896  -0.1056  0.7760  1.0000  -0.8153   0.0000   0.0000   0.0000   0.4358
   3.000   0.6336   0.03798   0.02915  -0.1080  0.7570  1.0000  -0.8945   0.0000   0.0000   0.0000   0.4160
   3.500   0.6831   0.03890   0.03008  -0.1071  0.7322  1.0000  -0.9568   0.0000   0.0000   0.0000   0.4019
   4.000   0.7346   0.03968   0.03090  -0.1063  0.7076  1.0000  -1.0261   0.0000   0.0000   0.0000   0.3892
   4.500   0.7884   0.04015   0.03144  -0.1053  0.6833  1.0000  -1.1082   0.0000   0.0000   0.0000   0.3775
   5.500   0.9523   0.03604   0.02762  -0.1055  0.6501  1.0000  -1.3853   0.0000   0.0000   0.0000   0.3537
   6.000   1.0125   0.03492   0.02665  -0.1037  0.6255  1.0000  -1.5231   0.0000   0.0000   0.0000   0.3447
   6.500   1.0812   0.03302   0.02494  -0.1023  0.6005  1.0000  -1.7027   0.0000   0.0000   0.0000   0.3363
   7.000   1.1591   0.03052   0.02254  -0.1017  0.5731  1.0000  -1.9360   0.0000   0.0000   0.0000   0.3287
   7.500   1.2102   0.03013   0.02230  -0.0991  0.5359  1.0000  -2.1484   0.0000   0.0000   0.0000   0.3221
   8.000   1.2770   0.02899   0.02105  -0.0980  0.4957  1.0000  -2.5044   0.0000   0.0000   0.0000   0.3162
   8.500   1.3172   0.02977   0.02188  -0.0946  0.4508  1.0000  -2.8025   0.0000   0.0000   0.0000   0.3106
   9.000   1.3584   0.03077   0.02277  -0.0914  0.4053  1.0000  -3.1192   0.0000   0.0000   0.0000   0.3053
   9.500   1.3950   0.03218   0.02396  -0.0880  0.3592  1.0000  -3.4347   0.0000   0.0000   0.0000   0.3002
  10.000   1.4170   0.03416   0.02593  -0.0830  0.3150  1.0000  -3.6995   0.0000   0.0000   0.0000   0.2950


