xflr5 v6.61

 Calculated polar for: peg24_40_revT

 1 1 Reynolds number fixed          Mach number fixed         

 xtrf =   1.000 (top)        1.000 (bottom)
 Mach =   0.000     Re =     0.050 e 6     Ncrit =   9.000

  alpha     CL        CD       CDp       Cm    Top Xtr Bot Xtr   Cpmin    Chinge    XCp    
 ------- -------- --------- --------- -------- ------- ------- -------- --------- ---------
   0.000   0.0601   0.03084   0.02183  -0.0593  0.9751  1.0000  -0.7339   0.0000   0.0000   0.0000   1.2424
   0.500   0.1481   0.03332   0.02380  -0.0683  0.9512  1.0000  -0.5298   0.0000   0.0000   0.0000   0.7114
   1.000   0.2229   0.03556   0.02570  -0.0746  0.9265  1.0000  -0.5404   0.0000   0.0000   0.0000   0.5829
   1.500   0.2938   0.03775   0.02764  -0.0797  0.8996  1.0000  -0.5921   0.0000   0.0000   0.0000   0.5186
   2.000   0.3594   0.03988   0.02962  -0.0835  0.8720  1.0000  -0.6456   0.0000   0.0000   0.0000   0.4791
   2.500   0.4222   0.04200   0.03164  -0.0865  0.8438  1.0000  -0.7000   0.0000   0.0000   0.0000   0.4512
   3.000   0.4858   0.04401   0.03361  -0.0892  0.8146  1.0000  -0.7607   0.0000   0.0000   0.0000   0.4293
   3.500   0.5489   0.04588   0.03549  -0.0912  0.7854  1.0000  -0.8274   0.0000   0.0000   0.0000   0.4115
   4.000   0.6130   0.04753   0.03721  -0.0928  0.7564  1.0000  -0.9027   0.0000   0.0000   0.0000   0.3962
   4.500   0.6629   0.04930   0.03907  -0.0925  0.7257  1.0000  -0.9734   0.0000   0.0000   0.0000   0.3839
   5.000   0.6968   0.05158   0.04145  -0.0908  0.6925  1.0000  -1.0315   0.0000   0.0000   0.0000   0.3741
   5.500   0.7446   0.05333   0.04336  -0.0900  0.6611  1.0000  -1.1189   0.0000   0.0000   0.0000   0.3642
   6.000   0.8002   0.05442   0.04466  -0.0892  0.6308  1.0000  -1.2293   0.0000   0.0000   0.0000   0.3542
   6.500   0.8656   0.05428   0.04479  -0.0879  0.6015  1.0000  -1.3778   0.0000   0.0000   0.0000   0.3438
   7.000   0.9420   0.05230   0.04312  -0.0857  0.5737  1.0000  -1.5852   0.0000   0.0000   0.0000   0.3327
   7.500   1.0421   0.04716   0.03838  -0.0833  0.5465  1.0000  -1.9039   0.0000   0.0000   0.0000   0.3210
   8.000   1.0306   0.05288   0.04425  -0.0784  0.5068  1.0000  -1.9874   0.0000   0.0000   0.0000   0.3165
   8.500   1.2129   0.03988   0.03152  -0.0784  0.4655  1.0000  -2.8111   0.0000   0.0000   0.0000   0.3043
   9.000   1.2725   0.03918   0.03079  -0.0754  0.4134  1.0000  -3.2074   0.0000   0.0000   0.0000   0.2981
   9.500   1.3114   0.04032   0.03186  -0.0712  0.3601  1.0000  -3.5278   0.0000   0.0000   0.0000   0.2923
  10.000   1.3413   0.04235   0.03377  -0.0666  0.3080  1.0000  -3.8117   0.0000   0.0000   0.0000   0.2869


