xflr5 v6.61

 Calculated polar for: peg24_30_revT

 1 1 Reynolds number fixed          Mach number fixed         

 xtrf =   1.000 (top)        1.000 (bottom)
 Mach =   0.000     Re =     0.055 e 6     Ncrit =   9.000

  alpha     CL        CD       CDp       Cm    Top Xtr Bot Xtr   Cpmin    Chinge    XCp    
 ------- -------- --------- --------- -------- ------- ------- -------- --------- ---------
   0.000   0.1076   0.02914   0.02019  -0.0619  0.9491  1.0000  -0.5855   0.0000   0.0000   0.0000   0.8270
   0.500   0.1834   0.03082   0.02152  -0.0680  0.9251  1.0000  -0.5108   0.0000   0.0000   0.0000   0.6201
   1.000   0.2519   0.03249   0.02292  -0.0725  0.8999  1.0000  -0.5611   0.0000   0.0000   0.0000   0.5358
   1.500   0.3194   0.03415   0.02441  -0.0763  0.8731  1.0000  -0.6143   0.0000   0.0000   0.0000   0.4863
   2.000   0.3836   0.03580   0.02595  -0.0792  0.8459  1.0000  -0.6684   0.0000   0.0000   0.0000   0.4534
   2.500   0.4468   0.03738   0.02748  -0.0816  0.8180  1.0000  -0.7281   0.0000   0.0000   0.0000   0.4290
   3.000   0.5092   0.03884   0.02894  -0.0834  0.7896  1.0000  -0.7935   0.0000   0.0000   0.0000   0.4097
   3.500   0.5720   0.04010   0.03025  -0.0847  0.7611  1.0000  -0.8655   0.0000   0.0000   0.0000   0.3935
   4.000   0.6364   0.04100   0.03125  -0.0856  0.7326  1.0000  -0.9500   0.0000   0.0000   0.0000   0.3794
   4.500   0.7010   0.04153   0.03192  -0.0857  0.7046  1.0000  -1.0474   0.0000   0.0000   0.0000   0.3668
   5.000   0.7682   0.04149   0.03207  -0.0854  0.6772  1.0000  -1.1686   0.0000   0.0000   0.0000   0.3552
   5.500   0.8366   0.04067   0.03148  -0.0841  0.6503  1.0000  -1.3121   0.0000   0.0000   0.0000   0.3441
   6.500   0.9340   0.04102   0.03230  -0.0784  0.5841  1.0000  -1.6286   0.0000   0.0000   0.0000   0.3264
   7.000   1.0180   0.03772   0.02928  -0.0763  0.5534  1.0000  -1.9876   0.0000   0.0000   0.0000   0.3168
   7.500   1.1008   0.03470   0.02642  -0.0743  0.5159  1.0000  -2.4307   0.0000   0.0000   0.0000   0.3088
   8.000   1.1691   0.03315   0.02479  -0.0720  0.4679  1.0000  -2.8561   0.0000   0.0000   0.0000   0.3021
   8.500   1.2166   0.03354   0.02507  -0.0686  0.4148  1.0000  -3.2118   0.0000   0.0000   0.0000   0.2962
   9.000   1.2498   0.03495   0.02651  -0.0642  0.3593  1.0000  -3.5153   0.0000   0.0000   0.0000   0.2904
   9.500   1.2765   0.03697   0.02844  -0.0594  0.3033  1.0000  -3.7915   0.0000   0.0000   0.0000   0.2848
  10.000   1.2993   0.03969   0.03101  -0.0546  0.2515  1.0000  -4.0416   0.0000   0.0000   0.0000   0.2796


