xflr5 v6.61

 Calculated polar for: peg24_05_revT

 1 1 Reynolds number fixed          Mach number fixed         

 xtrf =   1.000 (top)        1.000 (bottom)
 Mach =   0.000     Re =     0.125 e 6     Ncrit =   9.000

  alpha     CL        CD       CDp       Cm    Top Xtr Bot Xtr   Cpmin    Chinge    XCp    
 ------- -------- --------- --------- -------- ------- ------- -------- --------- ---------
   0.000   0.3663   0.01509   0.00878  -0.0781  0.8484  0.9839  -0.6306   0.0000   0.0000   0.0000   0.4623
   1.000   0.4907   0.01436   0.00784  -0.0812  0.8043  1.0000  -0.7500   0.0000   0.0000   0.0000   0.4135
   1.500   0.5259   0.01423   0.00760  -0.0772  0.7801  1.0000  -0.7996   0.0000   0.0000   0.0000   0.3944
   2.000   0.5608   0.01416   0.00744  -0.0730  0.7551  1.0000  -0.8527   0.0000   0.0000   0.0000   0.3772
   2.500   0.5969   0.01416   0.00737  -0.0689  0.7288  1.0000  -0.9135   0.0000   0.0000   0.0000   0.3620
   3.000   0.6382   0.01420   0.00733  -0.0656  0.7019  1.0000  -0.9865   0.0000   0.0000   0.0000   0.3490
   3.500   0.6814   0.01431   0.00739  -0.0627  0.6724  1.0000  -1.0813   0.0000   0.0000   0.0000   0.3377
   4.000   0.7267   0.01446   0.00752  -0.0601  0.6399  1.0000  -1.1908   0.0000   0.0000   0.0000   0.3280
   4.500   0.7747   0.01462   0.00762  -0.0580  0.6058  1.0000  -1.3487   0.0000   0.0000   0.0000   0.3196
   5.000   0.8236   0.01490   0.00778  -0.0560  0.5701  1.0000  -1.5980   0.0000   0.0000   0.0000   0.3123
   5.500   0.8688   0.01531   0.00819  -0.0536  0.5290  1.0000  -1.9140   0.0000   0.0000   0.0000   0.3055
   6.000   0.9137   0.01584   0.00863  -0.0512  0.4856  1.0000  -2.2454   0.0000   0.0000   0.0000   0.2993
   6.500   0.9575   0.01653   0.00918  -0.0488  0.4417  1.0000  -2.5872   0.0000   0.0000   0.0000   0.2936
   7.000   0.9966   0.01728   0.00989  -0.0457  0.3931  1.0000  -2.9252   0.0000   0.0000   0.0000   0.2880
   7.500   1.0326   0.01821   0.01076  -0.0424  0.3420  1.0000  -3.2616   0.0000   0.0000   0.0000   0.2825
   8.000   1.0639   0.01939   0.01181  -0.0384  0.2880  1.0000  -3.5864   0.0000   0.0000   0.0000   0.2770
   8.500   1.0889   0.02086   0.01318  -0.0338  0.2278  1.0000  -3.8868   0.0000   0.0000   0.0000   0.2713
   9.000   1.1028   0.02309   0.01505  -0.0280  0.1710  1.0000  -4.1352   0.0000   0.0000   0.0000   0.2649
   9.500   1.1104   0.02569   0.01739  -0.0214  0.1287  1.0000  -4.3399   0.0000   0.0000   0.0000   0.2582
  10.000   1.1205   0.02816   0.01988  -0.0159  0.0990  1.0000  -4.5456   0.0000   0.0000   0.0000   0.2524


