xflr5 v6.61

 Calculated polar for: peg24_25_revT

 1 1 Reynolds number fixed          Mach number fixed         

 xtrf =   1.000 (top)        1.000 (bottom)
 Mach =   0.000     Re =     0.360 e 6     Ncrit =   9.000

  alpha     CL        CD       CDp       Cm    Top Xtr Bot Xtr   Cpmin    Chinge    XCp    
 ------- -------- --------- --------- -------- ------- ------- -------- --------- ---------
   0.000   0.3676   0.00809   0.00324  -0.0817  0.7474  0.8178  -0.6534   0.0000   0.0000   0.0000   0.4711
   0.500   0.4192   0.00802   0.00317  -0.0801  0.7320  0.8561  -0.7033   0.0000   0.0000   0.0000   0.4393
   1.000   0.4685   0.00797   0.00318  -0.0780  0.7155  0.8955  -0.7546   0.0000   0.0000   0.0000   0.4142
   1.500   0.5183   0.00790   0.00308  -0.0760  0.6978  0.9373  -0.8087   0.0000   0.0000   0.0000   0.3937
   2.000   0.5880   0.00784   0.00297  -0.0785  0.6772  0.9823  -0.8826   0.0000   0.0000   0.0000   0.3801
   2.500   0.6511   0.00791   0.00296  -0.0803  0.6538  1.0000  -0.9575   0.0000   0.0000   0.0000   0.3695
   3.000   0.7058   0.00808   0.00303  -0.0802  0.6279  1.0000  -1.0373   0.0000   0.0000   0.0000   0.3594
   3.500   0.7598   0.00834   0.00315  -0.0799  0.5983  1.0000  -1.1247   0.0000   0.0000   0.0000   0.3504
   4.000   0.8133   0.00863   0.00337  -0.0795  0.5656  1.0000  -1.2347   0.0000   0.0000   0.0000   0.3425
   4.500   0.8656   0.00903   0.00364  -0.0789  0.5281  1.0000  -1.3541   0.0000   0.0000   0.0000   0.3354
   5.000   0.9168   0.00953   0.00400  -0.0781  0.4889  1.0000  -1.5120   0.0000   0.0000   0.0000   0.3289
   5.500   0.9669   0.01011   0.00444  -0.0773  0.4465  1.0000  -1.7452   0.0000   0.0000   0.0000   0.3231
   6.000   1.0168   0.01073   0.00496  -0.0764  0.4058  1.0000  -2.0779   0.0000   0.0000   0.0000   0.3177
   6.500   1.0643   0.01152   0.00557  -0.0753  0.3604  1.0000  -2.4201   0.0000   0.0000   0.0000   0.3127
   7.000   1.1107   0.01238   0.00628  -0.0740  0.3146  1.0000  -2.7738   0.0000   0.0000   0.0000   0.3080
   7.500   1.1562   0.01331   0.00707  -0.0727  0.2690  1.0000  -3.1389   0.0000   0.0000   0.0000   0.3036
   8.000   1.1983   0.01448   0.00801  -0.0710  0.2192  1.0000  -3.5043   0.0000   0.0000   0.0000   0.2993
   8.500   1.2371   0.01585   0.00915  -0.0689  0.1685  1.0000  -3.8682   0.0000   0.0000   0.0000   0.2951
   9.000   1.2728   0.01738   0.01045  -0.0665  0.1226  1.0000  -4.2287   0.0000   0.0000   0.0000   0.2910
   9.500   1.3036   0.01905   0.01194  -0.0634  0.0892  1.0000  -4.5847   0.0000   0.0000   0.0000   0.2867
  10.000   1.3315   0.02075   0.01360  -0.0599  0.0675  1.0000  -4.9391   0.0000   0.0000   0.0000   0.2823


