xflr5 v6.61

 Calculated polar for: peg24_65_revT

 1 1 Reynolds number fixed          Mach number fixed         

 xtrf =   1.000 (top)        1.000 (bottom)
 Mach =   0.000     Re =     0.165 e 6     Ncrit =   9.000

  alpha     CL        CD       CDp       Cm    Top Xtr Bot Xtr   Cpmin    Chinge    XCp    
 ------- -------- --------- --------- -------- ------- ------- -------- --------- ---------
   0.000   0.5064   0.01691   0.01110  -0.1253  0.7906  0.8251  -0.7525   0.0000   0.0000   0.0000   0.4966
   0.500   0.5504   0.01636   0.01060  -0.1205  0.7830  0.9092  -0.7954   0.0000   0.0000   0.0000   0.4673
   1.000   0.6105   0.01639   0.01060  -0.1218  0.7668  1.0000  -0.8495   0.0000   0.0000   0.0000   0.4474
   1.500   0.6788   0.01599   0.01000  -0.1236  0.7578  1.0000  -0.9156   0.0000   0.0000   0.0000   0.4292
   2.000   0.7335   0.01620   0.01014  -0.1236  0.7417  1.0000  -0.9753   0.0000   0.0000   0.0000   0.4150
   2.500   0.7986   0.01570   0.00950  -0.1243  0.7308  1.0000  -1.0481   0.0000   0.0000   0.0000   0.4016
   3.000   0.8520   0.01578   0.00958  -0.1238  0.7130  1.0000  -1.1184   0.0000   0.0000   0.0000   0.3906
   3.500   0.9145   0.01537   0.00905  -0.1240  0.6993  1.0000  -1.2028   0.0000   0.0000   0.0000   0.3804
   4.000   0.9700   0.01518   0.00886  -0.1235  0.6799  1.0000  -1.2937   0.0000   0.0000   0.0000   0.3714
   4.500   1.0242   0.01511   0.00882  -0.1227  0.6587  1.0000  -1.3907   0.0000   0.0000   0.0000   0.3633
   5.000   1.0789   0.01497   0.00866  -0.1219  0.6347  1.0000  -1.5056   0.0000   0.0000   0.0000   0.3559
   5.500   1.1321   0.01495   0.00862  -0.1209  0.6070  1.0000  -1.6320   0.0000   0.0000   0.0000   0.3490
   6.000   1.1841   0.01505   0.00862  -0.1197  0.5745  1.0000  -1.7785   0.0000   0.0000   0.0000   0.3426
   6.500   1.2313   0.01550   0.00901  -0.1179  0.5368  1.0000  -1.9347   0.0000   0.0000   0.0000   0.3367
   7.000   1.2759   0.01617   0.00952  -0.1158  0.4955  1.0000  -2.1119   0.0000   0.0000   0.0000   0.3309
   7.500   1.3160   0.01709   0.01035  -0.1132  0.4527  1.0000  -2.3063   0.0000   0.0000   0.0000   0.3255
   8.000   1.3524   0.01825   0.01132  -0.1101  0.4112  1.0000  -2.5522   0.0000   0.0000   0.0000   0.3201
   8.500   1.3839   0.01952   0.01256  -0.1064  0.3702  1.0000  -2.8250   0.0000   0.0000   0.0000   0.3149
   9.000   1.4088   0.02104   0.01393  -0.1019  0.3326  1.0000  -3.0911   0.0000   0.0000   0.0000   0.3095
   9.500   1.4292   0.02272   0.01559  -0.0970  0.2966  1.0000  -3.3497   0.0000   0.0000   0.0000   0.3043
  10.000   1.4444   0.02486   0.01764  -0.0920  0.2630  1.0000  -3.5953   0.0000   0.0000   0.0000   0.2993


