xflr5 v6.61

 Calculated polar for: peg24_10_revT

 1 1 Reynolds number fixed          Mach number fixed         

 xtrf =   1.000 (top)        1.000 (bottom)
 Mach =   0.000     Re =     0.285 e 6     Ncrit =   9.000

  alpha     CL        CD       CDp       Cm    Top Xtr Bot Xtr   Cpmin    Chinge    XCp    
 ------- -------- --------- --------- -------- ------- ------- -------- --------- ---------
   0.000   0.2874   0.00876   0.00378  -0.0617  0.7650  0.8711  -0.5977   0.0000   0.0000   0.0000   0.4636
   0.500   0.3354   0.00872   0.00372  -0.0591  0.7477  0.9072  -0.6440   0.0000   0.0000   0.0000   0.4243
   1.000   0.3880   0.00865   0.00357  -0.0573  0.7291  0.9437  -0.6975   0.0000   0.0000   0.0000   0.3955
   1.500   0.4594   0.00858   0.00346  -0.0601  0.7072  0.9746  -0.7662   0.0000   0.0000   0.0000   0.3781
   2.000   0.5440   0.00855   0.00334  -0.0661  0.6830  0.9968  -0.8518   0.0000   0.0000   0.0000   0.3683
   2.500   0.5947   0.00863   0.00333  -0.0656  0.6571  1.0000  -0.9202   0.0000   0.0000   0.0000   0.3566
   3.000   0.6434   0.00880   0.00338  -0.0643  0.6288  1.0000  -0.9971   0.0000   0.0000   0.0000   0.3459
   3.500   0.6948   0.00907   0.00349  -0.0635  0.5977  1.0000  -1.0956   0.0000   0.0000   0.0000   0.3369
   4.000   0.7466   0.00935   0.00372  -0.0628  0.5631  1.0000  -1.2065   0.0000   0.0000   0.0000   0.3291
   4.500   0.7978   0.00976   0.00399  -0.0619  0.5254  1.0000  -1.3609   0.0000   0.0000   0.0000   0.3222
   5.000   0.8485   0.01023   0.00436  -0.0610  0.4847  1.0000  -1.6127   0.0000   0.0000   0.0000   0.3160
   5.500   0.8979   0.01083   0.00480  -0.0600  0.4431  1.0000  -1.9462   0.0000   0.0000   0.0000   0.3103
   6.000   0.9474   0.01144   0.00534  -0.0590  0.3990  1.0000  -2.2968   0.0000   0.0000   0.0000   0.3053
   6.500   0.9952   0.01219   0.00595  -0.0579  0.3520  1.0000  -2.6583   0.0000   0.0000   0.0000   0.3006
   7.000   1.0418   0.01305   0.00669  -0.0567  0.3045  1.0000  -3.0302   0.0000   0.0000   0.0000   0.2962
   7.500   1.0861   0.01409   0.00754  -0.0552  0.2503  1.0000  -3.4071   0.0000   0.0000   0.0000   0.2921
   8.000   1.1268   0.01544   0.00860  -0.0535  0.1911  1.0000  -3.7809   0.0000   0.0000   0.0000   0.2880
   8.500   1.1642   0.01706   0.00992  -0.0514  0.1310  1.0000  -4.1484   0.0000   0.0000   0.0000   0.2841
   9.000   1.1991   0.01882   0.01146  -0.0490  0.0888  1.0000  -4.5226   0.0000   0.0000   0.0000   0.2801
   9.500   1.2300   0.02075   0.01327  -0.0461  0.0628  1.0000  -4.8819   0.0000   0.0000   0.0000   0.2761
  10.000   1.2559   0.02271   0.01525  -0.0425  0.0453  1.0000  -5.2062   0.0000   0.0000   0.0000   0.2718


