xflr5 v6.61

 Calculated polar for: peg24_65_revT

 1 1 Reynolds number fixed          Mach number fixed         

 xtrf =   1.000 (top)        1.000 (bottom)
 Mach =   0.000     Re =     0.485 e 6     Ncrit =   9.000

  alpha     CL        CD       CDp       Cm    Top Xtr Bot Xtr   Cpmin    Chinge    XCp    
 ------- -------- --------- --------- -------- ------- ------- -------- --------- ---------
   0.000   0.5647   0.00804   0.00299  -0.1299  0.7272  0.6522  -0.8014   0.0000   0.0000   0.0000   0.4786
   0.500   0.6199   0.00788   0.00305  -0.1294  0.7169  0.7245  -0.8500   0.0000   0.0000   0.0000   0.4568
   1.000   0.6750   0.00782   0.00304  -0.1289  0.7052  0.7797  -0.9051   0.0000   0.0000   0.0000   0.4383
   1.500   0.7286   0.00777   0.00312  -0.1280  0.6928  0.8292  -0.9634   0.0000   0.0000   0.0000   0.4225
   2.000   0.7798   0.00769   0.00309  -0.1266  0.6784  0.8805  -1.0228   0.0000   0.0000   0.0000   0.4085
   2.500   0.8331   0.00750   0.00304  -0.1255  0.6628  1.0000  -1.0876   0.0000   0.0000   0.0000   0.3963
   3.000   0.8908   0.00766   0.00309  -0.1260  0.6455  1.0000  -1.1641   0.0000   0.0000   0.0000   0.3865
   3.500   0.9467   0.00786   0.00318  -0.1260  0.6232  1.0000  -1.2450   0.0000   0.0000   0.0000   0.3776
   4.000   1.0014   0.00811   0.00335  -0.1258  0.5973  1.0000  -1.3371   0.0000   0.0000   0.0000   0.3695
   4.500   1.0549   0.00843   0.00359  -0.1254  0.5673  1.0000  -1.4394   0.0000   0.0000   0.0000   0.3622
   5.000   1.1064   0.00888   0.00391  -0.1247  0.5302  1.0000  -1.5541   0.0000   0.0000   0.0000   0.3554
   5.500   1.1554   0.00950   0.00435  -0.1236  0.4918  1.0000  -1.6789   0.0000   0.0000   0.0000   0.3491
   6.000   1.2035   0.01016   0.00487  -0.1225  0.4492  1.0000  -1.8239   0.0000   0.0000   0.0000   0.3432
   6.500   1.2494   0.01095   0.00549  -0.1210  0.4085  1.0000  -1.9826   0.0000   0.0000   0.0000   0.3376
   7.000   1.2935   0.01182   0.00620  -0.1193  0.3675  1.0000  -2.1671   0.0000   0.0000   0.0000   0.3323
   7.500   1.3356   0.01276   0.00699  -0.1173  0.3283  1.0000  -2.3786   0.0000   0.0000   0.0000   0.3272
   8.500   1.4095   0.01493   0.00889  -0.1118  0.2561  1.0000  -2.9829   0.0000   0.0000   0.0000   0.3172
   9.000   1.4410   0.01618   0.01003  -0.1084  0.2231  1.0000  -3.2829   0.0000   0.0000   0.0000   0.3124
   9.500   1.4678   0.01773   0.01144  -0.1045  0.1919  1.0000  -3.5750   0.0000   0.0000   0.0000   0.3076
  10.000   1.4935   0.01945   0.01308  -0.1009  0.1632  1.0000  -3.8707   0.0000   0.0000   0.0000   0.3031


