xflr5 v6.61

 Calculated polar for: peg24_40_revT

 1 1 Reynolds number fixed          Mach number fixed         

 xtrf =   1.000 (top)        1.000 (bottom)
 Mach =   0.000     Re =     0.440 e 6     Ncrit =   9.000

  alpha     CL        CD       CDp       Cm    Top Xtr Bot Xtr   Cpmin    Chinge    XCp    
 ------- -------- --------- --------- -------- ------- ------- -------- --------- ---------
   0.000   0.4436   0.00764   0.00284  -0.1003  0.7338  0.7588  -0.7091   0.0000   0.0000   0.0000   0.4749
   0.500   0.4977   0.00762   0.00288  -0.0995  0.7205  0.8038  -0.7598   0.0000   0.0000   0.0000   0.4480
   1.000   0.5507   0.00757   0.00286  -0.0984  0.7060  0.8462  -0.8134   0.0000   0.0000   0.0000   0.4262
   1.500   0.6012   0.00750   0.00288  -0.0967  0.6899  0.8877  -0.8692   0.0000   0.0000   0.0000   0.4078
   2.000   0.6506   0.00744   0.00282  -0.0947  0.6728  0.9394  -0.9277   0.0000   0.0000   0.0000   0.3920
   2.500   0.7174   0.00742   0.00276  -0.0969  0.6519  1.0000  -1.0054   0.0000   0.0000   0.0000   0.3811
   3.000   0.7741   0.00759   0.00285  -0.0972  0.6287  1.0000  -1.0814   0.0000   0.0000   0.0000   0.3710
   3.500   0.8293   0.00782   0.00297  -0.0971  0.6010  1.0000  -1.1689   0.0000   0.0000   0.0000   0.3621
   4.000   0.8832   0.00814   0.00317  -0.0968  0.5702  1.0000  -1.2670   0.0000   0.0000   0.0000   0.3541
   4.500   0.9362   0.00852   0.00344  -0.0964  0.5336  1.0000  -1.3827   0.0000   0.0000   0.0000   0.3468
   5.000   0.9874   0.00904   0.00380  -0.0956  0.4953  1.0000  -1.5107   0.0000   0.0000   0.0000   0.3402
   5.500   1.0380   0.00961   0.00423  -0.0948  0.4530  1.0000  -1.6690   0.0000   0.0000   0.0000   0.3341
   6.000   1.0869   0.01029   0.00475  -0.0939  0.4122  1.0000  -1.8609   0.0000   0.0000   0.0000   0.3285
   6.500   1.1349   0.01103   0.00534  -0.0928  0.3695  1.0000  -2.1844   0.0000   0.0000   0.0000   0.3233
   7.000   1.1816   0.01185   0.00603  -0.0915  0.3270  1.0000  -2.5196   0.0000   0.0000   0.0000   0.3184
   7.500   1.2258   0.01282   0.00681  -0.0900  0.2842  1.0000  -2.8610   0.0000   0.0000   0.0000   0.3137
   8.000   1.2686   0.01384   0.00768  -0.0883  0.2426  1.0000  -3.2114   0.0000   0.0000   0.0000   0.3092
   8.500   1.3083   0.01501   0.00869  -0.0862  0.2002  1.0000  -3.5632   0.0000   0.0000   0.0000   0.3048
   9.000   1.3436   0.01639   0.00986  -0.0835  0.1579  1.0000  -3.9090   0.0000   0.0000   0.0000   0.3003
   9.500   1.3724   0.01795   0.01122  -0.0799  0.1217  1.0000  -4.2381   0.0000   0.0000   0.0000   0.2957
  10.000   1.3987   0.01965   0.01281  -0.0763  0.0940  1.0000  -4.5655   0.0000   0.0000   0.0000   0.2912


