xflr5 v6.61

 Calculated polar for: peg24_30_revT

 1 1 Reynolds number fixed          Mach number fixed         

 xtrf =   1.000 (top)        1.000 (bottom)
 Mach =   0.000     Re =     0.450 e 6     Ncrit =   9.000

  alpha     CL        CD       CDp       Cm    Top Xtr Bot Xtr   Cpmin    Chinge    XCp    
 ------- -------- --------- --------- -------- ------- ------- -------- --------- ---------
   0.000   0.3959   0.00735   0.00262  -0.0884  0.7318  0.7796  -0.6742   0.0000   0.0000   0.0000   0.4721
   0.500   0.4499   0.00733   0.00265  -0.0876  0.7171  0.8198  -0.7252   0.0000   0.0000   0.0000   0.4428
   1.000   0.5024   0.00733   0.00264  -0.0863  0.7010  0.8573  -0.7787   0.0000   0.0000   0.0000   0.4194
   1.500   0.5530   0.00725   0.00265  -0.0847  0.6831  0.8959  -0.8336   0.0000   0.0000   0.0000   0.4002
   2.000   0.6029   0.00720   0.00264  -0.0828  0.6640  0.9421  -0.8932   0.0000   0.0000   0.0000   0.3839
   2.500   0.6731   0.00722   0.00260  -0.0857  0.6413  1.0000  -0.9742   0.0000   0.0000   0.0000   0.3734
   3.000   0.7289   0.00741   0.00268  -0.0859  0.6148  1.0000  -1.0531   0.0000   0.0000   0.0000   0.3634
   3.500   0.7838   0.00766   0.00282  -0.0858  0.5844  1.0000  -1.1393   0.0000   0.0000   0.0000   0.3546
   4.000   0.8372   0.00802   0.00302  -0.0854  0.5501  1.0000  -1.2465   0.0000   0.0000   0.0000   0.3466
   4.500   0.8900   0.00843   0.00331  -0.0849  0.5135  1.0000  -1.3639   0.0000   0.0000   0.0000   0.3395
   5.000   0.9413   0.00895   0.00367  -0.0843  0.4719  1.0000  -1.5098   0.0000   0.0000   0.0000   0.3331
   5.500   0.9923   0.00951   0.00410  -0.0836  0.4314  1.0000  -1.6946   0.0000   0.0000   0.0000   0.3272
   6.500   1.0905   0.01091   0.00519  -0.0817  0.3453  1.0000  -2.3594   0.0000   0.0000   0.0000   0.3168
   7.000   1.1379   0.01173   0.00587  -0.0807  0.3017  1.0000  -2.7118   0.0000   0.0000   0.0000   0.3121
   7.500   1.1832   0.01269   0.00664  -0.0793  0.2563  1.0000  -3.0718   0.0000   0.0000   0.0000   0.3076
   8.000   1.2259   0.01382   0.00754  -0.0777  0.2078  1.0000  -3.4360   0.0000   0.0000   0.0000   0.3033
   8.500   1.2658   0.01509   0.00860  -0.0757  0.1609  1.0000  -3.8017   0.0000   0.0000   0.0000   0.2991
   9.000   1.3023   0.01654   0.00982  -0.0733  0.1188  1.0000  -4.1637   0.0000   0.0000   0.0000   0.2948
   9.500   1.3348   0.01805   0.01117  -0.0703  0.0885  1.0000  -4.5277   0.0000   0.0000   0.0000   0.2905
  10.000   1.3642   0.01960   0.01267  -0.0670  0.0678  1.0000  -4.8917   0.0000   0.0000   0.0000   0.2862


