xflr5 v6.61

 Calculated polar for: peg24_10_revT

 1 1 Reynolds number fixed          Mach number fixed         

 xtrf =   1.000 (top)        1.000 (bottom)
 Mach =   0.000     Re =     0.470 e 6     Ncrit =   9.000

  alpha     CL        CD       CDp       Cm    Top Xtr Bot Xtr   Cpmin    Chinge    XCp    
 ------- -------- --------- --------- -------- ------- ------- -------- --------- ---------
   0.000   0.3004   0.00689   0.00229  -0.0645  0.7262  0.8098  -0.6067   0.0000   0.0000   0.0000   0.4635
   0.500   0.3539   0.00687   0.00229  -0.0635  0.7078  0.8422  -0.6564   0.0000   0.0000   0.0000   0.4277
   1.000   0.4064   0.00689   0.00231  -0.0623  0.6875  0.8738  -0.7099   0.0000   0.0000   0.0000   0.4010
   1.500   0.4570   0.00691   0.00233  -0.0607  0.6662  0.9056  -0.7660   0.0000   0.0000   0.0000   0.3799
   2.000   0.5073   0.00693   0.00235  -0.0589  0.6420  0.9408  -0.8277   0.0000   0.0000   0.0000   0.3628
   2.500   0.5714   0.00701   0.00237  -0.0604  0.6137  0.9750  -0.9049   0.0000   0.0000   0.0000   0.3519
   3.000   0.6446   0.00719   0.00243  -0.0642  0.5797  1.0000  -1.0011   0.0000   0.0000   0.0000   0.3455
   3.500   0.6951   0.00752   0.00258  -0.0635  0.5461  1.0000  -1.0993   0.0000   0.0000   0.0000   0.3367
   4.000   0.7478   0.00785   0.00281  -0.0630  0.5099  1.0000  -1.2112   0.0000   0.0000   0.0000   0.3293
   4.500   0.7994   0.00832   0.00311  -0.0624  0.4692  1.0000  -1.3683   0.0000   0.0000   0.0000   0.3226
   5.000   0.8516   0.00877   0.00346  -0.0619  0.4296  1.0000  -1.6479   0.0000   0.0000   0.0000   0.3167
   5.500   0.9024   0.00935   0.00388  -0.0612  0.3876  1.0000  -1.9905   0.0000   0.0000   0.0000   0.3113
   6.000   0.9524   0.01002   0.00438  -0.0605  0.3404  1.0000  -2.3482   0.0000   0.0000   0.0000   0.3064
   6.500   1.0011   0.01082   0.00496  -0.0596  0.2880  1.0000  -2.7185   0.0000   0.0000   0.0000   0.3019
   7.000   1.0483   0.01175   0.00566  -0.0586  0.2305  1.0000  -3.0990   0.0000   0.0000   0.0000   0.2977
   7.500   1.0940   0.01282   0.00649  -0.0574  0.1784  1.0000  -3.4873   0.0000   0.0000   0.0000   0.2937
   8.000   1.1369   0.01412   0.00750  -0.0560  0.1249  1.0000  -3.8824   0.0000   0.0000   0.0000   0.2898
   8.500   1.1786   0.01547   0.00864  -0.0544  0.0854  1.0000  -4.2968   0.0000   0.0000   0.0000   0.2861
   9.000   1.2190   0.01683   0.00988  -0.0526  0.0593  1.0000  -4.7136   0.0000   0.0000   0.0000   0.2824
   9.500   1.2567   0.01830   0.01126  -0.0505  0.0401  1.0000  -5.1184   0.0000   0.0000   0.0000   0.2787
  10.000   1.2871   0.02017   0.01308  -0.0473  0.0241  1.0000  -5.4544   0.0000   0.0000   0.0000   0.2747


