xflr5 v6.61

 Calculated polar for: peg24_60_revT

 1 1 Reynolds number fixed          Mach number fixed         

 xtrf =   1.000 (top)        1.000 (bottom)
 Mach =   0.000     Re =     0.430 e 6     Ncrit =   9.000

  alpha     CL        CD       CDp       Cm    Top Xtr Bot Xtr   Cpmin    Chinge    XCp    
 ------- -------- --------- --------- -------- ------- ------- -------- --------- ---------
   0.000   0.5388   0.00827   0.00326  -0.1239  0.7346  0.6947  -0.7813   0.0000   0.0000   0.0000   0.4786
   0.500   0.5937   0.00825   0.00335  -0.1233  0.7239  0.7584  -0.8300   0.0000   0.0000   0.0000   0.4557
   1.000   0.6474   0.00814   0.00334  -0.1224  0.7115  0.8095  -0.8843   0.0000   0.0000   0.0000   0.4364
   1.500   0.6997   0.00810   0.00335  -0.1211  0.6990  0.8583  -0.9418   0.0000   0.0000   0.0000   0.4199
   2.000   0.7475   0.00792   0.00330  -0.1188  0.6840  0.9175  -0.9984   0.0000   0.0000   0.0000   0.4052
   2.500   0.8084   0.00786   0.00323  -0.1196  0.6682  1.0000  -1.0692   0.0000   0.0000   0.0000   0.3937
   3.000   0.8659   0.00801   0.00325  -0.1200  0.6498  1.0000  -1.1454   0.0000   0.0000   0.0000   0.3837
   3.500   0.9219   0.00816   0.00336  -0.1201  0.6277  1.0000  -1.2282   0.0000   0.0000   0.0000   0.3748
   4.000   0.9766   0.00840   0.00351  -0.1198  0.6015  1.0000  -1.3197   0.0000   0.0000   0.0000   0.3667
   4.500   1.0296   0.00875   0.00374  -0.1193  0.5713  1.0000  -1.4246   0.0000   0.0000   0.0000   0.3593
   5.000   1.0813   0.00917   0.00406  -0.1187  0.5351  1.0000  -1.5420   0.0000   0.0000   0.0000   0.3526
   5.500   1.1307   0.00976   0.00448  -0.1176  0.4964  1.0000  -1.6708   0.0000   0.0000   0.0000   0.3462
   6.000   1.1788   0.01042   0.00500  -0.1164  0.4542  1.0000  -1.8208   0.0000   0.0000   0.0000   0.3403
   6.500   1.2242   0.01124   0.00563  -0.1149  0.4126  1.0000  -1.9876   0.0000   0.0000   0.0000   0.3347
   7.000   1.2692   0.01207   0.00634  -0.1133  0.3717  1.0000  -2.1861   0.0000   0.0000   0.0000   0.3295
   7.500   1.3109   0.01305   0.00715  -0.1113  0.3314  1.0000  -2.4590   0.0000   0.0000   0.0000   0.3244
   8.000   1.3508   0.01408   0.00804  -0.1090  0.2931  1.0000  -2.7708   0.0000   0.0000   0.0000   0.3195
   8.500   1.3860   0.01525   0.00908  -0.1060  0.2566  1.0000  -3.0786   0.0000   0.0000   0.0000   0.3146
   9.000   1.4176   0.01650   0.01023  -0.1026  0.2225  1.0000  -3.3843   0.0000   0.0000   0.0000   0.3097
   9.500   1.4439   0.01809   0.01168  -0.0987  0.1901  1.0000  -3.6795   0.0000   0.0000   0.0000   0.3050
  10.000   1.4701   0.01979   0.01330  -0.0952  0.1603  1.0000  -3.9819   0.0000   0.0000   0.0000   0.3005


