xflr5 v6.61

 Calculated polar for: peg24_30_revT

 1 1 Reynolds number fixed          Mach number fixed         

 xtrf =   1.000 (top)        1.000 (bottom)
 Mach =   0.000     Re =     0.185 e 6     Ncrit =   9.000

  alpha     CL        CD       CDp       Cm    Top Xtr Bot Xtr   Cpmin    Chinge    XCp    
 ------- -------- --------- --------- -------- ------- ------- -------- --------- ---------
   0.000   0.3549   0.01241   0.00694  -0.0817  0.7955  0.9105  -0.6443   0.0000   0.0000   0.0000   0.4794
   0.500   0.4235   0.01207   0.00648  -0.0827  0.7834  0.9632  -0.7035   0.0000   0.0000   0.0000   0.4437
   1.000   0.5069   0.01190   0.00625  -0.0886  0.7661  1.0000  -0.7743   0.0000   0.0000   0.0000   0.4226
   1.500   0.5563   0.01189   0.00609  -0.0876  0.7498  1.0000  -0.8277   0.0000   0.0000   0.0000   0.4047
   2.000   0.6113   0.01182   0.00589  -0.0873  0.7315  1.0000  -0.8910   0.0000   0.0000   0.0000   0.3895
   2.500   0.6653   0.01185   0.00586  -0.0868  0.7104  1.0000  -0.9598   0.0000   0.0000   0.0000   0.3768
   3.000   0.7203   0.01189   0.00583  -0.0864  0.6888  1.0000  -1.0366   0.0000   0.0000   0.0000   0.3657
   3.500   0.7751   0.01193   0.00580  -0.0858  0.6650  1.0000  -1.1228   0.0000   0.0000   0.0000   0.3560
   4.000   0.8290   0.01201   0.00583  -0.0851  0.6376  1.0000  -1.2272   0.0000   0.0000   0.0000   0.3474
   4.500   0.8820   0.01217   0.00593  -0.0842  0.6067  1.0000  -1.3440   0.0000   0.0000   0.0000   0.3397
   5.000   0.9343   0.01246   0.00607  -0.0832  0.5727  1.0000  -1.4880   0.0000   0.0000   0.0000   0.3328
   5.500   0.9841   0.01289   0.00648  -0.0820  0.5335  1.0000  -1.6635   0.0000   0.0000   0.0000   0.3265
   6.000   1.0325   0.01350   0.00692  -0.0806  0.4917  1.0000  -1.9296   0.0000   0.0000   0.0000   0.3206
   6.500   1.0790   0.01420   0.00755  -0.0790  0.4479  1.0000  -2.2541   0.0000   0.0000   0.0000   0.3151
   7.000   1.1237   0.01505   0.00832  -0.0772  0.4038  1.0000  -2.5871   0.0000   0.0000   0.0000   0.3100
   7.500   1.1654   0.01606   0.00920  -0.0751  0.3581  1.0000  -2.9237   0.0000   0.0000   0.0000   0.3051
   8.000   1.2039   0.01726   0.01023  -0.0727  0.3120  1.0000  -3.2602   0.0000   0.0000   0.0000   0.3004
   8.500   1.2397   0.01855   0.01147  -0.0700  0.2653  1.0000  -3.5968   0.0000   0.0000   0.0000   0.2958
   9.000   1.2704   0.02013   0.01292  -0.0668  0.2185  1.0000  -3.9209   0.0000   0.0000   0.0000   0.2911
   9.500   1.2932   0.02202   0.01466  -0.0626  0.1739  1.0000  -4.2176   0.0000   0.0000   0.0000   0.2862
  10.000   1.3106   0.02438   0.01691  -0.0582  0.1348  1.0000  -4.4905   0.0000   0.0000   0.0000   0.2815


