xflr5 v6.61

 Calculated polar for: peg24_0_revT

 1 1 Reynolds number fixed          Mach number fixed         

 xtrf =   1.000 (top)        1.000 (bottom)
 Mach =   0.000     Re =     0.440 e 6     Ncrit =   9.000

  alpha     CL        CD       CDp       Cm    Top Xtr Bot Xtr   Cpmin    Chinge    XCp    
 ------- -------- --------- --------- -------- ------- ------- -------- --------- ---------
   0.000   0.2485   0.00695   0.00231  -0.0515  0.7289  0.8295  -0.5716   0.0000   0.0000   0.0000   0.4561
   0.500   0.3003   0.00695   0.00233  -0.0501  0.7088  0.8600  -0.6209   0.0000   0.0000   0.0000   0.4151
   1.000   0.3510   0.00698   0.00234  -0.0485  0.6860  0.8901  -0.6712   0.0000   0.0000   0.0000   0.3857
   1.500   0.4007   0.00702   0.00236  -0.0465  0.6620  0.9212  -0.7288   0.0000   0.0000   0.0000   0.3633
   2.000   0.4572   0.00710   0.00240  -0.0462  0.6363  0.9489  -0.7930   0.0000   0.0000   0.0000   0.3477
   2.500   0.5267   0.00727   0.00247  -0.0489  0.6046  0.9700  -0.8778   0.0000   0.0000   0.0000   0.3391
   3.000   0.6016   0.00750   0.00260  -0.0530  0.5701  0.9841  -0.9816   0.0000   0.0000   0.0000   0.3340
   3.500   0.6777   0.00778   0.00273  -0.0575  0.5305  0.9969  -1.1130   0.0000   0.0000   0.0000   0.3305
   4.000   0.7221   0.00810   0.00288  -0.0557  0.4931  1.0000  -1.2481   0.0000   0.0000   0.0000   0.3223
   4.500   0.7625   0.00847   0.00314  -0.0529  0.4538  1.0000  -1.4130   0.0000   0.0000   0.0000   0.3140
   5.000   0.8061   0.00896   0.00345  -0.0506  0.4079  1.0000  -1.6974   0.0000   0.0000   0.0000   0.3070
   5.500   0.8487   0.00967   0.00384  -0.0483  0.3443  1.0000  -2.0412   0.0000   0.0000   0.0000   0.3007
   6.000   0.8926   0.01040   0.00434  -0.0464  0.2875  1.0000  -2.4081   0.0000   0.0000   0.0000   0.2952
   6.500   0.9368   0.01115   0.00489  -0.0446  0.2406  1.0000  -2.7940   0.0000   0.0000   0.0000   0.2902
   7.000   0.9794   0.01203   0.00554  -0.0426  0.1920  1.0000  -3.1901   0.0000   0.0000   0.0000   0.2856
   7.500   1.0177   0.01319   0.00640  -0.0400  0.1333  1.0000  -3.5825   0.0000   0.0000   0.0000   0.2808
   8.000   1.0556   0.01432   0.00730  -0.0374  0.0922  1.0000  -3.9833   0.0000   0.0000   0.0000   0.2764
   8.500   1.0927   0.01540   0.00824  -0.0347  0.0640  1.0000  -4.3864   0.0000   0.0000   0.0000   0.2721
   9.000   1.1236   0.01676   0.00938  -0.0310  0.0358  1.0000  -4.7493   0.0000   0.0000   0.0000   0.2673
   9.500   1.1426   0.01842   0.01085  -0.0255  0.0134  1.0000  -5.0187   0.0000   0.0000   0.0000   0.2613
  10.000   1.1624   0.01986   0.01237  -0.0200  0.0095  1.0000  -5.2941   0.0000   0.0000   0.0000   0.2556


