xflr5 v6.61

 Calculated polar for: peg24_80_revT

 1 1 Reynolds number fixed          Mach number fixed         

 xtrf =   1.000 (top)        1.000 (bottom)
 Mach =   0.000     Re =     0.440 e 6     Ncrit =   9.000

  alpha     CL        CD       CDp       Cm    Top Xtr Bot Xtr   Cpmin    Chinge    XCp    
 ------- -------- --------- --------- -------- ------- ------- -------- --------- ---------
   0.000   0.6335   0.00890   0.00359  -0.1469  0.7319  0.5984  -0.8549   0.0000   0.0000   0.0000   0.4805
   0.500   0.6894   0.00882   0.00372  -0.1467  0.7230  0.6793  -0.9042   0.0000   0.0000   0.0000   0.4607
   1.000   0.7446   0.00866   0.00374  -0.1462  0.7124  0.7469  -0.9572   0.0000   0.0000   0.0000   0.4436
   1.500   0.7993   0.00864   0.00376  -0.1455  0.7014  0.8061  -1.0156   0.0000   0.0000   0.0000   0.4287
   2.000   0.8499   0.00847   0.00378  -0.1440  0.6894  0.8645  -1.0759   0.0000   0.0000   0.0000   0.4154
   2.500   0.9013   0.00825   0.00361  -0.1424  0.6760  1.0000  -1.1378   0.0000   0.0000   0.0000   0.4034
   3.000   0.9587   0.00833   0.00369  -0.1428  0.6609  1.0000  -1.2122   0.0000   0.0000   0.0000   0.3938
   3.500   1.0155   0.00849   0.00376  -0.1430  0.6447  1.0000  -1.2912   0.0000   0.0000   0.0000   0.3850
   4.000   1.0706   0.00868   0.00385  -0.1428  0.6231  1.0000  -1.3811   0.0000   0.0000   0.0000   0.3770
   4.500   1.1243   0.00893   0.00405  -0.1425  0.5984  1.0000  -1.4768   0.0000   0.0000   0.0000   0.3697
   5.000   1.1760   0.00930   0.00432  -0.1418  0.5680  1.0000  -1.5867   0.0000   0.0000   0.0000   0.3628
   5.500   1.2258   0.00979   0.00470  -0.1407  0.5321  1.0000  -1.7038   0.0000   0.0000   0.0000   0.3565
   6.500   1.3165   0.01125   0.00584  -0.1374  0.4506  1.0000  -1.9761   0.0000   0.0000   0.0000   0.3446
   7.000   1.3573   0.01220   0.00661  -0.1351  0.4103  1.0000  -2.1269   0.0000   0.0000   0.0000   0.3390
   7.500   1.3963   0.01318   0.00745  -0.1325  0.3704  1.0000  -2.2897   0.0000   0.0000   0.0000   0.3337
   8.000   1.4285   0.01435   0.00845  -0.1289  0.3328  1.0000  -2.4679   0.0000   0.0000   0.0000   0.3283
   8.500   1.4598   0.01553   0.00955  -0.1252  0.2998  1.0000  -2.6659   0.0000   0.0000   0.0000   0.3231
   9.000   1.4869   0.01698   0.01090  -0.1213  0.2679  1.0000  -2.8930   0.0000   0.0000   0.0000   0.3181
   9.500   1.5113   0.01871   0.01251  -0.1173  0.2380  1.0000  -3.1493   0.0000   0.0000   0.0000   0.3133
  10.000   1.5338   0.02069   0.01441  -0.1135  0.2092  1.0000  -3.4120   0.0000   0.0000   0.0000   0.3089


