xflr5 v6.61

 Calculated polar for: peg24_10_revT

 1 1 Reynolds number fixed          Mach number fixed         

 xtrf =   1.000 (top)        1.000 (bottom)
 Mach =   0.000     Re =     0.360 e 6     Ncrit =   9.000

  alpha     CL        CD       CDp       Cm    Top Xtr Bot Xtr   Cpmin    Chinge    XCp    
 ------- -------- --------- --------- -------- ------- ------- -------- --------- ---------
   0.000   0.2952   0.00776   0.00298  -0.0634  0.7467  0.8409  -0.6031   0.0000   0.0000   0.0000   0.4636
   0.500   0.3466   0.00778   0.00293  -0.0617  0.7288  0.8751  -0.6514   0.0000   0.0000   0.0000   0.4263
   1.000   0.3955   0.00771   0.00291  -0.0595  0.7092  0.9084  -0.7028   0.0000   0.0000   0.0000   0.3982
   1.500   0.4466   0.00768   0.00287  -0.0578  0.6880  0.9453  -0.7588   0.0000   0.0000   0.0000   0.3765
   2.000   0.5155   0.00770   0.00283  -0.0602  0.6643  0.9755  -0.8328   0.0000   0.0000   0.0000   0.3634
   2.500   0.5958   0.00776   0.00280  -0.0654  0.6361  0.9992  -0.9227   0.0000   0.0000   0.0000   0.3561
   3.000   0.6438   0.00795   0.00286  -0.0642  0.6063  1.0000  -0.9991   0.0000   0.0000   0.0000   0.3456
   3.500   0.6949   0.00824   0.00300  -0.0634  0.5738  1.0000  -1.0976   0.0000   0.0000   0.0000   0.3367
   4.000   0.7470   0.00857   0.00322  -0.0628  0.5383  1.0000  -1.2088   0.0000   0.0000   0.0000   0.3291
   4.500   0.7985   0.00899   0.00351  -0.0621  0.5000  1.0000  -1.3646   0.0000   0.0000   0.0000   0.3223
   5.000   0.8496   0.00948   0.00388  -0.0613  0.4584  1.0000  -1.6294   0.0000   0.0000   0.0000   0.3162
   5.500   0.8999   0.01006   0.00432  -0.0605  0.4180  1.0000  -1.9675   0.0000   0.0000   0.0000   0.3108
   6.000   0.9495   0.01070   0.00483  -0.0596  0.3715  1.0000  -2.3215   0.0000   0.0000   0.0000   0.3058
   6.500   0.9983   0.01143   0.00542  -0.0587  0.3250  1.0000  -2.6891   0.0000   0.0000   0.0000   0.3012
   7.000   1.0451   0.01233   0.00614  -0.0576  0.2729  1.0000  -3.0652   0.0000   0.0000   0.0000   0.2969
   7.500   1.0892   0.01348   0.00700  -0.0562  0.2150  1.0000  -3.4442   0.0000   0.0000   0.0000   0.2928
   8.000   1.1315   0.01477   0.00802  -0.0547  0.1567  1.0000  -3.8276   0.0000   0.0000   0.0000   0.2889
   8.500   1.1708   0.01630   0.00929  -0.0528  0.1066  1.0000  -4.2162   0.0000   0.0000   0.0000   0.2850
   9.000   1.2087   0.01784   0.01067  -0.0507  0.0739  1.0000  -4.6150   0.0000   0.0000   0.0000   0.2813
   9.500   1.2431   0.01954   0.01226  -0.0482  0.0515  1.0000  -4.9980   0.0000   0.0000   0.0000   0.2774
  10.000   1.2705   0.02148   0.01417  -0.0448  0.0346  1.0000  -5.3298   0.0000   0.0000   0.0000   0.2731


