xflr5 v6.61

 Calculated polar for: peg24_0_revT

 1 1 Reynolds number fixed          Mach number fixed         

 xtrf =   1.000 (top)        1.000 (bottom)
 Mach =   0.000     Re =     0.245 e 6     Ncrit =   9.000

  alpha     CL        CD       CDp       Cm    Top Xtr Bot Xtr   Cpmin    Chinge    XCp    
 ------- -------- --------- --------- -------- ------- ------- -------- --------- ---------
   0.000   0.2323   0.00932   0.00421  -0.0474  0.7794  0.9016  -0.5606   0.0000   0.0000   0.0000   0.4530
   0.500   0.2895   0.00933   0.00416  -0.0466  0.7590  0.9333  -0.6127   0.0000   0.0000   0.0000   0.4092
   1.000   0.3664   0.00939   0.00412  -0.0502  0.7372  0.9568  -0.6791   0.0000   0.0000   0.0000   0.3847
   1.500   0.4524   0.00942   0.00403  -0.0560  0.7126  0.9718  -0.7612   0.0000   0.0000   0.0000   0.3712
   2.000   0.5321   0.00945   0.00394  -0.0609  0.6857  0.9871  -0.8453   0.0000   0.0000   0.0000   0.3614
   2.500   0.6153   0.00943   0.00382  -0.0668  0.6549  1.0000  -0.9466   0.0000   0.0000   0.0000   0.3551
   3.000   0.6467   0.00947   0.00379  -0.0625  0.6238  1.0000  -1.0241   0.0000   0.0000   0.0000   0.3427
   3.500   0.6802   0.00964   0.00385  -0.0583  0.5925  1.0000  -1.1110   0.0000   0.0000   0.0000   0.3314
   4.000   0.7189   0.00994   0.00400  -0.0550  0.5581  1.0000  -1.2358   0.0000   0.0000   0.0000   0.3218
   4.500   0.7614   0.01032   0.00430  -0.0524  0.5214  1.0000  -1.4034   0.0000   0.0000   0.0000   0.3136
   5.000   0.8052   0.01078   0.00462  -0.0501  0.4799  1.0000  -1.6397   0.0000   0.0000   0.0000   0.3065
   5.500   0.8501   0.01134   0.00503  -0.0480  0.4426  1.0000  -1.9834   0.0000   0.0000   0.0000   0.3003
   6.000   0.8936   0.01194   0.00554  -0.0458  0.3975  1.0000  -2.3418   0.0000   0.0000   0.0000   0.2945
   6.500   0.9365   0.01262   0.00611  -0.0436  0.3517  1.0000  -2.7148   0.0000   0.0000   0.0000   0.2893
   7.000   0.9766   0.01346   0.00676  -0.0411  0.2989  1.0000  -3.0943   0.0000   0.0000   0.0000   0.2842
   7.500   1.0148   0.01444   0.00758  -0.0384  0.2416  1.0000  -3.4798   0.0000   0.0000   0.0000   0.2794
   8.000   1.0480   0.01573   0.00856  -0.0351  0.1795  1.0000  -3.8556   0.0000   0.0000   0.0000   0.2744
   8.500   1.0777   0.01723   0.00974  -0.0315  0.1229  1.0000  -4.2239   0.0000   0.0000   0.0000   0.2695
   9.000   1.1061   0.01869   0.01106  -0.0276  0.0888  1.0000  -4.5890   0.0000   0.0000   0.0000   0.2646
   9.500   1.1289   0.02012   0.01245  -0.0227  0.0665  1.0000  -4.9284   0.0000   0.0000   0.0000   0.2592
  10.000   1.1469   0.02178   0.01414  -0.0175  0.0487  1.0000  -5.2298   0.0000   0.0000   0.0000   0.2536


