xflr5 v6.61

 Calculated polar for: peg24_10_revT

 1 1 Reynolds number fixed          Mach number fixed         

 xtrf =   1.000 (top)        1.000 (bottom)
 Mach =   0.000     Re =     0.415 e 6     Ncrit =   9.000

  alpha     CL        CD       CDp       Cm    Top Xtr Bot Xtr   Cpmin    Chinge    XCp    
 ------- -------- --------- --------- -------- ------- ------- -------- --------- ---------
   0.000   0.2987   0.00726   0.00257  -0.0642  0.7355  0.8239  -0.6054   0.0000   0.0000   0.0000   0.4636
   0.500   0.3509   0.00725   0.00258  -0.0628  0.7176  0.8567  -0.6543   0.0000   0.0000   0.0000   0.4272
   1.000   0.4016   0.00726   0.00257  -0.0611  0.6979  0.8892  -0.7068   0.0000   0.0000   0.0000   0.3997
   1.500   0.4510   0.00727   0.00255  -0.0591  0.6763  0.9239  -0.7620   0.0000   0.0000   0.0000   0.3781
   2.000   0.5072   0.00727   0.00254  -0.0586  0.6523  0.9584  -0.8276   0.0000   0.0000   0.0000   0.3622
   2.500   0.5805   0.00737   0.00254  -0.0622  0.6242  0.9876  -0.9115   0.0000   0.0000   0.0000   0.3534
   3.000   0.6441   0.00753   0.00261  -0.0642  0.5927  1.0000  -1.0001   0.0000   0.0000   0.0000   0.3455
   3.500   0.6953   0.00780   0.00277  -0.0635  0.5594  1.0000  -1.0989   0.0000   0.0000   0.0000   0.3368
   4.000   0.7471   0.00819   0.00299  -0.0629  0.5227  1.0000  -1.2098   0.0000   0.0000   0.0000   0.3291
   4.500   0.7992   0.00859   0.00328  -0.0623  0.4844  1.0000  -1.3671   0.0000   0.0000   0.0000   0.3225
   5.500   0.9016   0.00963   0.00407  -0.0609  0.4024  1.0000  -1.9813   0.0000   0.0000   0.0000   0.3111
   6.000   0.9513   0.01029   0.00457  -0.0601  0.3556  1.0000  -2.3371   0.0000   0.0000   0.0000   0.3062
   6.500   1.0001   0.01106   0.00516  -0.0592  0.3077  1.0000  -2.7063   0.0000   0.0000   0.0000   0.3016
   7.000   1.0468   0.01200   0.00587  -0.0581  0.2501  1.0000  -3.0839   0.0000   0.0000   0.0000   0.2973
   7.500   1.0915   0.01313   0.00672  -0.0568  0.1946  1.0000  -3.4669   0.0000   0.0000   0.0000   0.2933
   8.000   1.1344   0.01441   0.00773  -0.0554  0.1386  1.0000  -3.8538   0.0000   0.0000   0.0000   0.2894
   8.500   1.1747   0.01587   0.00894  -0.0536  0.0942  1.0000  -4.2586   0.0000   0.0000   0.0000   0.2856
   9.000   1.2141   0.01730   0.01024  -0.0517  0.0658  1.0000  -4.6680   0.0000   0.0000   0.0000   0.2819
   9.500   1.2511   0.01881   0.01167  -0.0495  0.0455  1.0000  -5.0675   0.0000   0.0000   0.0000   0.2782
  10.000   1.2799   0.02073   0.01353  -0.0462  0.0287  1.0000  -5.4026   0.0000   0.0000   0.0000   0.2740


