xflr5 v6.61

 Calculated polar for: peg24_75_revT

 1 1 Reynolds number fixed          Mach number fixed         

 xtrf =   1.000 (top)        1.000 (bottom)
 Mach =   0.000     Re =     0.300 e 6     Ncrit =   9.000

  alpha     CL        CD       CDp       Cm    Top Xtr Bot Xtr   Cpmin    Chinge    XCp    
 ------- -------- --------- --------- -------- ------- ------- -------- --------- ---------
   0.000   0.6010   0.01101   0.00554  -0.1408  0.7547  0.6879  -0.8280   0.0000   0.0000   0.0000   0.4832
   0.500   0.6530   0.01087   0.00560  -0.1396  0.7439  0.7600  -0.8745   0.0000   0.0000   0.0000   0.4619
   1.000   0.7059   0.01066   0.00547  -0.1383  0.7341  0.8236  -0.9269   0.0000   0.0000   0.0000   0.4433
   1.500   0.7520   0.01048   0.00543  -0.1354  0.7231  0.8908  -0.9791   0.0000   0.0000   0.0000   0.4269
   2.000   0.8093   0.01019   0.00516  -0.1352  0.7105  1.0000  -1.0432   0.0000   0.0000   0.0000   0.4133
   2.500   0.8693   0.01022   0.00507  -0.1360  0.6977  1.0000  -1.1110   0.0000   0.0000   0.0000   0.4021
   3.000   0.9267   0.01022   0.00502  -0.1363  0.6824  1.0000  -1.1854   0.0000   0.0000   0.0000   0.3920
   3.500   0.9833   0.01030   0.00506  -0.1363  0.6660  1.0000  -1.2636   0.0000   0.0000   0.0000   0.3830
   4.000   1.0398   0.01038   0.00503  -0.1363  0.6480  1.0000  -1.3560   0.0000   0.0000   0.0000   0.3748
   4.500   1.0935   0.01051   0.00512  -0.1358  0.6247  1.0000  -1.4522   0.0000   0.0000   0.0000   0.3673
   5.000   1.1459   0.01076   0.00531  -0.1350  0.5981  1.0000  -1.5637   0.0000   0.0000   0.0000   0.3603
   5.500   1.1959   0.01112   0.00562  -0.1339  0.5652  1.0000  -1.6831   0.0000   0.0000   0.0000   0.3538
   6.000   1.2437   0.01165   0.00604  -0.1325  0.5285  1.0000  -1.8156   0.0000   0.0000   0.0000   0.3477
   6.500   1.2880   0.01240   0.00661  -0.1306  0.4879  1.0000  -1.9610   0.0000   0.0000   0.0000   0.3418
   7.000   1.3294   0.01328   0.00736  -0.1283  0.4459  1.0000  -2.1167   0.0000   0.0000   0.0000   0.3362
   7.500   1.3675   0.01431   0.00823  -0.1255  0.4052  1.0000  -2.2901   0.0000   0.0000   0.0000   0.3308
   8.000   1.4007   0.01550   0.00927  -0.1221  0.3654  1.0000  -2.4769   0.0000   0.0000   0.0000   0.3254
   8.500   1.4285   0.01679   0.01046  -0.1179  0.3294  1.0000  -2.6836   0.0000   0.0000   0.0000   0.3200
   9.000   1.4545   0.01826   0.01186  -0.1137  0.2956  1.0000  -2.9404   0.0000   0.0000   0.0000   0.3149
   9.500   1.4763   0.02009   0.01358  -0.1094  0.2635  1.0000  -3.1938   0.0000   0.0000   0.0000   0.3101
  10.000   1.4960   0.02222   0.01563  -0.1053  0.2332  1.0000  -3.4504   0.0000   0.0000   0.0000   0.3055


