xflr5 v6.61

 Calculated polar for: peg24_70_revT

 1 1 Reynolds number fixed          Mach number fixed         

 xtrf =   1.000 (top)        1.000 (bottom)
 Mach =   0.000     Re =     0.495 e 6     Ncrit =   9.000

  alpha     CL        CD       CDp       Cm    Top Xtr Bot Xtr   Cpmin    Chinge    XCp    
 ------- -------- --------- --------- -------- ------- ------- -------- --------- ---------
   0.000   0.5885   0.00811   0.00302  -0.1356  0.7260  0.6251  -0.8199   0.0000   0.0000   0.0000   0.4791
   0.500   0.6442   0.00795   0.00308  -0.1353  0.7160  0.7026  -0.8686   0.0000   0.0000   0.0000   0.4580
   1.000   0.6997   0.00789   0.00307  -0.1349  0.7047  0.7626  -0.9237   0.0000   0.0000   0.0000   0.4401
   1.500   0.7537   0.00783   0.00316  -0.1341  0.6930  0.8151  -0.9820   0.0000   0.0000   0.0000   0.4247
   2.000   0.8056   0.00774   0.00314  -0.1329  0.6791  0.8665  -1.0424   0.0000   0.0000   0.0000   0.4110
   3.000   0.9144   0.00769   0.00314  -0.1317  0.6476  1.0000  -1.1812   0.0000   0.0000   0.0000   0.3890
   3.500   0.9707   0.00785   0.00324  -0.1318  0.6267  1.0000  -1.2604   0.0000   0.0000   0.0000   0.3802
   4.000   1.0256   0.00809   0.00339  -0.1317  0.6018  1.0000  -1.3532   0.0000   0.0000   0.0000   0.3722
   4.500   1.0787   0.00843   0.00362  -0.1312  0.5729  1.0000  -1.4519   0.0000   0.0000   0.0000   0.3648
   5.000   1.1303   0.00887   0.00394  -0.1305  0.5371  1.0000  -1.5643   0.0000   0.0000   0.0000   0.3580
   5.500   1.1798   0.00944   0.00436  -0.1295  0.4993  1.0000  -1.6870   0.0000   0.0000   0.0000   0.3517
   6.000   1.2270   0.01014   0.00490  -0.1282  0.4570  1.0000  -1.8277   0.0000   0.0000   0.0000   0.3457
   6.500   1.2721   0.01096   0.00553  -0.1266  0.4156  1.0000  -1.9800   0.0000   0.0000   0.0000   0.3401
   7.000   1.3163   0.01179   0.00623  -0.1249  0.3758  1.0000  -2.1508   0.0000   0.0000   0.0000   0.3348
   8.000   1.3959   0.01379   0.00795  -0.1202  0.2998  1.0000  -2.5818   0.0000   0.0000   0.0000   0.3246
   8.500   1.4287   0.01495   0.00896  -0.1167  0.2654  1.0000  -2.8689   0.0000   0.0000   0.0000   0.3194
   9.000   1.4580   0.01630   0.01017  -0.1130  0.2328  1.0000  -3.1545   0.0000   0.0000   0.0000   0.3144
   9.500   1.4865   0.01775   0.01155  -0.1094  0.2032  1.0000  -3.4466   0.0000   0.0000   0.0000   0.3098
  10.000   1.5117   0.01951   0.01322  -0.1058  0.1745  1.0000  -3.7343   0.0000   0.0000   0.0000   0.3053


