xflr5 v6.61

 Calculated polar for: peg24_95_revT

 1 1 Reynolds number fixed          Mach number fixed         

 xtrf =   1.000 (top)        1.000 (bottom)
 Mach =   0.000     Re =     0.380 e 6     Ncrit =   9.000

  alpha     CL        CD       CDp       Cm    Top Xtr Bot Xtr   Cpmin    Chinge    XCp    
 ------- -------- --------- --------- -------- ------- ------- -------- --------- ---------
   0.000   0.6983   0.01036   0.00480  -0.1633  0.7380  0.5533  -0.9074   0.0000   0.0000   0.0000   0.4826
   0.500   0.7563   0.01021   0.00479  -0.1635  0.7298  0.6316  -0.9573   0.0000   0.0000   0.0000   0.4641
   1.000   0.8109   0.01013   0.00493  -0.1630  0.7212  0.7092  -1.0077   0.0000   0.0000   0.0000   0.4483
   1.500   0.8652   0.00992   0.00489  -0.1622  0.7110  0.7803  -1.0653   0.0000   0.0000   0.0000   0.4341
   2.000   0.9182   0.00983   0.00486  -0.1611  0.7012  0.8480  -1.1271   0.0000   0.0000   0.0000   0.4213
   2.500   0.9652   0.00947   0.00473  -0.1587  0.6893  1.0000  -1.1868   0.0000   0.0000   0.0000   0.4097
   3.000   1.0249   0.00951   0.00462  -0.1594  0.6769  1.0000  -1.2588   0.0000   0.0000   0.0000   0.4001
   3.500   1.0806   0.00960   0.00473  -0.1594  0.6624  1.0000  -1.3374   0.0000   0.0000   0.0000   0.3915
   4.000   1.1373   0.00972   0.00476  -0.1595  0.6472  1.0000  -1.4208   0.0000   0.0000   0.0000   0.3835
   4.500   1.1911   0.00986   0.00486  -0.1591  0.6266  1.0000  -1.5174   0.0000   0.0000   0.0000   0.3762
   5.000   1.2436   0.01011   0.00508  -0.1585  0.6034  1.0000  -1.6197   0.0000   0.0000   0.0000   0.3694
   5.500   1.2934   0.01049   0.00535  -0.1574  0.5739  1.0000  -1.7327   0.0000   0.0000   0.0000   0.3629
   6.000   1.3405   0.01102   0.00577  -0.1559  0.5400  1.0000  -1.8503   0.0000   0.0000   0.0000   0.3568
   6.500   1.3839   0.01174   0.00636  -0.1538  0.5010  1.0000  -1.9789   0.0000   0.0000   0.0000   0.3509
   7.000   1.4224   0.01267   0.00711  -0.1510  0.4604  1.0000  -2.1184   0.0000   0.0000   0.0000   0.3451
   7.500   1.4570   0.01373   0.00802  -0.1476  0.4204  1.0000  -2.2569   0.0000   0.0000   0.0000   0.3395
   8.000   1.4828   0.01501   0.00913  -0.1428  0.3828  1.0000  -2.3938   0.0000   0.0000   0.0000   0.3338
   8.500   1.5080   0.01643   0.01046  -0.1383  0.3473  1.0000  -2.5385   0.0000   0.0000   0.0000   0.3284
   9.000   1.5294   0.01820   0.01211  -0.1337  0.3142  1.0000  -2.6963   0.0000   0.0000   0.0000   0.3233
   9.500   1.5499   0.02022   0.01402  -0.1295  0.2841  1.0000  -2.8741   0.0000   0.0000   0.0000   0.3185
  10.000   1.5698   0.02243   0.01617  -0.1255  0.2564  1.0000  -3.0727   0.0000   0.0000   0.0000   0.3140


