xflr5 v6.61

 Calculated polar for: peg24_65_revT

 1 1 Reynolds number fixed          Mach number fixed         

 xtrf =   1.000 (top)        1.000 (bottom)
 Mach =   0.000     Re =     0.070 e 6     Ncrit =   9.000

  alpha     CL        CD       CDp       Cm    Top Xtr Bot Xtr   Cpmin    Chinge    XCp    
 ------- -------- --------- --------- -------- ------- ------- -------- --------- ---------
   0.000   0.2438   0.03377   0.02636  -0.0989  0.8745  1.0000  -0.6181   0.0000   0.0000   0.0000   0.6567
   0.500   0.3131   0.03531   0.02742  -0.1038  0.8553  1.0000  -0.6038   0.0000   0.0000   0.0000   0.5811
   1.000   0.4042   0.03669   0.02841  -0.1106  0.8396  1.0000  -0.6704   0.0000   0.0000   0.0000   0.5221
   1.500   0.4474   0.03803   0.02955  -0.1103  0.8162  1.0000  -0.7086   0.0000   0.0000   0.0000   0.4940
   2.000   0.4987   0.03954   0.03090  -0.1108  0.7939  1.0000  -0.7551   0.0000   0.0000   0.0000   0.4690
   2.500   0.5591   0.04084   0.03209  -0.1122  0.7732  1.0000  -0.8127   0.0000   0.0000   0.0000   0.4468
   3.000   0.6439   0.04105   0.03222  -0.1155  0.7565  1.0000  -0.8966   0.0000   0.0000   0.0000   0.4250
   3.500   0.6891   0.04222   0.03337  -0.1145  0.7318  1.0000  -0.9523   0.0000   0.0000   0.0000   0.4111
   4.500   0.7872   0.04412   0.03534  -0.1125  0.6832  1.0000  -1.0869   0.0000   0.0000   0.0000   0.3866
   5.500   0.9455   0.04084   0.03231  -0.1129  0.6501  1.0000  -1.3373   0.0000   0.0000   0.0000   0.3619
   6.000   0.9977   0.04034   0.03195  -0.1106  0.6258  1.0000  -1.4508   0.0000   0.0000   0.0000   0.3528
   6.500   1.0580   0.03898   0.03078  -0.1085  0.6022  1.0000  -1.5920   0.0000   0.0000   0.0000   0.3439
   7.000   1.1309   0.03658   0.02858  -0.1073  0.5788  1.0000  -1.7792   0.0000   0.0000   0.0000   0.3355
   7.500   1.2167   0.03324   0.02540  -0.1071  0.5525  1.0000  -2.0255   0.0000   0.0000   0.0000   0.3280
   8.000   1.3082   0.03024   0.02229  -0.1081  0.5188  1.0000  -2.3355   0.0000   0.0000   0.0000   0.3218
   8.500   1.3438   0.03101   0.02317  -0.1041  0.4764  1.0000  -2.5816   0.0000   0.0000   0.0000   0.3159
   9.000   1.3921   0.03146   0.02353  -0.1016  0.4330  1.0000  -2.9074   0.0000   0.0000   0.0000   0.3106
   9.500   1.4348   0.03248   0.02432  -0.0987  0.3883  1.0000  -3.2258   0.0000   0.0000   0.0000   0.3056
  10.000   1.4533   0.03461   0.02657  -0.0933  0.3466  1.0000  -3.4687   0.0000   0.0000   0.0000   0.3002


