xflr5 v6.61

 Calculated polar for: peg24_100_revT

 1 1 Reynolds number fixed          Mach number fixed         

 xtrf =   1.000 (top)        1.000 (bottom)
 Mach =   0.000     Re =     0.330 e 6     Ncrit =   9.000

  alpha     CL        CD       CDp       Cm    Top Xtr Bot Xtr   Cpmin    Chinge    XCp    
 ------- -------- --------- --------- -------- ------- ------- -------- --------- ---------
   0.000   0.7148   0.01174   0.00603  -0.1685  0.7445  0.5507  -0.9212   0.0000   0.0000   0.0000   0.4844
   0.500   0.7726   0.01147   0.00593  -0.1685  0.7365  0.6286  -0.9699   0.0000   0.0000   0.0000   0.4661
   1.000   0.8300   0.01139   0.00597  -0.1684  0.7283  0.7094  -1.0224   0.0000   0.0000   0.0000   0.4501
   1.500   0.8811   0.01124   0.00608  -0.1671  0.7188  0.7839  -1.0767   0.0000   0.0000   0.0000   0.4362
   2.000   0.9318   0.01091   0.00587  -0.1653  0.7088  0.8591  -1.1365   0.0000   0.0000   0.0000   0.4233
   2.500   0.9833   0.01067   0.00570  -0.1638  0.6989  1.0000  -1.1998   0.0000   0.0000   0.0000   0.4118
   3.000   1.0409   0.01065   0.00564  -0.1642  0.6859  1.0000  -1.2691   0.0000   0.0000   0.0000   0.4023
   3.500   1.0998   0.01067   0.00555  -0.1647  0.6735  1.0000  -1.3496   0.0000   0.0000   0.0000   0.3936
   4.000   1.1543   0.01074   0.00564  -0.1644  0.6583  1.0000  -1.4298   0.0000   0.0000   0.0000   0.3856
   4.500   1.2093   0.01084   0.00570  -0.1642  0.6414  1.0000  -1.5258   0.0000   0.0000   0.0000   0.3783
   5.000   1.2627   0.01098   0.00576  -0.1636  0.6205  1.0000  -1.6277   0.0000   0.0000   0.0000   0.3714
   5.500   1.3135   0.01125   0.00598  -0.1627  0.5958  1.0000  -1.7389   0.0000   0.0000   0.0000   0.3649
   6.000   1.3607   0.01167   0.00634  -0.1611  0.5638  1.0000  -1.8540   0.0000   0.0000   0.0000   0.3587
   6.500   1.4047   0.01228   0.00685  -0.1590  0.5283  1.0000  -1.9790   0.0000   0.0000   0.0000   0.3528
   7.000   1.4430   0.01317   0.00755  -0.1561  0.4891  1.0000  -2.1140   0.0000   0.0000   0.0000   0.3470
   7.500   1.4766   0.01421   0.00845  -0.1525  0.4483  1.0000  -2.2506   0.0000   0.0000   0.0000   0.3413
   8.000   1.5004   0.01553   0.00958  -0.1473  0.4108  1.0000  -2.3782   0.0000   0.0000   0.0000   0.3354
   8.500   1.5234   0.01700   0.01098  -0.1424  0.3743  1.0000  -2.5121   0.0000   0.0000   0.0000   0.3300
   9.000   1.5423   0.01888   0.01273  -0.1375  0.3401  1.0000  -2.6514   0.0000   0.0000   0.0000   0.3248
   9.500   1.5595   0.02107   0.01480  -0.1329  0.3086  1.0000  -2.8035   0.0000   0.0000   0.0000   0.3199
  10.000   1.5780   0.02336   0.01704  -0.1287  0.2800  1.0000  -2.9837   0.0000   0.0000   0.0000   0.3154


