xflr5 v6.61

 Calculated polar for: peg24_95_revT

 1 1 Reynolds number fixed          Mach number fixed         

 xtrf =   1.000 (top)        1.000 (bottom)
 Mach =   0.000     Re =     0.210 e 6     Ncrit =   9.000

  alpha     CL        CD       CDp       Cm    Top Xtr Bot Xtr   Cpmin    Chinge    XCp    
 ------- -------- --------- --------- -------- ------- ------- -------- --------- ---------
   0.000   0.6617   0.01662   0.01064  -0.1616  0.7670  0.6349  -0.8742   0.0000   0.0000   0.0000   0.4933
   0.500   0.7184   0.01616   0.01036  -0.1607  0.7601  0.7217  -0.9241   0.0000   0.0000   0.0000   0.4719
   1.000   0.7675   0.01609   0.01046  -0.1585  0.7514  0.8051  -0.9709   0.0000   0.0000   0.0000   0.4540
   1.500   0.8050   0.01578   0.01036  -0.1539  0.7393  0.9078  -1.0158   0.0000   0.0000   0.0000   0.4379
   2.000   0.8729   0.01519   0.00962  -0.1555  0.7317  1.0000  -1.0859   0.0000   0.0000   0.0000   0.4242
   2.500   0.9290   0.01537   0.00975  -0.1557  0.7190  1.0000  -1.1506   0.0000   0.0000   0.0000   0.4131
   3.000   0.9909   0.01502   0.00929  -0.1564  0.7080  1.0000  -1.2234   0.0000   0.0000   0.0000   0.4026
   3.500   1.0488   0.01491   0.00913  -0.1565  0.6953  1.0000  -1.3021   0.0000   0.0000   0.0000   0.3933
   4.000   1.1075   0.01461   0.00879  -0.1565  0.6811  1.0000  -1.3858   0.0000   0.0000   0.0000   0.3848
   4.500   1.1621   0.01459   0.00878  -0.1560  0.6652  1.0000  -1.4804   0.0000   0.0000   0.0000   0.3770
   5.000   1.2222   0.01427   0.00835  -0.1562  0.6487  1.0000  -1.5889   0.0000   0.0000   0.0000   0.3699
   5.500   1.2726   0.01427   0.00838  -0.1550  0.6259  1.0000  -1.6997   0.0000   0.0000   0.0000   0.3631
   6.000   1.3227   0.01440   0.00849  -0.1536  0.6000  1.0000  -1.8186   0.0000   0.0000   0.0000   0.3568
   6.500   1.3694   0.01471   0.00872  -0.1518  0.5679  1.0000  -1.9496   0.0000   0.0000   0.0000   0.3507
   7.000   1.4113   0.01529   0.00926  -0.1493  0.5316  1.0000  -2.0907   0.0000   0.0000   0.0000   0.3449
   7.500   1.4492   0.01616   0.00990  -0.1462  0.4921  1.0000  -2.2336   0.0000   0.0000   0.0000   0.3392
   8.000   1.4795   0.01727   0.01093  -0.1420  0.4516  1.0000  -2.3768   0.0000   0.0000   0.0000   0.3335
   8.500   1.5014   0.01869   0.01218  -0.1366  0.4138  1.0000  -2.5141   0.0000   0.0000   0.0000   0.3277
   9.000   1.5203   0.02036   0.01377  -0.1313  0.3778  1.0000  -2.6631   0.0000   0.0000   0.0000   0.3223
   9.500   1.5366   0.02237   0.01569  -0.1262  0.3439  1.0000  -2.8268   0.0000   0.0000   0.0000   0.3172
  10.000   1.5507   0.02472   0.01796  -0.1213  0.3125  1.0000  -3.0031   0.0000   0.0000   0.0000   0.3124


