xflr5 v6.61

 Calculated polar for: peg24_85_revT

 1 1 Reynolds number fixed          Mach number fixed         

 xtrf =   1.000 (top)        1.000 (bottom)
 Mach =   0.000     Re =     0.255 e 6     Ncrit =   9.000

  alpha     CL        CD       CDp       Cm    Top Xtr Bot Xtr   Cpmin    Chinge    XCp    
 ------- -------- --------- --------- -------- ------- ------- -------- --------- ---------
   0.000   0.6379   0.01296   0.00728  -0.1517  0.7613  0.6630  -0.8560   0.0000   0.0000   0.0000   0.4867
   0.500   0.6924   0.01290   0.00736  -0.1508  0.7532  0.7430  -0.9047   0.0000   0.0000   0.0000   0.4659
   1.000   0.7404   0.01276   0.00742  -0.1486  0.7417  0.8158  -0.9515   0.0000   0.0000   0.0000   0.4482
   1.500   0.7869   0.01230   0.00705  -0.1455  0.7327  0.8967  -1.0044   0.0000   0.0000   0.0000   0.4316
   2.000   0.8448   0.01217   0.00692  -0.1457  0.7211  1.0000  -1.0681   0.0000   0.0000   0.0000   0.4186
   2.500   0.9055   0.01205   0.00669  -0.1465  0.7090  1.0000  -1.1362   0.0000   0.0000   0.0000   0.4073
   3.000   0.9642   0.01203   0.00659  -0.1469  0.6962  1.0000  -1.2087   0.0000   0.0000   0.0000   0.3972
   3.500   1.0216   0.01194   0.00645  -0.1469  0.6813  1.0000  -1.2888   0.0000   0.0000   0.0000   0.3881
   4.000   1.0771   0.01199   0.00649  -0.1467  0.6651  1.0000  -1.3742   0.0000   0.0000   0.0000   0.3798
   4.500   1.1339   0.01196   0.00636  -0.1466  0.6474  1.0000  -1.4726   0.0000   0.0000   0.0000   0.3722
   5.000   1.1869   0.01203   0.00640  -0.1459  0.6244  1.0000  -1.5785   0.0000   0.0000   0.0000   0.3652
   5.500   1.2381   0.01226   0.00658  -0.1449  0.5979  1.0000  -1.6942   0.0000   0.0000   0.0000   0.3586
   6.000   1.2858   0.01263   0.00692  -0.1433  0.5647  1.0000  -1.8178   0.0000   0.0000   0.0000   0.3523
   6.500   1.3310   0.01321   0.00738  -0.1414  0.5280  1.0000  -1.9580   0.0000   0.0000   0.0000   0.3464
   7.000   1.3720   0.01403   0.00804  -0.1389  0.4878  1.0000  -2.1022   0.0000   0.0000   0.0000   0.3407
   7.500   1.4084   0.01503   0.00890  -0.1358  0.4461  1.0000  -2.2537   0.0000   0.0000   0.0000   0.3351
   8.000   1.4397   0.01623   0.00995  -0.1319  0.4068  1.0000  -2.4130   0.0000   0.0000   0.0000   0.3295
   8.500   1.4638   0.01760   0.01122  -0.1270  0.3692  1.0000  -2.5789   0.0000   0.0000   0.0000   0.3239
   9.000   1.4831   0.01935   0.01281  -0.1219  0.3345  1.0000  -2.7534   0.0000   0.0000   0.0000   0.3185
   9.500   1.5045   0.02118   0.01460  -0.1176  0.3026  1.0000  -2.9525   0.0000   0.0000   0.0000   0.3136
  10.000   1.5238   0.02332   0.01672  -0.1134  0.2724  1.0000  -3.1768   0.0000   0.0000   0.0000   0.3091


