xflr5 v6.61

 Calculated polar for: peg24_55_revT

 1 1 Reynolds number fixed          Mach number fixed         

 xtrf =   1.000 (top)        1.000 (bottom)
 Mach =   0.000     Re =     0.115 e 6     Ncrit =   9.000

  alpha     CL        CD       CDp       Cm    Top Xtr Bot Xtr   Cpmin    Chinge    XCp    
 ------- -------- --------- --------- -------- ------- ------- -------- --------- ---------
   0.000   0.3947   0.02195   0.01569  -0.1068  0.8166  1.0000  -0.6672   0.0000   0.0000   0.0000   0.5202
   1.000   0.5294   0.02222   0.01549  -0.1119  0.7891  1.0000  -0.7787   0.0000   0.0000   0.0000   0.4594
   1.500   0.5883   0.02248   0.01562  -0.1124  0.7740  1.0000  -0.8359   0.0000   0.0000   0.0000   0.4384
   2.000   0.6543   0.02209   0.01511  -0.1132  0.7606  1.0000  -0.9033   0.0000   0.0000   0.0000   0.4197
   2.500   0.7091   0.02224   0.01522  -0.1126  0.7429  1.0000  -0.9663   0.0000   0.0000   0.0000   0.4050
   3.000   0.7793   0.02128   0.01418  -0.1132  0.7312  1.0000  -1.0514   0.0000   0.0000   0.0000   0.3908
   3.500   0.8318   0.02126   0.01418  -0.1120  0.7105  1.0000  -1.1257   0.0000   0.0000   0.0000   0.3797
   4.000   0.8917   0.02076   0.01369  -0.1114  0.6928  1.0000  -1.2197   0.0000   0.0000   0.0000   0.3694
   4.500   0.9595   0.01969   0.01258  -0.1115  0.6763  1.0000  -1.3350   0.0000   0.0000   0.0000   0.3601
   5.000   1.0144   0.01934   0.01227  -0.1103  0.6520  1.0000  -1.4521   0.0000   0.0000   0.0000   0.3520
   5.500   1.0710   0.01890   0.01184  -0.1092  0.6254  1.0000  -1.5864   0.0000   0.0000   0.0000   0.3446
   6.000   1.1247   0.01873   0.01167  -0.1079  0.5944  1.0000  -1.7419   0.0000   0.0000   0.0000   0.3379
   6.500   1.1732   0.01887   0.01182  -0.1059  0.5568  1.0000  -1.9126   0.0000   0.0000   0.0000   0.3316
   7.000   1.2245   0.01915   0.01193  -0.1043  0.5180  1.0000  -2.1216   0.0000   0.0000   0.0000   0.3259
   7.500   1.2656   0.01992   0.01268  -0.1016  0.4738  1.0000  -2.3799   0.0000   0.0000   0.0000   0.3202
   8.000   1.3052   0.02095   0.01360  -0.0988  0.4303  1.0000  -2.6755   0.0000   0.0000   0.0000   0.3149
   8.500   1.3416   0.02223   0.01468  -0.0957  0.3873  1.0000  -2.9805   0.0000   0.0000   0.0000   0.3098
   9.000   1.3691   0.02369   0.01617  -0.0915  0.3445  1.0000  -3.2629   0.0000   0.0000   0.0000   0.3046
   9.500   1.3925   0.02546   0.01781  -0.0870  0.3044  1.0000  -3.5377   0.0000   0.0000   0.0000   0.2994
  10.000   1.4063   0.02745   0.01979  -0.0813  0.2669  1.0000  -3.7820   0.0000   0.0000   0.0000   0.2940


