xflr5 v6.61

 Calculated polar for: peg24_100_revT

 1 1 Reynolds number fixed          Mach number fixed         

 xtrf =   1.000 (top)        1.000 (bottom)
 Mach =   0.000     Re =     0.410 e 6     Ncrit =   9.000

  alpha     CL        CD       CDp       Cm    Top Xtr Bot Xtr   Cpmin    Chinge    XCp    
 ------- -------- --------- --------- -------- ------- ------- -------- --------- ---------
   0.000   0.7235   0.01008   0.00449  -0.1689  0.7339  0.5224  -0.9292   0.0000   0.0000   0.0000   0.4821
   0.500   0.7807   0.01004   0.00461  -0.1691  0.7258  0.5942  -0.9772   0.0000   0.0000   0.0000   0.4645
   1.000   0.8365   0.00986   0.00468  -0.1689  0.7171  0.6723  -1.0285   0.0000   0.0000   0.0000   0.4491
   1.500   0.8924   0.00966   0.00461  -0.1685  0.7077  0.7487  -1.0866   0.0000   0.0000   0.0000   0.4353
   2.000   0.9459   0.00963   0.00471  -0.1676  0.6981  0.8170  -1.1483   0.0000   0.0000   0.0000   0.4230
   2.500   0.9926   0.00935   0.00464  -0.1652  0.6864  0.9002  -1.2086   0.0000   0.0000   0.0000   0.4116
   3.000   1.0499   0.00928   0.00450  -0.1652  0.6744  1.0000  -1.2782   0.0000   0.0000   0.0000   0.4019
   3.500   1.1057   0.00935   0.00459  -0.1653  0.6604  1.0000  -1.3564   0.0000   0.0000   0.0000   0.3933
   4.000   1.1621   0.00949   0.00465  -0.1654  0.6457  1.0000  -1.4385   0.0000   0.0000   0.0000   0.3855
   4.500   1.2161   0.00964   0.00474  -0.1650  0.6257  1.0000  -1.5346   0.0000   0.0000   0.0000   0.3782
   5.000   1.2686   0.00989   0.00497  -0.1645  0.6031  1.0000  -1.6360   0.0000   0.0000   0.0000   0.3714
   5.500   1.3183   0.01028   0.00525  -0.1633  0.5741  1.0000  -1.7468   0.0000   0.0000   0.0000   0.3649
   6.000   1.3651   0.01082   0.00568  -0.1618  0.5405  1.0000  -1.8615   0.0000   0.0000   0.0000   0.3588
   6.500   1.4081   0.01155   0.00627  -0.1597  0.5019  1.0000  -1.9862   0.0000   0.0000   0.0000   0.3529
   7.000   1.4456   0.01251   0.00704  -0.1566  0.4616  1.0000  -2.1208   0.0000   0.0000   0.0000   0.3472
   7.500   1.4792   0.01356   0.00795  -0.1531  0.4220  1.0000  -2.2575   0.0000   0.0000   0.0000   0.3415
   8.000   1.5029   0.01491   0.00913  -0.1479  0.3846  1.0000  -2.3856   0.0000   0.0000   0.0000   0.3357
   8.500   1.5277   0.01636   0.01049  -0.1434  0.3497  1.0000  -2.5230   0.0000   0.0000   0.0000   0.3303
   9.000   1.5494   0.01815   0.01216  -0.1390  0.3167  1.0000  -2.6697   0.0000   0.0000   0.0000   0.3253
   9.500   1.5698   0.02020   0.01411  -0.1347  0.2865  1.0000  -2.8306   0.0000   0.0000   0.0000   0.3205
  10.000   1.5898   0.02242   0.01627  -0.1308  0.2598  1.0000  -3.0208   0.0000   0.0000   0.0000   0.3161


