xflr5 v6.61

 Calculated polar for: peg24_45_revT

 1 1 Reynolds number fixed          Mach number fixed         

 xtrf =   1.000 (top)        1.000 (bottom)
 Mach =   0.000     Re =     0.305 e 6     Ncrit =   9.000

  alpha     CL        CD       CDp       Cm    Top Xtr Bot Xtr   Cpmin    Chinge    XCp    
 ------- -------- --------- --------- -------- ------- ------- -------- --------- ---------
   0.000   0.4597   0.00947   0.00432  -0.1053  0.7575  0.7960  -0.7204   0.0000   0.0000   0.0000   0.4779
   0.500   0.5097   0.00941   0.00438  -0.1035  0.7449  0.8450  -0.7680   0.0000   0.0000   0.0000   0.4512
   1.000   0.5579   0.00922   0.00421  -0.1009  0.7317  0.8946  -0.8181   0.0000   0.0000   0.0000   0.4284
   1.500   0.6107   0.00905   0.00410  -0.0995  0.7170  0.9568  -0.8756   0.0000   0.0000   0.0000   0.4100
   2.000   0.6796   0.00900   0.00390  -0.1022  0.7011  1.0000  -0.9463   0.0000   0.0000   0.0000   0.3968
   2.500   0.7364   0.00904   0.00390  -0.1025  0.6826  1.0000  -1.0162   0.0000   0.0000   0.0000   0.3852
   3.000   0.7929   0.00915   0.00395  -0.1026  0.6625  1.0000  -1.0911   0.0000   0.0000   0.0000   0.3749
   3.500   0.8485   0.00929   0.00401  -0.1025  0.6398  1.0000  -1.1778   0.0000   0.0000   0.0000   0.3657
   4.000   0.9028   0.00948   0.00412  -0.1021  0.6125  1.0000  -1.2725   0.0000   0.0000   0.0000   0.3575
   4.500   0.9559   0.00977   0.00432  -0.1015  0.5816  1.0000  -1.3852   0.0000   0.0000   0.0000   0.3500
   5.500   1.0574   0.01070   0.00501  -0.0997  0.5070  1.0000  -1.6561   0.0000   0.0000   0.0000   0.3369
   6.000   1.1049   0.01139   0.00553  -0.0983  0.4644  1.0000  -1.8296   0.0000   0.0000   0.0000   0.3311
   6.500   1.1518   0.01213   0.00614  -0.0970  0.4222  1.0000  -2.0634   0.0000   0.0000   0.0000   0.3256
   7.000   1.1964   0.01300   0.00689  -0.0953  0.3800  1.0000  -2.3815   0.0000   0.0000   0.0000   0.3205
   8.000   1.2790   0.01506   0.00867  -0.0913  0.2954  1.0000  -3.0358   0.0000   0.0000   0.0000   0.3108
   8.500   1.3156   0.01629   0.00978  -0.0887  0.2551  1.0000  -3.3647   0.0000   0.0000   0.0000   0.3061
   9.000   1.3467   0.01769   0.01102  -0.0853  0.2161  1.0000  -3.6833   0.0000   0.0000   0.0000   0.3013
   9.500   1.3747   0.01923   0.01247  -0.0816  0.1793  1.0000  -3.9979   0.0000   0.0000   0.0000   0.2966
  10.000   1.3962   0.02125   0.01434  -0.0776  0.1436  1.0000  -4.2928   0.0000   0.0000   0.0000   0.2921


