xflr5 v6.61

 Calculated polar for: peg24_100_revT

 1 1 Reynolds number fixed          Mach number fixed         

 xtrf =   1.000 (top)        1.000 (bottom)
 Mach =   0.000     Re =     0.350 e 6     Ncrit =   9.000

  alpha     CL        CD       CDp       Cm    Top Xtr Bot Xtr   Cpmin    Chinge    XCp    
 ------- -------- --------- --------- -------- ------- ------- -------- --------- ---------
   0.000   0.7173   0.01124   0.00557  -0.1686  0.7414  0.5427  -0.9235   0.0000   0.0000   0.0000   0.4837
   0.500   0.7758   0.01098   0.00545  -0.1688  0.7338  0.6202  -0.9727   0.0000   0.0000   0.0000   0.4655
   1.000   0.8313   0.01094   0.00561  -0.1684  0.7255  0.6991  -1.0238   0.0000   0.0000   0.0000   0.4498
   1.500   0.8845   0.01077   0.00565  -0.1675  0.7156  0.7740  -1.0797   0.0000   0.0000   0.0000   0.4359
   2.000   0.9372   0.01049   0.00547  -0.1662  0.7061  0.8467  -1.1410   0.0000   0.0000   0.0000   0.4232
   2.500   0.9849   0.01024   0.00538  -0.1640  0.6954  1.0000  -1.2016   0.0000   0.0000   0.0000   0.4117
   3.000   1.0436   0.01020   0.00527  -0.1645  0.6829  1.0000  -1.2719   0.0000   0.0000   0.0000   0.4021
   3.500   1.1011   0.01029   0.00528  -0.1648  0.6700  1.0000  -1.3512   0.0000   0.0000   0.0000   0.3935
   4.000   1.1569   0.01034   0.00530  -0.1647  0.6551  1.0000  -1.4327   0.0000   0.0000   0.0000   0.3856
   4.500   1.2110   0.01048   0.00543  -0.1644  0.6371  1.0000  -1.5281   0.0000   0.0000   0.0000   0.3782
   5.000   1.2641   0.01066   0.00556  -0.1638  0.6158  1.0000  -1.6298   0.0000   0.0000   0.0000   0.3714
   5.500   1.3149   0.01095   0.00579  -0.1629  0.5905  1.0000  -1.7412   0.0000   0.0000   0.0000   0.3649
   6.000   1.3621   0.01140   0.00614  -0.1613  0.5573  1.0000  -1.8563   0.0000   0.0000   0.0000   0.3588
   6.500   1.4053   0.01208   0.00667  -0.1591  0.5213  1.0000  -1.9807   0.0000   0.0000   0.0000   0.3528
   7.000   1.4444   0.01294   0.00739  -0.1564  0.4819  1.0000  -2.1171   0.0000   0.0000   0.0000   0.3471
   7.500   1.4762   0.01407   0.00832  -0.1524  0.4409  1.0000  -2.2508   0.0000   0.0000   0.0000   0.3413
   8.000   1.5025   0.01528   0.00941  -0.1477  0.4040  1.0000  -2.3828   0.0000   0.0000   0.0000   0.3356
   8.500   1.5238   0.01685   0.01086  -0.1426  0.3673  1.0000  -2.5137   0.0000   0.0000   0.0000   0.3300
   9.000   1.5419   0.01879   0.01265  -0.1376  0.3336  1.0000  -2.6517   0.0000   0.0000   0.0000   0.3248
   9.500   1.5631   0.02078   0.01457  -0.1335  0.3030  1.0000  -2.8127   0.0000   0.0000   0.0000   0.3201
  10.000   1.5828   0.02300   0.01675  -0.1295  0.2750  1.0000  -2.9982   0.0000   0.0000   0.0000   0.3156


