xflr5 v6.61

 Calculated polar for: peg24_65_revT

 1 1 Reynolds number fixed          Mach number fixed         

 xtrf =   1.000 (top)        1.000 (bottom)
 Mach =   0.000     Re =     0.375 e 6     Ncrit =   9.000

  alpha     CL        CD       CDp       Cm    Top Xtr Bot Xtr   Cpmin    Chinge    XCp    
 ------- -------- --------- --------- -------- ------- ------- -------- --------- ---------
   0.000   0.5594   0.00911   0.00398  -0.1295  0.7419  0.6964  -0.7969   0.0000   0.0000   0.0000   0.4802
   0.500   0.6146   0.00900   0.00394  -0.1288  0.7321  0.7622  -0.8457   0.0000   0.0000   0.0000   0.4576
   1.000   0.6673   0.00895   0.00401  -0.1277  0.7205  0.8172  -0.8988   0.0000   0.0000   0.0000   0.4388
   1.500   0.7178   0.00878   0.00393  -0.1259  0.7083  0.8713  -0.9550   0.0000   0.0000   0.0000   0.4222
   2.000   0.7664   0.00858   0.00384  -0.1237  0.6950  0.9512  -1.0125   0.0000   0.0000   0.0000   0.4076
   2.500   0.8294   0.00856   0.00372  -0.1251  0.6796  1.0000  -1.0836   0.0000   0.0000   0.0000   0.3965
   3.000   0.8866   0.00867   0.00380  -0.1255  0.6624  1.0000  -1.1592   0.0000   0.0000   0.0000   0.3866
   3.500   0.9431   0.00882   0.00386  -0.1256  0.6438  1.0000  -1.2399   0.0000   0.0000   0.0000   0.3777
   4.000   0.9979   0.00900   0.00395  -0.1253  0.6202  1.0000  -1.3323   0.0000   0.0000   0.0000   0.3695
   4.500   1.0515   0.00926   0.00415  -0.1249  0.5931  1.0000  -1.4340   0.0000   0.0000   0.0000   0.3621
   5.000   1.1032   0.00963   0.00443  -0.1241  0.5591  1.0000  -1.5484   0.0000   0.0000   0.0000   0.3552
   5.500   1.1526   0.01017   0.00481  -0.1230  0.5223  1.0000  -1.6734   0.0000   0.0000   0.0000   0.3488
   6.000   1.2003   0.01081   0.00532  -0.1217  0.4812  1.0000  -1.8170   0.0000   0.0000   0.0000   0.3428
   6.500   1.2447   0.01165   0.00595  -0.1199  0.4395  1.0000  -1.9725   0.0000   0.0000   0.0000   0.3371
   7.000   1.2887   0.01248   0.00668  -0.1181  0.3981  1.0000  -2.1549   0.0000   0.0000   0.0000   0.3318
   7.500   1.3285   0.01351   0.00753  -0.1158  0.3576  1.0000  -2.3549   0.0000   0.0000   0.0000   0.3265
   8.000   1.3666   0.01457   0.00847  -0.1132  0.3188  1.0000  -2.6436   0.0000   0.0000   0.0000   0.3215
   8.500   1.3982   0.01581   0.00958  -0.1096  0.2829  1.0000  -2.9314   0.0000   0.0000   0.0000   0.3163
   9.000   1.4286   0.01711   0.01079  -0.1061  0.2491  1.0000  -3.2248   0.0000   0.0000   0.0000   0.3114
   9.500   1.4538   0.01876   0.01232  -0.1021  0.2165  1.0000  -3.5082   0.0000   0.0000   0.0000   0.3066
  10.000   1.4771   0.02066   0.01414  -0.0983  0.1864  1.0000  -3.7915   0.0000   0.0000   0.0000   0.3021


