xflr5 v6.61

 Calculated polar for: peg24_40_revT

 1 1 Reynolds number fixed          Mach number fixed         

 xtrf =   1.000 (top)        1.000 (bottom)
 Mach =   0.000     Re =     0.500 e 6     Ncrit =   9.000

  alpha     CL        CD       CDp       Cm    Top Xtr Bot Xtr   Cpmin    Chinge    XCp    
 ------- -------- --------- --------- -------- ------- ------- -------- --------- ---------
   0.000   0.4457   0.00726   0.00251  -0.1006  0.7255  0.7404  -0.7106   0.0000   0.0000   0.0000   0.4745
   0.500   0.5002   0.00717   0.00253  -0.0999  0.7120  0.7883  -0.7618   0.0000   0.0000   0.0000   0.4479
   1.000   0.5542   0.00718   0.00256  -0.0991  0.6977  0.8286  -0.8159   0.0000   0.0000   0.0000   0.4264
   1.500   0.6065   0.00712   0.00257  -0.0979  0.6808  0.8687  -0.8730   0.0000   0.0000   0.0000   0.4084
   2.000   0.6564   0.00707   0.00260  -0.0961  0.6632  0.9128  -0.9319   0.0000   0.0000   0.0000   0.3929
   2.500   0.7170   0.00703   0.00256  -0.0967  0.6429  0.9875  -1.0056   0.0000   0.0000   0.0000   0.3809
   3.000   0.7750   0.00721   0.00263  -0.0973  0.6182  1.0000  -1.0827   0.0000   0.0000   0.0000   0.3710
   3.500   0.8305   0.00745   0.00277  -0.0973  0.5894  1.0000  -1.1705   0.0000   0.0000   0.0000   0.3622
   4.000   0.8846   0.00778   0.00297  -0.0971  0.5565  1.0000  -1.2690   0.0000   0.0000   0.0000   0.3542
   4.500   0.9368   0.00824   0.00325  -0.0965  0.5189  1.0000  -1.3841   0.0000   0.0000   0.0000   0.3469
   5.000   0.9890   0.00871   0.00361  -0.0960  0.4801  1.0000  -1.5137   0.0000   0.0000   0.0000   0.3404
   5.500   1.0391   0.00933   0.00405  -0.0952  0.4382  1.0000  -1.6717   0.0000   0.0000   0.0000   0.3343
   6.000   1.0891   0.00996   0.00455  -0.0944  0.3977  1.0000  -1.8727   0.0000   0.0000   0.0000   0.3288
   6.500   1.1374   0.01070   0.00513  -0.0933  0.3552  1.0000  -2.1984   0.0000   0.0000   0.0000   0.3236
   7.500   1.2295   0.01245   0.00654  -0.0908  0.2703  1.0000  -2.8821   0.0000   0.0000   0.0000   0.3141
   8.000   1.2725   0.01348   0.00740  -0.0891  0.2280  1.0000  -3.2347   0.0000   0.0000   0.0000   0.3096
   8.500   1.3122   0.01469   0.00840  -0.0870  0.1847  1.0000  -3.5877   0.0000   0.0000   0.0000   0.3052
   9.000   1.3479   0.01607   0.00956  -0.0844  0.1435  1.0000  -3.9367   0.0000   0.0000   0.0000   0.3008
   9.500   1.3779   0.01756   0.01087  -0.0810  0.1096  1.0000  -4.2728   0.0000   0.0000   0.0000   0.2962
  10.000   1.4065   0.01910   0.01234  -0.0775  0.0860  1.0000  -4.6173   0.0000   0.0000   0.0000   0.2918


