xflr5 v6.61

 Calculated polar for: peg24_50_revT

 1 1 Reynolds number fixed          Mach number fixed         

 xtrf =   1.000 (top)        1.000 (bottom)
 Mach =   0.000     Re =     0.115 e 6     Ncrit =   9.000

  alpha     CL        CD       CDp       Cm    Top Xtr Bot Xtr   Cpmin    Chinge    XCp    
 ------- -------- --------- --------- -------- ------- ------- -------- --------- ---------
   0.000   0.3828   0.02123   0.01493  -0.1029  0.8190  1.0000  -0.6570   0.0000   0.0000   0.0000   0.5183
   0.500   0.4661   0.02088   0.01430  -0.1074  0.8110  1.0000  -0.7218   0.0000   0.0000   0.0000   0.4791
   1.000   0.5160   0.02141   0.01466  -0.1074  0.7908  1.0000  -0.7688   0.0000   0.0000   0.0000   0.4561
   1.500   0.5921   0.02083   0.01391  -0.1094  0.7824  1.0000  -0.8409   0.0000   0.0000   0.0000   0.4321
   2.000   0.6407   0.02121   0.01424  -0.1085  0.7614  1.0000  -0.8936   0.0000   0.0000   0.0000   0.4161
   2.500   0.6974   0.02124   0.01421  -0.1081  0.7442  1.0000  -0.9592   0.0000   0.0000   0.0000   0.4011
   3.000   0.7652   0.02040   0.01331  -0.1083  0.7311  1.0000  -1.0432   0.0000   0.0000   0.0000   0.3872
   3.500   0.8183   0.02034   0.01327  -0.1072  0.7099  1.0000  -1.1200   0.0000   0.0000   0.0000   0.3761
   4.000   0.8760   0.01998   0.01292  -0.1064  0.6903  1.0000  -1.2124   0.0000   0.0000   0.0000   0.3660
   4.500   0.9392   0.01923   0.01214  -0.1060  0.6715  1.0000  -1.3265   0.0000   0.0000   0.0000   0.3569
   5.000   0.9987   0.01867   0.01156  -0.1053  0.6480  1.0000  -1.4527   0.0000   0.0000   0.0000   0.3488
   5.500   1.0511   0.01851   0.01145  -0.1038  0.6184  1.0000  -1.5870   0.0000   0.0000   0.0000   0.3415
   6.000   1.1028   0.01845   0.01142  -0.1022  0.5846  1.0000  -1.7451   0.0000   0.0000   0.0000   0.3348
   6.500   1.1560   0.01846   0.01131  -0.1008  0.5481  1.0000  -1.9388   0.0000   0.0000   0.0000   0.3287
   7.000   1.2013   0.01902   0.01186  -0.0986  0.5059  1.0000  -2.1609   0.0000   0.0000   0.0000   0.3229
   7.500   1.2459   0.01978   0.01245  -0.0963  0.4627  1.0000  -2.4669   0.0000   0.0000   0.0000   0.3174
   8.000   1.2848   0.02083   0.01340  -0.0934  0.4183  1.0000  -2.7737   0.0000   0.0000   0.0000   0.3121
   8.500   1.3190   0.02212   0.01467  -0.0901  0.3740  1.0000  -3.0756   0.0000   0.0000   0.0000   0.3070
   9.000   1.3487   0.02366   0.01606  -0.0863  0.3312  1.0000  -3.3715   0.0000   0.0000   0.0000   0.3019
   9.500   1.3709   0.02540   0.01772  -0.0816  0.2897  1.0000  -3.6463   0.0000   0.0000   0.0000   0.2967
  10.000   1.3851   0.02748   0.01979  -0.0761  0.2513  1.0000  -3.8938   0.0000   0.0000   0.0000   0.2913


