xflr5 v6.61

 Calculated polar for: peg24_75_revT

 1 1 Reynolds number fixed          Mach number fixed         

 xtrf =   1.000 (top)        1.000 (bottom)
 Mach =   0.000     Re =     0.145 e 6     Ncrit =   9.000

  alpha     CL        CD       CDp       Cm    Top Xtr Bot Xtr   Cpmin    Chinge    XCp    
 ------- -------- --------- --------- -------- ------- ------- -------- --------- ---------
   0.000   0.5230   0.02095   0.01487  -0.1354  0.7914  0.7961  -0.7630   0.0000   0.0000   0.0000   0.5082
   0.500   0.5681   0.02015   0.01418  -0.1304  0.7845  0.8947  -0.8070   0.0000   0.0000   0.0000   0.4780
   1.000   0.6187   0.02060   0.01459  -0.1304  0.7677  1.0000  -0.8517   0.0000   0.0000   0.0000   0.4586
   1.500   0.6916   0.01997   0.01375  -0.1326  0.7596  1.0000  -0.9205   0.0000   0.0000   0.0000   0.4388
   2.000   0.7465   0.02032   0.01401  -0.1327  0.7452  1.0000  -0.9797   0.0000   0.0000   0.0000   0.4242
   2.500   0.8123   0.01968   0.01326  -0.1334  0.7341  1.0000  -1.0508   0.0000   0.0000   0.0000   0.4100
   3.000   0.8701   0.01957   0.01310  -0.1332  0.7203  1.0000  -1.1222   0.0000   0.0000   0.0000   0.3983
   3.500   0.9335   0.01887   0.01234  -0.1333  0.7068  1.0000  -1.2064   0.0000   0.0000   0.0000   0.3874
   4.000   0.9883   0.01873   0.01222  -0.1326  0.6894  1.0000  -1.2906   0.0000   0.0000   0.0000   0.3781
   4.500   1.0567   0.01777   0.01117  -0.1333  0.6761  1.0000  -1.3996   0.0000   0.0000   0.0000   0.3695
   5.000   1.1084   0.01762   0.01109  -0.1320  0.6540  1.0000  -1.5051   0.0000   0.0000   0.0000   0.3618
   5.500   1.1626   0.01734   0.01082  -0.1310  0.6300  1.0000  -1.6253   0.0000   0.0000   0.0000   0.3547
   6.000   1.2163   0.01715   0.01062  -0.1298  0.6028  1.0000  -1.7604   0.0000   0.0000   0.0000   0.3481
   6.500   1.2699   0.01709   0.01043  -0.1287  0.5708  1.0000  -1.9166   0.0000   0.0000   0.0000   0.3419
   7.000   1.3126   0.01760   0.01097  -0.1262  0.5321  1.0000  -2.0699   0.0000   0.0000   0.0000   0.3360
   7.500   1.3569   0.01828   0.01140  -0.1239  0.4917  1.0000  -2.2486   0.0000   0.0000   0.0000   0.3305
   8.000   1.3919   0.01931   0.01239  -0.1205  0.4491  1.0000  -2.4342   0.0000   0.0000   0.0000   0.3249
   8.500   1.4242   0.02059   0.01353  -0.1167  0.4088  1.0000  -2.6362   0.0000   0.0000   0.0000   0.3196
   9.000   1.4483   0.02205   0.01492  -0.1119  0.3699  1.0000  -2.8759   0.0000   0.0000   0.0000   0.3141
   9.500   1.4672   0.02386   0.01652  -0.1067  0.3344  1.0000  -3.1138   0.0000   0.0000   0.0000   0.3088
  10.000   1.4825   0.02587   0.01860  -0.1015  0.3008  1.0000  -3.3436   0.0000   0.0000   0.0000   0.3037


