xflr5 v6.61

 Calculated polar for: peg24_65_revT

 1 1 Reynolds number fixed          Mach number fixed         

 xtrf =   1.000 (top)        1.000 (bottom)
 Mach =   0.000     Re =     0.360 e 6     Ncrit =   9.000

  alpha     CL        CD       CDp       Cm    Top Xtr Bot Xtr   Cpmin    Chinge    XCp    
 ------- -------- --------- --------- -------- ------- ------- -------- --------- ---------
   0.000   0.5585   0.00934   0.00418  -0.1294  0.7445  0.7035  -0.7960   0.0000   0.0000   0.0000   0.4805
   0.500   0.6134   0.00921   0.00413  -0.1287  0.7343  0.7678  -0.8446   0.0000   0.0000   0.0000   0.4579
   1.500   0.7154   0.00898   0.00411  -0.1255  0.7106  0.8786  -0.9530   0.0000   0.0000   0.0000   0.4222
   2.000   0.7685   0.00875   0.00394  -0.1241  0.6976  0.9753  -1.0137   0.0000   0.0000   0.0000   0.4078
   2.500   0.8285   0.00876   0.00388  -0.1251  0.6821  1.0000  -1.0826   0.0000   0.0000   0.0000   0.3966
   3.000   0.8859   0.00887   0.00393  -0.1254  0.6653  1.0000  -1.1584   0.0000   0.0000   0.0000   0.3867
   3.500   0.9425   0.00900   0.00396  -0.1255  0.6469  1.0000  -1.2391   0.0000   0.0000   0.0000   0.3777
   4.000   0.9973   0.00918   0.00405  -0.1252  0.6234  1.0000  -1.3315   0.0000   0.0000   0.0000   0.3695
   4.500   1.0508   0.00943   0.00424  -0.1248  0.5966  1.0000  -1.4329   0.0000   0.0000   0.0000   0.3621
   5.000   1.1026   0.00978   0.00453  -0.1240  0.5638  1.0000  -1.5473   0.0000   0.0000   0.0000   0.3552
   5.500   1.1523   0.01028   0.00490  -0.1230  0.5269  1.0000  -1.6726   0.0000   0.0000   0.0000   0.3488
   6.000   1.1996   0.01095   0.00540  -0.1216  0.4865  1.0000  -1.8156   0.0000   0.0000   0.0000   0.3428
   6.500   1.2446   0.01174   0.00603  -0.1199  0.4443  1.0000  -1.9718   0.0000   0.0000   0.0000   0.3371
   7.000   1.2880   0.01260   0.00677  -0.1180  0.4031  1.0000  -2.1530   0.0000   0.0000   0.0000   0.3317
   8.000   1.3656   0.01470   0.00857  -0.1130  0.3234  1.0000  -2.6382   0.0000   0.0000   0.0000   0.3214
   8.500   1.3968   0.01595   0.00969  -0.1093  0.2870  1.0000  -2.9244   0.0000   0.0000   0.0000   0.3162
   9.000   1.4263   0.01729   0.01094  -0.1057  0.2535  1.0000  -3.2142   0.0000   0.0000   0.0000   0.3112
   9.500   1.4525   0.01889   0.01244  -0.1018  0.2207  1.0000  -3.5005   0.0000   0.0000   0.0000   0.3065
  10.000   1.4743   0.02088   0.01432  -0.0979  0.1899  1.0000  -3.7780   0.0000   0.0000   0.0000   0.3020


