xflr5 v6.61

 Calculated polar for: peg24_60_revT

 1 1 Reynolds number fixed          Mach number fixed         

 xtrf =   1.000 (top)        1.000 (bottom)
 Mach =   0.000     Re =     0.265 e 6     Ncrit =   9.000

  alpha     CL        CD       CDp       Cm    Top Xtr Bot Xtr   Cpmin    Chinge    XCp    
 ------- -------- --------- --------- -------- ------- ------- -------- --------- ---------
   0.000   0.5250   0.01108   0.00575  -0.1228  0.7640  0.7699  -0.7692   0.0000   0.0000   0.0000   0.4828
   0.500   0.5763   0.01098   0.00569  -0.1209  0.7538  0.8289  -0.8161   0.0000   0.0000   0.0000   0.4580
   1.000   0.6209   0.01079   0.00565  -0.1178  0.7410  0.8898  -0.8640   0.0000   0.0000   0.0000   0.4373
   1.500   0.6819   0.01040   0.00522  -0.1178  0.7295  1.0000  -0.9267   0.0000   0.0000   0.0000   0.4197
   2.000   0.7405   0.01046   0.00523  -0.1187  0.7147  1.0000  -0.9894   0.0000   0.0000   0.0000   0.4066
   2.500   0.8007   0.01044   0.00504  -0.1193  0.7005  1.0000  -1.0592   0.0000   0.0000   0.0000   0.3948
   3.000   0.8567   0.01045   0.00505  -0.1193  0.6828  1.0000  -1.1341   0.0000   0.0000   0.0000   0.3845
   3.500   0.9128   0.01053   0.00508  -0.1192  0.6641  1.0000  -1.2156   0.0000   0.0000   0.0000   0.3753
   4.000   0.9683   0.01062   0.00510  -0.1190  0.6428  1.0000  -1.3078   0.0000   0.0000   0.0000   0.3670
   4.500   1.0221   0.01077   0.00519  -0.1184  0.6170  1.0000  -1.4120   0.0000   0.0000   0.0000   0.3594
   5.000   1.0744   0.01103   0.00540  -0.1176  0.5869  1.0000  -1.5287   0.0000   0.0000   0.0000   0.3524
   5.500   1.1245   0.01143   0.00568  -0.1165  0.5510  1.0000  -1.6565   0.0000   0.0000   0.0000   0.3459
   6.000   1.1726   0.01201   0.00614  -0.1151  0.5131  1.0000  -1.8051   0.0000   0.0000   0.0000   0.3398
   6.500   1.2176   0.01277   0.00672  -0.1133  0.4701  1.0000  -1.9683   0.0000   0.0000   0.0000   0.3340
   7.000   1.2609   0.01362   0.00747  -0.1114  0.4285  1.0000  -2.1601   0.0000   0.0000   0.0000   0.3286
   7.500   1.3000   0.01469   0.00835  -0.1088  0.3868  1.0000  -2.3982   0.0000   0.0000   0.0000   0.3233
   8.000   1.3376   0.01576   0.00934  -0.1062  0.3459  1.0000  -2.6979   0.0000   0.0000   0.0000   0.3182
   8.500   1.3692   0.01708   0.01052  -0.1027  0.3080  1.0000  -2.9888   0.0000   0.0000   0.0000   0.3131
   9.000   1.3974   0.01843   0.01181  -0.0987  0.2719  1.0000  -3.2773   0.0000   0.0000   0.0000   0.3080
   9.500   1.4195   0.02021   0.01345  -0.0944  0.2373  1.0000  -3.5515   0.0000   0.0000   0.0000   0.3031
  10.000   1.4424   0.02211   0.01533  -0.0906  0.2049  1.0000  -3.8343   0.0000   0.0000   0.0000   0.2986


