xflr5 v6.61

 Calculated polar for: peg24_55_revT

 1 1 Reynolds number fixed          Mach number fixed         

 xtrf =   1.000 (top)        1.000 (bottom)
 Mach =   0.000     Re =     0.455 e 6     Ncrit =   9.000

  alpha     CL        CD       CDp       Cm    Top Xtr Bot Xtr   Cpmin    Chinge    XCp    
 ------- -------- --------- --------- -------- ------- ------- -------- --------- ---------
   0.000   0.5161   0.00793   0.00298  -0.1181  0.7315  0.7056  -0.7640   0.0000   0.0000   0.0000   0.4776
   0.500   0.5709   0.00787   0.00306  -0.1175  0.7200  0.7649  -0.8130   0.0000   0.0000   0.0000   0.4539
   1.000   0.6248   0.00779   0.00304  -0.1167  0.7074  0.8131  -0.8675   0.0000   0.0000   0.0000   0.4341
   1.500   0.6771   0.00774   0.00309  -0.1155  0.6937  0.8589  -0.9251   0.0000   0.0000   0.0000   0.4174
   2.000   0.7259   0.00763   0.00303  -0.1134  0.6782  0.9125  -0.9820   0.0000   0.0000   0.0000   0.4025
   2.500   0.7861   0.00754   0.00298  -0.1140  0.6608  1.0000  -1.0539   0.0000   0.0000   0.0000   0.3908
   3.000   0.8436   0.00770   0.00305  -0.1144  0.6418  1.0000  -1.1295   0.0000   0.0000   0.0000   0.3809
   3.500   0.8994   0.00789   0.00315  -0.1144  0.6179  1.0000  -1.2144   0.0000   0.0000   0.0000   0.3719
   4.000   0.9540   0.00816   0.00332  -0.1142  0.5903  1.0000  -1.3052   0.0000   0.0000   0.0000   0.3639
   4.500   1.0070   0.00851   0.00356  -0.1137  0.5566  1.0000  -1.4135   0.0000   0.0000   0.0000   0.3565
   5.500   1.1082   0.00958   0.00433  -0.1121  0.4791  1.0000  -1.6687   0.0000   0.0000   0.0000   0.3435
   6.000   1.1560   0.01029   0.00486  -0.1109  0.4376  1.0000  -1.8233   0.0000   0.0000   0.0000   0.3376
   6.500   1.2033   0.01103   0.00546  -0.1096  0.3962  1.0000  -2.0068   0.0000   0.0000   0.0000   0.3322
   7.000   1.2483   0.01189   0.00617  -0.1081  0.3550  1.0000  -2.2484   0.0000   0.0000   0.0000   0.3270
   7.500   1.2910   0.01285   0.00696  -0.1062  0.3142  1.0000  -2.5639   0.0000   0.0000   0.0000   0.3220
   8.000   1.3325   0.01384   0.00782  -0.1043  0.2761  1.0000  -2.8886   0.0000   0.0000   0.0000   0.3173
   8.500   1.3691   0.01504   0.00886  -0.1016  0.2378  1.0000  -3.2090   0.0000   0.0000   0.0000   0.3125
   9.000   1.4027   0.01622   0.00994  -0.0984  0.2044  1.0000  -3.5289   0.0000   0.0000   0.0000   0.3077
   9.500   1.4301   0.01776   0.01131  -0.0946  0.1701  1.0000  -3.8357   0.0000   0.0000   0.0000   0.3030
  10.000   1.4558   0.01947   0.01292  -0.0910  0.1389  1.0000  -4.1429   0.0000   0.0000   0.0000   0.2985


