xflr5 v6.61

 Calculated polar for: peg24_70_revT

 1 1 Reynolds number fixed          Mach number fixed         

 xtrf =   1.000 (top)        1.000 (bottom)
 Mach =   0.000     Re =     0.365 e 6     Ncrit =   9.000

  alpha     CL        CD       CDp       Cm    Top Xtr Bot Xtr   Cpmin    Chinge    XCp    
 ------- -------- --------- --------- -------- ------- ------- -------- --------- ---------
   0.000   0.5824   0.00947   0.00425  -0.1353  0.7431  0.6787  -0.8144   0.0000   0.0000   0.0000   0.4810
   0.500   0.6374   0.00931   0.00421  -0.1346  0.7334  0.7488  -0.8629   0.0000   0.0000   0.0000   0.4591
   1.000   0.6905   0.00928   0.00429  -0.1335  0.7227  0.8074  -0.9161   0.0000   0.0000   0.0000   0.4407
   1.500   0.7410   0.00909   0.00421  -0.1318  0.7106  0.8642  -0.9719   0.0000   0.0000   0.0000   0.4246
   2.000   0.7892   0.00888   0.00408  -0.1294  0.6984  0.9473  -1.0297   0.0000   0.0000   0.0000   0.4101
   2.500   0.8513   0.00884   0.00399  -0.1307  0.6833  1.0000  -1.0995   0.0000   0.0000   0.0000   0.3991
   3.000   0.9090   0.00895   0.00403  -0.1311  0.6676  1.0000  -1.1751   0.0000   0.0000   0.0000   0.3892
   3.500   0.9659   0.00907   0.00403  -0.1312  0.6498  1.0000  -1.2547   0.0000   0.0000   0.0000   0.3803
   4.000   1.0206   0.00921   0.00415  -0.1310  0.6274  1.0000  -1.3467   0.0000   0.0000   0.0000   0.3721
   4.500   1.0743   0.00945   0.00433  -0.1305  0.6017  1.0000  -1.4449   0.0000   0.0000   0.0000   0.3647
   5.000   1.1260   0.00982   0.00457  -0.1297  0.5708  1.0000  -1.5574   0.0000   0.0000   0.0000   0.3578
   5.500   1.1760   0.01028   0.00495  -0.1288  0.5349  1.0000  -1.6801   0.0000   0.0000   0.0000   0.3514
   6.000   1.2228   0.01095   0.00545  -0.1272  0.4950  1.0000  -1.8187   0.0000   0.0000   0.0000   0.3453
   6.500   1.2681   0.01170   0.00606  -0.1256  0.4531  1.0000  -1.9705   0.0000   0.0000   0.0000   0.3396
   7.000   1.3095   0.01264   0.00683  -0.1234  0.4118  1.0000  -2.1343   0.0000   0.0000   0.0000   0.3341
   7.500   1.3498   0.01361   0.00767  -0.1210  0.3713  1.0000  -2.3262   0.0000   0.0000   0.0000   0.3289
   8.000   1.3850   0.01477   0.00866  -0.1180  0.3326  1.0000  -2.5396   0.0000   0.0000   0.0000   0.3237
   8.500   1.4170   0.01593   0.00974  -0.1144  0.2975  1.0000  -2.8160   0.0000   0.0000   0.0000   0.3185
   9.000   1.4437   0.01739   0.01108  -0.1104  0.2639  1.0000  -3.0904   0.0000   0.0000   0.0000   0.3134
   9.500   1.4685   0.01908   0.01266  -0.1064  0.2322  1.0000  -3.3657   0.0000   0.0000   0.0000   0.3086
  10.000   1.4930   0.02092   0.01446  -0.1028  0.2023  1.0000  -3.6471   0.0000   0.0000   0.0000   0.3042


