xflr5 v6.61

 Calculated polar for: peg24_35_revT

 1 1 Reynolds number fixed          Mach number fixed         

 xtrf =   1.000 (top)        1.000 (bottom)
 Mach =   0.000     Re =     0.130 e 6     Ncrit =   9.000

  alpha     CL        CD       CDp       Cm    Top Xtr Bot Xtr   Cpmin    Chinge    XCp    
 ------- -------- --------- --------- -------- ------- ------- -------- --------- ---------
   0.000   0.3812   0.01690   0.01082  -0.0928  0.8221  0.9891  -0.6536   0.0000   0.0000   0.0000   0.4929
   0.500   0.4518   0.01648   0.01017  -0.0953  0.8106  1.0000  -0.7136   0.0000   0.0000   0.0000   0.4595
   1.000   0.4971   0.01673   0.01030  -0.0942  0.7902  1.0000  -0.7593   0.0000   0.0000   0.0000   0.4375
   1.500   0.5543   0.01675   0.01019  -0.0942  0.7742  1.0000  -0.8177   0.0000   0.0000   0.0000   0.4173
   2.000   0.6146   0.01644   0.00976  -0.0941  0.7582  1.0000  -0.8838   0.0000   0.0000   0.0000   0.3999
   2.500   0.6679   0.01650   0.00978  -0.0933  0.7375  1.0000  -0.9504   0.0000   0.0000   0.0000   0.3860
   3.000   0.7245   0.01633   0.00957  -0.0926  0.7178  1.0000  -1.0260   0.0000   0.0000   0.0000   0.3736
   3.500   0.7836   0.01601   0.00918  -0.0921  0.6984  1.0000  -1.1155   0.0000   0.0000   0.0000   0.3628
   4.000   0.8409   0.01576   0.00887  -0.0913  0.6755  1.0000  -1.2168   0.0000   0.0000   0.0000   0.3534
   4.500   0.8951   0.01567   0.00876  -0.0903  0.6485  1.0000  -1.3325   0.0000   0.0000   0.0000   0.3451
   5.000   0.9465   0.01574   0.00886  -0.0889  0.6168  1.0000  -1.4608   0.0000   0.0000   0.0000   0.3376
   5.500   0.9981   0.01586   0.00897  -0.0875  0.5818  1.0000  -1.6227   0.0000   0.0000   0.0000   0.3308
   6.000   1.0501   0.01613   0.00909  -0.0862  0.5446  1.0000  -1.8193   0.0000   0.0000   0.0000   0.3246
   6.500   1.0964   0.01669   0.00963  -0.0843  0.5011  1.0000  -2.1166   0.0000   0.0000   0.0000   0.3187
   7.000   1.1414   0.01746   0.01033  -0.0822  0.4569  1.0000  -2.4398   0.0000   0.0000   0.0000   0.3133
   7.500   1.1839   0.01844   0.01114  -0.0800  0.4124  1.0000  -2.7684   0.0000   0.0000   0.0000   0.3081
   8.000   1.2218   0.01956   0.01217  -0.0772  0.3658  1.0000  -3.0925   0.0000   0.0000   0.0000   0.3030
   8.500   1.2558   0.02087   0.01346  -0.0740  0.3190  1.0000  -3.4115   0.0000   0.0000   0.0000   0.2981
   9.000   1.2846   0.02245   0.01496  -0.0703  0.2726  1.0000  -3.7181   0.0000   0.0000   0.0000   0.2932
   9.500   1.3054   0.02436   0.01675  -0.0657  0.2279  1.0000  -3.9982   0.0000   0.0000   0.0000   0.2881
  10.000   1.3177   0.02681   0.01902  -0.0605  0.1874  1.0000  -4.2442   0.0000   0.0000   0.0000   0.2829


