xflr5 v6.61

 Calculated polar for: peg24_80_revT

 1 1 Reynolds number fixed          Mach number fixed         

 xtrf =   1.000 (top)        1.000 (bottom)
 Mach =   0.000     Re =     0.085 e 6     Ncrit =   9.000

  alpha     CL        CD       CDp       Cm    Top Xtr Bot Xtr   Cpmin    Chinge    XCp    
 ------- -------- --------- --------- -------- ------- ------- -------- --------- ---------
   0.000   0.3638   0.03502   0.02797  -0.1235  0.8340  0.8085  -0.6424   0.0000   0.0000   0.0000   0.5898
   0.500   0.3996   0.03504   0.02802  -0.1200  0.8162  1.0000  -0.6726   0.0000   0.0000   0.0000   0.5497
   1.500   0.5414   0.03694   0.02925  -0.1271  0.7854  1.0000  -0.7845   0.0000   0.0000   0.0000   0.4822
   2.500   0.6777   0.03800   0.03000  -0.1306  0.7555  1.0000  -0.9150   0.0000   0.0000   0.0000   0.4388
   3.500   0.7541   0.04047   0.03239  -0.1268  0.7095  1.0000  -1.0086   0.0000   0.0000   0.0000   0.4128
   4.000   0.8430   0.03903   0.03094  -0.1291  0.7003  1.0000  -1.1145   0.0000   0.0000   0.0000   0.3972
   5.500   1.0386   0.03565   0.02776  -0.1272  0.6506  1.0000  -1.4222   0.0000   0.0000   0.0000   0.3646
   6.000   1.0850   0.03533   0.02756  -0.1246  0.6276  1.0000  -1.5274   0.0000   0.0000   0.0000   0.3562
   6.500   1.1441   0.03399   0.02636  -0.1228  0.6063  1.0000  -1.6611   0.0000   0.0000   0.0000   0.3480
   7.000   1.2263   0.03111   0.02361  -0.1232  0.5868  1.0000  -1.8530   0.0000   0.0000   0.0000   0.3405
   7.500   1.3004   0.02892   0.02150  -0.1230  0.5598  1.0000  -2.0563   0.0000   0.0000   0.0000   0.3338
   8.000   1.3671   0.02758   0.02011  -0.1224  0.5255  1.0000  -2.2735   0.0000   0.0000   0.0000   0.3280
   8.500   1.4190   0.02759   0.02004  -0.1204  0.4864  1.0000  -2.4962   0.0000   0.0000   0.0000   0.3225
   9.000   1.4570   0.02842   0.02078  -0.1170  0.4448  1.0000  -2.7147   0.0000   0.0000   0.0000   0.3171
   9.500   1.4882   0.02985   0.02210  -0.1130  0.4044  1.0000  -2.9531   0.0000   0.0000   0.0000   0.3119
  10.000   1.5111   0.03152   0.02370  -0.1080  0.3659  1.0000  -3.2012   0.0000   0.0000   0.0000   0.3066


