xflr5 v6.61

 Calculated polar for: peg24_15_revT

 1 1 Reynolds number fixed          Mach number fixed         

 xtrf =   1.000 (top)        1.000 (bottom)
 Mach =   0.000     Re =     0.445 e 6     Ncrit =   9.000

  alpha     CL        CD       CDp       Cm    Top Xtr Bot Xtr   Cpmin    Chinge    XCp    
 ------- -------- --------- --------- -------- ------- ------- -------- --------- ---------
   0.000   0.3236   0.00712   0.00245  -0.0703  0.7310  0.8086  -0.6229   0.0000   0.0000   0.0000   0.4662
   0.500   0.3769   0.00710   0.00248  -0.0693  0.7139  0.8429  -0.6726   0.0000   0.0000   0.0000   0.4321
   1.000   0.4291   0.00712   0.00248  -0.0680  0.6951  0.8760  -0.7262   0.0000   0.0000   0.0000   0.4062
   1.500   0.4787   0.00712   0.00247  -0.0661  0.6745  0.9098  -0.7813   0.0000   0.0000   0.0000   0.3852
   2.000   0.5297   0.00711   0.00246  -0.0645  0.6515  0.9490  -0.8431   0.0000   0.0000   0.0000   0.3684
   2.500   0.6004   0.00718   0.00246  -0.0674  0.6246  0.9843  -0.9246   0.0000   0.0000   0.0000   0.3586
   3.000   0.6637   0.00736   0.00254  -0.0693  0.5940  1.0000  -1.0123   0.0000   0.0000   0.0000   0.3502
   3.500   0.7167   0.00763   0.00270  -0.0690  0.5611  1.0000  -1.1070   0.0000   0.0000   0.0000   0.3416
   4.000   0.7693   0.00801   0.00292  -0.0685  0.5242  1.0000  -1.2186   0.0000   0.0000   0.0000   0.3339
   4.500   0.8217   0.00842   0.00321  -0.0680  0.4865  1.0000  -1.3590   0.0000   0.0000   0.0000   0.3271
   5.000   0.8729   0.00895   0.00357  -0.0673  0.4441  1.0000  -1.5741   0.0000   0.0000   0.0000   0.3210
   5.500   0.9246   0.00947   0.00400  -0.0667  0.4051  1.0000  -1.9114   0.0000   0.0000   0.0000   0.3155
   6.000   0.9743   0.01014   0.00450  -0.0659  0.3588  1.0000  -2.2606   0.0000   0.0000   0.0000   0.3105
   6.500   1.0230   0.01091   0.00508  -0.0650  0.3120  1.0000  -2.6233   0.0000   0.0000   0.0000   0.3058
   7.000   1.0703   0.01181   0.00577  -0.0639  0.2585  1.0000  -2.9967   0.0000   0.0000   0.0000   0.3014
   7.500   1.1157   0.01286   0.00658  -0.0627  0.2045  1.0000  -3.3773   0.0000   0.0000   0.0000   0.2973
   8.000   1.1581   0.01415   0.00757  -0.0612  0.1503  1.0000  -3.7582   0.0000   0.0000   0.0000   0.2933
   8.500   1.1990   0.01551   0.00871  -0.0595  0.1057  1.0000  -4.1541   0.0000   0.0000   0.0000   0.2894
   9.000   1.2380   0.01693   0.00998  -0.0575  0.0745  1.0000  -4.5591   0.0000   0.0000   0.0000   0.2855
   9.500   1.2747   0.01841   0.01135  -0.0552  0.0529  1.0000  -4.9606   0.0000   0.0000   0.0000   0.2817
  10.000   1.3068   0.01998   0.01291  -0.0523  0.0371  1.0000  -5.3372   0.0000   0.0000   0.0000   0.2777


