xflr5 v6.61

 Calculated polar for: peg24_65_revT

 1 1 Reynolds number fixed          Mach number fixed         

 xtrf =   1.000 (top)        1.000 (bottom)
 Mach =   0.000     Re =     0.490 e 6     Ncrit =   9.000

  alpha     CL        CD       CDp       Cm    Top Xtr Bot Xtr   Cpmin    Chinge    XCp    
 ------- -------- --------- --------- -------- ------- ------- -------- --------- ---------
   0.000   0.5648   0.00800   0.00296  -0.1299  0.7267  0.6506  -0.8015   0.0000   0.0000   0.0000   0.4786
   0.500   0.6201   0.00784   0.00302  -0.1295  0.7163  0.7229  -0.8502   0.0000   0.0000   0.0000   0.4568
   1.000   0.6752   0.00779   0.00301  -0.1289  0.7045  0.7781  -0.9053   0.0000   0.0000   0.0000   0.4382
   1.500   0.7290   0.00774   0.00309  -0.1281  0.6922  0.8277  -0.9636   0.0000   0.0000   0.0000   0.4225
   2.000   0.7804   0.00766   0.00306  -0.1267  0.6777  0.8785  -1.0232   0.0000   0.0000   0.0000   0.4085
   2.500   0.8330   0.00747   0.00302  -0.1255  0.6621  0.9851  -1.0876   0.0000   0.0000   0.0000   0.3963
   3.000   0.8910   0.00762   0.00307  -0.1260  0.6448  1.0000  -1.1643   0.0000   0.0000   0.0000   0.3865
   3.500   0.9469   0.00782   0.00316  -0.1260  0.6225  1.0000  -1.2452   0.0000   0.0000   0.0000   0.3776
   4.000   1.0016   0.00807   0.00333  -0.1258  0.5965  1.0000  -1.3374   0.0000   0.0000   0.0000   0.3695
   4.500   1.0551   0.00840   0.00357  -0.1255  0.5662  1.0000  -1.4397   0.0000   0.0000   0.0000   0.3622
   5.000   1.1065   0.00886   0.00389  -0.1247  0.5290  1.0000  -1.5543   0.0000   0.0000   0.0000   0.3554
   5.500   1.1557   0.00947   0.00433  -0.1237  0.4907  1.0000  -1.6793   0.0000   0.0000   0.0000   0.3491
   6.000   1.2036   0.01014   0.00485  -0.1225  0.4479  1.0000  -1.8241   0.0000   0.0000   0.0000   0.3432
   6.500   1.2497   0.01092   0.00547  -0.1210  0.4074  1.0000  -1.9831   0.0000   0.0000   0.0000   0.3376
   7.000   1.2936   0.01181   0.00619  -0.1193  0.3662  1.0000  -2.1674   0.0000   0.0000   0.0000   0.3323
   7.500   1.3359   0.01273   0.00697  -0.1174  0.3272  1.0000  -2.3801   0.0000   0.0000   0.0000   0.3272
   8.000   1.3751   0.01378   0.00787  -0.1150  0.2897  1.0000  -2.6836   0.0000   0.0000   0.0000   0.3223
   8.500   1.4102   0.01489   0.00886  -0.1119  0.2551  1.0000  -2.9856   0.0000   0.0000   0.0000   0.3173
   9.000   1.4414   0.01615   0.01000  -0.1084  0.2220  1.0000  -3.2850   0.0000   0.0000   0.0000   0.3124
   9.500   1.4682   0.01770   0.01141  -0.1046  0.1909  1.0000  -3.5770   0.0000   0.0000   0.0000   0.3076
  10.000   1.4943   0.01939   0.01303  -0.1010  0.1624  1.0000  -3.8746   0.0000   0.0000   0.0000   0.3032


