xflr5 v6.61

 Calculated polar for: peg24_80_revT

 1 1 Reynolds number fixed          Mach number fixed         

 xtrf =   1.000 (top)        1.000 (bottom)
 Mach =   0.000     Re =     0.260 e 6     Ncrit =   9.000

  alpha     CL        CD       CDp       Cm    Top Xtr Bot Xtr   Cpmin    Chinge    XCp    
 ------- -------- --------- --------- -------- ------- ------- -------- --------- ---------
   0.000   0.6168   0.01241   0.00682  -0.1462  0.7614  0.6861  -0.8394   0.0000   0.0000   0.0000   0.4859
   0.500   0.6703   0.01237   0.00689  -0.1450  0.7527  0.7623  -0.8874   0.0000   0.0000   0.0000   0.4644
   1.000   0.7183   0.01220   0.00691  -0.1428  0.7411  0.8308  -0.9351   0.0000   0.0000   0.0000   0.4462
   1.500   0.7642   0.01175   0.00653  -0.1394  0.7318  0.9127  -0.9876   0.0000   0.0000   0.0000   0.4293
   2.000   0.8247   0.01168   0.00645  -0.1404  0.7194  1.0000  -1.0532   0.0000   0.0000   0.0000   0.4164
   2.500   0.8858   0.01154   0.00619  -0.1412  0.7072  1.0000  -1.1212   0.0000   0.0000   0.0000   0.4050
   3.000   0.9430   0.01159   0.00619  -0.1414  0.6931  1.0000  -1.1943   0.0000   0.0000   0.0000   0.3949
   3.500   1.0016   0.01149   0.00599  -0.1416  0.6783  1.0000  -1.2750   0.0000   0.0000   0.0000   0.3857
   4.000   1.0560   0.01158   0.00610  -0.1413  0.6605  1.0000  -1.3621   0.0000   0.0000   0.0000   0.3775
   4.500   1.1111   0.01162   0.00610  -0.1409  0.6407  1.0000  -1.4581   0.0000   0.0000   0.0000   0.3699
   5.000   1.1644   0.01174   0.00616  -0.1402  0.6168  1.0000  -1.5680   0.0000   0.0000   0.0000   0.3628
   5.500   1.2154   0.01199   0.00637  -0.1392  0.5881  1.0000  -1.6852   0.0000   0.0000   0.0000   0.3563
   6.000   1.2636   0.01240   0.00668  -0.1378  0.5532  1.0000  -1.8138   0.0000   0.0000   0.0000   0.3500
   6.500   1.3088   0.01305   0.00716  -0.1359  0.5160  1.0000  -1.9578   0.0000   0.0000   0.0000   0.3441
   7.000   1.3499   0.01388   0.00787  -0.1334  0.4738  1.0000  -2.1071   0.0000   0.0000   0.0000   0.3384
   7.500   1.3870   0.01490   0.00874  -0.1304  0.4334  1.0000  -2.2646   0.0000   0.0000   0.0000   0.3329
   8.000   1.4192   0.01609   0.00978  -0.1268  0.3927  1.0000  -2.4382   0.0000   0.0000   0.0000   0.3274
   8.500   1.4445   0.01746   0.01104  -0.1221  0.3562  1.0000  -2.6182   0.0000   0.0000   0.0000   0.3219
   9.000   1.4680   0.01901   0.01251  -0.1176  0.3212  1.0000  -2.8147   0.0000   0.0000   0.0000   0.3166
   9.500   1.4883   0.02089   0.01429  -0.1131  0.2891  1.0000  -3.0539   0.0000   0.0000   0.0000   0.3117
  10.000   1.5057   0.02314   0.01645  -0.1087  0.2588  1.0000  -3.2894   0.0000   0.0000   0.0000   0.3071


