xflr5 v6.61

 Calculated polar for: peg24_05_revT

 1 1 Reynolds number fixed          Mach number fixed         

 xtrf =   1.000 (top)        1.000 (bottom)
 Mach =   0.000     Re =     0.395 e 6     Ncrit =   9.000

  alpha     CL        CD       CDp       Cm    Top Xtr Bot Xtr   Cpmin    Chinge    XCp    
 ------- -------- --------- --------- -------- ------- ------- -------- --------- ---------
   0.000   0.2693   0.00732   0.00265  -0.0569  0.7385  0.8360  -0.5856   0.0000   0.0000   0.0000   0.4600
   0.500   0.3206   0.00733   0.00265  -0.0553  0.7198  0.8684  -0.6339   0.0000   0.0000   0.0000   0.4206
   1.000   0.3708   0.00736   0.00262  -0.0534  0.6991  0.9002  -0.6855   0.0000   0.0000   0.0000   0.3917
   1.500   0.4219   0.00737   0.00261  -0.0517  0.6765  0.9329  -0.7420   0.0000   0.0000   0.0000   0.3697
   2.000   0.4867   0.00744   0.00263  -0.0532  0.6511  0.9600  -0.8134   0.0000   0.0000   0.0000   0.3560
   2.500   0.5627   0.00759   0.00269  -0.0573  0.6217  0.9784  -0.9008   0.0000   0.0000   0.0000   0.3482
   3.000   0.6401   0.00776   0.00278  -0.0620  0.5872  0.9934  -1.0036   0.0000   0.0000   0.0000   0.3428
   3.500   0.6947   0.00800   0.00289  -0.0622  0.5522  1.0000  -1.1131   0.0000   0.0000   0.0000   0.3351
   4.000   0.7340   0.00833   0.00307  -0.0591  0.5177  1.0000  -1.2203   0.0000   0.0000   0.0000   0.3256
   4.500   0.7789   0.00872   0.00335  -0.0571  0.4790  1.0000  -1.3809   0.0000   0.0000   0.0000   0.3179
   5.000   0.8249   0.00921   0.00369  -0.0552  0.4397  1.0000  -1.6952   0.0000   0.0000   0.0000   0.3111
   5.500   0.8717   0.00972   0.00410  -0.0536  0.3988  1.0000  -2.0297   0.0000   0.0000   0.0000   0.3052
   6.000   0.9173   0.01034   0.00458  -0.0519  0.3534  1.0000  -2.3768   0.0000   0.0000   0.0000   0.2997
   6.500   0.9616   0.01107   0.00514  -0.0500  0.3056  1.0000  -2.7346   0.0000   0.0000   0.0000   0.2946
   7.000   1.0031   0.01199   0.00580  -0.0478  0.2481  1.0000  -3.0963   0.0000   0.0000   0.0000   0.2896
   8.000   1.0790   0.01427   0.00757  -0.0425  0.1382  1.0000  -3.8264   0.0000   0.0000   0.0000   0.2802
   8.500   1.1122   0.01565   0.00871  -0.0393  0.0948  1.0000  -4.2021   0.0000   0.0000   0.0000   0.2755
   9.000   1.1438   0.01697   0.00992  -0.0357  0.0672  1.0000  -4.5761   0.0000   0.0000   0.0000   0.2708
   9.500   1.1692   0.01832   0.01120  -0.0311  0.0478  1.0000  -4.9217   0.0000   0.0000   0.0000   0.2655
  10.000   1.1858   0.02003   0.01286  -0.0254  0.0313  1.0000  -5.2023   0.0000   0.0000   0.0000   0.2597


