xflr5 v6.61

 Calculated polar for: peg24_15_revT

 1 1 Reynolds number fixed          Mach number fixed         

 xtrf =   1.000 (top)        1.000 (bottom)
 Mach =   0.000     Re =     0.255 e 6     Ncrit =   9.000

  alpha     CL        CD       CDp       Cm    Top Xtr Bot Xtr   Cpmin    Chinge    XCp    
 ------- -------- --------- --------- -------- ------- ------- -------- --------- ---------
   0.000   0.3063   0.00948   0.00439  -0.0668  0.7741  0.8799  -0.6107   0.0000   0.0000   0.0000   0.4672
   0.500   0.3538   0.00937   0.00422  -0.0638  0.7576  0.9202  -0.6573   0.0000   0.0000   0.0000   0.4288
   1.000   0.4145   0.00926   0.00409  -0.0640  0.7389  0.9581  -0.7151   0.0000   0.0000   0.0000   0.4022
   1.500   0.4959   0.00918   0.00391  -0.0690  0.7192  0.9883  -0.7903   0.0000   0.0000   0.0000   0.3864
   2.000   0.5638   0.00914   0.00376  -0.0718  0.6971  1.0000  -0.8642   0.0000   0.0000   0.0000   0.3742
   2.500   0.6113   0.00924   0.00373  -0.0704  0.6735  1.0000  -0.9296   0.0000   0.0000   0.0000   0.3616
   3.000   0.6630   0.00938   0.00378  -0.0697  0.6470  1.0000  -1.0080   0.0000   0.0000   0.0000   0.3510
   3.500   0.7154   0.00957   0.00390  -0.0690  0.6166  1.0000  -1.1012   0.0000   0.0000   0.0000   0.3419
   4.000   0.7678   0.00984   0.00408  -0.0683  0.5832  1.0000  -1.2125   0.0000   0.0000   0.0000   0.3339
   4.500   0.8192   0.01024   0.00431  -0.0674  0.5471  1.0000  -1.3500   0.0000   0.0000   0.0000   0.3267
   5.000   0.8701   0.01067   0.00469  -0.0665  0.5078  1.0000  -1.5366   0.0000   0.0000   0.0000   0.3204
   5.500   0.9195   0.01126   0.00512  -0.0654  0.4654  1.0000  -1.8616   0.0000   0.0000   0.0000   0.3145
   6.000   0.9685   0.01188   0.00567  -0.0643  0.4232  1.0000  -2.2025   0.0000   0.0000   0.0000   0.3093
   6.500   1.0158   0.01262   0.00629  -0.0631  0.3768  1.0000  -2.5541   0.0000   0.0000   0.0000   0.3044
   7.000   1.0618   0.01348   0.00703  -0.0617  0.3299  1.0000  -2.9157   0.0000   0.0000   0.0000   0.2998
   7.500   1.1059   0.01449   0.00789  -0.0601  0.2817  1.0000  -3.2840   0.0000   0.0000   0.0000   0.2955
   8.000   1.1473   0.01568   0.00891  -0.0584  0.2283  1.0000  -3.6536   0.0000   0.0000   0.0000   0.2913
   8.500   1.1836   0.01726   0.01020  -0.0560  0.1701  1.0000  -4.0116   0.0000   0.0000   0.0000   0.2871
   9.000   1.2170   0.01903   0.01172  -0.0535  0.1173  1.0000  -4.3624   0.0000   0.0000   0.0000   0.2830
   9.500   1.2457   0.02099   0.01351  -0.0503  0.0831  1.0000  -4.7054   0.0000   0.0000   0.0000   0.2788
  10.000   1.2669   0.02323   0.01568  -0.0462  0.0618  1.0000  -5.0154   0.0000   0.0000   0.0000   0.2742


