xflr5 v6.61

 Calculated polar for: peg24_25_revT

 1 1 Reynolds number fixed          Mach number fixed         

 xtrf =   1.000 (top)        1.000 (bottom)
 Mach =   0.000     Re =     0.290 e 6     Ncrit =   9.000

  alpha     CL        CD       CDp       Cm    Top Xtr Bot Xtr   Cpmin    Chinge    XCp    
 ------- -------- --------- --------- -------- ------- ------- -------- --------- ---------
   0.000   0.3608   0.00906   0.00404  -0.0805  0.7629  0.8464  -0.6486   0.0000   0.0000   0.0000   0.4720
   0.500   0.4088   0.00900   0.00400  -0.0779  0.7480  0.8875  -0.6961   0.0000   0.0000   0.0000   0.4388
   1.000   0.4574   0.00886   0.00383  -0.0754  0.7319  0.9310  -0.7468   0.0000   0.0000   0.0000   0.4125
   1.500   0.5254   0.00875   0.00370  -0.0774  0.7136  0.9748  -0.8123   0.0000   0.0000   0.0000   0.3944
   2.000   0.5970   0.00872   0.00357  -0.0808  0.6936  1.0000  -0.8875   0.0000   0.0000   0.0000   0.3821
   2.500   0.6506   0.00882   0.00355  -0.0806  0.6721  1.0000  -0.9556   0.0000   0.0000   0.0000   0.3701
   3.000   0.7050   0.00897   0.00359  -0.0803  0.6477  1.0000  -1.0350   0.0000   0.0000   0.0000   0.3597
   3.500   0.7589   0.00915   0.00370  -0.0799  0.6192  1.0000  -1.1222   0.0000   0.0000   0.0000   0.3506
   4.000   0.8122   0.00940   0.00388  -0.0794  0.5873  1.0000  -1.2315   0.0000   0.0000   0.0000   0.3425
   4.500   0.8642   0.00977   0.00411  -0.0787  0.5514  1.0000  -1.3505   0.0000   0.0000   0.0000   0.3353
   5.000   0.9155   0.01023   0.00446  -0.0779  0.5138  1.0000  -1.5070   0.0000   0.0000   0.0000   0.3288
   5.500   0.9649   0.01081   0.00489  -0.0768  0.4707  1.0000  -1.7270   0.0000   0.0000   0.0000   0.3227
   6.000   1.0143   0.01144   0.00543  -0.0758  0.4296  1.0000  -2.0559   0.0000   0.0000   0.0000   0.3173
   6.500   1.0614   0.01221   0.00605  -0.0745  0.3856  1.0000  -2.3943   0.0000   0.0000   0.0000   0.3122
   7.000   1.1068   0.01310   0.00679  -0.0731  0.3394  1.0000  -2.7423   0.0000   0.0000   0.0000   0.3074
   7.500   1.1515   0.01404   0.00761  -0.0716  0.2938  1.0000  -3.1013   0.0000   0.0000   0.0000   0.3029
   8.000   1.1935   0.01515   0.00857  -0.0698  0.2473  1.0000  -3.4634   0.0000   0.0000   0.0000   0.2986
   8.500   1.2315   0.01651   0.00974  -0.0676  0.1974  1.0000  -3.8211   0.0000   0.0000   0.0000   0.2943
   9.000   1.2644   0.01817   0.01114  -0.0648  0.1466  1.0000  -4.1668   0.0000   0.0000   0.0000   0.2900
   9.500   1.2925   0.01997   0.01273  -0.0614  0.1064  1.0000  -4.4975   0.0000   0.0000   0.0000   0.2855
  10.000   1.3169   0.02192   0.01460  -0.0577  0.0797  1.0000  -4.8273   0.0000   0.0000   0.0000   0.2811


