xflr5 v6.61

 Calculated polar for: peg24_60_revT

 1 1 Reynolds number fixed          Mach number fixed         

 xtrf =   1.000 (top)        1.000 (bottom)
 Mach =   0.000     Re =     0.065 e 6     Ncrit =   9.000

  alpha     CL        CD       CDp       Cm    Top Xtr Bot Xtr   Cpmin    Chinge    XCp    
 ------- -------- --------- --------- -------- ------- ------- -------- --------- ---------
   0.000   0.2352   0.03403   0.02619  -0.0964  0.8955  1.0000  -0.5979   0.0000   0.0000   0.0000   0.6610
   0.500   0.2864   0.03523   0.02699  -0.0983  0.8735  1.0000  -0.5834   0.0000   0.0000   0.0000   0.5930
   1.000   0.3446   0.03690   0.02835  -0.1008  0.8525  1.0000  -0.6262   0.0000   0.0000   0.0000   0.5410
   1.500   0.4148   0.03848   0.02967  -0.1044  0.8317  1.0000  -0.6827   0.0000   0.0000   0.0000   0.4993
   2.000   0.4934   0.03970   0.03071  -0.1085  0.8118  1.0000  -0.7502   0.0000   0.0000   0.0000   0.4668
   2.500   0.5389   0.04117   0.03209  -0.1081  0.7870  1.0000  -0.7949   0.0000   0.0000   0.0000   0.4469
   3.000   0.5898   0.04259   0.03346  -0.1082  0.7622  1.0000  -0.8485   0.0000   0.0000   0.0000   0.4291
   3.500   0.6421   0.04393   0.03478  -0.1082  0.7376  1.0000  -0.9088   0.0000   0.0000   0.0000   0.4135
   4.000   0.6955   0.04511   0.03598  -0.1080  0.7131  1.0000  -0.9741   0.0000   0.0000   0.0000   0.3998
   4.500   0.7504   0.04599   0.03691  -0.1076  0.6884  1.0000  -1.0508   0.0000   0.0000   0.0000   0.3873
   5.000   0.8076   0.04650   0.03752  -0.1070  0.6644  1.0000  -1.1381   0.0000   0.0000   0.0000   0.3758
   5.500   0.8783   0.04573   0.03688  -0.1067  0.6438  1.0000  -1.2570   0.0000   0.0000   0.0000   0.3642
   6.000   0.9604   0.04318   0.03453  -0.1061  0.6255  1.0000  -1.4113   0.0000   0.0000   0.0000   0.3526
   6.500   1.0207   0.04186   0.03340  -0.1039  0.6011  1.0000  -1.5526   0.0000   0.0000   0.0000   0.3433
   7.000   1.0927   0.03951   0.03128  -0.1023  0.5770  1.0000  -1.7418   0.0000   0.0000   0.0000   0.3344
   7.500   1.1816   0.03575   0.02773  -0.1018  0.5511  1.0000  -2.0024   0.0000   0.0000   0.0000   0.3263
   8.000   1.2741   0.03237   0.02434  -0.1022  0.5176  1.0000  -2.3304   0.0000   0.0000   0.0000   0.3196
   8.500   1.3167   0.03269   0.02474  -0.0988  0.4749  1.0000  -2.6282   0.0000   0.0000   0.0000   0.3137
   9.000   1.3648   0.03309   0.02511  -0.0960  0.4305  1.0000  -2.9562   0.0000   0.0000   0.0000   0.3082
   9.500   1.4091   0.03402   0.02583  -0.0931  0.3846  1.0000  -3.2868   0.0000   0.0000   0.0000   0.3031
  10.000   1.4353   0.03585   0.02764  -0.0885  0.3403  1.0000  -3.5621   0.0000   0.0000   0.0000   0.2979


