xflr5 v6.61

 Calculated polar for: peg24_70_revT

 1 1 Reynolds number fixed          Mach number fixed         

 xtrf =   1.000 (top)        1.000 (bottom)
 Mach =   0.000     Re =     0.070 e 6     Ncrit =   9.000

  alpha     CL        CD       CDp       Cm    Top Xtr Bot Xtr   Cpmin    Chinge    XCp    
 ------- -------- --------- --------- -------- ------- ------- -------- --------- ---------
   0.000   0.2451   0.03493   0.02772  -0.1008  0.8730  1.0000  -0.6496   0.0000   0.0000   0.0000   0.6628
   0.500   0.3164   0.03654   0.02876  -0.1069  0.8535  1.0000  -0.6072   0.0000   0.0000   0.0000   0.5876
   1.000   0.4148   0.03809   0.02987  -0.1149  0.8389  1.0000  -0.6780   0.0000   0.0000   0.0000   0.5254
   1.500   0.4544   0.03939   0.03096  -0.1141  0.8154  1.0000  -0.7131   0.0000   0.0000   0.0000   0.4987
   2.000   0.5030   0.04097   0.03237  -0.1144  0.7929  1.0000  -0.7567   0.0000   0.0000   0.0000   0.4742
   2.500   0.5604   0.04241   0.03368  -0.1154  0.7721  1.0000  -0.8119   0.0000   0.0000   0.0000   0.4521
   3.000   0.6488   0.04265   0.03383  -0.1193  0.7562  1.0000  -0.8975   0.0000   0.0000   0.0000   0.4294
   3.500   0.6920   0.04391   0.03507  -0.1181  0.7317  1.0000  -0.9498   0.0000   0.0000   0.0000   0.4155
   4.000   0.7377   0.04514   0.03630  -0.1170  0.7074  1.0000  -1.0096   0.0000   0.0000   0.0000   0.4029
   5.500   0.9420   0.04336   0.03477  -0.1165  0.6499  1.0000  -1.3147   0.0000   0.0000   0.0000   0.3662
   6.000   0.9908   0.04321   0.03476  -0.1142  0.6255  1.0000  -1.4193   0.0000   0.0000   0.0000   0.3571
   6.500   1.0441   0.04242   0.03413  -0.1118  0.6018  1.0000  -1.5424   0.0000   0.0000   0.0000   0.3482
   7.000   1.1079   0.04051   0.03241  -0.1096  0.5791  1.0000  -1.7024   0.0000   0.0000   0.0000   0.3394
   7.500   1.1962   0.03675   0.02886  -0.1093  0.5569  1.0000  -1.9310   0.0000   0.0000   0.0000   0.3311
   8.000   1.2886   0.03304   0.02526  -0.1098  0.5273  1.0000  -2.2126   0.0000   0.0000   0.0000   0.3242
   8.500   1.3641   0.03136   0.02347  -0.1096  0.4891  1.0000  -2.5086   0.0000   0.0000   0.0000   0.3186
   9.000   1.4057   0.03194   0.02407  -0.1063  0.4460  1.0000  -2.7953   0.0000   0.0000   0.0000   0.3130
   9.500   1.4418   0.03319   0.02524  -0.1027  0.4035  1.0000  -3.0832   0.0000   0.0000   0.0000   0.3078
  10.000   1.4817   0.03453   0.02633  -0.0996  0.3601  1.0000  -3.3957   0.0000   0.0000   0.0000   0.3030


