xflr5 v6.61

 Calculated polar for: peg24_60_revT

 1 1 Reynolds number fixed          Mach number fixed         

 xtrf =   1.000 (top)        1.000 (bottom)
 Mach =   0.000     Re =     0.415 e 6     Ncrit =   9.000

  alpha     CL        CD       CDp       Cm    Top Xtr Bot Xtr   Cpmin    Chinge    XCp    
 ------- -------- --------- --------- -------- ------- ------- -------- --------- ---------
   0.000   0.5381   0.00843   0.00340  -0.1238  0.7365  0.7009  -0.7807   0.0000   0.0000   0.0000   0.4788
   0.500   0.5932   0.00842   0.00347  -0.1232  0.7260  0.7633  -0.8295   0.0000   0.0000   0.0000   0.4558
   1.000   0.6464   0.00829   0.00348  -0.1222  0.7136  0.8147  -0.8834   0.0000   0.0000   0.0000   0.4365
   1.500   0.6983   0.00824   0.00345  -0.1208  0.7010  0.8641  -0.9407   0.0000   0.0000   0.0000   0.4198
   2.500   0.8080   0.00801   0.00332  -0.1196  0.6707  1.0000  -1.0687   0.0000   0.0000   0.0000   0.3937
   3.000   0.8654   0.00813   0.00334  -0.1200  0.6522  1.0000  -1.1448   0.0000   0.0000   0.0000   0.3838
   3.500   0.9215   0.00829   0.00345  -0.1200  0.6305  1.0000  -1.2276   0.0000   0.0000   0.0000   0.3748
   4.000   0.9762   0.00851   0.00360  -0.1198  0.6047  1.0000  -1.3191   0.0000   0.0000   0.0000   0.3667
   4.500   1.0294   0.00884   0.00381  -0.1193  0.5750  1.0000  -1.4241   0.0000   0.0000   0.0000   0.3593
   5.000   1.0808   0.00928   0.00412  -0.1186  0.5392  1.0000  -1.5411   0.0000   0.0000   0.0000   0.3525
   5.500   1.1306   0.00983   0.00454  -0.1176  0.5009  1.0000  -1.6703   0.0000   0.0000   0.0000   0.3462
   6.000   1.1782   0.01052   0.00507  -0.1163  0.4586  1.0000  -1.8196   0.0000   0.0000   0.0000   0.3403
   6.500   1.2238   0.01132   0.00569  -0.1148  0.4166  1.0000  -1.9864   0.0000   0.0000   0.0000   0.3347
   7.000   1.2686   0.01216   0.00641  -0.1131  0.3762  1.0000  -2.1844   0.0000   0.0000   0.0000   0.3294
   7.500   1.3094   0.01318   0.00724  -0.1110  0.3349  1.0000  -2.4524   0.0000   0.0000   0.0000   0.3243
   8.000   1.3499   0.01417   0.00812  -0.1088  0.2972  1.0000  -2.7659   0.0000   0.0000   0.0000   0.3194
   9.000   1.4159   0.01663   0.01033  -0.1023  0.2262  1.0000  -3.3760   0.0000   0.0000   0.0000   0.3096
   9.500   1.4427   0.01819   0.01177  -0.0985  0.1937  1.0000  -3.6727   0.0000   0.0000   0.0000   0.3049
  10.000   1.4674   0.01999   0.01347  -0.0948  0.1634  1.0000  -3.9685   0.0000   0.0000   0.0000   0.3004


