xflr5 v6.61

 Calculated polar for: peg24_25_revT

 1 1 Reynolds number fixed          Mach number fixed         

 xtrf =   1.000 (top)        1.000 (bottom)
 Mach =   0.000     Re =     0.075 e 6     Ncrit =   9.000

  alpha     CL        CD       CDp       Cm    Top Xtr Bot Xtr   Cpmin    Chinge    XCp    
 ------- -------- --------- --------- -------- ------- ------- -------- --------- ---------
   0.000   0.2079   0.02485   0.01701  -0.0720  0.8824  1.0000  -0.5253   0.0000   0.0000   0.0000   0.5962
   0.500   0.3056   0.02552   0.01741  -0.0798  0.8667  1.0000  -0.5963   0.0000   0.0000   0.0000   0.5100
   1.000   0.3621   0.02615   0.01788  -0.0808  0.8420  1.0000  -0.6447   0.0000   0.0000   0.0000   0.4712
   1.500   0.4209   0.02690   0.01853  -0.0819  0.8181  1.0000  -0.6987   0.0000   0.0000   0.0000   0.4420
   2.000   0.4841   0.02749   0.01906  -0.0831  0.7950  1.0000  -0.7609   0.0000   0.0000   0.0000   0.4186
   2.500   0.5510   0.02770   0.01925  -0.0841  0.7734  1.0000  -0.8337   0.0000   0.0000   0.0000   0.3991
   3.000   0.6295   0.02696   0.01854  -0.0854  0.7559  1.0000  -0.9258   0.0000   0.0000   0.0000   0.3817
   3.500   0.6859   0.02691   0.01854  -0.0842  0.7305  1.0000  -1.0082   0.0000   0.0000   0.0000   0.3683
   4.000   0.7432   0.02668   0.01839  -0.0828  0.7050  1.0000  -1.1053   0.0000   0.0000   0.0000   0.3565
   4.500   0.8019   0.02621   0.01802  -0.0812  0.6792  1.0000  -1.2229   0.0000   0.0000   0.0000   0.3459
   5.000   0.8628   0.02547   0.01737  -0.0797  0.6524  1.0000  -1.3662   0.0000   0.0000   0.0000   0.3365
   5.500   0.9258   0.02452   0.01648  -0.0782  0.6238  1.0000  -1.5561   0.0000   0.0000   0.0000   0.3280
   6.000   0.9740   0.02461   0.01672  -0.0757  0.5862  1.0000  -1.7632   0.0000   0.0000   0.0000   0.3207
   6.500   1.0340   0.02395   0.01603  -0.0740  0.5489  1.0000  -2.1174   0.0000   0.0000   0.0000   0.3139
   7.000   1.0817   0.02426   0.01637  -0.0714  0.5040  1.0000  -2.4510   0.0000   0.0000   0.0000   0.3078
   7.500   1.1285   0.02477   0.01684  -0.0688  0.4565  1.0000  -2.7967   0.0000   0.0000   0.0000   0.3021
   8.000   1.1707   0.02565   0.01763  -0.0658  0.4060  1.0000  -3.1366   0.0000   0.0000   0.0000   0.2966
   8.500   1.2062   0.02689   0.01880  -0.0622  0.3521  1.0000  -3.4596   0.0000   0.0000   0.0000   0.2913
   9.000   1.2346   0.02856   0.02032  -0.0581  0.2965  1.0000  -3.7589   0.0000   0.0000   0.0000   0.2860
   9.500   1.2563   0.03083   0.02233  -0.0534  0.2425  1.0000  -4.0278   0.0000   0.0000   0.0000   0.2807
  10.000   1.2730   0.03376   0.02504  -0.0486  0.1952  1.0000  -4.2624   0.0000   0.0000   0.0000   0.2756


