xflr5 v6.61

 Calculated polar for: peg24_30_revT

 1 1 Reynolds number fixed          Mach number fixed         

 xtrf =   1.000 (top)        1.000 (bottom)
 Mach =   0.000     Re =     0.115 e 6     Ncrit =   9.000

  alpha     CL        CD       CDp       Cm    Top Xtr Bot Xtr   Cpmin    Chinge    XCp    
 ------- -------- --------- --------- -------- ------- ------- -------- --------- ---------
   0.000   0.3792   0.01790   0.01143  -0.0928  0.8399  1.0000  -0.6462   0.0000   0.0000   0.0000   0.4940
   0.500   0.4133   0.01819   0.01157  -0.0899  0.8177  1.0000  -0.6823   0.0000   0.0000   0.0000   0.4662
   1.000   0.4687   0.01832   0.01156  -0.0899  0.8002  1.0000  -0.7351   0.0000   0.0000   0.0000   0.4399
   1.500   0.5324   0.01801   0.01111  -0.0904  0.7851  1.0000  -0.7980   0.0000   0.0000   0.0000   0.4172
   2.000   0.5844   0.01816   0.01119  -0.0895  0.7638  1.0000  -0.8572   0.0000   0.0000   0.0000   0.4000
   2.500   0.6409   0.01806   0.01104  -0.0887  0.7446  1.0000  -0.9268   0.0000   0.0000   0.0000   0.3849
   3.000   0.7050   0.01747   0.01034  -0.0885  0.7281  1.0000  -1.0104   0.0000   0.0000   0.0000   0.3714
   3.500   0.7583   0.01735   0.01023  -0.0872  0.7040  1.0000  -1.0945   0.0000   0.0000   0.0000   0.3604
   4.000   0.8129   0.01720   0.01008  -0.0861  0.6789  1.0000  -1.1950   0.0000   0.0000   0.0000   0.3508
   4.500   0.8683   0.01700   0.00987  -0.0850  0.6521  1.0000  -1.3136   0.0000   0.0000   0.0000   0.3422
   5.000   0.9235   0.01688   0.00970  -0.0838  0.6225  1.0000  -1.4558   0.0000   0.0000   0.0000   0.3346
   5.500   0.9732   0.01705   0.00993  -0.0821  0.5862  1.0000  -1.6242   0.0000   0.0000   0.0000   0.3277
   6.000   1.0255   0.01722   0.01000  -0.0807  0.5485  1.0000  -1.8545   0.0000   0.0000   0.0000   0.3213
   6.500   1.0725   0.01775   0.01050  -0.0787  0.5051  1.0000  -2.1739   0.0000   0.0000   0.0000   0.3154
   7.000   1.1184   0.01847   0.01112  -0.0767  0.4606  1.0000  -2.5051   0.0000   0.0000   0.0000   0.3100
   7.500   1.1615   0.01942   0.01189  -0.0744  0.4150  1.0000  -2.8405   0.0000   0.0000   0.0000   0.3048
   8.000   1.1991   0.02052   0.01296  -0.0715  0.3667  1.0000  -3.1668   0.0000   0.0000   0.0000   0.2997
   8.500   1.2326   0.02187   0.01427  -0.0682  0.3178  1.0000  -3.4870   0.0000   0.0000   0.0000   0.2947
   9.000   1.2605   0.02352   0.01582  -0.0644  0.2685  1.0000  -3.7914   0.0000   0.0000   0.0000   0.2898
   9.500   1.2807   0.02559   0.01775  -0.0599  0.2204  1.0000  -4.0676   0.0000   0.0000   0.0000   0.2847
  10.000   1.2927   0.02812   0.02016  -0.0545  0.1780  1.0000  -4.3055   0.0000   0.0000   0.0000   0.2794


