xflr5 v6.61

 Calculated polar for: peg24_30_revT

 1 1 Reynolds number fixed          Mach number fixed         

 xtrf =   1.000 (top)        1.000 (bottom)
 Mach =   0.000     Re =     0.110 e 6     Ncrit =   9.000

  alpha     CL        CD       CDp       Cm    Top Xtr Bot Xtr   Cpmin    Chinge    XCp    
 ------- -------- --------- --------- -------- ------- ------- -------- --------- ---------
   0.000   0.3590   0.01876   0.01219  -0.0906  0.8413  1.0000  -0.6323   0.0000   0.0000   0.0000   0.5017
   0.500   0.4025   0.01908   0.01234  -0.0893  0.8201  1.0000  -0.6735   0.0000   0.0000   0.0000   0.4706
   1.000   0.4663   0.01902   0.01211  -0.0903  0.8052  1.0000  -0.7321   0.0000   0.0000   0.0000   0.4417
   1.500   0.5248   0.01894   0.01192  -0.0903  0.7870  1.0000  -0.7906   0.0000   0.0000   0.0000   0.4195
   2.000   0.5782   0.01908   0.01199  -0.0895  0.7662  1.0000  -0.8505   0.0000   0.0000   0.0000   0.4017
   2.500   0.6384   0.01882   0.01166  -0.0891  0.7488  1.0000  -0.9232   0.0000   0.0000   0.0000   0.3860
   3.000   0.6994   0.01833   0.01111  -0.0885  0.7299  1.0000  -1.0035   0.0000   0.0000   0.0000   0.3725
   3.500   0.7530   0.01822   0.01101  -0.0873  0.7060  1.0000  -1.0875   0.0000   0.0000   0.0000   0.3613
   4.000   0.8081   0.01803   0.01084  -0.0861  0.6814  1.0000  -1.1875   0.0000   0.0000   0.0000   0.3514
   4.500   0.8640   0.01778   0.01059  -0.0849  0.6549  1.0000  -1.3060   0.0000   0.0000   0.0000   0.3427
   5.000   0.9202   0.01753   0.01030  -0.0838  0.6259  1.0000  -1.4482   0.0000   0.0000   0.0000   0.3349
   5.500   0.9721   0.01761   0.01038  -0.0823  0.5916  1.0000  -1.6197   0.0000   0.0000   0.0000   0.3279
   6.000   1.0229   0.01778   0.01054  -0.0806  0.5529  1.0000  -1.8399   0.0000   0.0000   0.0000   0.3215
   6.500   1.0717   0.01823   0.01091  -0.0788  0.5110  1.0000  -2.1646   0.0000   0.0000   0.0000   0.3156
   7.000   1.1186   0.01890   0.01141  -0.0768  0.4666  1.0000  -2.4995   0.0000   0.0000   0.0000   0.3100
   7.500   1.1602   0.01981   0.01231  -0.0743  0.4199  1.0000  -2.8273   0.0000   0.0000   0.0000   0.3048
   8.000   1.1984   0.02092   0.01336  -0.0714  0.3717  1.0000  -3.1550   0.0000   0.0000   0.0000   0.2997
   8.500   1.2323   0.02227   0.01466  -0.0682  0.3226  1.0000  -3.4757   0.0000   0.0000   0.0000   0.2947
   9.000   1.2602   0.02393   0.01621  -0.0643  0.2731  1.0000  -3.7795   0.0000   0.0000   0.0000   0.2897
   9.500   1.2805   0.02601   0.01814  -0.0597  0.2246  1.0000  -4.0548   0.0000   0.0000   0.0000   0.2846
  10.000   1.2923   0.02858   0.02055  -0.0544  0.1819  1.0000  -4.2909   0.0000   0.0000   0.0000   0.2792


