xflr5 v6.61

 Calculated polar for: peg24_05_revT

 1 1 Reynolds number fixed          Mach number fixed         

 xtrf =   1.000 (top)        1.000 (bottom)
 Mach =   0.000     Re =     0.460 e 6     Ncrit =   9.000

  alpha     CL        CD       CDp       Cm    Top Xtr Bot Xtr   Cpmin    Chinge    XCp    
 ------- -------- --------- --------- -------- ------- ------- -------- --------- ---------
   0.000   0.2725   0.00689   0.00227  -0.0576  0.7267  0.8192  -0.5877   0.0000   0.0000   0.0000   0.4602
   0.500   0.3250   0.00688   0.00227  -0.0564  0.7073  0.8500  -0.6368   0.0000   0.0000   0.0000   0.4217
   1.000   0.3761   0.00688   0.00230  -0.0548  0.6860  0.8805  -0.6890   0.0000   0.0000   0.0000   0.3934
   1.500   0.4260   0.00690   0.00233  -0.0530  0.6637  0.9125  -0.7448   0.0000   0.0000   0.0000   0.3715
   2.000   0.4793   0.00696   0.00235  -0.0519  0.6383  0.9449  -0.8085   0.0000   0.0000   0.0000   0.3550
   2.500   0.5463   0.00711   0.00242  -0.0540  0.6085  0.9711  -0.8880   0.0000   0.0000   0.0000   0.3452
   3.000   0.6234   0.00735   0.00252  -0.0586  0.5735  0.9862  -0.9879   0.0000   0.0000   0.0000   0.3400
   3.500   0.6978   0.00761   0.00268  -0.0628  0.5358  1.0000  -1.1172   0.0000   0.0000   0.0000   0.3356
   4.000   0.7349   0.00793   0.00286  -0.0594  0.5009  1.0000  -1.2224   0.0000   0.0000   0.0000   0.3259
   4.500   0.7793   0.00834   0.00313  -0.0572  0.4619  1.0000  -1.3884   0.0000   0.0000   0.0000   0.3181
   5.000   0.8262   0.00880   0.00346  -0.0556  0.4237  1.0000  -1.7065   0.0000   0.0000   0.0000   0.3114
   5.500   0.8729   0.00933   0.00386  -0.0540  0.3811  1.0000  -2.0420   0.0000   0.0000   0.0000   0.3055
   6.000   0.9186   0.00997   0.00433  -0.0523  0.3353  1.0000  -2.3909   0.0000   0.0000   0.0000   0.3000
   6.500   0.9627   0.01074   0.00488  -0.0504  0.2812  1.0000  -2.7497   0.0000   0.0000   0.0000   0.2949
   7.000   1.0046   0.01167   0.00555  -0.0483  0.2246  1.0000  -3.1144   0.0000   0.0000   0.0000   0.2901
   7.500   1.0447   0.01272   0.00636  -0.0460  0.1728  1.0000  -3.4834   0.0000   0.0000   0.0000   0.2854
   8.000   1.0822   0.01390   0.00729  -0.0433  0.1215  1.0000  -3.8637   0.0000   0.0000   0.0000   0.2808
   8.500   1.1170   0.01518   0.00836  -0.0402  0.0834  1.0000  -4.2496   0.0000   0.0000   0.0000   0.2762
   9.000   1.1502   0.01642   0.00950  -0.0369  0.0586  1.0000  -4.6340   0.0000   0.0000   0.0000   0.2716
   9.500   1.1769   0.01774   0.01073  -0.0325  0.0402  1.0000  -4.9877   0.0000   0.0000   0.0000   0.2665
  10.000   1.1935   0.01941   0.01235  -0.0266  0.0249  1.0000  -5.2607   0.0000   0.0000   0.0000   0.2605


