xflr5 v6.61

 Calculated polar for: peg24_85_revT

 1 1 Reynolds number fixed          Mach number fixed         

 xtrf =   1.000 (top)        1.000 (bottom)
 Mach =   0.000     Re =     0.225 e 6     Ncrit =   9.000

  alpha     CL        CD       CDp       Cm    Top Xtr Bot Xtr   Cpmin    Chinge    XCp    
 ------- -------- --------- --------- -------- ------- ------- -------- --------- ---------
   0.000   0.6279   0.01455   0.00879  -0.1513  0.7671  0.6817  -0.8471   0.0000   0.0000   0.0000   0.4899
   0.500   0.6827   0.01420   0.00857  -0.1499  0.7594  0.7630  -0.8965   0.0000   0.0000   0.0000   0.4678
   1.000   0.7285   0.01414   0.00868  -0.1471  0.7491  0.8382  -0.9419   0.0000   0.0000   0.0000   0.4495
   1.500   0.7724   0.01367   0.00836  -0.1436  0.7378  0.9609  -0.9922   0.0000   0.0000   0.0000   0.4327
   2.000   0.8415   0.01337   0.00785  -0.1458  0.7291  1.0000  -1.0640   0.0000   0.0000   0.0000   0.4194
   2.500   0.8960   0.01351   0.00798  -0.1458  0.7149  1.0000  -1.1267   0.0000   0.0000   0.0000   0.4083
   3.000   0.9594   0.01318   0.00750  -0.1466  0.7038  1.0000  -1.2029   0.0000   0.0000   0.0000   0.3977
   3.500   1.0132   0.01326   0.00759  -0.1462  0.6878  1.0000  -1.2794   0.0000   0.0000   0.0000   0.3886
   4.000   1.0734   0.01306   0.00728  -0.1465  0.6738  1.0000  -1.3689   0.0000   0.0000   0.0000   0.3801
   4.500   1.1266   0.01305   0.00731  -0.1459  0.6549  1.0000  -1.4633   0.0000   0.0000   0.0000   0.3724
   5.000   1.1797   0.01308   0.00734  -0.1451  0.6329  1.0000  -1.5677   0.0000   0.0000   0.0000   0.3653
   5.500   1.2319   0.01319   0.00741  -0.1442  0.6079  1.0000  -1.6846   0.0000   0.0000   0.0000   0.3586
   6.000   1.2818   0.01342   0.00756  -0.1429  0.5770  1.0000  -1.8103   0.0000   0.0000   0.0000   0.3524
   6.500   1.3282   0.01391   0.00791  -0.1411  0.5422  1.0000  -1.9514   0.0000   0.0000   0.0000   0.3464
   7.000   1.3698   0.01463   0.00855  -0.1386  0.5024  1.0000  -2.0962   0.0000   0.0000   0.0000   0.3406
   7.500   1.4069   0.01562   0.00935  -0.1355  0.4614  1.0000  -2.2483   0.0000   0.0000   0.0000   0.3350
   8.000   1.4388   0.01677   0.01039  -0.1317  0.4208  1.0000  -2.4082   0.0000   0.0000   0.0000   0.3295
   8.500   1.4626   0.01817   0.01164  -0.1267  0.3832  1.0000  -2.5729   0.0000   0.0000   0.0000   0.3238
   9.000   1.4841   0.01976   0.01316  -0.1218  0.3476  1.0000  -2.7520   0.0000   0.0000   0.0000   0.3184
   9.500   1.5019   0.02172   0.01501  -0.1169  0.3144  1.0000  -2.9415   0.0000   0.0000   0.0000   0.3134
  10.000   1.5180   0.02400   0.01721  -0.1123  0.2838  1.0000  -3.1519   0.0000   0.0000   0.0000   0.3086


