xflr5 v6.61

 Calculated polar for: peg24_65_revT

 1 1 Reynolds number fixed          Mach number fixed         

 xtrf =   1.000 (top)        1.000 (bottom)
 Mach =   0.000     Re =     0.050 e 6     Ncrit =   9.000

  alpha     CL        CD       CDp       Cm    Top Xtr Bot Xtr   Cpmin    Chinge    XCp    
 ------- -------- --------- --------- -------- ------- ------- -------- --------- ---------
   0.000   0.0513   0.03529   0.02743  -0.0693  0.9858  1.0000  -0.9314   0.0000   0.0000   0.0000   1.6127
   0.500   0.1534   0.03841   0.02959  -0.0828  0.9592  1.0000  -0.6932   0.0000   0.0000   0.0000   0.7904
   1.000   0.2303   0.04117   0.03183  -0.0899  0.9339  1.0000  -0.5452   0.0000   0.0000   0.0000   0.6393
   1.500   0.2988   0.04385   0.03414  -0.0950  0.9077  1.0000  -0.5926   0.0000   0.0000   0.0000   0.5658
   2.000   0.3630   0.04647   0.03650  -0.0991  0.8804  1.0000  -0.6408   0.0000   0.0000   0.0000   0.5197
   2.500   0.4243   0.04903   0.03888  -0.1022  0.8522  1.0000  -0.6918   0.0000   0.0000   0.0000   0.4871
   3.000   0.4821   0.05155   0.04128  -0.1046  0.8236  1.0000  -0.7417   0.0000   0.0000   0.0000   0.4624
   3.500   0.5379   0.05398   0.04365  -0.1063  0.7945  1.0000  -0.7958   0.0000   0.0000   0.0000   0.4426
   4.000   0.5929   0.05630   0.04594  -0.1075  0.7651  1.0000  -0.8549   0.0000   0.0000   0.0000   0.4258
   4.500   0.6466   0.05854   0.04821  -0.1084  0.7361  1.0000  -0.9164   0.0000   0.0000   0.0000   0.4114
   5.000   0.7016   0.06056   0.05029  -0.1089  0.7073  1.0000  -0.9880   0.0000   0.0000   0.0000   0.3985
   5.500   0.7573   0.06231   0.05213  -0.1090  0.6789  1.0000  -1.0681   0.0000   0.0000   0.0000   0.3867
   6.000   0.8125   0.06382   0.05378  -0.1087  0.6512  1.0000  -1.1572   0.0000   0.0000   0.0000   0.3759
   6.500   0.8682   0.06498   0.05510  -0.1079  0.6240  1.0000  -1.2608   0.0000   0.0000   0.0000   0.3659
   7.000   0.8850   0.06858   0.05884  -0.1052  0.5924  1.0000  -1.3148   0.0000   0.0000   0.0000   0.3598
   7.500   0.9092   0.07192   0.06235  -0.1031  0.5619  1.0000  -1.3838   0.0000   0.0000   0.0000   0.3536
   8.000   0.9420   0.07459   0.06522  -0.1010  0.5323  1.0000  -1.4782   0.0000   0.0000   0.0000   0.3468
   8.500   0.9776   0.07697   0.06782  -0.0988  0.5034  1.0000  -1.5886   0.0000   0.0000   0.0000   0.3400
   9.000   1.0167   0.07870   0.06979  -0.0962  0.4748  1.0000  -1.7222   0.0000   0.0000   0.0000   0.3328
   9.500   1.0612   0.07931   0.07069  -0.0929  0.4464  1.0000  -1.8922   0.0000   0.0000   0.0000   0.3251
  10.000   1.2221   0.06266   0.05458  -0.0856  0.4203  1.0000  -2.5025   0.0000   0.0000   0.0000   0.3066


