xflr5 v6.61

 Calculated polar for: peg24_15_revT

 1 1 Reynolds number fixed          Mach number fixed         

 xtrf =   1.000 (top)        1.000 (bottom)
 Mach =   0.000     Re =     0.040 e 6     Ncrit =   9.000

  alpha     CL        CD       CDp       Cm    Top Xtr Bot Xtr   Cpmin    Chinge    XCp    
 ------- -------- --------- --------- -------- ------- ------- -------- --------- ---------
   0.000  -0.0299   0.02697   0.01642  -0.0288  1.0000  1.0000  -0.6859   0.0000   0.0000   0.0000  -0.7228
   0.500   0.0117   0.02845   0.01755  -0.0302  1.0000  1.0000  -0.5509   0.0000   0.0000   0.0000   2.8353
   1.000   0.0516   0.03019   0.01902  -0.0315  1.0000  1.0000  -0.4526   0.0000   0.0000   0.0000   0.8566
   1.500   0.1364   0.03322   0.02179  -0.0412  0.9761  1.0000  -0.4894   0.0000   0.0000   0.0000   0.5480
   2.000   0.2247   0.03640   0.02481  -0.0508  0.9428  1.0000  -0.5519   0.0000   0.0000   0.0000   0.4722
   2.500   0.2960   0.03917   0.02751  -0.0570  0.9084  1.0000  -0.6090   0.0000   0.0000   0.0000   0.4382
   3.000   0.3722   0.04201   0.03037  -0.0631  0.8727  1.0000  -0.6766   0.0000   0.0000   0.0000   0.4152
   3.500   0.4512   0.04487   0.03329  -0.0688  0.8369  1.0000  -0.7543   0.0000   0.0000   0.0000   0.3978
   4.000   0.4919   0.04739   0.03591  -0.0690  0.8003  1.0000  -0.8063   0.0000   0.0000   0.0000   0.3851
   4.500   0.5483   0.04994   0.03862  -0.0707  0.7634  1.0000  -0.8821   0.0000   0.0000   0.0000   0.3734
   5.000   0.6273   0.05197   0.04089  -0.0736  0.7276  1.0000  -1.0039   0.0000   0.0000   0.0000   0.3616
   5.500   0.6474   0.05525   0.04434  -0.0714  0.6899  1.0000  -1.0580   0.0000   0.0000   0.0000   0.3540
   6.000   0.7122   0.05696   0.04636  -0.0717  0.6527  1.0000  -1.2043   0.0000   0.0000   0.0000   0.3440
   6.500   0.7441   0.06023   0.04985  -0.0700  0.6158  1.0000  -1.3153   0.0000   0.0000   0.0000   0.3369
   7.000   0.7931   0.06223   0.05218  -0.0683  0.5775  1.0000  -1.4802   0.0000   0.0000   0.0000   0.3285
   7.500   0.8304   0.06495   0.05521  -0.0658  0.5390  1.0000  -1.7087   0.0000   0.0000   0.0000   0.3212
   8.000   0.9638   0.05631   0.04728  -0.0593  0.4928  1.0000  -2.3624   0.0000   0.0000   0.0000   0.3030
   8.500   1.0461   0.05186   0.04328  -0.0531  0.4377  1.0000  -2.8536   0.0000   0.0000   0.0000   0.2915
   9.000   1.1453   0.04623   0.03757  -0.0474  0.3614  1.0000  -3.4363   0.0000   0.0000   0.0000   0.2813
   9.500   1.1727   0.04859   0.04001  -0.0419  0.3010  1.0000  -3.6782   0.0000   0.0000   0.0000   0.2749


