xflr5 v6.61

 Calculated polar for: peg24_80_revT

 1 1 Reynolds number fixed          Mach number fixed         

 xtrf =   1.000 (top)        1.000 (bottom)
 Mach =   0.000     Re =     0.110 e 6     Ncrit =   9.000

  alpha     CL        CD       CDp       Cm    Top Xtr Bot Xtr   Cpmin    Chinge    XCp    
 ------- -------- --------- --------- -------- ------- ------- -------- --------- ---------
   0.000   0.4507   0.02913   0.02255  -0.1325  0.8030  0.7895  -0.7068   0.0000   0.0000   0.0000   0.5440
   0.500   0.4819   0.02870   0.02234  -0.1261  0.7887  1.0000  -0.7389   0.0000   0.0000   0.0000   0.5106
   1.000   0.5813   0.02823   0.02150  -0.1331  0.7836  1.0000  -0.8159   0.0000   0.0000   0.0000   0.4770
   1.500   0.6166   0.02957   0.02269  -0.1315  0.7618  1.0000  -0.8520   0.0000   0.0000   0.0000   0.4606
   2.000   0.7055   0.02854   0.02147  -0.1351  0.7566  1.0000  -0.9355   0.0000   0.0000   0.0000   0.4380
   3.000   0.8286   0.02808   0.02086  -0.1354  0.7296  1.0000  -1.0724   0.0000   0.0000   0.0000   0.4086
   3.500   0.8698   0.02881   0.02160  -0.1334  0.7082  1.0000  -1.1312   0.0000   0.0000   0.0000   0.3979
   4.000   0.9431   0.02746   0.02023  -0.1340  0.6984  1.0000  -1.2266   0.0000   0.0000   0.0000   0.3860
   4.500   1.0007   0.02681   0.01962  -0.1331  0.6809  1.0000  -1.3195   0.0000   0.0000   0.0000   0.3763
   5.500   1.1395   0.02394   0.01682  -0.1334  0.6511  1.0000  -1.5661   0.0000   0.0000   0.0000   0.3591
   6.000   1.1947   0.02322   0.01619  -0.1320  0.6276  1.0000  -1.6932   0.0000   0.0000   0.0000   0.3518
   6.500   1.2535   0.02238   0.01538  -0.1310  0.6021  1.0000  -1.8431   0.0000   0.0000   0.0000   0.3451
   7.000   1.3138   0.02163   0.01457  -0.1302  0.5722  1.0000  -2.0166   0.0000   0.0000   0.0000   0.3390
   7.500   1.3563   0.02195   0.01491  -0.1274  0.5346  1.0000  -2.1761   0.0000   0.0000   0.0000   0.3330
   8.000   1.4031   0.02232   0.01510  -0.1251  0.4950  1.0000  -2.3701   0.0000   0.0000   0.0000   0.3275
   8.500   1.4366   0.02341   0.01616  -0.1214  0.4533  1.0000  -2.5590   0.0000   0.0000   0.0000   0.3220
   9.000   1.4718   0.02466   0.01714  -0.1179  0.4128  1.0000  -2.7815   0.0000   0.0000   0.0000   0.3168
   9.500   1.4892   0.02634   0.01886  -0.1122  0.3748  1.0000  -2.9921   0.0000   0.0000   0.0000   0.3113
  10.000   1.5066   0.02826   0.02067  -0.1068  0.3393  1.0000  -3.2243   0.0000   0.0000   0.0000   0.3060


