xflr5 v6.61

 Calculated polar for: peg24_100_revT

 1 1 Reynolds number fixed          Mach number fixed         

 xtrf =   1.000 (top)        1.000 (bottom)
 Mach =   0.000     Re =     0.045 e 6     Ncrit =   9.000

  alpha     CL        CD       CDp       Cm    Top Xtr Bot Xtr   Cpmin    Chinge    XCp    
 ------- -------- --------- --------- -------- ------- ------- -------- --------- ---------
   0.000   0.0884   0.04816   0.03906  -0.0995  1.0000  0.5255  -1.1037   0.0000   0.0000   0.0000   1.3847
   0.500   0.1296   0.04947   0.04068  -0.0979  1.0000  0.6417  -0.9623   0.0000   0.0000   0.0000   1.0097
   1.000   0.1623   0.05043   0.04206  -0.0940  1.0000  0.7967  -0.8357   0.0000   0.0000   0.0000   0.8301
   1.500   0.1901   0.05083   0.04231  -0.0949  1.0000  1.0000  -0.7318   0.0000   0.0000   0.0000   0.7482
   2.000   0.2402   0.05426   0.04508  -0.0997  1.0000  1.0000  -0.5976   0.0000   0.0000   0.0000   0.6622
   2.500   0.2799   0.05772   0.04816  -0.1019  1.0000  1.0000  -0.5769   0.0000   0.0000   0.0000   0.6103
   3.000   0.3201   0.06154   0.05171  -0.1045  0.9967  1.0000  -0.6020   0.0000   0.0000   0.0000   0.5716
   3.500   0.4085   0.06874   0.05857  -0.1157  0.9704  1.0000  -0.6641   0.0000   0.0000   0.0000   0.5278
   4.000   0.4557   0.07257   0.06229  -0.1191  0.9309  1.0000  -0.6970   0.0000   0.0000   0.0000   0.5052
   5.500   0.6421   0.08440   0.07383  -0.1284  0.7689  1.0000  -0.8719   0.0000   0.0000   0.0000   0.4421
   6.000   0.7099   0.08613   0.07552  -0.1292  0.7127  1.0000  -0.9534   0.0000   0.0000   0.0000   0.4235
   6.500   0.7868   0.08844   0.07785  -0.1314  0.6773  1.0000  -1.0536   0.0000   0.0000   0.0000   0.4078
   7.000   0.8244   0.09158   0.08106  -0.1305  0.6471  1.0000  -1.1113   0.0000   0.0000   0.0000   0.3984
   7.500   0.8503   0.09538   0.08497  -0.1293  0.6196  1.0000  -1.1592   0.0000   0.0000   0.0000   0.3915
   8.000   0.8742   0.09933   0.08905  -0.1279  0.5916  1.0000  -1.2055   0.0000   0.0000   0.0000   0.3851
   8.500   0.9032   0.10345   0.09331  -0.1271  0.5657  1.0000  -1.2647   0.0000   0.0000   0.0000   0.3787
   9.000   0.9280   0.10767   0.09768  -0.1258  0.5387  1.0000  -1.3195   0.0000   0.0000   0.0000   0.3729
   9.500   0.9602   0.11185   0.10203  -0.1250  0.5145  1.0000  -1.3918   0.0000   0.0000   0.0000   0.3667
  10.000   0.9863   0.11606   0.10642  -0.1236  0.4883  1.0000  -1.4632   0.0000   0.0000   0.0000   0.3612


