xflr5 v6.61

 Calculated polar for: peg24_50_revT

 1 1 Reynolds number fixed          Mach number fixed         

 xtrf =   1.000 (top)        1.000 (bottom)
 Mach =   0.000     Re =     0.280 e 6     Ncrit =   9.000

  alpha     CL        CD       CDp       Cm    Top Xtr Bot Xtr   Cpmin    Chinge    XCp    
 ------- -------- --------- --------- -------- ------- ------- -------- --------- ---------
   0.000   0.4803   0.01018   0.00496  -0.1110  0.7621  0.7944  -0.7356   0.0000   0.0000   0.0000   0.4800
   0.500   0.5302   0.01013   0.00497  -0.1090  0.7509  0.8470  -0.7825   0.0000   0.0000   0.0000   0.4537
   1.000   0.5763   0.00991   0.00484  -0.1060  0.7372  0.9019  -0.8316   0.0000   0.0000   0.0000   0.4316
   1.500   0.6373   0.00968   0.00459  -0.1063  0.7244  0.9784  -0.8942   0.0000   0.0000   0.0000   0.4138
   2.000   0.6993   0.00963   0.00445  -0.1077  0.7083  1.0000  -0.9595   0.0000   0.0000   0.0000   0.4005
   2.500   0.7570   0.00970   0.00444  -0.1081  0.6914  1.0000  -1.0295   0.0000   0.0000   0.0000   0.3887
   3.000   0.8145   0.00977   0.00438  -0.1083  0.6734  1.0000  -1.1047   0.0000   0.0000   0.0000   0.3783
   3.500   0.8699   0.00985   0.00442  -0.1081  0.6520  1.0000  -1.1903   0.0000   0.0000   0.0000   0.3691
   4.000   0.9244   0.01000   0.00451  -0.1077  0.6267  1.0000  -1.2817   0.0000   0.0000   0.0000   0.3608
   4.500   0.9778   0.01025   0.00466  -0.1071  0.5981  1.0000  -1.3921   0.0000   0.0000   0.0000   0.3533
   5.000   1.0294   0.01059   0.00494  -0.1063  0.5641  1.0000  -1.5124   0.0000   0.0000   0.0000   0.3464
   5.500   1.0793   0.01107   0.00531  -0.1052  0.5264  1.0000  -1.6523   0.0000   0.0000   0.0000   0.3400
   6.000   1.1272   0.01171   0.00581  -0.1039  0.4850  1.0000  -1.8143   0.0000   0.0000   0.0000   0.3341
   6.500   1.1727   0.01250   0.00643  -0.1022  0.4426  1.0000  -2.0044   0.0000   0.0000   0.0000   0.3284
   7.000   1.2173   0.01333   0.00717  -0.1005  0.4007  1.0000  -2.2830   0.0000   0.0000   0.0000   0.3232
   7.500   1.2582   0.01436   0.00804  -0.0983  0.3584  1.0000  -2.5950   0.0000   0.0000   0.0000   0.3181
   8.000   1.2971   0.01545   0.00900  -0.0960  0.3167  1.0000  -2.9130   0.0000   0.0000   0.0000   0.3132
   8.500   1.3329   0.01667   0.01013  -0.0932  0.2772  1.0000  -3.2312   0.0000   0.0000   0.0000   0.3084
   9.000   1.3615   0.01810   0.01141  -0.0894  0.2391  1.0000  -3.5339   0.0000   0.0000   0.0000   0.3034
   9.500   1.3886   0.01966   0.01290  -0.0856  0.2036  1.0000  -3.8379   0.0000   0.0000   0.0000   0.2987
  10.000   1.4094   0.02170   0.01482  -0.0816  0.1693  1.0000  -4.1237   0.0000   0.0000   0.0000   0.2941


