xflr5 v6.61

 Calculated polar for: peg24_65_revT

 1 1 Reynolds number fixed          Mach number fixed         

 xtrf =   1.000 (top)        1.000 (bottom)
 Mach =   0.000     Re =     0.445 e 6     Ncrit =   9.000

  alpha     CL        CD       CDp       Cm    Top Xtr Bot Xtr   Cpmin    Chinge    XCp    
 ------- -------- --------- --------- -------- ------- ------- -------- --------- ---------
   0.000   0.5632   0.00830   0.00323  -0.1297  0.7323  0.6676  -0.8002   0.0000   0.0000   0.0000   0.4790
   0.500   0.6185   0.00826   0.00334  -0.1293  0.7221  0.7376  -0.8488   0.0000   0.0000   0.0000   0.4571
   1.000   0.6729   0.00815   0.00333  -0.1286  0.7102  0.7925  -0.9034   0.0000   0.0000   0.0000   0.4384
   1.500   0.7258   0.00811   0.00337  -0.1275  0.6982  0.8428  -0.9611   0.0000   0.0000   0.0000   0.4224
   2.000   0.7750   0.00795   0.00333  -0.1255  0.6838  0.8988  -1.0192   0.0000   0.0000   0.0000   0.4082
   2.500   0.8319   0.00784   0.00325  -0.1254  0.6688  1.0000  -1.0863   0.0000   0.0000   0.0000   0.3964
   3.000   0.8896   0.00797   0.00327  -0.1258  0.6511  1.0000  -1.1627   0.0000   0.0000   0.0000   0.3865
   3.500   0.9458   0.00812   0.00339  -0.1259  0.6301  1.0000  -1.2436   0.0000   0.0000   0.0000   0.3776
   4.000   1.0006   0.00835   0.00353  -0.1257  0.6049  1.0000  -1.3359   0.0000   0.0000   0.0000   0.3695
   4.500   1.0539   0.00868   0.00375  -0.1253  0.5759  1.0000  -1.4378   0.0000   0.0000   0.0000   0.3622
   5.000   1.1052   0.00912   0.00406  -0.1245  0.5403  1.0000  -1.5521   0.0000   0.0000   0.0000   0.3553
   5.500   1.1551   0.00967   0.00448  -0.1235  0.5026  1.0000  -1.6779   0.0000   0.0000   0.0000   0.3490
   6.000   1.2022   0.01037   0.00501  -0.1222  0.4601  1.0000  -1.8214   0.0000   0.0000   0.0000   0.3430
   6.500   1.2479   0.01116   0.00563  -0.1206  0.4185  1.0000  -1.9794   0.0000   0.0000   0.0000   0.3374
   7.000   1.2920   0.01201   0.00635  -0.1189  0.3784  1.0000  -2.1634   0.0000   0.0000   0.0000   0.3321
   7.500   1.3324   0.01304   0.00718  -0.1167  0.3372  1.0000  -2.3660   0.0000   0.0000   0.0000   0.3269
   8.000   1.3723   0.01403   0.00806  -0.1144  0.3007  1.0000  -2.6703   0.0000   0.0000   0.0000   0.3220
   8.500   1.4059   0.01520   0.00910  -0.1111  0.2649  1.0000  -2.9664   0.0000   0.0000   0.0000   0.3169
   9.000   1.4360   0.01652   0.01030  -0.1075  0.2317  1.0000  -3.2605   0.0000   0.0000   0.0000   0.3120
   9.500   1.4641   0.01800   0.01169  -0.1039  0.2006  1.0000  -3.5566   0.0000   0.0000   0.0000   0.3073
  10.000   1.4883   0.01983   0.01341  -0.1001  0.1707  1.0000  -3.8455   0.0000   0.0000   0.0000   0.3028


