xflr5 v6.61

 Calculated polar for: peg24_70_revT

 1 1 Reynolds number fixed          Mach number fixed         

 xtrf =   1.000 (top)        1.000 (bottom)
 Mach =   0.000     Re =     0.210 e 6     Ncrit =   9.000

  alpha     CL        CD       CDp       Cm    Top Xtr Bot Xtr   Cpmin    Chinge    XCp    
 ------- -------- --------- --------- -------- ------- ------- -------- --------- ---------
   0.000   0.5579   0.01406   0.00842  -0.1338  0.7767  0.7661  -0.7927   0.0000   0.0000   0.0000   0.4889
   0.500   0.6034   0.01386   0.00837  -0.1307  0.7648  0.8357  -0.8351   0.0000   0.0000   0.0000   0.4650
   1.000   0.6494   0.01337   0.00790  -0.1269  0.7562  0.9164  -0.8840   0.0000   0.0000   0.0000   0.4431
   1.500   0.7107   0.01334   0.00788  -0.1283  0.7422  1.0000  -0.9440   0.0000   0.0000   0.0000   0.4275
   2.000   0.7752   0.01307   0.00742  -0.1296  0.7313  1.0000  -1.0126   0.0000   0.0000   0.0000   0.4135
   2.500   0.8311   0.01318   0.00750  -0.1297  0.7164  1.0000  -1.0771   0.0000   0.0000   0.0000   0.4018
   3.000   0.8930   0.01290   0.00706  -0.1302  0.7033  1.0000  -1.1556   0.0000   0.0000   0.0000   0.3910
   3.500   0.9471   0.01294   0.00713  -0.1298  0.6853  1.0000  -1.2317   0.0000   0.0000   0.0000   0.3816
   4.000   1.0039   0.01288   0.00702  -0.1296  0.6679  1.0000  -1.3239   0.0000   0.0000   0.0000   0.3730
   4.500   1.0608   0.01279   0.00685  -0.1293  0.6479  1.0000  -1.4237   0.0000   0.0000   0.0000   0.3652
   5.000   1.1143   0.01284   0.00684  -0.1285  0.6230  1.0000  -1.5373   0.0000   0.0000   0.0000   0.3581
   5.500   1.1647   0.01305   0.00706  -0.1274  0.5934  1.0000  -1.6586   0.0000   0.0000   0.0000   0.3514
   6.000   1.2131   0.01341   0.00737  -0.1259  0.5576  1.0000  -1.7959   0.0000   0.0000   0.0000   0.3451
   6.500   1.2598   0.01399   0.00777  -0.1241  0.5198  1.0000  -1.9479   0.0000   0.0000   0.0000   0.3392
   7.000   1.3020   0.01477   0.00847  -0.1218  0.4774  1.0000  -2.1101   0.0000   0.0000   0.0000   0.3335
   7.500   1.3408   0.01578   0.00931  -0.1191  0.4361  1.0000  -2.2948   0.0000   0.0000   0.0000   0.3281
   8.000   1.3756   0.01692   0.01033  -0.1158  0.3945  1.0000  -2.4923   0.0000   0.0000   0.0000   0.3227
   8.500   1.4051   0.01826   0.01156  -0.1119  0.3560  1.0000  -2.7503   0.0000   0.0000   0.0000   0.3174
   9.000   1.4288   0.01972   0.01295  -0.1072  0.3198  1.0000  -3.0037   0.0000   0.0000   0.0000   0.3120
   9.500   1.4481   0.02158   0.01468  -0.1024  0.2862  1.0000  -3.2555   0.0000   0.0000   0.0000   0.3069
  10.000   1.4671   0.02364   0.01672  -0.0981  0.2543  1.0000  -3.5114   0.0000   0.0000   0.0000   0.3022


