xflr5 v6.61

 Calculated polar for: peg24_10_revT

 1 1 Reynolds number fixed          Mach number fixed         

 xtrf =   1.000 (top)        1.000 (bottom)
 Mach =   0.000     Re =     0.345 e 6     Ncrit =   9.000

  alpha     CL        CD       CDp       Cm    Top Xtr Bot Xtr   Cpmin    Chinge    XCp    
 ------- -------- --------- --------- -------- ------- ------- -------- --------- ---------
   0.000   0.2944   0.00795   0.00311  -0.0632  0.7502  0.8464  -0.6024   0.0000   0.0000   0.0000   0.4636
   0.500   0.3446   0.00790   0.00306  -0.0613  0.7321  0.8803  -0.6501   0.0000   0.0000   0.0000   0.4260
   1.000   0.3934   0.00786   0.00304  -0.0590  0.7127  0.9147  -0.7013   0.0000   0.0000   0.0000   0.3976
   1.500   0.4463   0.00783   0.00297  -0.0576  0.6917  0.9516  -0.7585   0.0000   0.0000   0.0000   0.3763
   2.000   0.5198   0.00785   0.00291  -0.0610  0.6680  0.9796  -0.8357   0.0000   0.0000   0.0000   0.3642
   2.500   0.5967   0.00791   0.00288  -0.0656  0.6401  1.0000  -0.9232   0.0000   0.0000   0.0000   0.3563
   3.000   0.6437   0.00809   0.00295  -0.0642  0.6105  1.0000  -0.9988   0.0000   0.0000   0.0000   0.3457
   3.500   0.6950   0.00836   0.00308  -0.0635  0.5780  1.0000  -1.0973   0.0000   0.0000   0.0000   0.3368
   4.000   0.7468   0.00871   0.00330  -0.0628  0.5428  1.0000  -1.2083   0.0000   0.0000   0.0000   0.3290
   4.500   0.7985   0.00911   0.00359  -0.0621  0.5047  1.0000  -1.3642   0.0000   0.0000   0.0000   0.3223
   5.000   0.8492   0.00962   0.00396  -0.0612  0.4631  1.0000  -1.6260   0.0000   0.0000   0.0000   0.3161
   5.500   0.8998   0.01016   0.00440  -0.0605  0.4227  1.0000  -1.9647   0.0000   0.0000   0.0000   0.3107
   6.000   0.9492   0.01081   0.00491  -0.0595  0.3767  1.0000  -2.3176   0.0000   0.0000   0.0000   0.3057
   6.500   0.9977   0.01156   0.00551  -0.0586  0.3301  1.0000  -2.6835   0.0000   0.0000   0.0000   0.3011
   7.000   1.0446   0.01244   0.00623  -0.0574  0.2796  1.0000  -3.0592   0.0000   0.0000   0.0000   0.2968
   7.500   1.0887   0.01357   0.00708  -0.0560  0.2211  1.0000  -3.4383   0.0000   0.0000   0.0000   0.2927
   8.000   1.1308   0.01487   0.00811  -0.0545  0.1632  1.0000  -3.8200   0.0000   0.0000   0.0000   0.2888
   8.500   1.1692   0.01647   0.00941  -0.0525  0.1099  1.0000  -4.2015   0.0000   0.0000   0.0000   0.2849
   9.000   1.2065   0.01805   0.01083  -0.0504  0.0760  1.0000  -4.5964   0.0000   0.0000   0.0000   0.2810
   9.500   1.2415   0.01969   0.01239  -0.0480  0.0538  1.0000  -4.9818   0.0000   0.0000   0.0000   0.2772
  10.000   1.2689   0.02162   0.01430  -0.0445  0.0366  1.0000  -5.3127   0.0000   0.0000   0.0000   0.2730


