xflr5 v6.61

 Calculated polar for: peg24_65_revT

 1 1 Reynolds number fixed          Mach number fixed         

 xtrf =   1.000 (top)        1.000 (bottom)
 Mach =   0.000     Re =     0.205 e 6     Ncrit =   9.000

  alpha     CL        CD       CDp       Cm    Top Xtr Bot Xtr   Cpmin    Chinge    XCp    
 ------- -------- --------- --------- -------- ------- ------- -------- --------- ---------
   0.000   0.5346   0.01385   0.00822  -0.1277  0.7807  0.7905  -0.7751   0.0000   0.0000   0.0000   0.4879
   0.500   0.5763   0.01374   0.00827  -0.1240  0.7671  0.8581  -0.8151   0.0000   0.0000   0.0000   0.4636
   1.000   0.6253   0.01317   0.00771  -0.1209  0.7577  0.9467  -0.8660   0.0000   0.0000   0.0000   0.4410
   1.500   0.6901   0.01324   0.00771  -0.1232  0.7438  1.0000  -0.9284   0.0000   0.0000   0.0000   0.4255
   2.000   0.7533   0.01299   0.00730  -0.1242  0.7320  1.0000  -0.9956   0.0000   0.0000   0.0000   0.4113
   2.500   0.8095   0.01308   0.00734  -0.1243  0.7167  1.0000  -1.0610   0.0000   0.0000   0.0000   0.3994
   3.000   0.8711   0.01282   0.00693  -0.1247  0.7030  1.0000  -1.1398   0.0000   0.0000   0.0000   0.3884
   3.500   0.9252   0.01285   0.00698  -0.1243  0.6842  1.0000  -1.2169   0.0000   0.0000   0.0000   0.3790
   4.000   0.9812   0.01283   0.00693  -0.1240  0.6656  1.0000  -1.3091   0.0000   0.0000   0.0000   0.3704
   4.500   1.0370   0.01278   0.00682  -0.1235  0.6442  1.0000  -1.4103   0.0000   0.0000   0.0000   0.3626
   5.000   1.0902   0.01284   0.00685  -0.1227  0.6181  1.0000  -1.5246   0.0000   0.0000   0.0000   0.3554
   5.500   1.1412   0.01306   0.00704  -0.1216  0.5870  1.0000  -1.6498   0.0000   0.0000   0.0000   0.3488
   6.000   1.1905   0.01343   0.00729  -0.1202  0.5509  1.0000  -1.7935   0.0000   0.0000   0.0000   0.3425
   6.500   1.2368   0.01403   0.00778  -0.1185  0.5120  1.0000  -1.9497   0.0000   0.0000   0.0000   0.3366
   7.000   1.2793   0.01486   0.00845  -0.1162  0.4693  1.0000  -2.1253   0.0000   0.0000   0.0000   0.3310
   7.500   1.3190   0.01582   0.00932  -0.1136  0.4274  1.0000  -2.3207   0.0000   0.0000   0.0000   0.3256
   8.000   1.3540   0.01704   0.01033  -0.1104  0.3864  1.0000  -2.5714   0.0000   0.0000   0.0000   0.3203
   8.500   1.3857   0.01828   0.01155  -0.1069  0.3465  1.0000  -2.8485   0.0000   0.0000   0.0000   0.3151
   9.000   1.4085   0.01984   0.01295  -0.1020  0.3104  1.0000  -3.1108   0.0000   0.0000   0.0000   0.3097
   9.500   1.4313   0.02150   0.01459  -0.0977  0.2759  1.0000  -3.3793   0.0000   0.0000   0.0000   0.3047
  10.000   1.4494   0.02358   0.01662  -0.0933  0.2426  1.0000  -3.6372   0.0000   0.0000   0.0000   0.3000


