xflr5 v6.61

 Calculated polar for: peg24_95_revT

 1 1 Reynolds number fixed          Mach number fixed         

 xtrf =   1.000 (top)        1.000 (bottom)
 Mach =   0.000     Re =     0.355 e 6     Ncrit =   9.000

  alpha     CL        CD       CDp       Cm    Top Xtr Bot Xtr   Cpmin    Chinge    XCp    
 ------- -------- --------- --------- -------- ------- ------- -------- --------- ---------
   0.000   0.6957   0.01087   0.00526  -0.1632  0.7415  0.5624  -0.9051   0.0000   0.0000   0.0000   0.4833
   0.500   0.7536   0.01060   0.00516  -0.1633  0.7335  0.6431  -0.9550   0.0000   0.0000   0.0000   0.4646
   1.000   0.8086   0.01057   0.00532  -0.1628  0.7249  0.7204  -1.0057   0.0000   0.0000   0.0000   0.4486
   1.500   0.8618   0.01040   0.00533  -0.1618  0.7146  0.7918  -1.0623   0.0000   0.0000   0.0000   0.4343
   2.000   0.9132   0.01014   0.00516  -0.1602  0.7049  0.8620  -1.1230   0.0000   0.0000   0.0000   0.4213
   2.500   0.9630   0.00993   0.00508  -0.1585  0.6933  1.0000  -1.1846   0.0000   0.0000   0.0000   0.4098
   3.000   1.0220   0.00990   0.00496  -0.1591  0.6806  1.0000  -1.2560   0.0000   0.0000   0.0000   0.4002
   3.500   1.0786   0.01001   0.00503  -0.1592  0.6666  1.0000  -1.3351   0.0000   0.0000   0.0000   0.3916
   4.000   1.1353   0.01007   0.00501  -0.1593  0.6514  1.0000  -1.4184   0.0000   0.0000   0.0000   0.3836
   4.500   1.1889   0.01021   0.00516  -0.1588  0.6315  1.0000  -1.5146   0.0000   0.0000   0.0000   0.3762
   5.000   1.2417   0.01043   0.00534  -0.1583  0.6089  1.0000  -1.6170   0.0000   0.0000   0.0000   0.3694
   5.500   1.2921   0.01076   0.00560  -0.1572  0.5809  1.0000  -1.7304   0.0000   0.0000   0.0000   0.3629
   6.000   1.3390   0.01128   0.00596  -0.1556  0.5468  1.0000  -1.8477   0.0000   0.0000   0.0000   0.3567
   6.500   1.3830   0.01196   0.00653  -0.1536  0.5098  1.0000  -1.9769   0.0000   0.0000   0.0000   0.3509
   7.000   1.4213   0.01289   0.00727  -0.1507  0.4685  1.0000  -2.1159   0.0000   0.0000   0.0000   0.3451
   7.500   1.4562   0.01392   0.00817  -0.1474  0.4290  1.0000  -2.2546   0.0000   0.0000   0.0000   0.3395
   8.000   1.4820   0.01520   0.00927  -0.1426  0.3905  1.0000  -2.3915   0.0000   0.0000   0.0000   0.3337
   8.500   1.5054   0.01669   0.01065  -0.1378  0.3552  1.0000  -2.5322   0.0000   0.0000   0.0000   0.3282
   9.000   1.5280   0.01839   0.01226  -0.1334  0.3217  1.0000  -2.6920   0.0000   0.0000   0.0000   0.3231
   9.500   1.5485   0.02038   0.01417  -0.1291  0.2910  1.0000  -2.8694   0.0000   0.0000   0.0000   0.3184
  10.000   1.5680   0.02261   0.01633  -0.1251  0.2631  1.0000  -3.0662   0.0000   0.0000   0.0000   0.3139


