xflr5 v6.61

 Calculated polar for: peg24_10_revT

 1 1 Reynolds number fixed          Mach number fixed         

 xtrf =   1.000 (top)        1.000 (bottom)
 Mach =   0.000     Re =     0.380 e 6     Ncrit =   9.000

  alpha     CL        CD       CDp       Cm    Top Xtr Bot Xtr   Cpmin    Chinge    XCp    
 ------- -------- --------- --------- -------- ------- ------- -------- --------- ---------
   0.000   0.2965   0.00755   0.00282  -0.0637  0.7423  0.8340  -0.6039   0.0000   0.0000   0.0000   0.4636
   0.500   0.3481   0.00756   0.00280  -0.0621  0.7247  0.8680  -0.6524   0.0000   0.0000   0.0000   0.4266
   1.000   0.3983   0.00755   0.00277  -0.0603  0.7049  0.9014  -0.7046   0.0000   0.0000   0.0000   0.3989
   1.500   0.4479   0.00750   0.00274  -0.0582  0.6834  0.9366  -0.7598   0.0000   0.0000   0.0000   0.3770
   2.000   0.5102   0.00752   0.00272  -0.0591  0.6597  0.9706  -0.8294   0.0000   0.0000   0.0000   0.3625
   2.500   0.5896   0.00760   0.00270  -0.0641  0.6315  0.9949  -0.9181   0.0000   0.0000   0.0000   0.3550
   3.000   0.6438   0.00779   0.00275  -0.0641  0.6010  1.0000  -0.9994   0.0000   0.0000   0.0000   0.3455
   3.500   0.6950   0.00807   0.00290  -0.0634  0.5687  1.0000  -1.0981   0.0000   0.0000   0.0000   0.3367
   4.000   0.7472   0.00840   0.00313  -0.0629  0.5323  1.0000  -1.2094   0.0000   0.0000   0.0000   0.3291
   4.500   0.7984   0.00887   0.00342  -0.0621  0.4940  1.0000  -1.3650   0.0000   0.0000   0.0000   0.3223
   5.000   0.8499   0.00932   0.00378  -0.0614  0.4523  1.0000  -1.6331   0.0000   0.0000   0.0000   0.3163
   5.500   0.9006   0.00989   0.00422  -0.0607  0.4126  1.0000  -1.9729   0.0000   0.0000   0.0000   0.3109
   6.000   0.9496   0.01058   0.00474  -0.0597  0.3650  1.0000  -2.3256   0.0000   0.0000   0.0000   0.3059
   6.500   0.9987   0.01130   0.00532  -0.0589  0.3184  1.0000  -2.6949   0.0000   0.0000   0.0000   0.3013
   7.500   1.0905   0.01330   0.00688  -0.0565  0.2077  1.0000  -3.4547   0.0000   0.0000   0.0000   0.2930
   8.000   1.1321   0.01468   0.00792  -0.0549  0.1488  1.0000  -3.8356   0.0000   0.0000   0.0000   0.2891
   8.500   1.1726   0.01610   0.00914  -0.0531  0.1020  1.0000  -4.2340   0.0000   0.0000   0.0000   0.2853
   9.000   1.2110   0.01761   0.01049  -0.0511  0.0710  1.0000  -4.6366   0.0000   0.0000   0.0000   0.2815
   9.500   1.2467   0.01921   0.01201  -0.0488  0.0495  1.0000  -5.0272   0.0000   0.0000   0.0000   0.2777
  10.000   1.2745   0.02115   0.01391  -0.0454  0.0323  1.0000  -5.3578   0.0000   0.0000   0.0000   0.2735


