xflr5 v6.61

 Calculated polar for: peg24_10_revT

 1 1 Reynolds number fixed          Mach number fixed         

 xtrf =   1.000 (top)        1.000 (bottom)
 Mach =   0.000     Re =     0.230 e 6     Ncrit =   9.000

  alpha     CL        CD       CDp       Cm    Top Xtr Bot Xtr   Cpmin    Chinge    XCp    
 ------- -------- --------- --------- -------- ------- ------- -------- --------- ---------
   0.000   0.2771   0.00992   0.00469  -0.0593  0.7838  0.9026  -0.5908   0.0000   0.0000   0.0000   0.4632
   0.500   0.3295   0.00982   0.00458  -0.0575  0.7651  0.9404  -0.6394   0.0000   0.0000   0.0000   0.4229
   1.000   0.4036   0.00973   0.00439  -0.0605  0.7466  0.9731  -0.7054   0.0000   0.0000   0.0000   0.3978
   1.500   0.4934   0.00960   0.00411  -0.0673  0.7257  0.9949  -0.7870   0.0000   0.0000   0.0000   0.3838
   2.000   0.5483   0.00958   0.00398  -0.0676  0.7023  1.0000  -0.8529   0.0000   0.0000   0.0000   0.3702
   2.500   0.5935   0.00965   0.00397  -0.0658  0.6772  1.0000  -0.9174   0.0000   0.0000   0.0000   0.3573
   3.000   0.6433   0.00981   0.00401  -0.0647  0.6500  1.0000  -0.9950   0.0000   0.0000   0.0000   0.3465
   3.500   0.6946   0.01000   0.00414  -0.0638  0.6193  1.0000  -1.0930   0.0000   0.0000   0.0000   0.3373
   4.000   0.7462   0.01026   0.00433  -0.0629  0.5853  1.0000  -1.2037   0.0000   0.0000   0.0000   0.3293
   4.500   0.7974   0.01064   0.00456  -0.0619  0.5488  1.0000  -1.3568   0.0000   0.0000   0.0000   0.3222
   5.000   0.8479   0.01108   0.00494  -0.0609  0.5093  1.0000  -1.5965   0.0000   0.0000   0.0000   0.3159
   5.500   0.8970   0.01167   0.00536  -0.0597  0.4668  1.0000  -1.9267   0.0000   0.0000   0.0000   0.3101
   6.000   0.9458   0.01228   0.00592  -0.0586  0.4240  1.0000  -2.2727   0.0000   0.0000   0.0000   0.3050
   6.500   0.9929   0.01302   0.00655  -0.0573  0.3767  1.0000  -2.6291   0.0000   0.0000   0.0000   0.3001
   7.000   1.0386   0.01388   0.00730  -0.0559  0.3286  1.0000  -2.9951   0.0000   0.0000   0.0000   0.2956
   7.500   1.0825   0.01489   0.00818  -0.0543  0.2785  1.0000  -3.3670   0.0000   0.0000   0.0000   0.2914
   8.000   1.1229   0.01617   0.00925  -0.0524  0.2215  1.0000  -3.7359   0.0000   0.0000   0.0000   0.2872
   8.500   1.1592   0.01779   0.01060  -0.0501  0.1589  1.0000  -4.0951   0.0000   0.0000   0.0000   0.2832
   9.000   1.1904   0.01980   0.01229  -0.0473  0.1065  1.0000  -4.4341   0.0000   0.0000   0.0000   0.2790
   9.500   1.2173   0.02197   0.01430  -0.0440  0.0754  1.0000  -4.7664   0.0000   0.0000   0.0000   0.2747
  10.000   1.2401   0.02414   0.01650  -0.0402  0.0557  1.0000  -5.0721   0.0000   0.0000   0.0000   0.2703


