xflr5 v6.61

 Calculated polar for: peg24_80_revT

 1 1 Reynolds number fixed          Mach number fixed         

 xtrf =   1.000 (top)        1.000 (bottom)
 Mach =   0.000     Re =     0.065 e 6     Ncrit =   9.000

  alpha     CL        CD       CDp       Cm    Top Xtr Bot Xtr   Cpmin    Chinge    XCp    
 ------- -------- --------- --------- -------- ------- ------- -------- --------- ---------
   0.000   0.2529   0.04000   0.03243  -0.1105  0.8896  0.8033  -0.7089   0.0000   0.0000   0.0000   0.6884
   0.500   0.3052   0.04040   0.03269  -0.1114  0.8708  1.0000  -0.6006   0.0000   0.0000   0.0000   0.6148
   1.000   0.3594   0.04223   0.03407  -0.1141  0.8497  1.0000  -0.6369   0.0000   0.0000   0.0000   0.5664
   1.500   0.4234   0.04414   0.03563  -0.1173  0.8283  1.0000  -0.6854   0.0000   0.0000   0.0000   0.5248
   2.000   0.5172   0.04583   0.03701  -0.1236  0.8107  1.0000  -0.7623   0.0000   0.0000   0.0000   0.4859
   2.500   0.5547   0.04737   0.03843  -0.1224  0.7862  1.0000  -0.8000   0.0000   0.0000   0.0000   0.4668
   3.000   0.5986   0.04915   0.04011  -0.1219  0.7620  1.0000  -0.8440   0.0000   0.0000   0.0000   0.4492
   3.500   0.6465   0.05086   0.04175  -0.1218  0.7380  1.0000  -0.8955   0.0000   0.0000   0.0000   0.4331
   4.000   0.6968   0.05243   0.04329  -0.1216  0.7142  1.0000  -0.9540   0.0000   0.0000   0.0000   0.4186
   4.500   0.7493   0.05378   0.04464  -0.1214  0.6911  1.0000  -1.0196   0.0000   0.0000   0.0000   0.4055
   5.000   0.8147   0.05420   0.04511  -0.1218  0.6704  1.0000  -1.1064   0.0000   0.0000   0.0000   0.3923
   5.500   0.8867   0.05361   0.04460  -0.1220  0.6508  1.0000  -1.2145   0.0000   0.0000   0.0000   0.3798
   6.000   0.9305   0.05451   0.04561  -0.1201  0.6258  1.0000  -1.2961   0.0000   0.0000   0.0000   0.3706
   8.000   1.2242   0.04387   0.03576  -0.1137  0.5467  1.0000  -1.9616   0.0000   0.0000   0.0000   0.3316
   8.500   1.3410   0.03782   0.02986  -0.1155  0.5203  1.0000  -2.2849   0.0000   0.0000   0.0000   0.3240
   9.000   1.3866   0.03766   0.02984  -0.1122  0.4836  1.0000  -2.4955   0.0000   0.0000   0.0000   0.3180
   9.500   1.4667   0.03589   0.02788  -0.1124  0.4410  1.0000  -2.8410   0.0000   0.0000   0.0000   0.3129
  10.000   1.4880   0.03777   0.02983  -0.1072  0.4016  1.0000  -3.0670   0.0000   0.0000   0.0000   0.3074


