xflr5 v6.61

 Calculated polar for: peg24_90_revT

 1 1 Reynolds number fixed          Mach number fixed         

 xtrf =   1.000 (top)        1.000 (bottom)
 Mach =   0.000     Re =     0.315 e 6     Ncrit =   9.000

  alpha     CL        CD       CDp       Cm    Top Xtr Bot Xtr   Cpmin    Chinge    XCp    
 ------- -------- --------- --------- -------- ------- ------- -------- --------- ---------
   0.000   0.6694   0.01151   0.00589  -0.1576  0.7491  0.6035  -0.8824   0.0000   0.0000   0.0000   0.4843
   0.500   0.7248   0.01129   0.00589  -0.1572  0.7397  0.6864  -0.9314   0.0000   0.0000   0.0000   0.4649
   1.000   0.7807   0.01108   0.00578  -0.1565  0.7314  0.7624  -0.9836   0.0000   0.0000   0.0000   0.4478
   1.500   0.8306   0.01101   0.00589  -0.1548  0.7211  0.8302  -1.0380   0.0000   0.0000   0.0000   0.4331
   2.000   0.8754   0.01062   0.00565  -0.1517  0.7101  0.9210  -1.0941   0.0000   0.0000   0.0000   0.4192
   2.500   0.9376   0.01054   0.00548  -0.1528  0.6992  1.0000  -1.1637   0.0000   0.0000   0.0000   0.4083
   3.000   0.9948   0.01053   0.00544  -0.1530  0.6853  1.0000  -1.2341   0.0000   0.0000   0.0000   0.3986
   3.500   1.0528   0.01057   0.00539  -0.1533  0.6717  1.0000  -1.3150   0.0000   0.0000   0.0000   0.3897
   4.000   1.1081   0.01062   0.00542  -0.1532  0.6553  1.0000  -1.3990   0.0000   0.0000   0.0000   0.3816
   4.500   1.1623   0.01074   0.00553  -0.1528  0.6357  1.0000  -1.4951   0.0000   0.0000   0.0000   0.3742
   5.000   1.2153   0.01092   0.00566  -0.1522  0.6128  1.0000  -1.5986   0.0000   0.0000   0.0000   0.3673
   5.500   1.2661   0.01121   0.00588  -0.1512  0.5851  1.0000  -1.7142   0.0000   0.0000   0.0000   0.3608
   6.000   1.3136   0.01168   0.00623  -0.1496  0.5508  1.0000  -1.8351   0.0000   0.0000   0.0000   0.3546
   6.500   1.3579   0.01235   0.00677  -0.1477  0.5140  1.0000  -1.9688   0.0000   0.0000   0.0000   0.3487
   7.000   1.3975   0.01322   0.00748  -0.1450  0.4725  1.0000  -2.1115   0.0000   0.0000   0.0000   0.3429
   7.500   1.4328   0.01428   0.00837  -0.1417  0.4327  1.0000  -2.2562   0.0000   0.0000   0.0000   0.3373
   8.000   1.4612   0.01549   0.00944  -0.1373  0.3933  1.0000  -2.3996   0.0000   0.0000   0.0000   0.3317
   8.500   1.4840   0.01698   0.01080  -0.1324  0.3575  1.0000  -2.5527   0.0000   0.0000   0.0000   0.3261
   9.000   1.5074   0.01860   0.01234  -0.1280  0.3236  1.0000  -2.7259   0.0000   0.0000   0.0000   0.3210
   9.500   1.5281   0.02054   0.01420  -0.1237  0.2924  1.0000  -2.9158   0.0000   0.0000   0.0000   0.3162
  10.000   1.5470   0.02277   0.01636  -0.1196  0.2636  1.0000  -3.1143   0.0000   0.0000   0.0000   0.3116


