xflr5 v6.61

 Calculated polar for: peg24_80_revT

 1 1 Reynolds number fixed          Mach number fixed         

 xtrf =   1.000 (top)        1.000 (bottom)
 Mach =   0.000     Re =     0.055 e 6     Ncrit =   9.000

  alpha     CL        CD       CDp       Cm    Top Xtr Bot Xtr   Cpmin    Chinge    XCp    
 ------- -------- --------- --------- -------- ------- ------- -------- --------- ---------
   0.000   0.1775   0.04215   0.03420  -0.1001  0.9478  0.7834  -0.8296   0.0000   0.0000   0.0000   0.8173
   0.500   0.1974   0.04186   0.03397  -0.0967  0.9327  1.0000  -0.7284   0.0000   0.0000   0.0000   0.7409
   1.000   0.2792   0.04455   0.03595  -0.1051  0.9064  1.0000  -0.5781   0.0000   0.0000   0.0000   0.6255
   1.500   0.3462   0.04708   0.03805  -0.1096  0.8803  1.0000  -0.6247   0.0000   0.0000   0.0000   0.5646
   2.000   0.4088   0.04955   0.04022  -0.1130  0.8541  1.0000  -0.6734   0.0000   0.0000   0.0000   0.5234
   2.500   0.4692   0.05192   0.04237  -0.1155  0.8272  1.0000  -0.7237   0.0000   0.0000   0.0000   0.4925
   3.000   0.5269   0.05426   0.04455  -0.1174  0.8008  1.0000  -0.7757   0.0000   0.0000   0.0000   0.4684
   3.500   0.5822   0.05645   0.04664  -0.1187  0.7739  1.0000  -0.8289   0.0000   0.0000   0.0000   0.4487
   4.000   0.6348   0.05856   0.04870  -0.1194  0.7470  1.0000  -0.8844   0.0000   0.0000   0.0000   0.4323
   4.500   0.6850   0.06065   0.05078  -0.1196  0.7205  1.0000  -0.9439   0.0000   0.0000   0.0000   0.4182
   5.000   0.7327   0.06264   0.05279  -0.1193  0.6934  1.0000  -1.0047   0.0000   0.0000   0.0000   0.4058
   5.500   0.7791   0.06459   0.05481  -0.1187  0.6665  1.0000  -1.0723   0.0000   0.0000   0.0000   0.3947
   6.000   0.8229   0.06659   0.05690  -0.1178  0.6399  1.0000  -1.1416   0.0000   0.0000   0.0000   0.3849
   6.500   0.8656   0.06850   0.05892  -0.1165  0.6129  1.0000  -1.2179   0.0000   0.0000   0.0000   0.3757
   7.000   0.9063   0.07053   0.06108  -0.1151  0.5865  1.0000  -1.3005   0.0000   0.0000   0.0000   0.3674
   7.500   0.9455   0.07244   0.06316  -0.1133  0.5594  1.0000  -1.3877   0.0000   0.0000   0.0000   0.3595
   8.000   0.9837   0.07436   0.06526  -0.1112  0.5327  1.0000  -1.4829   0.0000   0.0000   0.0000   0.3520
   8.500   1.0198   0.07642   0.06752  -0.1090  0.5064  1.0000  -1.5861   0.0000   0.0000   0.0000   0.3451
   9.000   1.0567   0.07811   0.06940  -0.1064  0.4797  1.0000  -1.7028   0.0000   0.0000   0.0000   0.3382
   9.500   1.2373   0.06015   0.05189  -0.1019  0.4683  1.0000  -2.1900   0.0000   0.0000   0.0000   0.3189
  10.000   1.1742   0.07418   0.06601  -0.0990  0.4321  1.0000  -2.0968   0.0000   0.0000   0.0000   0.3202


