xflr5 v6.61

 Calculated polar for: peg24_20_revT

 1 1 Reynolds number fixed          Mach number fixed         

 xtrf =   1.000 (top)        1.000 (bottom)
 Mach =   0.000     Re =     0.260 e 6     Ncrit =   9.000

  alpha     CL        CD       CDp       Cm    Top Xtr Bot Xtr   Cpmin    Chinge    XCp    
 ------- -------- --------- --------- -------- ------- ------- -------- --------- ---------
   0.000   0.3312   0.00952   0.00444  -0.0732  0.7718  0.8701  -0.6279   0.0000   0.0000   0.0000   0.4701
   0.500   0.3788   0.00941   0.00427  -0.0703  0.7565  0.9111  -0.6750   0.0000   0.0000   0.0000   0.4339
   1.000   0.4343   0.00928   0.00414  -0.0694  0.7386  0.9535  -0.7296   0.0000   0.0000   0.0000   0.4075
   1.500   0.5156   0.00918   0.00395  -0.0743  0.7201  0.9883  -0.8043   0.0000   0.0000   0.0000   0.3913
   2.000   0.5796   0.00916   0.00379  -0.0763  0.6994  1.0000  -0.8750   0.0000   0.0000   0.0000   0.3784
   2.500   0.6302   0.00924   0.00377  -0.0755  0.6766  1.0000  -0.9418   0.0000   0.0000   0.0000   0.3660
   3.000   0.6834   0.00937   0.00382  -0.0750  0.6512  1.0000  -1.0207   0.0000   0.0000   0.0000   0.3555
   3.500   0.7368   0.00957   0.00390  -0.0744  0.6226  1.0000  -1.1105   0.0000   0.0000   0.0000   0.3464
   4.000   0.7895   0.00981   0.00410  -0.0738  0.5901  1.0000  -1.2211   0.0000   0.0000   0.0000   0.3384
   4.500   0.8414   0.01016   0.00434  -0.0730  0.5539  1.0000  -1.3476   0.0000   0.0000   0.0000   0.3311
   5.000   0.8923   0.01063   0.00469  -0.0721  0.5161  1.0000  -1.5160   0.0000   0.0000   0.0000   0.3246
   5.500   0.9418   0.01119   0.00511  -0.0710  0.4729  1.0000  -1.7901   0.0000   0.0000   0.0000   0.3187
   6.000   0.9909   0.01182   0.00566  -0.0699  0.4317  1.0000  -2.1241   0.0000   0.0000   0.0000   0.3133
   6.500   1.0378   0.01260   0.00628  -0.0686  0.3867  1.0000  -2.4677   0.0000   0.0000   0.0000   0.3083
   7.000   1.0832   0.01348   0.00703  -0.0671  0.3398  1.0000  -2.8210   0.0000   0.0000   0.0000   0.3035
   7.500   1.1276   0.01444   0.00788  -0.0656  0.2929  1.0000  -3.1841   0.0000   0.0000   0.0000   0.2991
   8.000   1.1691   0.01559   0.00888  -0.0638  0.2440  1.0000  -3.5487   0.0000   0.0000   0.0000   0.2948
   8.500   1.2064   0.01703   0.01011  -0.0615  0.1911  1.0000  -3.9063   0.0000   0.0000   0.0000   0.2906
   9.000   1.2398   0.01872   0.01154  -0.0589  0.1373  1.0000  -4.2557   0.0000   0.0000   0.0000   0.2864
   9.500   1.2672   0.02064   0.01325  -0.0555  0.0977  1.0000  -4.5845   0.0000   0.0000   0.0000   0.2820
  10.000   1.2895   0.02278   0.01533  -0.0515  0.0731  1.0000  -4.9028   0.0000   0.0000   0.0000   0.2775


