xflr5 v6.61

 Calculated polar for: peg24_15_revT

 1 1 Reynolds number fixed          Mach number fixed         

 xtrf =   1.000 (top)        1.000 (bottom)
 Mach =   0.000     Re =     0.270 e 6     Ncrit =   9.000

  alpha     CL        CD       CDp       Cm    Top Xtr Bot Xtr   Cpmin    Chinge    XCp    
 ------- -------- --------- --------- -------- ------- ------- -------- --------- ---------
   0.000   0.3090   0.00917   0.00413  -0.0674  0.7692  0.8721  -0.6126   0.0000   0.0000   0.0000   0.4671
   0.500   0.3569   0.00910   0.00401  -0.0646  0.7531  0.9104  -0.6594   0.0000   0.0000   0.0000   0.4292
   1.000   0.4101   0.00897   0.00387  -0.0631  0.7345  0.9504  -0.7129   0.0000   0.0000   0.0000   0.4017
   1.500   0.4891   0.00889   0.00372  -0.0676  0.7142  0.9814  -0.7863   0.0000   0.0000   0.0000   0.3853
   2.000   0.5642   0.00886   0.00359  -0.0717  0.6919  1.0000  -0.8650   0.0000   0.0000   0.0000   0.3739
   2.500   0.6113   0.00896   0.00358  -0.0703  0.6680  1.0000  -0.9300   0.0000   0.0000   0.0000   0.3614
   3.000   0.6629   0.00910   0.00363  -0.0696  0.6412  1.0000  -1.0084   0.0000   0.0000   0.0000   0.3509
   3.500   0.7156   0.00931   0.00374  -0.0690  0.6107  1.0000  -1.1019   0.0000   0.0000   0.0000   0.3418
   4.000   0.7679   0.00960   0.00391  -0.0683  0.5774  1.0000  -1.2133   0.0000   0.0000   0.0000   0.3338
   4.500   0.8195   0.00999   0.00418  -0.0674  0.5411  1.0000  -1.3512   0.0000   0.0000   0.0000   0.3267
   5.000   0.8702   0.01045   0.00453  -0.0665  0.5011  1.0000  -1.5406   0.0000   0.0000   0.0000   0.3204
   5.500   0.9201   0.01101   0.00498  -0.0655  0.4590  1.0000  -1.8675   0.0000   0.0000   0.0000   0.3146
   6.000   0.9686   0.01170   0.00552  -0.0644  0.4169  1.0000  -2.2075   0.0000   0.0000   0.0000   0.3093
   6.500   1.0162   0.01242   0.00613  -0.0632  0.3699  1.0000  -2.5608   0.0000   0.0000   0.0000   0.3045
   7.000   1.0626   0.01327   0.00687  -0.0619  0.3230  1.0000  -2.9246   0.0000   0.0000   0.0000   0.2999
   7.500   1.1071   0.01426   0.00772  -0.0604  0.2746  1.0000  -3.2952   0.0000   0.0000   0.0000   0.2957
   8.000   1.1481   0.01550   0.00874  -0.0586  0.2203  1.0000  -3.6642   0.0000   0.0000   0.0000   0.2915
   8.500   1.1858   0.01700   0.01000  -0.0565  0.1626  1.0000  -4.0288   0.0000   0.0000   0.0000   0.2874
   9.000   1.2185   0.01884   0.01153  -0.0538  0.1114  1.0000  -4.3780   0.0000   0.0000   0.0000   0.2833
   9.500   1.2483   0.02074   0.01328  -0.0508  0.0791  1.0000  -4.7314   0.0000   0.0000   0.0000   0.2791
  10.000   1.2727   0.02275   0.01529  -0.0470  0.0589  1.0000  -5.0580   0.0000   0.0000   0.0000   0.2746


