xflr5 v6.61

 Calculated polar for: peg24_45_revT

 1 1 Reynolds number fixed          Mach number fixed         

 xtrf =   1.000 (top)        1.000 (bottom)
 Mach =   0.000     Re =     0.045 e 6     Ncrit =   9.000

  alpha     CL        CD       CDp       Cm    Top Xtr Bot Xtr   Cpmin    Chinge    XCp    
 ------- -------- --------- --------- -------- ------- ------- -------- --------- ---------
   0.000   0.0084   0.03118   0.02201  -0.0522  1.0000  1.0000  -0.8534   0.0000   0.0000   0.0000   6.4933
   0.500   0.0677   0.03339   0.02369  -0.0570  0.9940  1.0000  -0.6826   0.0000   0.0000   0.0000   1.0947
   1.000   0.1626   0.03673   0.02653  -0.0679  0.9663  1.0000  -0.5011   0.0000   0.0000   0.0000   0.6661
   1.500   0.2358   0.03950   0.02900  -0.0744  0.9388  1.0000  -0.5516   0.0000   0.0000   0.0000   0.5631
   2.000   0.3054   0.04226   0.03154  -0.0799  0.9095  1.0000  -0.6032   0.0000   0.0000   0.0000   0.5083
   2.500   0.3705   0.04498   0.03413  -0.0842  0.8795  1.0000  -0.6546   0.0000   0.0000   0.0000   0.4735
   3.000   0.4336   0.04766   0.03673  -0.0878  0.8484  1.0000  -0.7104   0.0000   0.0000   0.0000   0.4481
   3.500   0.4965   0.05026   0.03931  -0.0909  0.8169  1.0000  -0.7716   0.0000   0.0000   0.0000   0.4281
   4.000   0.5626   0.05273   0.04181  -0.0937  0.7854  1.0000  -0.8412   0.0000   0.0000   0.0000   0.4112
   4.500   0.6263   0.05501   0.04417  -0.0956  0.7539  1.0000  -0.9183   0.0000   0.0000   0.0000   0.3968
   5.000   0.6534   0.05777   0.04702  -0.0938  0.7205  1.0000  -0.9622   0.0000   0.0000   0.0000   0.3872
   5.500   0.6954   0.06037   0.04976  -0.0933  0.6879  1.0000  -1.0301   0.0000   0.0000   0.0000   0.3773
   6.000   0.7488   0.06242   0.05198  -0.0932  0.6559  1.0000  -1.1235   0.0000   0.0000   0.0000   0.3671
   6.500   0.8129   0.06361   0.05341  -0.0930  0.6254  1.0000  -1.2466   0.0000   0.0000   0.0000   0.3566
   7.000   0.8439   0.06662   0.05662  -0.0911  0.5930  1.0000  -1.3325   0.0000   0.0000   0.0000   0.3495
   7.500   0.8635   0.07052   0.06070  -0.0889  0.5594  1.0000  -1.4072   0.0000   0.0000   0.0000   0.3439
   8.000   0.9059   0.07262   0.06306  -0.0869  0.5273  1.0000  -1.5414   0.0000   0.0000   0.0000   0.3363
   8.500   0.9833   0.07044   0.06128  -0.0836  0.4958  1.0000  -1.7964   0.0000   0.0000   0.0000   0.3247
   9.000   1.0085   0.07360   0.06468  -0.0804  0.4630  1.0000  -1.9577   0.0000   0.0000   0.0000   0.3188
   9.500   0.9884   0.08265   0.07387  -0.0792  0.4300  1.0000  -1.9756   0.0000   0.0000   0.0000   0.3185
  10.000   1.0198   0.08505   0.07654  -0.0758  0.3969  1.0000  -2.2026   0.0000   0.0000   0.0000   0.3121


