xflr5 v6.61

 Calculated polar for: peg24_10_revT

 1 1 Reynolds number fixed          Mach number fixed         

 xtrf =   1.000 (top)        1.000 (bottom)
 Mach =   0.000     Re =     0.205 e 6     Ncrit =   9.000

  alpha     CL        CD       CDp       Cm    Top Xtr Bot Xtr   Cpmin    Chinge    XCp    
 ------- -------- --------- --------- -------- ------- ------- -------- --------- ---------
   0.000   0.2710   0.01066   0.00534  -0.0582  0.7925  0.9212  -0.5863   0.0000   0.0000   0.0000   0.4637
   0.500   0.3372   0.01056   0.00513  -0.0591  0.7760  0.9571  -0.6428   0.0000   0.0000   0.0000   0.4237
   1.000   0.4254   0.01037   0.00480  -0.0651  0.7571  0.9847  -0.7178   0.0000   0.0000   0.0000   0.4010
   1.500   0.5020   0.01022   0.00457  -0.0697  0.7347  1.0000  -0.7912   0.0000   0.0000   0.0000   0.3863
   2.000   0.5457   0.01024   0.00451  -0.0678  0.7112  1.0000  -0.8494   0.0000   0.0000   0.0000   0.3711
   2.500   0.5920   0.01032   0.00449  -0.0660  0.6867  1.0000  -0.9147   0.0000   0.0000   0.0000   0.3580
   3.000   0.6423   0.01044   0.00451  -0.0649  0.6598  1.0000  -0.9926   0.0000   0.0000   0.0000   0.3470
   3.500   0.6941   0.01060   0.00457  -0.0640  0.6301  1.0000  -1.0908   0.0000   0.0000   0.0000   0.3377
   4.000   0.7462   0.01087   0.00469  -0.0630  0.5981  1.0000  -1.2022   0.0000   0.0000   0.0000   0.3295
   4.500   0.7971   0.01119   0.00498  -0.0620  0.5612  1.0000  -1.3540   0.0000   0.0000   0.0000   0.3224
   5.000   0.8475   0.01165   0.00529  -0.0609  0.5226  1.0000  -1.5867   0.0000   0.0000   0.0000   0.3159
   5.500   0.8968   0.01216   0.00575  -0.0597  0.4794  1.0000  -1.9160   0.0000   0.0000   0.0000   0.3101
   6.000   0.9451   0.01282   0.00629  -0.0584  0.4374  1.0000  -2.2590   0.0000   0.0000   0.0000   0.3048
   6.500   0.9914   0.01359   0.00692  -0.0569  0.3905  1.0000  -2.6114   0.0000   0.0000   0.0000   0.2999
   7.000   1.0367   0.01443   0.00769  -0.0554  0.3418  1.0000  -2.9743   0.0000   0.0000   0.0000   0.2953
   7.500   1.0800   0.01545   0.00859  -0.0537  0.2914  1.0000  -3.3421   0.0000   0.0000   0.0000   0.2910
   8.000   1.1204   0.01669   0.00967  -0.0517  0.2371  1.0000  -3.7084   0.0000   0.0000   0.0000   0.2868
   8.500   1.1559   0.01831   0.01105  -0.0493  0.1747  1.0000  -4.0619   0.0000   0.0000   0.0000   0.2826
   9.000   1.1863   0.02034   0.01277  -0.0465  0.1175  1.0000  -4.3945   0.0000   0.0000   0.0000   0.2784
   9.500   1.2119   0.02257   0.01484  -0.0430  0.0829  1.0000  -4.7100   0.0000   0.0000   0.0000   0.2741
  10.000   1.2278   0.02525   0.01743  -0.0385  0.0625  1.0000  -4.9769   0.0000   0.0000   0.0000   0.2693


