xflr5 v6.61

 Calculated polar for: peg24_0_revT

 1 1 Reynolds number fixed          Mach number fixed         

 xtrf =   1.000 (top)        1.000 (bottom)
 Mach =   0.000     Re =     0.260 e 6     Ncrit =   9.000

  alpha     CL        CD       CDp       Cm    Top Xtr Bot Xtr   Cpmin    Chinge    XCp    
 ------- -------- --------- --------- -------- ------- ------- -------- --------- ---------
   0.000   0.2339   0.00903   0.00395  -0.0479  0.7747  0.8945  -0.5617   0.0000   0.0000   0.0000   0.4537
   0.500   0.2878   0.00901   0.00388  -0.0463  0.7542  0.9257  -0.6122   0.0000   0.0000   0.0000   0.4093
   1.000   0.3578   0.00906   0.00385  -0.0485  0.7325  0.9517  -0.6741   0.0000   0.0000   0.0000   0.3831
   1.500   0.4390   0.00912   0.00380  -0.0533  0.7080  0.9689  -0.7527   0.0000   0.0000   0.0000   0.3687
   2.000   0.5225   0.00917   0.00372  -0.0589  0.6814  0.9828  -0.8387   0.0000   0.0000   0.0000   0.3597
   2.500   0.6035   0.00917   0.00368  -0.0644  0.6494  0.9968  -0.9374   0.0000   0.0000   0.0000   0.3532
   3.000   0.6483   0.00923   0.00363  -0.0627  0.6174  1.0000  -1.0265   0.0000   0.0000   0.0000   0.3428
   3.500   0.6810   0.00942   0.00367  -0.0584  0.5866  1.0000  -1.1126   0.0000   0.0000   0.0000   0.3314
   4.000   0.7191   0.00969   0.00386  -0.0551  0.5513  1.0000  -1.2370   0.0000   0.0000   0.0000   0.3217
   4.500   0.7611   0.01012   0.00413  -0.0524  0.5151  1.0000  -1.4041   0.0000   0.0000   0.0000   0.3135
   5.000   0.8051   0.01055   0.00446  -0.0501  0.4731  1.0000  -1.6455   0.0000   0.0000   0.0000   0.3064
   5.500   0.8505   0.01107   0.00488  -0.0481  0.4363  1.0000  -1.9918   0.0000   0.0000   0.0000   0.3004
   6.000   0.8942   0.01168   0.00538  -0.0460  0.3907  1.0000  -2.3515   0.0000   0.0000   0.0000   0.2946
   6.500   0.9368   0.01239   0.00594  -0.0438  0.3431  1.0000  -2.7251   0.0000   0.0000   0.0000   0.2894
   7.000   0.9768   0.01324   0.00658  -0.0412  0.2863  1.0000  -3.1054   0.0000   0.0000   0.0000   0.2843
   7.500   1.0140   0.01431   0.00742  -0.0384  0.2290  1.0000  -3.4877   0.0000   0.0000   0.0000   0.2794
   8.000   1.0483   0.01557   0.00839  -0.0353  0.1678  1.0000  -3.8690   0.0000   0.0000   0.0000   0.2746
   8.500   1.0784   0.01706   0.00957  -0.0317  0.1156  1.0000  -4.2393   0.0000   0.0000   0.0000   0.2697
   9.000   1.1087   0.01841   0.01083  -0.0280  0.0845  1.0000  -4.6143   0.0000   0.0000   0.0000   0.2650
   9.500   1.1324   0.01980   0.01216  -0.0233  0.0630  1.0000  -4.9593   0.0000   0.0000   0.0000   0.2596
  10.000   1.1511   0.02140   0.01379  -0.0181  0.0450  1.0000  -5.2627   0.0000   0.0000   0.0000   0.2541


