xflr5 v6.61

 Calculated polar for: peg24_30_revT

 1 1 Reynolds number fixed          Mach number fixed         

 xtrf =   1.000 (top)        1.000 (bottom)
 Mach =   0.000     Re =     0.270 e 6     Ncrit =   9.000

  alpha     CL        CD       CDp       Cm    Top Xtr Bot Xtr   Cpmin    Chinge    XCp    
 ------- -------- --------- --------- -------- ------- ------- -------- --------- ---------
   0.000   0.3819   0.00964   0.00453  -0.0862  0.7673  0.8474  -0.6636   0.0000   0.0000   0.0000   0.4746
   0.500   0.4295   0.00955   0.00442  -0.0833  0.7541  0.8917  -0.7109   0.0000   0.0000   0.0000   0.4422
   1.000   0.4786   0.00935   0.00427  -0.0810  0.7376  0.9398  -0.7615   0.0000   0.0000   0.0000   0.4169
   1.500   0.5550   0.00922   0.00407  -0.0848  0.7214  0.9876  -0.8323   0.0000   0.0000   0.0000   0.4000
   2.000   0.6162   0.00921   0.00390  -0.0861  0.7026  1.0000  -0.8998   0.0000   0.0000   0.0000   0.3864
   2.500   0.6707   0.00928   0.00392  -0.0860  0.6814  1.0000  -0.9691   0.0000   0.0000   0.0000   0.3745
   3.000   0.7257   0.00939   0.00397  -0.0859  0.6583  1.0000  -1.0467   0.0000   0.0000   0.0000   0.3640
   3.500   0.7803   0.00955   0.00404  -0.0855  0.6320  1.0000  -1.1327   0.0000   0.0000   0.0000   0.3548
   4.000   0.8339   0.00978   0.00416  -0.0850  0.6021  1.0000  -1.2387   0.0000   0.0000   0.0000   0.3466
   4.500   0.8864   0.01011   0.00438  -0.0843  0.5688  1.0000  -1.3553   0.0000   0.0000   0.0000   0.3393
   5.000   0.9376   0.01053   0.00471  -0.0834  0.5308  1.0000  -1.4992   0.0000   0.0000   0.0000   0.3326
   5.500   0.9872   0.01110   0.00513  -0.0823  0.4900  1.0000  -1.6773   0.0000   0.0000   0.0000   0.3265
   6.000   1.0357   0.01174   0.00566  -0.0812  0.4473  1.0000  -1.9696   0.0000   0.0000   0.0000   0.3208
   6.500   1.0831   0.01247   0.00629  -0.0799  0.4052  1.0000  -2.3009   0.0000   0.0000   0.0000   0.3156
   7.000   1.1279   0.01337   0.00703  -0.0783  0.3600  1.0000  -2.6390   0.0000   0.0000   0.0000   0.3107
   7.500   1.1711   0.01436   0.00788  -0.0766  0.3146  1.0000  -2.9852   0.0000   0.0000   0.0000   0.3060
   8.000   1.2128   0.01544   0.00884  -0.0747  0.2697  1.0000  -3.3386   0.0000   0.0000   0.0000   0.3015
   8.500   1.2510   0.01671   0.00998  -0.0724  0.2245  1.0000  -3.6901   0.0000   0.0000   0.0000   0.2972
   9.000   1.2843   0.01824   0.01132  -0.0696  0.1774  1.0000  -4.0316   0.0000   0.0000   0.0000   0.2928
   9.500   1.3101   0.02005   0.01291  -0.0658  0.1333  1.0000  -4.3494   0.0000   0.0000   0.0000   0.2881
  10.000   1.3325   0.02211   0.01484  -0.0619  0.0997  1.0000  -4.6553   0.0000   0.0000   0.0000   0.2836


