xflr5 v6.61

 Calculated polar for: peg24_05_revT

 1 1 Reynolds number fixed          Mach number fixed         

 xtrf =   1.000 (top)        1.000 (bottom)
 Mach =   0.000     Re =     0.490 e 6     Ncrit =   9.000

  alpha     CL        CD       CDp       Cm    Top Xtr Bot Xtr   Cpmin    Chinge    XCp    
 ------- -------- --------- --------- -------- ------- ------- -------- --------- ---------
   0.000   0.2733   0.00668   0.00215  -0.0578  0.7220  0.8121  -0.5883   0.0000   0.0000   0.0000   0.4603
   0.500   0.3260   0.00672   0.00214  -0.0566  0.7021  0.8429  -0.6376   0.0000   0.0000   0.0000   0.4219
   1.000   0.3779   0.00672   0.00217  -0.0553  0.6806  0.8734  -0.6902   0.0000   0.0000   0.0000   0.3940
   1.500   0.4283   0.00675   0.00220  -0.0536  0.6580  0.9042  -0.7463   0.0000   0.0000   0.0000   0.3724
   2.000   0.4796   0.00679   0.00224  -0.0521  0.6325  0.9364  -0.8088   0.0000   0.0000   0.0000   0.3554
   2.500   0.5434   0.00694   0.00231  -0.0535  0.6025  0.9650  -0.8860   0.0000   0.0000   0.0000   0.3448
   3.000   0.6181   0.00718   0.00243  -0.0576  0.5683  0.9829  -0.9836   0.0000   0.0000   0.0000   0.3391
   3.500   0.6941   0.00746   0.00260  -0.0621  0.5293  0.9988  -1.1136   0.0000   0.0000   0.0000   0.3350
   4.000   0.7349   0.00781   0.00278  -0.0594  0.4940  1.0000  -1.2226   0.0000   0.0000   0.0000   0.3259
   4.500   0.7798   0.00819   0.00304  -0.0574  0.4546  1.0000  -1.3921   0.0000   0.0000   0.0000   0.3182
   5.500   0.8733   0.00919   0.00377  -0.0541  0.3733  1.0000  -2.0466   0.0000   0.0000   0.0000   0.3056
   6.000   0.9193   0.00982   0.00423  -0.0525  0.3264  1.0000  -2.3973   0.0000   0.0000   0.0000   0.3002
   6.500   0.9628   0.01064   0.00480  -0.0505  0.2697  1.0000  -2.7546   0.0000   0.0000   0.0000   0.2950
   7.000   1.0051   0.01157   0.00547  -0.0485  0.2160  1.0000  -3.1206   0.0000   0.0000   0.0000   0.2902
   7.500   1.0461   0.01256   0.00624  -0.0463  0.1651  1.0000  -3.4940   0.0000   0.0000   0.0000   0.2856
   8.000   1.0832   0.01378   0.00718  -0.0435  0.1144  1.0000  -3.8776   0.0000   0.0000   0.0000   0.2810
   8.500   1.1182   0.01504   0.00825  -0.0405  0.0781  1.0000  -4.2654   0.0000   0.0000   0.0000   0.2764
   9.000   1.1523   0.01623   0.00934  -0.0373  0.0548  1.0000  -4.6552   0.0000   0.0000   0.0000   0.2719
   9.500   1.1801   0.01752   0.01055  -0.0330  0.0372  1.0000  -5.0135   0.0000   0.0000   0.0000   0.2669
  10.000   1.1958   0.01921   0.01218  -0.0270  0.0226  1.0000  -5.2811   0.0000   0.0000   0.0000   0.2608


