xflr5 v6.61

 Calculated polar for: peg24_30_revT

 1 1 Reynolds number fixed          Mach number fixed         

 xtrf =   1.000 (top)        1.000 (bottom)
 Mach =   0.000     Re =     0.085 e 6     Ncrit =   9.000

  alpha     CL        CD       CDp       Cm    Top Xtr Bot Xtr   Cpmin    Chinge    XCp    
 ------- -------- --------- --------- -------- ------- ------- -------- --------- ---------
   0.000   0.2873   0.02352   0.01612  -0.0847  0.8667  1.0000  -0.5796   0.0000   0.0000   0.0000   0.5444
   0.500   0.3375   0.02411   0.01650  -0.0850  0.8437  1.0000  -0.6215   0.0000   0.0000   0.0000   0.5007
   1.000   0.3978   0.02472   0.01694  -0.0864  0.8222  1.0000  -0.6732   0.0000   0.0000   0.0000   0.4652
   1.500   0.4870   0.02440   0.01650  -0.0906  0.8102  1.0000  -0.7525   0.0000   0.0000   0.0000   0.4336
   2.000   0.5386   0.02480   0.01684  -0.0899  0.7862  1.0000  -0.8083   0.0000   0.0000   0.0000   0.4138
   2.500   0.5930   0.02512   0.01714  -0.0892  0.7631  1.0000  -0.8724   0.0000   0.0000   0.0000   0.3968
   3.000   0.6509   0.02515   0.01718  -0.0885  0.7410  1.0000  -0.9455   0.0000   0.0000   0.0000   0.3819
   3.500   0.7146   0.02463   0.01669  -0.0879  0.7208  1.0000  -1.0358   0.0000   0.0000   0.0000   0.3685
   4.000   0.7843   0.02351   0.01560  -0.0875  0.7023  1.0000  -1.1473   0.0000   0.0000   0.0000   0.3565
   4.500   0.8411   0.02307   0.01522  -0.0860  0.6767  1.0000  -1.2633   0.0000   0.0000   0.0000   0.3467
   5.000   0.9001   0.02246   0.01466  -0.0846  0.6498  1.0000  -1.4007   0.0000   0.0000   0.0000   0.3379
   5.500   0.9510   0.02237   0.01468  -0.0825  0.6167  1.0000  -1.5606   0.0000   0.0000   0.0000   0.3302
   6.000   1.0055   0.02206   0.01442  -0.0807  0.5814  1.0000  -1.7603   0.0000   0.0000   0.0000   0.3231
   6.500   1.0628   0.02179   0.01405  -0.0792  0.5441  1.0000  -2.0907   0.0000   0.0000   0.0000   0.3167
   7.000   1.1096   0.02219   0.01444  -0.0768  0.4993  1.0000  -2.4189   0.0000   0.0000   0.0000   0.3107
   7.500   1.1538   0.02292   0.01515  -0.0742  0.4523  1.0000  -2.7513   0.0000   0.0000   0.0000   0.3052
   8.000   1.1948   0.02392   0.01606  -0.0713  0.4039  1.0000  -3.0839   0.0000   0.0000   0.0000   0.2999
   8.500   1.2301   0.02520   0.01727  -0.0679  0.3531  1.0000  -3.4055   0.0000   0.0000   0.0000   0.2947
   9.000   1.2588   0.02684   0.01879  -0.0639  0.3012  1.0000  -3.7067   0.0000   0.0000   0.0000   0.2895
   9.500   1.2800   0.02895   0.02075  -0.0592  0.2502  1.0000  -3.9787   0.0000   0.0000   0.0000   0.2843
  10.000   1.2950   0.03162   0.02324  -0.0542  0.2041  1.0000  -4.2182   0.0000   0.0000   0.0000   0.2791


