xflr5 v6.61

 Calculated polar for: peg24_05_revT

 1 1 Reynolds number fixed          Mach number fixed         

 xtrf =   1.000 (top)        1.000 (bottom)
 Mach =   0.000     Re =     0.105 e 6     Ncrit =   9.000

  alpha     CL        CD       CDp       Cm    Top Xtr Bot Xtr   Cpmin    Chinge    XCp    
 ------- -------- --------- --------- -------- ------- ------- -------- --------- ---------
   0.000   0.3873   0.01701   0.01021  -0.0855  0.8704  1.0000  -0.6382   0.0000   0.0000   0.0000   0.4698
   0.500   0.4264   0.01684   0.00995  -0.0830  0.8448  1.0000  -0.6812   0.0000   0.0000   0.0000   0.4433
   1.000   0.4623   0.01675   0.00979  -0.0795  0.8191  1.0000  -0.7252   0.0000   0.0000   0.0000   0.4201
   1.500   0.4973   0.01672   0.00969  -0.0755  0.7937  1.0000  -0.7726   0.0000   0.0000   0.0000   0.3994
   2.000   0.5348   0.01670   0.00961  -0.0716  0.7684  1.0000  -0.8259   0.0000   0.0000   0.0000   0.3809
   2.500   0.5768   0.01665   0.00949  -0.0682  0.7427  1.0000  -0.8898   0.0000   0.0000   0.0000   0.3648
   3.000   0.6220   0.01661   0.00940  -0.0652  0.7161  1.0000  -0.9635   0.0000   0.0000   0.0000   0.3511
   3.500   0.6697   0.01659   0.00934  -0.0627  0.6879  1.0000  -1.0611   0.0000   0.0000   0.0000   0.3395
   4.000   0.7195   0.01655   0.00927  -0.0605  0.6578  1.0000  -1.1729   0.0000   0.0000   0.0000   0.3295
   4.500   0.7711   0.01653   0.00918  -0.0586  0.6261  1.0000  -1.3339   0.0000   0.0000   0.0000   0.3209
   5.000   0.8183   0.01678   0.00943  -0.0563  0.5896  1.0000  -1.5563   0.0000   0.0000   0.0000   0.3132
   5.500   0.8670   0.01703   0.00961  -0.0541  0.5507  1.0000  -1.8811   0.0000   0.0000   0.0000   0.3063
   6.000   0.9120   0.01749   0.01005  -0.0516  0.5073  1.0000  -2.2094   0.0000   0.0000   0.0000   0.2999
   6.500   0.9563   0.01809   0.01056  -0.0490  0.4624  1.0000  -2.5501   0.0000   0.0000   0.0000   0.2940
   7.000   0.9975   0.01884   0.01119  -0.0461  0.4148  1.0000  -2.8930   0.0000   0.0000   0.0000   0.2884
   7.500   1.0333   0.01973   0.01203  -0.0425  0.3628  1.0000  -3.2259   0.0000   0.0000   0.0000   0.2827
   8.000   1.0639   0.02084   0.01310  -0.0384  0.3072  1.0000  -3.5444   0.0000   0.0000   0.0000   0.2770
   8.500   1.0872   0.02235   0.01445  -0.0334  0.2469  1.0000  -3.8350   0.0000   0.0000   0.0000   0.2710
   9.000   1.1022   0.02458   0.01640  -0.0277  0.1878  1.0000  -4.0805   0.0000   0.0000   0.0000   0.2647
   9.500   1.1124   0.02726   0.01884  -0.0215  0.1425  1.0000  -4.2858   0.0000   0.0000   0.0000   0.2583
  10.000   1.1219   0.03021   0.02158  -0.0159  0.1119  1.0000  -4.4761   0.0000   0.0000   0.0000   0.2524


