xflr5 v6.61

 Calculated polar for: peg24_70_revT

 1 1 Reynolds number fixed          Mach number fixed         

 xtrf =   1.000 (top)        1.000 (bottom)
 Mach =   0.000     Re =     0.275 e 6     Ncrit =   9.000

  alpha     CL        CD       CDp       Cm    Top Xtr Bot Xtr   Cpmin    Chinge    XCp    
 ------- -------- --------- --------- -------- ------- ------- -------- --------- ---------
   0.000   0.5738   0.01130   0.00588  -0.1347  0.7604  0.7250  -0.8067   0.0000   0.0000   0.0000   0.4837
   0.500   0.6258   0.01127   0.00596  -0.1333  0.7502  0.7919  -0.8531   0.0000   0.0000   0.0000   0.4612
   1.000   0.6745   0.01107   0.00589  -0.1311  0.7387  0.8540  -0.9033   0.0000   0.0000   0.0000   0.4419
   1.500   0.7215   0.01075   0.00559  -0.1280  0.7282  0.9334  -0.9566   0.0000   0.0000   0.0000   0.4243
   2.000   0.7845   0.01064   0.00549  -0.1296  0.7145  1.0000  -1.0233   0.0000   0.0000   0.0000   0.4115
   2.500   0.8460   0.01061   0.00527  -0.1305  0.7017  1.0000  -1.0930   0.0000   0.0000   0.0000   0.3999
   3.000   0.9016   0.01063   0.00530  -0.1305  0.6853  1.0000  -1.1664   0.0000   0.0000   0.0000   0.3898
   3.500   0.9586   0.01068   0.00528  -0.1306  0.6689  1.0000  -1.2457   0.0000   0.0000   0.0000   0.3807
   4.000   1.0151   0.01072   0.00523  -0.1304  0.6499  1.0000  -1.3388   0.0000   0.0000   0.0000   0.3724
   4.500   1.0685   0.01084   0.00533  -0.1299  0.6260  1.0000  -1.4356   0.0000   0.0000   0.0000   0.3648
   5.000   1.1211   0.01108   0.00550  -0.1291  0.5989  1.0000  -1.5490   0.0000   0.0000   0.0000   0.3578
   5.500   1.1712   0.01144   0.00580  -0.1280  0.5656  1.0000  -1.6710   0.0000   0.0000   0.0000   0.3513
   6.000   1.2192   0.01196   0.00622  -0.1266  0.5285  1.0000  -1.8098   0.0000   0.0000   0.0000   0.3452
   6.500   1.2639   0.01269   0.00678  -0.1247  0.4877  1.0000  -1.9598   0.0000   0.0000   0.0000   0.3393
   7.000   1.3057   0.01357   0.00752  -0.1225  0.4454  1.0000  -2.1224   0.0000   0.0000   0.0000   0.3337
   7.500   1.3446   0.01458   0.00839  -0.1199  0.4044  1.0000  -2.3097   0.0000   0.0000   0.0000   0.3284
   8.000   1.3785   0.01578   0.00942  -0.1165  0.3641  1.0000  -2.5091   0.0000   0.0000   0.0000   0.3230
   8.500   1.4084   0.01702   0.01060  -0.1127  0.3274  1.0000  -2.7750   0.0000   0.0000   0.0000   0.3177
   9.000   1.4341   0.01850   0.01197  -0.1084  0.2927  1.0000  -3.0406   0.0000   0.0000   0.0000   0.3126
   9.500   1.4550   0.02035   0.01370  -0.1040  0.2600  1.0000  -3.2998   0.0000   0.0000   0.0000   0.3076
  10.000   1.4773   0.02230   0.01564  -0.1002  0.2288  1.0000  -3.5701   0.0000   0.0000   0.0000   0.3032


