xflr5 v6.61

 Calculated polar for: peg24_45_revT

 1 1 Reynolds number fixed          Mach number fixed         

 xtrf =   1.000 (top)        1.000 (bottom)
 Mach =   0.000     Re =     0.260 e 6     Ncrit =   9.000

  alpha     CL        CD       CDp       Cm    Top Xtr Bot Xtr   Cpmin    Chinge    XCp    
 ------- -------- --------- --------- -------- ------- ------- -------- --------- ---------
   0.000   0.4524   0.01049   0.00527  -0.1044  0.7676  0.8186  -0.7145   0.0000   0.0000   0.0000   0.4798
   0.500   0.5013   0.01034   0.00512  -0.1019  0.7563  0.8704  -0.7619   0.0000   0.0000   0.0000   0.4514
   1.000   0.5459   0.01016   0.00504  -0.0986  0.7418  0.9281  -0.8093   0.0000   0.0000   0.0000   0.4283
   1.500   0.6197   0.00992   0.00467  -0.1017  0.7285  1.0000  -0.8801   0.0000   0.0000   0.0000   0.4113
   2.000   0.6765   0.00994   0.00464  -0.1023  0.7113  1.0000  -0.9423   0.0000   0.0000   0.0000   0.3977
   2.500   0.7341   0.00999   0.00459  -0.1026  0.6942  1.0000  -1.0128   0.0000   0.0000   0.0000   0.3857
   3.000   0.7916   0.01004   0.00450  -0.1027  0.6753  1.0000  -1.0888   0.0000   0.0000   0.0000   0.3752
   3.500   0.8463   0.01012   0.00457  -0.1024  0.6529  1.0000  -1.1743   0.0000   0.0000   0.0000   0.3659
   4.000   0.9006   0.01027   0.00465  -0.1019  0.6269  1.0000  -1.2687   0.0000   0.0000   0.0000   0.3576
   4.500   0.9540   0.01052   0.00479  -0.1013  0.5978  1.0000  -1.3813   0.0000   0.0000   0.0000   0.3500
   5.000   1.0055   0.01085   0.00508  -0.1005  0.5629  1.0000  -1.5037   0.0000   0.0000   0.0000   0.3432
   5.500   1.0555   0.01134   0.00545  -0.0994  0.5249  1.0000  -1.6511   0.0000   0.0000   0.0000   0.3368
   6.000   1.1035   0.01196   0.00595  -0.0980  0.4831  1.0000  -1.8243   0.0000   0.0000   0.0000   0.3309
   7.000   1.1940   0.01358   0.00732  -0.0948  0.3982  1.0000  -2.3624   0.0000   0.0000   0.0000   0.3201
   7.500   1.2356   0.01459   0.00818  -0.0927  0.3554  1.0000  -2.6828   0.0000   0.0000   0.0000   0.3151
   8.000   1.2739   0.01575   0.00917  -0.0902  0.3128  1.0000  -3.0045   0.0000   0.0000   0.0000   0.3102
   8.500   1.3108   0.01693   0.01029  -0.0876  0.2716  1.0000  -3.3321   0.0000   0.0000   0.0000   0.3056
   9.000   1.3408   0.01836   0.01159  -0.0841  0.2327  1.0000  -3.6443   0.0000   0.0000   0.0000   0.3007
   9.500   1.3663   0.02001   0.01313  -0.0801  0.1950  1.0000  -3.9469   0.0000   0.0000   0.0000   0.2959
  10.000   1.3887   0.02198   0.01501  -0.0762  0.1598  1.0000  -4.2417   0.0000   0.0000   0.0000   0.2914


