xflr5 v6.61

 Calculated polar for: peg24_40_revT

 1 1 Reynolds number fixed          Mach number fixed         

 xtrf =   1.000 (top)        1.000 (bottom)
 Mach =   0.000     Re =     0.485 e 6     Ncrit =   9.000

  alpha     CL        CD       CDp       Cm    Top Xtr Bot Xtr   Cpmin    Chinge    XCp    
 ------- -------- --------- --------- -------- ------- ------- -------- --------- ---------
   0.000   0.4452   0.00736   0.00258  -0.1006  0.7272  0.7446  -0.7103   0.0000   0.0000   0.0000   0.4746
   0.500   0.4998   0.00728   0.00261  -0.0999  0.7140  0.7920  -0.7614   0.0000   0.0000   0.0000   0.4479
   1.000   0.5533   0.00727   0.00263  -0.0989  0.6996  0.8326  -0.8153   0.0000   0.0000   0.0000   0.4263
   1.500   0.6056   0.00721   0.00264  -0.0977  0.6829  0.8732  -0.8723   0.0000   0.0000   0.0000   0.4083
   2.000   0.6549   0.00716   0.00266  -0.0958  0.6656  0.9188  -0.9308   0.0000   0.0000   0.0000   0.3927
   2.500   0.7180   0.00711   0.00260  -0.0970  0.6451  1.0000  -1.0063   0.0000   0.0000   0.0000   0.3810
   3.000   0.7747   0.00730   0.00267  -0.0973  0.6208  1.0000  -1.0823   0.0000   0.0000   0.0000   0.3710
   3.500   0.8301   0.00754   0.00281  -0.0973  0.5923  1.0000  -1.1701   0.0000   0.0000   0.0000   0.3621
   4.000   0.8844   0.00786   0.00302  -0.0970  0.5600  1.0000  -1.2686   0.0000   0.0000   0.0000   0.3542
   4.500   0.9366   0.00830   0.00329  -0.0965  0.5222  1.0000  -1.3838   0.0000   0.0000   0.0000   0.3469
   5.000   0.9887   0.00878   0.00365  -0.0959  0.4841  1.0000  -1.5131   0.0000   0.0000   0.0000   0.3403
   6.000   1.0888   0.01002   0.00459  -0.0943  0.4013  1.0000  -1.8703   0.0000   0.0000   0.0000   0.3287
   6.500   1.1366   0.01079   0.00518  -0.0932  0.3586  1.0000  -2.1945   0.0000   0.0000   0.0000   0.3235
   7.000   1.1832   0.01164   0.00586  -0.0919  0.3153  1.0000  -2.5303   0.0000   0.0000   0.0000   0.3186
   7.500   1.2288   0.01252   0.00660  -0.0906  0.2739  1.0000  -2.8780   0.0000   0.0000   0.0000   0.3140
   8.000   1.2715   0.01357   0.00746  -0.0889  0.2317  1.0000  -3.2290   0.0000   0.0000   0.0000   0.3095
   8.500   1.3109   0.01479   0.00848  -0.0868  0.1881  1.0000  -3.5804   0.0000   0.0000   0.0000   0.3051
   9.000   1.3462   0.01619   0.00966  -0.0841  0.1459  1.0000  -3.9274   0.0000   0.0000   0.0000   0.3006
   9.500   1.3770   0.01763   0.01093  -0.0808  0.1125  1.0000  -4.2661   0.0000   0.0000   0.0000   0.2961
  10.000   1.4044   0.01925   0.01247  -0.0772  0.0876  1.0000  -4.6036   0.0000   0.0000   0.0000   0.2916


