xflr5 v6.61

 Calculated polar for: peg24_45_revT

 1 1 Reynolds number fixed          Mach number fixed         

 xtrf =   1.000 (top)        1.000 (bottom)
 Mach =   0.000     Re =     0.320 e 6     Ncrit =   9.000

  alpha     CL        CD       CDp       Cm    Top Xtr Bot Xtr   Cpmin    Chinge    XCp    
 ------- -------- --------- --------- -------- ------- ------- -------- --------- ---------
   0.000   0.4610   0.00925   0.00414  -0.1055  0.7543  0.7895  -0.7214   0.0000   0.0000   0.0000   0.4776
   0.500   0.5117   0.00913   0.00415  -0.1038  0.7415  0.8375  -0.7695   0.0000   0.0000   0.0000   0.4510
   1.000   0.5614   0.00903   0.00402  -0.1016  0.7285  0.8856  -0.8207   0.0000   0.0000   0.0000   0.4285
   1.500   0.6100   0.00882   0.00392  -0.0993  0.7136  0.9445  -0.8755   0.0000   0.0000   0.0000   0.4098
   2.000   0.6795   0.00875   0.00375  -0.1021  0.6977  1.0000  -0.9466   0.0000   0.0000   0.0000   0.3967
   2.500   0.7372   0.00880   0.00371  -0.1025  0.6794  1.0000  -1.0173   0.0000   0.0000   0.0000   0.3850
   3.000   0.7935   0.00891   0.00378  -0.1026  0.6588  1.0000  -1.0921   0.0000   0.0000   0.0000   0.3748
   3.500   0.8491   0.00906   0.00385  -0.1025  0.6355  1.0000  -1.1787   0.0000   0.0000   0.0000   0.3657
   4.000   0.9034   0.00927   0.00398  -0.1022  0.6080  1.0000  -1.2736   0.0000   0.0000   0.0000   0.3575
   4.500   0.9564   0.00958   0.00417  -0.1016  0.5768  1.0000  -1.3863   0.0000   0.0000   0.0000   0.3500
   5.000   1.0078   0.01001   0.00448  -0.1008  0.5406  1.0000  -1.5090   0.0000   0.0000   0.0000   0.3432
   5.500   1.0577   0.01054   0.00489  -0.0998  0.5011  1.0000  -1.6573   0.0000   0.0000   0.0000   0.3370
   6.000   1.1058   0.01121   0.00541  -0.0985  0.4589  1.0000  -1.8320   0.0000   0.0000   0.0000   0.3311
   6.500   1.1520   0.01200   0.00604  -0.0971  0.4167  1.0000  -2.0669   0.0000   0.0000   0.0000   0.3257
   7.000   1.1973   0.01283   0.00676  -0.0955  0.3742  1.0000  -2.3875   0.0000   0.0000   0.0000   0.3206
   7.500   1.2397   0.01382   0.00760  -0.0936  0.3320  1.0000  -2.7124   0.0000   0.0000   0.0000   0.3156
   8.000   1.2797   0.01492   0.00855  -0.0915  0.2899  1.0000  -3.0423   0.0000   0.0000   0.0000   0.3109
   8.500   1.3176   0.01609   0.00962  -0.0890  0.2498  1.0000  -3.3763   0.0000   0.0000   0.0000   0.3063
   9.000   1.3486   0.01750   0.01087  -0.0856  0.2115  1.0000  -3.6951   0.0000   0.0000   0.0000   0.3015
   9.500   1.3766   0.01905   0.01230  -0.0820  0.1741  1.0000  -4.0106   0.0000   0.0000   0.0000   0.2968
  10.000   1.3999   0.02096   0.01409  -0.0782  0.1388  1.0000  -4.3135   0.0000   0.0000   0.0000   0.2923


