xflr5 v6.61

 Calculated polar for: peg24_0_revT

 1 1 Reynolds number fixed          Mach number fixed         

 xtrf =   1.000 (top)        1.000 (bottom)
 Mach =   0.000     Re =     0.400 e 6     Ncrit =   9.000

  alpha     CL        CD       CDp       Cm    Top Xtr Bot Xtr   Cpmin    Chinge    XCp    
 ------- -------- --------- --------- -------- ------- ------- -------- --------- ---------
   0.000   0.2466   0.00722   0.00255  -0.0511  0.7365  0.8409  -0.5703   0.0000   0.0000   0.0000   0.4560
   0.500   0.2979   0.00724   0.00255  -0.0495  0.7165  0.8714  -0.6193   0.0000   0.0000   0.0000   0.4144
   1.000   0.3478   0.00725   0.00256  -0.0476  0.6947  0.9015  -0.6691   0.0000   0.0000   0.0000   0.3844
   1.500   0.3990   0.00729   0.00257  -0.0459  0.6703  0.9330  -0.7276   0.0000   0.0000   0.0000   0.3621
   2.000   0.4620   0.00739   0.00261  -0.0470  0.6447  0.9583  -0.7962   0.0000   0.0000   0.0000   0.3484
   2.500   0.5367   0.00758   0.00265  -0.0508  0.6126  0.9743  -0.8855   0.0000   0.0000   0.0000   0.3411
   3.000   0.6117   0.00779   0.00277  -0.0550  0.5789  0.9881  -0.9916   0.0000   0.0000   0.0000   0.3358
   3.500   0.6893   0.00807   0.00288  -0.0599  0.5386  1.0000  -1.1249   0.0000   0.0000   0.0000   0.3325
   4.000   0.7216   0.00831   0.00302  -0.0556  0.5045  1.0000  -1.2465   0.0000   0.0000   0.0000   0.3222
   4.500   0.7617   0.00873   0.00328  -0.0526  0.4651  1.0000  -1.4107   0.0000   0.0000   0.0000   0.3138
   5.000   0.8064   0.00917   0.00360  -0.0506  0.4260  1.0000  -1.6900   0.0000   0.0000   0.0000   0.3069
   5.500   0.8495   0.00982   0.00397  -0.0483  0.3689  1.0000  -2.0349   0.0000   0.0000   0.0000   0.3006
   6.000   0.8921   0.01059   0.00448  -0.0462  0.3055  1.0000  -2.3965   0.0000   0.0000   0.0000   0.2949
   6.500   0.9352   0.01140   0.00505  -0.0442  0.2543  1.0000  -2.7771   0.0000   0.0000   0.0000   0.2899
   7.000   0.9781   0.01223   0.00570  -0.0422  0.2082  1.0000  -3.1732   0.0000   0.0000   0.0000   0.2853
   7.500   1.0174   0.01331   0.00652  -0.0398  0.1510  1.0000  -3.5690   0.0000   0.0000   0.0000   0.2806
   8.000   1.0545   0.01449   0.00744  -0.0371  0.1049  1.0000  -3.9667   0.0000   0.0000   0.0000   0.2761
   8.500   1.0901   0.01567   0.00845  -0.0341  0.0737  1.0000  -4.3642   0.0000   0.0000   0.0000   0.2716
   9.000   1.1238   0.01684   0.00951  -0.0309  0.0495  1.0000  -4.7510   0.0000   0.0000   0.0000   0.2672
   9.500   1.1448   0.01843   0.01089  -0.0257  0.0232  1.0000  -5.0428   0.0000   0.0000   0.0000   0.2615
  10.000   1.1604   0.02010   0.01254  -0.0197  0.0125  1.0000  -5.2858   0.0000   0.0000   0.0000   0.2554


