xflr5 v6.61

 Calculated polar for: peg24_65_revT

 1 1 Reynolds number fixed          Mach number fixed         

 xtrf =   1.000 (top)        1.000 (bottom)
 Mach =   0.000     Re =     0.235 e 6     Ncrit =   9.000

  alpha     CL        CD       CDp       Cm    Top Xtr Bot Xtr   Cpmin    Chinge    XCp    
 ------- -------- --------- --------- -------- ------- ------- -------- --------- ---------
   0.000   0.5415   0.01250   0.00704  -0.1283  0.7704  0.7692  -0.7811   0.0000   0.0000   0.0000   0.4859
   0.500   0.5917   0.01219   0.00680  -0.1259  0.7600  0.8335  -0.8272   0.0000   0.0000   0.0000   0.4610
   1.000   0.6343   0.01206   0.00677  -0.1222  0.7488  0.9032  -0.8735   0.0000   0.0000   0.0000   0.4403
   1.500   0.6974   0.01169   0.00639  -0.1231  0.7361  1.0000  -0.9363   0.0000   0.0000   0.0000   0.4235
   2.000   0.7586   0.01170   0.00625  -0.1242  0.7240  1.0000  -1.0017   0.0000   0.0000   0.0000   0.4101
   2.500   0.8171   0.01163   0.00610  -0.1246  0.7088  1.0000  -1.0694   0.0000   0.0000   0.0000   0.3982
   3.000   0.8744   0.01165   0.00606  -0.1247  0.6933  1.0000  -1.1445   0.0000   0.0000   0.0000   0.3878
   3.500   0.9329   0.01156   0.00585  -0.1248  0.6767  1.0000  -1.2261   0.0000   0.0000   0.0000   0.3784
   4.000   0.9868   0.01163   0.00594  -0.1243  0.6561  1.0000  -1.3169   0.0000   0.0000   0.0000   0.3700
   4.500   1.0410   0.01170   0.00599  -0.1238  0.6325  1.0000  -1.4171   0.0000   0.0000   0.0000   0.3623
   5.000   1.0941   0.01186   0.00609  -0.1230  0.6054  1.0000  -1.5317   0.0000   0.0000   0.0000   0.3552
   5.500   1.1452   0.01216   0.00626  -0.1220  0.5731  1.0000  -1.6579   0.0000   0.0000   0.0000   0.3486
   6.000   1.1935   0.01264   0.00669  -0.1206  0.5364  1.0000  -1.8006   0.0000   0.0000   0.0000   0.3425
   6.500   1.2388   0.01334   0.00720  -0.1187  0.4953  1.0000  -1.9560   0.0000   0.0000   0.0000   0.3366
   7.000   1.2814   0.01417   0.00794  -0.1166  0.4532  1.0000  -2.1327   0.0000   0.0000   0.0000   0.3311
   7.500   1.3202   0.01522   0.00881  -0.1139  0.4116  1.0000  -2.3272   0.0000   0.0000   0.0000   0.3257
   8.000   1.3562   0.01633   0.00982  -0.1109  0.3706  1.0000  -2.5858   0.0000   0.0000   0.0000   0.3205
   8.500   1.3864   0.01766   0.01103  -0.1071  0.3324  1.0000  -2.8615   0.0000   0.0000   0.0000   0.3152
   9.000   1.4125   0.01907   0.01238  -0.1028  0.2966  1.0000  -3.1359   0.0000   0.0000   0.0000   0.3100
   9.500   1.4332   0.02088   0.01407  -0.0983  0.2626  1.0000  -3.3988   0.0000   0.0000   0.0000   0.3050
  10.000   1.4536   0.02290   0.01606  -0.0942  0.2302  1.0000  -3.6656   0.0000   0.0000   0.0000   0.3004


