xflr5 v6.61

 Calculated polar for: peg24_45_revT

 1 1 Reynolds number fixed          Mach number fixed         

 xtrf =   1.000 (top)        1.000 (bottom)
 Mach =   0.000     Re =     0.150 e 6     Ncrit =   9.000

  alpha     CL        CD       CDp       Cm    Top Xtr Bot Xtr   Cpmin    Chinge    XCp    
 ------- -------- --------- --------- -------- ------- ------- -------- --------- ---------
   0.000   0.4025   0.01593   0.01012  -0.0979  0.8078  0.9222  -0.6771   0.0000   0.0000   0.0000   0.4926
   0.500   0.4798   0.01566   0.00977  -0.1021  0.7922  1.0000  -0.7383   0.0000   0.0000   0.0000   0.4613
   1.000   0.5450   0.01540   0.00928  -0.1035  0.7819  1.0000  -0.7983   0.0000   0.0000   0.0000   0.4377
   1.500   0.5977   0.01555   0.00935  -0.1034  0.7633  1.0000  -0.8537   0.0000   0.0000   0.0000   0.4202
   2.000   0.6568   0.01546   0.00914  -0.1035  0.7487  1.0000  -0.9173   0.0000   0.0000   0.0000   0.4043
   2.500   0.7158   0.01520   0.00879  -0.1034  0.7323  1.0000  -0.9882   0.0000   0.0000   0.0000   0.3906
   3.000   0.7703   0.01518   0.00875  -0.1027  0.7123  1.0000  -1.0604   0.0000   0.0000   0.0000   0.3790
   3.500   0.8276   0.01502   0.00853  -0.1023  0.6933  1.0000  -1.1467   0.0000   0.0000   0.0000   0.3687
   4.000   0.8859   0.01477   0.00821  -0.1019  0.6729  1.0000  -1.2425   0.0000   0.0000   0.0000   0.3595
   4.500   0.9413   0.01466   0.00806  -0.1011  0.6481  1.0000  -1.3554   0.0000   0.0000   0.0000   0.3514
   5.000   0.9935   0.01470   0.00811  -0.1000  0.6184  1.0000  -1.4770   0.0000   0.0000   0.0000   0.3440
   5.500   1.0446   0.01486   0.00826  -0.0987  0.5844  1.0000  -1.6214   0.0000   0.0000   0.0000   0.3372
   6.000   1.0957   0.01515   0.00842  -0.0973  0.5476  1.0000  -1.7951   0.0000   0.0000   0.0000   0.3310
   6.500   1.1422   0.01573   0.00895  -0.0955  0.5056  1.0000  -1.9902   0.0000   0.0000   0.0000   0.3251
   7.000   1.1870   0.01652   0.00959  -0.0935  0.4625  1.0000  -2.2906   0.0000   0.0000   0.0000   0.3196
   7.500   1.2284   0.01748   0.01044  -0.0911  0.4186  1.0000  -2.6044   0.0000   0.0000   0.0000   0.3144
   8.000   1.2665   0.01859   0.01149  -0.0884  0.3744  1.0000  -2.9186   0.0000   0.0000   0.0000   0.3093
   8.500   1.3002   0.01993   0.01272  -0.0852  0.3313  1.0000  -3.2285   0.0000   0.0000   0.0000   0.3043
   9.000   1.3283   0.02146   0.01413  -0.0813  0.2889  1.0000  -3.5269   0.0000   0.0000   0.0000   0.2993
   9.500   1.3500   0.02315   0.01580  -0.0767  0.2484  1.0000  -3.8066   0.0000   0.0000   0.0000   0.2941
  10.000   1.3640   0.02543   0.01793  -0.0716  0.2112  1.0000  -4.0606   0.0000   0.0000   0.0000   0.2890


