xflr5 v6.61

 Calculated polar for: peg24_25_revT

 1 1 Reynolds number fixed          Mach number fixed         

 xtrf =   1.000 (top)        1.000 (bottom)
 Mach =   0.000     Re =     0.200 e 6     Ncrit =   9.000

  alpha     CL        CD       CDp       Cm    Top Xtr Bot Xtr   Cpmin    Chinge    XCp    
 ------- -------- --------- --------- -------- ------- ------- -------- --------- ---------
   0.000   0.3382   0.01144   0.00606  -0.0764  0.7910  0.9049  -0.6328   0.0000   0.0000   0.0000   0.4750
   0.500   0.3966   0.01128   0.00584  -0.0756  0.7772  0.9535  -0.6857   0.0000   0.0000   0.0000   0.4391
   1.000   0.4861   0.01099   0.00544  -0.0820  0.7605  0.9923  -0.7611   0.0000   0.0000   0.0000   0.4165
   1.500   0.5417   0.01098   0.00534  -0.0826  0.7418  1.0000  -0.8189   0.0000   0.0000   0.0000   0.3997
   2.000   0.5936   0.01098   0.00520  -0.0818  0.7233  1.0000  -0.8807   0.0000   0.0000   0.0000   0.3846
   2.500   0.6484   0.01098   0.00506  -0.0814  0.7026  1.0000  -0.9499   0.0000   0.0000   0.0000   0.3719
   3.000   0.7020   0.01104   0.00507  -0.0808  0.6789  1.0000  -1.0280   0.0000   0.0000   0.0000   0.3610
   3.500   0.7559   0.01114   0.00510  -0.0802  0.6531  1.0000  -1.1148   0.0000   0.0000   0.0000   0.3515
   4.000   0.8096   0.01130   0.00516  -0.0795  0.6244  1.0000  -1.2238   0.0000   0.0000   0.0000   0.3431
   4.500   0.8616   0.01155   0.00538  -0.0786  0.5913  1.0000  -1.3418   0.0000   0.0000   0.0000   0.3356
   5.000   0.9128   0.01190   0.00565  -0.0776  0.5540  1.0000  -1.4963   0.0000   0.0000   0.0000   0.3288
   5.500   0.9627   0.01240   0.00603  -0.0764  0.5148  1.0000  -1.6941   0.0000   0.0000   0.0000   0.3226
   6.000   1.0107   0.01303   0.00654  -0.0750  0.4712  1.0000  -2.0156   0.0000   0.0000   0.0000   0.3169
   6.500   1.0578   0.01375   0.00718  -0.0736  0.4283  1.0000  -2.3491   0.0000   0.0000   0.0000   0.3116
   7.000   1.1023   0.01462   0.00794  -0.0719  0.3828  1.0000  -2.6896   0.0000   0.0000   0.0000   0.3066
   7.500   1.1444   0.01565   0.00882  -0.0699  0.3362  1.0000  -3.0346   0.0000   0.0000   0.0000   0.3019
   8.000   1.1840   0.01680   0.00985  -0.0677  0.2888  1.0000  -3.3824   0.0000   0.0000   0.0000   0.2973
   8.500   1.2204   0.01815   0.01110  -0.0652  0.2405  1.0000  -3.7271   0.0000   0.0000   0.0000   0.2928
   9.000   1.2511   0.01983   0.01260  -0.0620  0.1915  1.0000  -4.0560   0.0000   0.0000   0.0000   0.2883
   9.500   1.2747   0.02180   0.01439  -0.0580  0.1449  1.0000  -4.3589   0.0000   0.0000   0.0000   0.2836
  10.000   1.2908   0.02432   0.01670  -0.0536  0.1077  1.0000  -4.6301   0.0000   0.0000   0.0000   0.2788


