xflr5 v6.61

 Calculated polar for: peg24_80_revT

 1 1 Reynolds number fixed          Mach number fixed         

 xtrf =   1.000 (top)        1.000 (bottom)
 Mach =   0.000     Re =     0.075 e 6     Ncrit =   9.000

  alpha     CL        CD       CDp       Cm    Top Xtr Bot Xtr   Cpmin    Chinge    XCp    
 ------- -------- --------- --------- -------- ------- ------- -------- --------- ---------
   0.000   0.3049   0.03758   0.03031  -0.1169  0.8545  0.8021  -0.6258   0.0000   0.0000   0.0000   0.6343
   0.500   0.3755   0.03780   0.03039  -0.1190  0.8399  1.0000  -0.6520   0.0000   0.0000   0.0000   0.5664
   1.000   0.4174   0.03929   0.03153  -0.1196  0.8187  1.0000  -0.6824   0.0000   0.0000   0.0000   0.5350
   1.500   0.4754   0.04082   0.03278  -0.1214  0.7993  1.0000  -0.7292   0.0000   0.0000   0.0000   0.5029
   2.000   0.5612   0.04159   0.03330  -0.1259  0.7844  1.0000  -0.8027   0.0000   0.0000   0.0000   0.4712
   2.500   0.5986   0.04318   0.03477  -0.1245  0.7613  1.0000  -0.8427   0.0000   0.0000   0.0000   0.4541
   3.000   0.6453   0.04464   0.03614  -0.1240  0.7392  1.0000  -0.8911   0.0000   0.0000   0.0000   0.4376
   3.500   0.7444   0.04396   0.03539  -0.1282  0.7286  1.0000  -0.9936   0.0000   0.0000   0.0000   0.4170
   4.000   0.7824   0.04517   0.03660  -0.1262  0.7042  1.0000  -1.0472   0.0000   0.0000   0.0000   0.4054
   5.000   0.8693   0.04719   0.03869  -0.1228  0.6568  1.0000  -1.1792   0.0000   0.0000   0.0000   0.3841
   5.500   0.9709   0.04386   0.03547  -0.1246  0.6486  1.0000  -1.3288   0.0000   0.0000   0.0000   0.3704
   6.000   1.0181   0.04374   0.03548  -0.1222  0.6253  1.0000  -1.4265   0.0000   0.0000   0.0000   0.3615
   7.000   1.1228   0.04197   0.03401  -0.1172  0.5804  1.0000  -1.6714   0.0000   0.0000   0.0000   0.3444
   7.500   1.2745   0.03335   0.02557  -0.1221  0.5719  1.0000  -1.9975   0.0000   0.0000   0.0000   0.3351
   8.000   1.3268   0.03248   0.02481  -0.1196  0.5391  1.0000  -2.1785   0.0000   0.0000   0.0000   0.3287
   8.500   1.3856   0.03155   0.02389  -0.1178  0.5023  1.0000  -2.4037   0.0000   0.0000   0.0000   0.3228
   9.000   1.4464   0.03111   0.02332  -0.1166  0.4619  1.0000  -2.6720   0.0000   0.0000   0.0000   0.3176
   9.500   1.4780   0.03232   0.02450  -0.1124  0.4206  1.0000  -2.9001   0.0000   0.0000   0.0000   0.3122
  10.000   1.5107   0.03383   0.02590  -0.1086  0.3807  1.0000  -3.1759   0.0000   0.0000   0.0000   0.3072


