xflr5 v6.61

 Calculated polar for: peg24_40_revT

 1 1 Reynolds number fixed          Mach number fixed         

 xtrf =   1.000 (top)        1.000 (bottom)
 Mach =   0.000     Re =     0.105 e 6     Ncrit =   9.000

  alpha     CL        CD       CDp       Cm    Top Xtr Bot Xtr   Cpmin    Chinge    XCp    
 ------- -------- --------- --------- -------- ------- ------- -------- --------- ---------
   0.000   0.3641   0.02102   0.01435  -0.0968  0.8389  1.0000  -0.6383   0.0000   0.0000   0.0000   0.5154
   0.500   0.4118   0.02157   0.01470  -0.0969  0.8178  1.0000  -0.6795   0.0000   0.0000   0.0000   0.4840
   1.000   0.4741   0.02178   0.01475  -0.0981  0.8015  1.0000  -0.7350   0.0000   0.0000   0.0000   0.4548
   1.500   0.5419   0.02153   0.01436  -0.0993  0.7868  1.0000  -0.8005   0.0000   0.0000   0.0000   0.4306
   2.000   0.5956   0.02181   0.01458  -0.0987  0.7669  1.0000  -0.8581   0.0000   0.0000   0.0000   0.4126
   2.500   0.6686   0.02097   0.01364  -0.0996  0.7555  1.0000  -0.9401   0.0000   0.0000   0.0000   0.3952
   3.000   0.7201   0.02103   0.01370  -0.0983  0.7330  1.0000  -1.0083   0.0000   0.0000   0.0000   0.3823
   3.500   0.7750   0.02088   0.01358  -0.0972  0.7113  1.0000  -1.0902   0.0000   0.0000   0.0000   0.3707
   4.000   0.8332   0.02049   0.01320  -0.0962  0.6901  1.0000  -1.1838   0.0000   0.0000   0.0000   0.3603
   4.500   0.8931   0.01992   0.01264  -0.0954  0.6680  1.0000  -1.3009   0.0000   0.0000   0.0000   0.3510
   5.000   0.9500   0.01948   0.01223  -0.0942  0.6416  1.0000  -1.4280   0.0000   0.0000   0.0000   0.3428
   5.500   1.0049   0.01920   0.01197  -0.0928  0.6109  1.0000  -1.5799   0.0000   0.0000   0.0000   0.3354
   6.000   1.0601   0.01897   0.01171  -0.0915  0.5770  1.0000  -1.7658   0.0000   0.0000   0.0000   0.3287
   6.500   1.1106   0.01920   0.01189  -0.0897  0.5382  1.0000  -1.9907   0.0000   0.0000   0.0000   0.3226
   7.000   1.1592   0.01965   0.01220  -0.0878  0.4955  1.0000  -2.3097   0.0000   0.0000   0.0000   0.3169
   7.500   1.2010   0.02050   0.01304  -0.0852  0.4498  1.0000  -2.6255   0.0000   0.0000   0.0000   0.3114
   8.000   1.2409   0.02158   0.01402  -0.0824  0.4042  1.0000  -2.9470   0.0000   0.0000   0.0000   0.3062
   8.500   1.2763   0.02289   0.01521  -0.0792  0.3581  1.0000  -3.2637   0.0000   0.0000   0.0000   0.3011
   9.000   1.3058   0.02447   0.01662  -0.0754  0.3119  1.0000  -3.5669   0.0000   0.0000   0.0000   0.2961
   9.500   1.3269   0.02630   0.01845  -0.0707  0.2666  1.0000  -3.8411   0.0000   0.0000   0.0000   0.2909
  10.000   1.3402   0.02855   0.02063  -0.0652  0.2248  1.0000  -4.0857   0.0000   0.0000   0.0000   0.2855


