xflr5 v6.61

 Calculated polar for: peg24_10_revT

 1 1 Reynolds number fixed          Mach number fixed         

 xtrf =   1.000 (top)        1.000 (bottom)
 Mach =   0.000     Re =     0.305 e 6     Ncrit =   9.000

  alpha     CL        CD       CDp       Cm    Top Xtr Bot Xtr   Cpmin    Chinge    XCp    
 ------- -------- --------- --------- -------- ------- ------- -------- --------- ---------
   0.000   0.2900   0.00843   0.00350  -0.0622  0.7598  0.8615  -0.5996   0.0000   0.0000   0.0000   0.4634
   0.500   0.3387   0.00841   0.00348  -0.0599  0.7418  0.8978  -0.6462   0.0000   0.0000   0.0000   0.4250
   1.000   0.3886   0.00836   0.00338  -0.0577  0.7235  0.9332  -0.6981   0.0000   0.0000   0.0000   0.3961
   1.500   0.4528   0.00832   0.00325  -0.0587  0.7021  0.9671  -0.7624   0.0000   0.0000   0.0000   0.3769
   2.000   0.5335   0.00830   0.00316  -0.0638  0.6780  0.9913  -0.8448   0.0000   0.0000   0.0000   0.3664
   2.500   0.5955   0.00837   0.00313  -0.0655  0.6514  1.0000  -0.9214   0.0000   0.0000   0.0000   0.3564
   3.000   0.6435   0.00856   0.00319  -0.0642  0.6228  1.0000  -0.9978   0.0000   0.0000   0.0000   0.3458
   3.500   0.6949   0.00878   0.00335  -0.0635  0.5907  1.0000  -1.0963   0.0000   0.0000   0.0000   0.3369
   4.000   0.7467   0.00910   0.00355  -0.0628  0.5556  1.0000  -1.2072   0.0000   0.0000   0.0000   0.3291
   4.500   0.7979   0.00954   0.00384  -0.0619  0.5185  1.0000  -1.3618   0.0000   0.0000   0.0000   0.3222
   5.000   0.8487   0.01000   0.00420  -0.0611  0.4765  1.0000  -1.6174   0.0000   0.0000   0.0000   0.3160
   5.500   0.8988   0.01057   0.00465  -0.0602  0.4362  1.0000  -1.9536   0.0000   0.0000   0.0000   0.3105
   6.000   0.9474   0.01125   0.00518  -0.0591  0.3910  1.0000  -2.3023   0.0000   0.0000   0.0000   0.3054
   6.500   0.9958   0.01197   0.00579  -0.0581  0.3439  1.0000  -2.6665   0.0000   0.0000   0.0000   0.3007
   7.000   1.0427   0.01282   0.00651  -0.0569  0.2957  1.0000  -3.0405   0.0000   0.0000   0.0000   0.2964
   8.000   1.1286   0.01520   0.00840  -0.0539  0.1809  1.0000  -3.7965   0.0000   0.0000   0.0000   0.2883
   8.500   1.1663   0.01681   0.00972  -0.0518  0.1234  1.0000  -4.1663   0.0000   0.0000   0.0000   0.2844
   9.000   1.2022   0.01851   0.01121  -0.0495  0.0840  1.0000  -4.5512   0.0000   0.0000   0.0000   0.2805
   9.500   1.2350   0.02029   0.01291  -0.0469  0.0598  1.0000  -4.9219   0.0000   0.0000   0.0000   0.2765
  10.000   1.2584   0.02247   0.01502  -0.0430  0.0420  1.0000  -5.2332   0.0000   0.0000   0.0000   0.2720


