xflr5 v6.61

 Calculated polar for: peg24_75_revT

 1 1 Reynolds number fixed          Mach number fixed         

 xtrf =   1.000 (top)        1.000 (bottom)
 Mach =   0.000     Re =     0.255 e 6     Ncrit =   9.000

  alpha     CL        CD       CDp       Cm    Top Xtr Bot Xtr   Cpmin    Chinge    XCp    
 ------- -------- --------- --------- -------- ------- ------- -------- --------- ---------
   0.000   0.5926   0.01230   0.00678  -0.1403  0.7633  0.7137  -0.8206   0.0000   0.0000   0.0000   0.4857
   0.500   0.6464   0.01218   0.00673  -0.1389  0.7546  0.7853  -0.8688   0.0000   0.0000   0.0000   0.4631
   1.000   0.6924   0.01205   0.00678  -0.1364  0.7426  0.8522  -0.9160   0.0000   0.0000   0.0000   0.4445
   1.500   0.7397   0.01154   0.00634  -0.1333  0.7325  0.9460  -0.9690   0.0000   0.0000   0.0000   0.4270
   2.000   0.8029   0.01156   0.00629  -0.1350  0.7200  1.0000  -1.0364   0.0000   0.0000   0.0000   0.4143
   2.500   0.8636   0.01144   0.00604  -0.1357  0.7071  1.0000  -1.1046   0.0000   0.0000   0.0000   0.4028
   3.000   0.9206   0.01149   0.00605  -0.1359  0.6923  1.0000  -1.1783   0.0000   0.0000   0.0000   0.3926
   3.500   0.9794   0.01140   0.00584  -0.1361  0.6771  1.0000  -1.2587   0.0000   0.0000   0.0000   0.3834
   4.000   1.0334   0.01148   0.00596  -0.1357  0.6583  1.0000  -1.3478   0.0000   0.0000   0.0000   0.3751
   4.500   1.0879   0.01155   0.00599  -0.1352  0.6369  1.0000  -1.4443   0.0000   0.0000   0.0000   0.3674
   5.000   1.1411   0.01169   0.00609  -0.1345  0.6118  1.0000  -1.5560   0.0000   0.0000   0.0000   0.3604
   5.500   1.1921   0.01195   0.00628  -0.1335  0.5816  1.0000  -1.6761   0.0000   0.0000   0.0000   0.3538
   6.000   1.2405   0.01241   0.00658  -0.1320  0.5464  1.0000  -1.8085   0.0000   0.0000   0.0000   0.3476
   6.500   1.2858   0.01305   0.00714  -0.1302  0.5075  1.0000  -1.9551   0.0000   0.0000   0.0000   0.3418
   7.000   1.3267   0.01395   0.00784  -0.1277  0.4654  1.0000  -2.1096   0.0000   0.0000   0.0000   0.3361
   7.500   1.3653   0.01492   0.00871  -0.1250  0.4241  1.0000  -2.2825   0.0000   0.0000   0.0000   0.3306
   8.000   1.3981   0.01614   0.00975  -0.1215  0.3843  1.0000  -2.4675   0.0000   0.0000   0.0000   0.3252
   8.500   1.4261   0.01741   0.01095  -0.1173  0.3464  1.0000  -2.6689   0.0000   0.0000   0.0000   0.3198
   9.000   1.4485   0.01902   0.01243  -0.1125  0.3118  1.0000  -2.9137   0.0000   0.0000   0.0000   0.3145
   9.500   1.4705   0.02080   0.01415  -0.1082  0.2798  1.0000  -3.1640   0.0000   0.0000   0.0000   0.3096
  10.000   1.4912   0.02283   0.01616  -0.1042  0.2487  1.0000  -3.4226   0.0000   0.0000   0.0000   0.3050


