xflr5 v6.61

 Calculated polar for: peg24_0_revT

 1 1 Reynolds number fixed          Mach number fixed         

 xtrf =   1.000 (top)        1.000 (bottom)
 Mach =   0.000     Re =     0.155 e 6     Ncrit =   9.000

  alpha     CL        CD       CDp       Cm    Top Xtr Bot Xtr   Cpmin    Chinge    XCp    
 ------- -------- --------- --------- -------- ------- ------- -------- --------- ---------
   0.000   0.2926   0.01278   0.00693  -0.0596  0.8260  0.9535  -0.5911   0.0000   0.0000   0.0000   0.4526
   0.500   0.3933   0.01259   0.00662  -0.0680  0.8057  0.9752  -0.6691   0.0000   0.0000   0.0000   0.4215
   1.000   0.4858   0.01226   0.00618  -0.0753  0.7816  0.9954  -0.7530   0.0000   0.0000   0.0000   0.4030
   1.500   0.5347   0.01206   0.00587  -0.0744  0.7560  1.0000  -0.8116   0.0000   0.0000   0.0000   0.3867
   2.000   0.5686   0.01195   0.00564  -0.0704  0.7295  1.0000  -0.8670   0.0000   0.0000   0.0000   0.3708
   2.500   0.6012   0.01198   0.00562  -0.0661  0.7017  1.0000  -0.9285   0.0000   0.0000   0.0000   0.3565
   3.000   0.6353   0.01207   0.00565  -0.0619  0.6722  1.0000  -1.0047   0.0000   0.0000   0.0000   0.3436
   3.500   0.6743   0.01220   0.00567  -0.0584  0.6408  1.0000  -1.0973   0.0000   0.0000   0.0000   0.3323
   4.000   0.7179   0.01243   0.00574  -0.0556  0.6093  1.0000  -1.2239   0.0000   0.0000   0.0000   0.3228
   4.500   0.7609   0.01274   0.00605  -0.0529  0.5720  1.0000  -1.3908   0.0000   0.0000   0.0000   0.3144
   5.000   0.8065   0.01316   0.00633  -0.0507  0.5348  1.0000  -1.6197   0.0000   0.0000   0.0000   0.3072
   5.500   0.8507   0.01365   0.00666  -0.0483  0.4922  1.0000  -1.9241   0.0000   0.0000   0.0000   0.3006
   6.000   0.8944   0.01423   0.00726  -0.0459  0.4503  1.0000  -2.2745   0.0000   0.0000   0.0000   0.2947
   6.500   0.9361   0.01489   0.00784  -0.0433  0.4041  1.0000  -2.6356   0.0000   0.0000   0.0000   0.2890
   7.000   0.9756   0.01568   0.00852  -0.0405  0.3559  1.0000  -3.0039   0.0000   0.0000   0.0000   0.2837
   7.500   1.0121   0.01662   0.00939  -0.0373  0.3060  1.0000  -3.3736   0.0000   0.0000   0.0000   0.2785
   8.000   1.0444   0.01779   0.01041  -0.0337  0.2527  1.0000  -3.7339   0.0000   0.0000   0.0000   0.2732
   8.500   1.0712   0.01928   0.01173  -0.0294  0.1935  1.0000  -4.0734   0.0000   0.0000   0.0000   0.2678
   9.000   1.0865   0.02139   0.01345  -0.0238  0.1378  1.0000  -4.3604   0.0000   0.0000   0.0000   0.2616
   9.500   1.1001   0.02333   0.01527  -0.0179  0.1007  1.0000  -4.6379   0.0000   0.0000   0.0000   0.2553
  10.000   1.1096   0.02563   0.01746  -0.0122  0.0761  1.0000  -4.8918   0.0000   0.0000   0.0000   0.2494


