xflr5 v6.61

 Calculated polar for: peg24_65_revT

 1 1 Reynolds number fixed          Mach number fixed         

 xtrf =   1.000 (top)        1.000 (bottom)
 Mach =   0.000     Re =     0.180 e 6     Ncrit =   9.000

  alpha     CL        CD       CDp       Cm    Top Xtr Bot Xtr   Cpmin    Chinge    XCp    
 ------- -------- --------- --------- -------- ------- ------- -------- --------- ---------
   0.000   0.5202   0.01544   0.00971  -0.1264  0.7872  0.8104  -0.7636   0.0000   0.0000   0.0000   0.4921
   0.500   0.5592   0.01539   0.00978  -0.1218  0.7756  0.8861  -0.8019   0.0000   0.0000   0.0000   0.4663
   1.000   0.6197   0.01490   0.00928  -0.1219  0.7631  1.0000  -0.8585   0.0000   0.0000   0.0000   0.4443
   1.500   0.6866   0.01473   0.00889  -0.1237  0.7539  1.0000  -0.9236   0.0000   0.0000   0.0000   0.4272
   2.000   0.7421   0.01479   0.00890  -0.1238  0.7377  1.0000  -0.9841   0.0000   0.0000   0.0000   0.4133
   2.500   0.8054   0.01452   0.00848  -0.1245  0.7265  1.0000  -1.0555   0.0000   0.0000   0.0000   0.4005
   3.000   0.8605   0.01444   0.00838  -0.1242  0.7089  1.0000  -1.1280   0.0000   0.0000   0.0000   0.3896
   3.500   0.9173   0.01435   0.00826  -0.1239  0.6924  1.0000  -1.2071   0.0000   0.0000   0.0000   0.3798
   4.000   0.9780   0.01404   0.00783  -0.1240  0.6759  1.0000  -1.3038   0.0000   0.0000   0.0000   0.3709
   4.500   1.0309   0.01401   0.00784  -0.1232  0.6536  1.0000  -1.4008   0.0000   0.0000   0.0000   0.3630
   5.000   1.0846   0.01398   0.00779  -0.1223  0.6284  1.0000  -1.5148   0.0000   0.0000   0.0000   0.3556
   5.500   1.1376   0.01406   0.00781  -0.1214  0.6001  1.0000  -1.6421   0.0000   0.0000   0.0000   0.3489
   6.000   1.1869   0.01435   0.00805  -0.1199  0.5653  1.0000  -1.7850   0.0000   0.0000   0.0000   0.3426
   6.500   1.2338   0.01485   0.00846  -0.1181  0.5267  1.0000  -1.9415   0.0000   0.0000   0.0000   0.3366
   7.000   1.2774   0.01559   0.00907  -0.1159  0.4850  1.0000  -2.1176   0.0000   0.0000   0.0000   0.3309
   7.500   1.3172   0.01657   0.00987  -0.1133  0.4426  1.0000  -2.3126   0.0000   0.0000   0.0000   0.3255
   8.000   1.3533   0.01768   0.01090  -0.1102  0.4008  1.0000  -2.5607   0.0000   0.0000   0.0000   0.3202
   8.500   1.3838   0.01907   0.01212  -0.1064  0.3609  1.0000  -2.8315   0.0000   0.0000   0.0000   0.3149
   9.000   1.4093   0.02046   0.01350  -0.1020  0.3233  1.0000  -3.1012   0.0000   0.0000   0.0000   0.3096
   9.500   1.4287   0.02225   0.01517  -0.0971  0.2884  1.0000  -3.3577   0.0000   0.0000   0.0000   0.3044
  10.000   1.4459   0.02434   0.01723  -0.0924  0.2553  1.0000  -3.6105   0.0000   0.0000   0.0000   0.2996


