xflr5 v6.61

 Calculated polar for: peg24_05_revT

 1 1 Reynolds number fixed          Mach number fixed         

 xtrf =   1.000 (top)        1.000 (bottom)
 Mach =   0.000     Re =     0.345 e 6     Ncrit =   9.000

  alpha     CL        CD       CDp       Cm    Top Xtr Bot Xtr   Cpmin    Chinge    XCp    
 ------- -------- --------- --------- -------- ------- ------- -------- --------- ---------
   0.000   0.2663   0.00784   0.00303  -0.0562  0.7498  0.8523  -0.5835   0.0000   0.0000   0.0000   0.4599
   0.500   0.3163   0.00782   0.00298  -0.0541  0.7307  0.8849  -0.6311   0.0000   0.0000   0.0000   0.4193
   1.000   0.3660   0.00779   0.00297  -0.0521  0.7101  0.9183  -0.6823   0.0000   0.0000   0.0000   0.3899
   1.500   0.4229   0.00782   0.00296  -0.0516  0.6877  0.9504  -0.7422   0.0000   0.0000   0.0000   0.3692
   2.000   0.4974   0.00791   0.00297  -0.0552  0.6625  0.9719  -0.8204   0.0000   0.0000   0.0000   0.3578
   2.500   0.5794   0.00803   0.00299  -0.0607  0.6327  0.9852  -0.9137   0.0000   0.0000   0.0000   0.3511
   3.000   0.6588   0.00821   0.00302  -0.0658  0.5986  0.9996  -1.0217   0.0000   0.0000   0.0000   0.3459
   3.500   0.6931   0.00839   0.00311  -0.0619  0.5671  1.0000  -1.1104   0.0000   0.0000   0.0000   0.3349
   4.000   0.7338   0.00870   0.00331  -0.0591  0.5319  1.0000  -1.2191   0.0000   0.0000   0.0000   0.3256
   4.500   0.7780   0.00915   0.00358  -0.0568  0.4943  1.0000  -1.3780   0.0000   0.0000   0.0000   0.3177
   5.000   0.8246   0.00958   0.00393  -0.0551  0.4538  1.0000  -1.6873   0.0000   0.0000   0.0000   0.3110
   5.500   0.8705   0.01014   0.00435  -0.0533  0.4147  1.0000  -2.0175   0.0000   0.0000   0.0000   0.3049
   6.000   0.9155   0.01077   0.00484  -0.0515  0.3683  1.0000  -2.3610   0.0000   0.0000   0.0000   0.2993
   6.500   0.9602   0.01145   0.00540  -0.0496  0.3229  1.0000  -2.7188   0.0000   0.0000   0.0000   0.2942
   7.000   1.0019   0.01231   0.00607  -0.0474  0.2704  1.0000  -3.0796   0.0000   0.0000   0.0000   0.2893
   7.500   1.0406   0.01338   0.00689  -0.0448  0.2139  1.0000  -3.4408   0.0000   0.0000   0.0000   0.2845
   8.000   1.0765   0.01462   0.00786  -0.0419  0.1559  1.0000  -3.7995   0.0000   0.0000   0.0000   0.2797
   8.500   1.1084   0.01605   0.00902  -0.0385  0.1071  1.0000  -4.1608   0.0000   0.0000   0.0000   0.2749
   9.000   1.1379   0.01749   0.01032  -0.0347  0.0752  1.0000  -4.5222   0.0000   0.0000   0.0000   0.2700
   9.500   1.1610   0.01893   0.01169  -0.0298  0.0545  1.0000  -4.8549   0.0000   0.0000   0.0000   0.2645
  10.000   1.1783   0.02065   0.01338  -0.0243  0.0378  1.0000  -5.1413   0.0000   0.0000   0.0000   0.2589


