xflr5 v6.61

 Calculated polar for: peg24_0_revT

 1 1 Reynolds number fixed          Mach number fixed         

 xtrf =   1.000 (top)        1.000 (bottom)
 Mach =   0.000     Re =     0.195 e 6     Ncrit =   9.000

  alpha     CL        CD       CDp       Cm    Top Xtr Bot Xtr   Cpmin    Chinge    XCp    
 ------- -------- --------- --------- -------- ------- ------- -------- --------- ---------
   0.000   0.2402   0.01081   0.00538  -0.0486  0.8013  0.9309  -0.5636   0.0000   0.0000   0.0000   0.4516
   0.500   0.3262   0.01086   0.00532  -0.0539  0.7811  0.9546  -0.6323   0.0000   0.0000   0.0000   0.4135
   1.000   0.4184   0.01079   0.00513  -0.0608  0.7583  0.9720  -0.7109   0.0000   0.0000   0.0000   0.3932
   1.500   0.5040   0.01068   0.00491  -0.0668  0.7334  0.9893  -0.7941   0.0000   0.0000   0.0000   0.3799
   2.000   0.5759   0.01053   0.00462  -0.0704  0.7061  1.0000  -0.8767   0.0000   0.0000   0.0000   0.3692
   2.500   0.6088   0.01051   0.00454  -0.0663  0.6787  1.0000  -0.9386   0.0000   0.0000   0.0000   0.3555
   3.000   0.6410   0.01057   0.00454  -0.0620  0.6478  1.0000  -1.0150   0.0000   0.0000   0.0000   0.3428
   3.500   0.6774   0.01074   0.00459  -0.0582  0.6166  1.0000  -1.1050   0.0000   0.0000   0.0000   0.3316
   4.000   0.7185   0.01102   0.00473  -0.0552  0.5836  1.0000  -1.2305   0.0000   0.0000   0.0000   0.3221
   4.500   0.7615   0.01137   0.00502  -0.0526  0.5464  1.0000  -1.3986   0.0000   0.0000   0.0000   0.3138
   5.000   0.8059   0.01181   0.00534  -0.0503  0.5072  1.0000  -1.6258   0.0000   0.0000   0.0000   0.3067
   5.500   0.8501   0.01236   0.00573  -0.0480  0.4662  1.0000  -1.9546   0.0000   0.0000   0.0000   0.3003
   6.000   0.8941   0.01295   0.00629  -0.0458  0.4245  1.0000  -2.3104   0.0000   0.0000   0.0000   0.2945
   6.500   0.9358   0.01363   0.00685  -0.0433  0.3774  1.0000  -2.6759   0.0000   0.0000   0.0000   0.2890
   7.000   0.9763   0.01442   0.00753  -0.0408  0.3304  1.0000  -3.0520   0.0000   0.0000   0.0000   0.2839
   7.500   1.0139   0.01537   0.00838  -0.0379  0.2807  1.0000  -3.4304   0.0000   0.0000   0.0000   0.2789
   8.000   1.0480   0.01651   0.00936  -0.0346  0.2257  1.0000  -3.8044   0.0000   0.0000   0.0000   0.2739
   8.500   1.0739   0.01809   0.01058  -0.0304  0.1611  1.0000  -4.1512   0.0000   0.0000   0.0000   0.2686
   9.000   1.0976   0.01981   0.01203  -0.0260  0.1088  1.0000  -4.4906   0.0000   0.0000   0.0000   0.2633
   9.500   1.1147   0.02155   0.01363  -0.0205  0.0798  1.0000  -4.7985   0.0000   0.0000   0.0000   0.2574
  10.000   1.1307   0.02340   0.01555  -0.0152  0.0612  1.0000  -5.0881   0.0000   0.0000   0.0000   0.2518


