xflr5 v6.61

 Calculated polar for: peg24_45_revT

 1 1 Reynolds number fixed          Mach number fixed         

 xtrf =   1.000 (top)        1.000 (bottom)
 Mach =   0.000     Re =     0.450 e 6     Ncrit =   9.000

  alpha     CL        CD       CDp       Cm    Top Xtr Bot Xtr   Cpmin    Chinge    XCp    
 ------- -------- --------- --------- -------- ------- ------- -------- --------- ---------
   0.000   0.4682   0.00770   0.00284  -0.1063  0.7324  0.7409  -0.7273   0.0000   0.0000   0.0000   0.4759
   0.500   0.5225   0.00766   0.00290  -0.1056  0.7196  0.7909  -0.7778   0.0000   0.0000   0.0000   0.4502
   1.000   0.5757   0.00760   0.00288  -0.1045  0.7059  0.8341  -0.8314   0.0000   0.0000   0.0000   0.4291
   2.000   0.6758   0.00748   0.00287  -0.1010  0.6740  0.9291  -0.9459   0.0000   0.0000   0.0000   0.3958
   2.500   0.7402   0.00741   0.00281  -0.1026  0.6543  1.0000  -1.0216   0.0000   0.0000   0.0000   0.3845
   3.000   0.7973   0.00757   0.00289  -0.1030  0.6324  1.0000  -1.0972   0.0000   0.0000   0.0000   0.3745
   3.500   0.8528   0.00780   0.00301  -0.1029  0.6058  1.0000  -1.1843   0.0000   0.0000   0.0000   0.3656
   4.000   0.9069   0.00810   0.00319  -0.1026  0.5758  1.0000  -1.2796   0.0000   0.0000   0.0000   0.3575
   4.500   0.9596   0.00850   0.00346  -0.1021  0.5403  1.0000  -1.3927   0.0000   0.0000   0.0000   0.3502
   5.000   1.0114   0.00897   0.00381  -0.1015  0.5028  1.0000  -1.5163   0.0000   0.0000   0.0000   0.3436
   5.500   1.0612   0.00958   0.00425  -0.1006  0.4603  1.0000  -1.6658   0.0000   0.0000   0.0000   0.3374
   6.000   1.1100   0.01026   0.00477  -0.0996  0.4186  1.0000  -1.8436   0.0000   0.0000   0.0000   0.3317
   6.500   1.1581   0.01098   0.00536  -0.0985  0.3778  1.0000  -2.1034   0.0000   0.0000   0.0000   0.3264
   7.000   1.2035   0.01186   0.00606  -0.0970  0.3348  1.0000  -2.4276   0.0000   0.0000   0.0000   0.3214
   7.500   1.2483   0.01276   0.00682  -0.0956  0.2936  1.0000  -2.7641   0.0000   0.0000   0.0000   0.3166
   8.000   1.2906   0.01378   0.00768  -0.0937  0.2534  1.0000  -3.1058   0.0000   0.0000   0.0000   0.3120
   8.500   1.3288   0.01501   0.00872  -0.0914  0.2127  1.0000  -3.4453   0.0000   0.0000   0.0000   0.3075
   9.000   1.3640   0.01628   0.00984  -0.0886  0.1734  1.0000  -3.7848   0.0000   0.0000   0.0000   0.3029
   9.500   1.3932   0.01777   0.01116  -0.0850  0.1372  1.0000  -4.1101   0.0000   0.0000   0.0000   0.2983


