xflr5 v6.61

 Calculated polar for: peg24_15_revT

 1 1 Reynolds number fixed          Mach number fixed         

 xtrf =   1.000 (top)        1.000 (bottom)
 Mach =   0.000     Re =     0.100 e 6     Ncrit =   9.000

  alpha     CL        CD       CDp       Cm    Top Xtr Bot Xtr   Cpmin    Chinge    XCp    
 ------- -------- --------- --------- -------- ------- ------- -------- --------- ---------
   0.000   0.3320   0.01843   0.01151  -0.0816  0.8636  1.0000  -0.6072   0.0000   0.0000   0.0000   0.4952
   0.500   0.3776   0.01843   0.01136  -0.0800  0.8411  1.0000  -0.6507   0.0000   0.0000   0.0000   0.4606
   1.000   0.4206   0.01869   0.01150  -0.0779  0.8175  1.0000  -0.6962   0.0000   0.0000   0.0000   0.4334
   1.500   0.4733   0.01882   0.01154  -0.0770  0.7955  1.0000  -0.7520   0.0000   0.0000   0.0000   0.4102
   2.000   0.5314   0.01870   0.01134  -0.0764  0.7754  1.0000  -0.8180   0.0000   0.0000   0.0000   0.3908
   2.500   0.5918   0.01833   0.01090  -0.0756  0.7555  1.0000  -0.8927   0.0000   0.0000   0.0000   0.3743
   3.000   0.6444   0.01825   0.01080  -0.0740  0.7301  1.0000  -0.9697   0.0000   0.0000   0.0000   0.3610
   3.500   0.6981   0.01813   0.01068  -0.0726  0.7042  1.0000  -1.0599   0.0000   0.0000   0.0000   0.3496
   4.000   0.7530   0.01796   0.01050  -0.0711  0.6769  1.0000  -1.1716   0.0000   0.0000   0.0000   0.3396
   4.500   0.8059   0.01792   0.01047  -0.0695  0.6463  1.0000  -1.3017   0.0000   0.0000   0.0000   0.3310
   5.000   0.8567   0.01801   0.01060  -0.0678  0.6112  1.0000  -1.4697   0.0000   0.0000   0.0000   0.3233
   5.500   0.9105   0.01800   0.01052  -0.0662  0.5752  1.0000  -1.7300   0.0000   0.0000   0.0000   0.3164
   6.000   0.9594   0.01839   0.01091  -0.0643  0.5336  1.0000  -2.0571   0.0000   0.0000   0.0000   0.3102
   6.500   1.0080   0.01887   0.01128  -0.0624  0.4893  1.0000  -2.4006   0.0000   0.0000   0.0000   0.3044
   7.000   1.0540   0.01960   0.01188  -0.0602  0.4425  1.0000  -2.7490   0.0000   0.0000   0.0000   0.2990
   7.500   1.0949   0.02052   0.01277  -0.0576  0.3919  1.0000  -3.0910   0.0000   0.0000   0.0000   0.2938
   8.000   1.1320   0.02170   0.01383  -0.0546  0.3382  1.0000  -3.4282   0.0000   0.0000   0.0000   0.2888
   8.500   1.1632   0.02318   0.01531  -0.0511  0.2804  1.0000  -3.7457   0.0000   0.0000   0.0000   0.2838
   9.000   1.1871   0.02524   0.01716  -0.0470  0.2210  1.0000  -4.0328   0.0000   0.0000   0.0000   0.2787
   9.500   1.2047   0.02812   0.01968  -0.0424  0.1689  1.0000  -4.2800   0.0000   0.0000   0.0000   0.2737
  10.000   1.2189   0.03116   0.02262  -0.0376  0.1314  1.0000  -4.4950   0.0000   0.0000   0.0000   0.2686


