xflr5 v6.61

 Calculated polar for: peg24_90_revT

 1 1 Reynolds number fixed          Mach number fixed         

 xtrf =   1.000 (top)        1.000 (bottom)
 Mach =   0.000     Re =     0.070 e 6     Ncrit =   9.000

  alpha     CL        CD       CDp       Cm    Top Xtr Bot Xtr   Cpmin    Chinge    XCp    
 ------- -------- --------- --------- -------- ------- ------- -------- --------- ---------
   0.000   0.3273   0.04240   0.03467  -0.1285  0.8687  0.7136  -0.6618   0.0000   0.0000   0.0000   0.6438
   0.500   0.3341   0.04268   0.03532  -0.1199  0.8503  0.8447  -0.6234   0.0000   0.0000   0.0000   0.6088
   1.000   0.3969   0.04378   0.03609  -0.1233  0.8313  1.0000  -0.6664   0.0000   0.0000   0.0000   0.5593
   1.500   0.4780   0.04533   0.03719  -0.1287  0.8131  1.0000  -0.7276   0.0000   0.0000   0.0000   0.5169
   2.000   0.5168   0.04711   0.03876  -0.1280  0.7905  1.0000  -0.7625   0.0000   0.0000   0.0000   0.4946
   2.500   0.5670   0.04889   0.04035  -0.1285  0.7688  1.0000  -0.8086   0.0000   0.0000   0.0000   0.4727
   3.000   0.6341   0.05023   0.04153  -0.1305  0.7501  1.0000  -0.8737   0.0000   0.0000   0.0000   0.4511
   3.500   0.7014   0.05102   0.04222  -0.1320  0.7309  1.0000  -0.9424   0.0000   0.0000   0.0000   0.4328
   4.000   0.7406   0.05264   0.04381  -0.1305  0.7068  1.0000  -0.9903   0.0000   0.0000   0.0000   0.4202
   4.500   0.7821   0.05425   0.04543  -0.1292  0.6833  1.0000  -1.0467   0.0000   0.0000   0.0000   0.4085
   5.000   0.8281   0.05555   0.04674  -0.1281  0.6602  1.0000  -1.1102   0.0000   0.0000   0.0000   0.3973
   5.500   0.9208   0.05372   0.04497  -0.1298  0.6480  1.0000  -1.2398   0.0000   0.0000   0.0000   0.3829
   6.000   0.9674   0.05416   0.04550  -0.1280  0.6250  1.0000  -1.3230   0.0000   0.0000   0.0000   0.3735
   7.000   1.0495   0.05565   0.04724  -0.1232  0.5766  1.0000  -1.5036   0.0000   0.0000   0.0000   0.3571
   7.500   1.1620   0.04873   0.04053  -0.1229  0.5697  1.0000  -1.7264   0.0000   0.0000   0.0000   0.3447
   8.000   1.2243   0.04629   0.03830  -0.1204  0.5479  1.0000  -1.8943   0.0000   0.0000   0.0000   0.3365
   8.500   1.3026   0.04254   0.03473  -0.1188  0.5250  1.0000  -2.1092   0.0000   0.0000   0.0000   0.3286
   9.000   1.4302   0.03610   0.02836  -0.1221  0.4959  1.0000  -2.4600   0.0000   0.0000   0.0000   0.3219
   9.500   1.4799   0.03601   0.02825  -0.1195  0.4579  1.0000  -2.6890   0.0000   0.0000   0.0000   0.3165
  10.000   1.5255   0.03644   0.02856  -0.1167  0.4177  1.0000  -2.9430   0.0000   0.0000   0.0000   0.3114


