xflr5 v6.61

 Calculated polar for: peg24_25_revT

 1 1 Reynolds number fixed          Mach number fixed         

 xtrf =   1.000 (top)        1.000 (bottom)
 Mach =   0.000     Re =     0.425 e 6     Ncrit =   9.000

  alpha     CL        CD       CDp       Cm    Top Xtr Bot Xtr   Cpmin    Chinge    XCp    
 ------- -------- --------- --------- -------- ------- ------- -------- --------- ---------
   0.000   0.3712   0.00745   0.00270  -0.0823  0.7353  0.7970  -0.6562   0.0000   0.0000   0.0000   0.4706
   0.500   0.4241   0.00742   0.00273  -0.0812  0.7202  0.8345  -0.7066   0.0000   0.0000   0.0000   0.4396
   1.000   0.4760   0.00741   0.00270  -0.0798  0.7033  0.8715  -0.7598   0.0000   0.0000   0.0000   0.4152
   1.500   0.5257   0.00734   0.00270  -0.0779  0.6845  0.9090  -0.8141   0.0000   0.0000   0.0000   0.3952
   2.000   0.5787   0.00730   0.00267  -0.0767  0.6645  0.9549  -0.8765   0.0000   0.0000   0.0000   0.3791
   2.500   0.6517   0.00734   0.00264  -0.0803  0.6405  1.0000  -0.9587   0.0000   0.0000   0.0000   0.3693
   3.000   0.7065   0.00753   0.00272  -0.0803  0.6131  1.0000  -1.0387   0.0000   0.0000   0.0000   0.3593
   3.500   0.7608   0.00779   0.00286  -0.0801  0.5820  1.0000  -1.1265   0.0000   0.0000   0.0000   0.3505
   4.000   0.8138   0.00816   0.00306  -0.0796  0.5473  1.0000  -1.2364   0.0000   0.0000   0.0000   0.3425
   4.500   0.8667   0.00856   0.00336  -0.0792  0.5108  1.0000  -1.3567   0.0000   0.0000   0.0000   0.3356
   5.000   0.9176   0.00910   0.00372  -0.0784  0.4685  1.0000  -1.5151   0.0000   0.0000   0.0000   0.3291
   5.500   0.9690   0.00963   0.00415  -0.0778  0.4283  1.0000  -1.7595   0.0000   0.0000   0.0000   0.3234
   6.000   1.0185   0.01030   0.00466  -0.0769  0.3864  1.0000  -2.0930   0.0000   0.0000   0.0000   0.3181
   6.500   1.0668   0.01106   0.00525  -0.0759  0.3405  1.0000  -2.4393   0.0000   0.0000   0.0000   0.3131
   7.000   1.1146   0.01187   0.00593  -0.0749  0.2961  1.0000  -2.7997   0.0000   0.0000   0.0000   0.3086
   7.500   1.1597   0.01285   0.00671  -0.0735  0.2472  1.0000  -3.1657   0.0000   0.0000   0.0000   0.3042
   8.000   1.2022   0.01404   0.00764  -0.0719  0.1966  1.0000  -3.5346   0.0000   0.0000   0.0000   0.2999
   8.500   1.2415   0.01541   0.00876  -0.0699  0.1471  1.0000  -3.9029   0.0000   0.0000   0.0000   0.2957
   9.000   1.2785   0.01687   0.01001  -0.0676  0.1066  1.0000  -4.2730   0.0000   0.0000   0.0000   0.2916
   9.500   1.3125   0.01838   0.01139  -0.0649  0.0786  1.0000  -4.6535   0.0000   0.0000   0.0000   0.2875
  10.000   1.3420   0.01995   0.01293  -0.0616  0.0595  1.0000  -5.0198   0.0000   0.0000   0.0000   0.2832


