xflr5 v6.61

 Calculated polar for: peg24_65_revT

 1 1 Reynolds number fixed          Mach number fixed         

 xtrf =   1.000 (top)        1.000 (bottom)
 Mach =   0.000     Re =     0.255 e 6     Ncrit =   9.000

  alpha     CL        CD       CDp       Cm    Top Xtr Bot Xtr   Cpmin    Chinge    XCp    
 ------- -------- --------- --------- -------- ------- ------- -------- --------- ---------
   0.000   0.5461   0.01170   0.00631  -0.1285  0.7653  0.7570  -0.7851   0.0000   0.0000   0.0000   0.4843
   0.500   0.5990   0.01154   0.00616  -0.1269  0.7557  0.8206  -0.8329   0.0000   0.0000   0.0000   0.4600
   1.000   0.6423   0.01138   0.00619  -0.1236  0.7433  0.8838  -0.8795   0.0000   0.0000   0.0000   0.4399
   1.500   0.7014   0.01092   0.00571  -0.1232  0.7320  1.0000  -0.9406   0.0000   0.0000   0.0000   0.4226
   2.000   0.7606   0.01101   0.00573  -0.1241  0.7183  1.0000  -1.0042   0.0000   0.0000   0.0000   0.4095
   2.500   0.8211   0.01091   0.00548  -0.1248  0.7045  1.0000  -1.0737   0.0000   0.0000   0.0000   0.3977
   3.000   0.8772   0.01098   0.00553  -0.1248  0.6877  1.0000  -1.1478   0.0000   0.0000   0.0000   0.3875
   3.500   0.9345   0.01099   0.00545  -0.1248  0.6709  1.0000  -1.2285   0.0000   0.0000   0.0000   0.3782
   4.000   0.9904   0.01102   0.00541  -0.1246  0.6509  1.0000  -1.3215   0.0000   0.0000   0.0000   0.3698
   4.500   1.0440   0.01114   0.00550  -0.1240  0.6264  1.0000  -1.4218   0.0000   0.0000   0.0000   0.3622
   5.000   1.0967   0.01136   0.00565  -0.1233  0.5986  1.0000  -1.5363   0.0000   0.0000   0.0000   0.3552
   5.500   1.1468   0.01171   0.00595  -0.1221  0.5646  1.0000  -1.6612   0.0000   0.0000   0.0000   0.3486
   6.000   1.1949   0.01224   0.00637  -0.1207  0.5271  1.0000  -1.8041   0.0000   0.0000   0.0000   0.3425
   6.500   1.2401   0.01295   0.00693  -0.1189  0.4859  1.0000  -1.9596   0.0000   0.0000   0.0000   0.3367
   7.000   1.2822   0.01384   0.00766  -0.1167  0.4436  1.0000  -2.1360   0.0000   0.0000   0.0000   0.3311
   7.500   1.3219   0.01483   0.00854  -0.1142  0.4021  1.0000  -2.3329   0.0000   0.0000   0.0000   0.3258
   8.000   1.3562   0.01606   0.00957  -0.1110  0.3615  1.0000  -2.5899   0.0000   0.0000   0.0000   0.3205
   8.500   1.3884   0.01725   0.01073  -0.1075  0.3236  1.0000  -2.8742   0.0000   0.0000   0.0000   0.3154
   9.000   1.4132   0.01875   0.01210  -0.1031  0.2882  1.0000  -3.1450   0.0000   0.0000   0.0000   0.3101
   9.500   1.4365   0.02046   0.01374  -0.0989  0.2549  1.0000  -3.4172   0.0000   0.0000   0.0000   0.3053
  10.000   1.4577   0.02245   0.01569  -0.0950  0.2223  1.0000  -3.6885   0.0000   0.0000   0.0000   0.3007


