xflr5 v6.61

 Calculated polar for: peg24_10_revT

 1 1 Reynolds number fixed          Mach number fixed         

 xtrf =   1.000 (top)        1.000 (bottom)
 Mach =   0.000     Re =     0.150 e 6     Ncrit =   9.000

  alpha     CL        CD       CDp       Cm    Top Xtr Bot Xtr   Cpmin    Chinge    XCp    
 ------- -------- --------- --------- -------- ------- ------- -------- --------- ---------
   0.000   0.2989   0.01320   0.00734  -0.0650  0.8224  0.9714  -0.5980   0.0000   0.0000   0.0000   0.4666
   0.500   0.4100   0.01275   0.00670  -0.0754  0.8078  0.9975  -0.6827   0.0000   0.0000   0.0000   0.4324
   1.000   0.4558   0.01263   0.00648  -0.0740  0.7854  1.0000  -0.7316   0.0000   0.0000   0.0000   0.4103
   1.500   0.4958   0.01265   0.00642  -0.0713  0.7621  1.0000  -0.7815   0.0000   0.0000   0.0000   0.3913
   2.000   0.5393   0.01268   0.00636  -0.0689  0.7387  1.0000  -0.8392   0.0000   0.0000   0.0000   0.3748
   2.500   0.5881   0.01271   0.00630  -0.0673  0.7145  1.0000  -0.9061   0.0000   0.0000   0.0000   0.3609
   3.000   0.6395   0.01276   0.00626  -0.0660  0.6886  1.0000  -0.9844   0.0000   0.0000   0.0000   0.3493
   3.500   0.6916   0.01283   0.00627  -0.0649  0.6603  1.0000  -1.0817   0.0000   0.0000   0.0000   0.3394
   4.000   0.7439   0.01295   0.00631  -0.0637  0.6294  1.0000  -1.1930   0.0000   0.0000   0.0000   0.3308
   4.500   0.7962   0.01318   0.00642  -0.0626  0.5964  1.0000  -1.3441   0.0000   0.0000   0.0000   0.3233
   5.000   0.8460   0.01352   0.00676  -0.0612  0.5575  1.0000  -1.5534   0.0000   0.0000   0.0000   0.3165
   5.500   0.8959   0.01400   0.00710  -0.0598  0.5175  1.0000  -1.8812   0.0000   0.0000   0.0000   0.3104
   6.000   0.9436   0.01457   0.00761  -0.0582  0.4728  1.0000  -2.2184   0.0000   0.0000   0.0000   0.3048
   6.500   0.9902   0.01529   0.00829  -0.0566  0.4277  1.0000  -2.5665   0.0000   0.0000   0.0000   0.2997
   7.000   1.0344   0.01612   0.00905  -0.0547  0.3786  1.0000  -2.9210   0.0000   0.0000   0.0000   0.2948
   7.500   1.0762   0.01712   0.00996  -0.0526  0.3274  1.0000  -3.2787   0.0000   0.0000   0.0000   0.2902
   8.000   1.1147   0.01836   0.01107  -0.0503  0.2725  1.0000  -3.6323   0.0000   0.0000   0.0000   0.2857
   8.500   1.1475   0.02003   0.01254  -0.0474  0.2128  1.0000  -3.9674   0.0000   0.0000   0.0000   0.2812
   9.000   1.1734   0.02227   0.01449  -0.0438  0.1530  1.0000  -4.2686   0.0000   0.0000   0.0000   0.2766
   9.500   1.1908   0.02502   0.01695  -0.0394  0.1097  1.0000  -4.5253   0.0000   0.0000   0.0000   0.2717
  10.000   1.2091   0.02758   0.01950  -0.0355  0.0819  1.0000  -4.7844   0.0000   0.0000   0.0000   0.2672


