xflr5 v6.61

 Calculated polar for: peg24_55_revT

 1 1 Reynolds number fixed          Mach number fixed         

 xtrf =   1.000 (top)        1.000 (bottom)
 Mach =   0.000     Re =     0.300 e 6     Ncrit =   9.000

  alpha     CL        CD       CDp       Cm    Top Xtr Bot Xtr   Cpmin    Chinge    XCp    
 ------- -------- --------- --------- -------- ------- ------- -------- --------- ---------
   0.000   0.5070   0.00996   0.00472  -0.1173  0.7574  0.7689  -0.7561   0.0000   0.0000   0.0000   0.4802
   0.500   0.5579   0.00992   0.00480  -0.1157  0.7457  0.8236  -0.8025   0.0000   0.0000   0.0000   0.4556
   1.000   0.6069   0.00970   0.00464  -0.1134  0.7335  0.8775  -0.8540   0.0000   0.0000   0.0000   0.4343
   1.500   0.6549   0.00951   0.00453  -0.1109  0.7204  0.9466  -0.9082   0.0000   0.0000   0.0000   0.4163
   2.000   0.7224   0.00938   0.00429  -0.1132  0.7058  1.0000  -0.9769   0.0000   0.0000   0.0000   0.4031
   2.500   0.7802   0.00946   0.00432  -0.1137  0.6891  1.0000  -1.0464   0.0000   0.0000   0.0000   0.3916
   3.000   0.8377   0.00953   0.00428  -0.1139  0.6718  1.0000  -1.1221   0.0000   0.0000   0.0000   0.3813
   3.500   0.8937   0.00962   0.00430  -0.1138  0.6514  1.0000  -1.2063   0.0000   0.0000   0.0000   0.3721
   4.000   0.9482   0.00977   0.00440  -0.1135  0.6269  1.0000  -1.2970   0.0000   0.0000   0.0000   0.3638
   4.500   1.0017   0.01002   0.00456  -0.1129  0.5989  1.0000  -1.4046   0.0000   0.0000   0.0000   0.3563
   5.000   1.0534   0.01036   0.00483  -0.1121  0.5657  1.0000  -1.5237   0.0000   0.0000   0.0000   0.3495
   5.500   1.1034   0.01084   0.00520  -0.1111  0.5283  1.0000  -1.6579   0.0000   0.0000   0.0000   0.3431
   6.000   1.1509   0.01149   0.00570  -0.1097  0.4874  1.0000  -1.8109   0.0000   0.0000   0.0000   0.3371
   6.500   1.1965   0.01226   0.00631  -0.1081  0.4450  1.0000  -1.9888   0.0000   0.0000   0.0000   0.3314
   7.000   1.2406   0.01312   0.00706  -0.1063  0.4035  1.0000  -2.2032   0.0000   0.0000   0.0000   0.3261
   7.500   1.2804   0.01418   0.00793  -0.1039  0.3613  1.0000  -2.5061   0.0000   0.0000   0.0000   0.3209
   8.000   1.3199   0.01522   0.00888  -0.1016  0.3210  1.0000  -2.8199   0.0000   0.0000   0.0000   0.3160
   8.500   1.3538   0.01649   0.01002  -0.0985  0.2826  1.0000  -3.1259   0.0000   0.0000   0.0000   0.3111
   9.000   1.3836   0.01781   0.01125  -0.0948  0.2459  1.0000  -3.4277   0.0000   0.0000   0.0000   0.3061
   9.500   1.4075   0.01953   0.01283  -0.0907  0.2113  1.0000  -3.7154   0.0000   0.0000   0.0000   0.3013
  10.000   1.4322   0.02134   0.01460  -0.0871  0.1787  1.0000  -4.0123   0.0000   0.0000   0.0000   0.2968


