xflr5 v6.61

 Calculated polar for: peg24_100_revT

 1 1 Reynolds number fixed          Mach number fixed         

 xtrf =   1.000 (top)        1.000 (bottom)
 Mach =   0.000     Re =     0.085 e 6     Ncrit =   9.000

  alpha     CL        CD       CDp       Cm    Top Xtr Bot Xtr   Cpmin    Chinge    XCp    
 ------- -------- --------- --------- -------- ------- ------- -------- --------- ---------
   0.500   0.4720   0.04180   0.03452  -0.1436  0.8118  0.7526  -0.7226   0.0000   0.0000   0.0000   0.5537
   1.000   0.4658   0.04218   0.03529  -0.1332  0.7913  0.9171  -0.7259   0.0000   0.0000   0.0000   0.5345
   2.000   0.6051   0.04436   0.03672  -0.1404  0.7596  1.0000  -0.8384   0.0000   0.0000   0.0000   0.4787
   2.500   0.6434   0.04609   0.03830  -0.1393  0.7387  1.0000  -0.8765   0.0000   0.0000   0.0000   0.4623
   3.000   0.7363   0.04576   0.03779  -0.1433  0.7297  1.0000  -0.9682   0.0000   0.0000   0.0000   0.4397
   4.000   0.8048   0.04892   0.04086  -0.1390  0.6847  1.0000  -1.0547   0.0000   0.0000   0.0000   0.4164
   4.500   0.8980   0.04718   0.03907  -0.1416  0.6768  1.0000  -1.1665   0.0000   0.0000   0.0000   0.4006
   5.500   0.9691   0.04957   0.04155  -0.1366  0.6307  1.0000  -1.2887   0.0000   0.0000   0.0000   0.3824
   6.000   1.0445   0.04765   0.03970  -0.1365  0.6190  1.0000  -1.4093   0.0000   0.0000   0.0000   0.3714
   7.000   1.2149   0.04004   0.03234  -0.1362  0.5982  1.0000  -1.7248   0.0000   0.0000   0.0000   0.3513
   7.500   1.2629   0.03909   0.03152  -0.1333  0.5754  1.0000  -1.8517   0.0000   0.0000   0.0000   0.3440
   8.000   1.3303   0.03666   0.02925  -0.1320  0.5538  1.0000  -2.0296   0.0000   0.0000   0.0000   0.3369
   8.500   1.4239   0.03276   0.02539  -0.1332  0.5285  1.0000  -2.2710   0.0000   0.0000   0.0000   0.3304
   9.000   1.5078   0.03064   0.02316  -0.1346  0.4938  1.0000  -2.5211   0.0000   0.0000   0.0000   0.3253
   9.500   1.5355   0.03175   0.02424  -0.1299  0.4560  1.0000  -2.6841   0.0000   0.0000   0.0000   0.3197
  10.000   1.5660   0.03296   0.02532  -0.1258  0.4184  1.0000  -2.8776   0.0000   0.0000   0.0000   0.3146


