xflr5 v6.61

 Calculated polar for: peg24_85_revT

 1 1 Reynolds number fixed          Mach number fixed         

 xtrf =   1.000 (top)        1.000 (bottom)
 Mach =   0.000     Re =     0.465 e 6     Ncrit =   9.000

  alpha     CL        CD       CDp       Cm    Top Xtr Bot Xtr   Cpmin    Chinge    XCp    
 ------- -------- --------- --------- -------- ------- ------- -------- --------- ---------
   0.000   0.6578   0.00893   0.00356  -0.1525  0.7280  0.5660  -0.8742   0.0000   0.0000   0.0000   0.4805
   0.500   0.7139   0.00873   0.00362  -0.1525  0.7198  0.6458  -0.9238   0.0000   0.0000   0.0000   0.4615
   1.000   0.7699   0.00857   0.00362  -0.1522  0.7099  0.7186  -0.9764   0.0000   0.0000   0.0000   0.4449
   1.500   0.8250   0.00855   0.00370  -0.1516  0.6995  0.7830  -1.0348   0.0000   0.0000   0.0000   0.4304
   2.000   0.8774   0.00841   0.00373  -0.1506  0.6876  0.8413  -1.0969   0.0000   0.0000   0.0000   0.4176
   2.500   0.9248   0.00826   0.00365  -0.1482  0.6747  0.9222  -1.1563   0.0000   0.0000   0.0000   0.4056
   3.000   0.9830   0.00821   0.00365  -0.1486  0.6602  1.0000  -1.2299   0.0000   0.0000   0.0000   0.3959
   3.500   1.0399   0.00838   0.00373  -0.1489  0.6447  1.0000  -1.3096   0.0000   0.0000   0.0000   0.3873
   4.000   1.0950   0.00857   0.00382  -0.1487  0.6237  1.0000  -1.3973   0.0000   0.0000   0.0000   0.3793
   4.500   1.1488   0.00882   0.00402  -0.1484  0.5998  1.0000  -1.4927   0.0000   0.0000   0.0000   0.3720
   5.000   1.2004   0.00919   0.00429  -0.1476  0.5701  1.0000  -1.5999   0.0000   0.0000   0.0000   0.3651
   5.500   1.2501   0.00967   0.00468  -0.1466  0.5348  1.0000  -1.7143   0.0000   0.0000   0.0000   0.3588
   6.000   1.2963   0.01036   0.00518  -0.1450  0.4958  1.0000  -1.8388   0.0000   0.0000   0.0000   0.3527
   6.500   1.3403   0.01115   0.00582  -0.1432  0.4542  1.0000  -1.9798   0.0000   0.0000   0.0000   0.3469
   7.000   1.3801   0.01211   0.00659  -0.1407  0.4135  1.0000  -2.1238   0.0000   0.0000   0.0000   0.3413
   7.500   1.4186   0.01309   0.00743  -0.1380  0.3744  1.0000  -2.2797   0.0000   0.0000   0.0000   0.3359
   8.000   1.4491   0.01428   0.00846  -0.1341  0.3367  1.0000  -2.4418   0.0000   0.0000   0.0000   0.3304
   8.500   1.4785   0.01554   0.00962  -0.1302  0.3039  1.0000  -2.6224   0.0000   0.0000   0.0000   0.3251
   9.000   1.5062   0.01697   0.01097  -0.1263  0.2734  1.0000  -2.8244   0.0000   0.0000   0.0000   0.3202
   9.500   1.5315   0.01867   0.01257  -0.1225  0.2443  1.0000  -3.0468   0.0000   0.0000   0.0000   0.3155
  10.000   1.5540   0.02067   0.01448  -0.1187  0.2162  1.0000  -3.2991   0.0000   0.0000   0.0000   0.3110


