xflr5 v6.61

 Calculated polar for: peg24_65_revT

 1 1 Reynolds number fixed          Mach number fixed         

 xtrf =   1.000 (top)        1.000 (bottom)
 Mach =   0.000     Re =     0.330 e 6     Ncrit =   9.000

  alpha     CL        CD       CDp       Cm    Top Xtr Bot Xtr   Cpmin    Chinge    XCp    
 ------- -------- --------- --------- -------- ------- ------- -------- --------- ---------
   0.000   0.5564   0.00986   0.00462  -0.1293  0.7502  0.7172  -0.7941   0.0000   0.0000   0.0000   0.4812
   0.500   0.6098   0.00972   0.00462  -0.1282  0.7391  0.7802  -0.8417   0.0000   0.0000   0.0000   0.4584
   1.000   0.6625   0.00965   0.00456  -0.1268  0.7283  0.8367  -0.8951   0.0000   0.0000   0.0000   0.4389
   1.500   0.7090   0.00943   0.00452  -0.1242  0.7158  0.8971  -0.9481   0.0000   0.0000   0.0000   0.4221
   2.000   0.7687   0.00919   0.00423  -0.1244  0.7030  1.0000  -1.0131   0.0000   0.0000   0.0000   0.4081
   2.500   0.8266   0.00924   0.00425  -0.1249  0.6874  1.0000  -1.0804   0.0000   0.0000   0.0000   0.3969
   3.000   0.8846   0.00932   0.00422  -0.1253  0.6716  1.0000  -1.1567   0.0000   0.0000   0.0000   0.3868
   3.500   0.9408   0.00941   0.00425  -0.1253  0.6528  1.0000  -1.2369   0.0000   0.0000   0.0000   0.3777
   4.000   0.9956   0.00955   0.00436  -0.1250  0.6301  1.0000  -1.3291   0.0000   0.0000   0.0000   0.3695
   4.500   1.0493   0.00978   0.00452  -0.1246  0.6039  1.0000  -1.4305   0.0000   0.0000   0.0000   0.3621
   5.000   1.1011   0.01013   0.00475  -0.1238  0.5728  1.0000  -1.5448   0.0000   0.0000   0.0000   0.3551
   5.500   1.1512   0.01059   0.00512  -0.1228  0.5369  1.0000  -1.6702   0.0000   0.0000   0.0000   0.3487
   6.000   1.1983   0.01123   0.00560  -0.1213  0.4969  1.0000  -1.8128   0.0000   0.0000   0.0000   0.3427
   6.500   1.2438   0.01198   0.00621  -0.1197  0.4549  1.0000  -1.9695   0.0000   0.0000   0.0000   0.3370
   7.000   1.2854   0.01293   0.00698  -0.1175  0.4131  1.0000  -2.1469   0.0000   0.0000   0.0000   0.3315
   7.500   1.3264   0.01388   0.00782  -0.1152  0.3723  1.0000  -2.3480   0.0000   0.0000   0.0000   0.3263
   8.000   1.3622   0.01504   0.00882  -0.1123  0.3330  1.0000  -2.6226   0.0000   0.0000   0.0000   0.3211
   8.500   1.3953   0.01620   0.00991  -0.1090  0.2966  1.0000  -2.9140   0.0000   0.0000   0.0000   0.3160
   9.000   1.4215   0.01769   0.01125  -0.1048  0.2620  1.0000  -3.1919   0.0000   0.0000   0.0000   0.3109
   9.500   1.4477   0.01929   0.01278  -0.1010  0.2295  1.0000  -3.4771   0.0000   0.0000   0.0000   0.3062
  10.000   1.4710   0.02118   0.01461  -0.0973  0.1982  1.0000  -3.7593   0.0000   0.0000   0.0000   0.3017


