xflr5 v6.61

 Calculated polar for: peg24_40_revT

 1 1 Reynolds number fixed          Mach number fixed         

 xtrf =   1.000 (top)        1.000 (bottom)
 Mach =   0.000     Re =     0.430 e 6     Ncrit =   9.000

  alpha     CL        CD       CDp       Cm    Top Xtr Bot Xtr   Cpmin    Chinge    XCp    
 ------- -------- --------- --------- -------- ------- ------- -------- --------- ---------
   0.000   0.4433   0.00773   0.00291  -0.1003  0.7352  0.7620  -0.7088   0.0000   0.0000   0.0000   0.4750
   0.500   0.4971   0.00771   0.00294  -0.0994  0.7220  0.8068  -0.7594   0.0000   0.0000   0.0000   0.4480
   1.000   0.5502   0.00765   0.00292  -0.0983  0.7075  0.8493  -0.8130   0.0000   0.0000   0.0000   0.4262
   1.500   0.6001   0.00758   0.00294  -0.0965  0.6916  0.8916  -0.8684   0.0000   0.0000   0.0000   0.4077
   2.000   0.6501   0.00751   0.00286  -0.0945  0.6743  0.9450  -0.9273   0.0000   0.0000   0.0000   0.3919
   2.500   0.7172   0.00749   0.00282  -0.0969  0.6536  1.0000  -1.0052   0.0000   0.0000   0.0000   0.3811
   3.000   0.7740   0.00766   0.00290  -0.0972  0.6306  1.0000  -1.0812   0.0000   0.0000   0.0000   0.3711
   3.500   0.8292   0.00789   0.00302  -0.0971  0.6031  1.0000  -1.1687   0.0000   0.0000   0.0000   0.3621
   4.000   0.8830   0.00821   0.00321  -0.0968  0.5724  1.0000  -1.2667   0.0000   0.0000   0.0000   0.3540
   4.500   0.9360   0.00858   0.00348  -0.0963  0.5363  1.0000  -1.3823   0.0000   0.0000   0.0000   0.3468
   5.000   0.9874   0.00909   0.00383  -0.0956  0.4981  1.0000  -1.5106   0.0000   0.0000   0.0000   0.3402
   5.500   1.0377   0.00966   0.00427  -0.0948  0.4558  1.0000  -1.6684   0.0000   0.0000   0.0000   0.3341
   6.000   1.0863   0.01037   0.00480  -0.0937  0.4144  1.0000  -1.8594   0.0000   0.0000   0.0000   0.3284
   6.500   1.1347   0.01108   0.00538  -0.0927  0.3723  1.0000  -2.1825   0.0000   0.0000   0.0000   0.3232
   7.000   1.1810   0.01192   0.00607  -0.0914  0.3296  1.0000  -2.5163   0.0000   0.0000   0.0000   0.3183
   8.000   1.2681   0.01389   0.00772  -0.0882  0.2454  1.0000  -3.2082   0.0000   0.0000   0.0000   0.3091
   8.500   1.3077   0.01507   0.00874  -0.0860  0.2031  1.0000  -3.5587   0.0000   0.0000   0.0000   0.3047
   9.000   1.3427   0.01647   0.00992  -0.0833  0.1608  1.0000  -3.9032   0.0000   0.0000   0.0000   0.3002
   9.500   1.3710   0.01805   0.01130  -0.0797  0.1236  1.0000  -4.2300   0.0000   0.0000   0.0000   0.2956
  10.000   1.3977   0.01973   0.01288  -0.0761  0.0958  1.0000  -4.5574   0.0000   0.0000   0.0000   0.2911


