xflr5 v6.61

 Calculated polar for: peg24_0_revT

 1 1 Reynolds number fixed          Mach number fixed         

 xtrf =   1.000 (top)        1.000 (bottom)
 Mach =   0.000     Re =     0.350 e 6     Ncrit =   9.000

  alpha     CL        CD       CDp       Cm    Top Xtr Bot Xtr   Cpmin    Chinge    XCp    
 ------- -------- --------- --------- -------- ------- ------- -------- --------- ---------
   0.000   0.2435   0.00770   0.00291  -0.0503  0.7486  0.8559  -0.5683   0.0000   0.0000   0.0000   0.4554
   0.500   0.2936   0.00772   0.00288  -0.0483  0.7281  0.8877  -0.6165   0.0000   0.0000   0.0000   0.4127
   1.000   0.3431   0.00772   0.00287  -0.0462  0.7069  0.9195  -0.6660   0.0000   0.0000   0.0000   0.3823
   1.500   0.4019   0.00777   0.00286  -0.0461  0.6823  0.9475  -0.7293   0.0000   0.0000   0.0000   0.3619
   2.000   0.4737   0.00790   0.00290  -0.0491  0.6566  0.9679  -0.8044   0.0000   0.0000   0.0000   0.3505
   2.500   0.5535   0.00802   0.00296  -0.0542  0.6242  0.9804  -0.8985   0.0000   0.0000   0.0000   0.3443
   3.000   0.6306   0.00821   0.00301  -0.0588  0.5898  0.9937  -1.0105   0.0000   0.0000   0.0000   0.3393
   3.500   0.6862   0.00840   0.00308  -0.0593  0.5536  1.0000  -1.1207   0.0000   0.0000   0.0000   0.3320
   4.000   0.7203   0.00870   0.00323  -0.0553  0.5192  1.0000  -1.2429   0.0000   0.0000   0.0000   0.3219
   4.500   0.7615   0.00908   0.00350  -0.0525  0.4802  1.0000  -1.4090   0.0000   0.0000   0.0000   0.3136
   5.000   0.8057   0.00957   0.00383  -0.0503  0.4434  1.0000  -1.6759   0.0000   0.0000   0.0000   0.3067
   5.500   0.8504   0.01010   0.00421  -0.0483  0.3981  1.0000  -2.0244   0.0000   0.0000   0.0000   0.3006
   6.000   0.8934   0.01080   0.00469  -0.0462  0.3384  1.0000  -2.3863   0.0000   0.0000   0.0000   0.2949
   6.500   0.9345   0.01168   0.00527  -0.0438  0.2767  1.0000  -2.7581   0.0000   0.0000   0.0000   0.2896
   7.000   0.9768   0.01253   0.00593  -0.0418  0.2290  1.0000  -3.1505   0.0000   0.0000   0.0000   0.2849
   7.500   1.0165   0.01355   0.00674  -0.0394  0.1759  1.0000  -3.5467   0.0000   0.0000   0.0000   0.2803
   8.000   1.0518   0.01483   0.00771  -0.0364  0.1210  1.0000  -3.9355   0.0000   0.0000   0.0000   0.2756
   8.500   1.0873   0.01600   0.00874  -0.0335  0.0873  1.0000  -4.3334   0.0000   0.0000   0.0000   0.2711
   9.000   1.1204   0.01720   0.00984  -0.0302  0.0627  1.0000  -4.7232   0.0000   0.0000   0.0000   0.2667
   9.500   1.1462   0.01853   0.01106  -0.0257  0.0420  1.0000  -5.0660   0.0000   0.0000   0.0000   0.2615
  10.000   1.1559   0.02056   0.01295  -0.0190  0.0183  1.0000  -5.2525   0.0000   0.0000   0.0000   0.2548


