xflr5 v6.61

 Calculated polar for: peg24_70_revT

 1 1 Reynolds number fixed          Mach number fixed         

 xtrf =   1.000 (top)        1.000 (bottom)
 Mach =   0.000     Re =     0.125 e 6     Ncrit =   9.000

  alpha     CL        CD       CDp       Cm    Top Xtr Bot Xtr   Cpmin    Chinge    XCp    
 ------- -------- --------- --------- -------- ------- ------- -------- --------- ---------
   0.000   0.4579   0.02363   0.01742  -0.1247  0.8006  0.8463  -0.7144   0.0000   0.0000   0.0000   0.5220
   0.500   0.5114   0.02301   0.01683  -0.1227  0.7892  1.0000  -0.7604   0.0000   0.0000   0.0000   0.4885
   1.000   0.5951   0.02244   0.01597  -0.1267  0.7832  1.0000  -0.8304   0.0000   0.0000   0.0000   0.4608
   1.500   0.6412   0.02323   0.01665  -0.1263  0.7635  1.0000  -0.8767   0.0000   0.0000   0.0000   0.4441
   2.000   0.7174   0.02236   0.01562  -0.1281  0.7567  1.0000  -0.9534   0.0000   0.0000   0.0000   0.4251
   2.500   0.7645   0.02289   0.01611  -0.1270  0.7371  1.0000  -1.0078   0.0000   0.0000   0.0000   0.4120
   3.000   0.8401   0.02167   0.01478  -0.1283  0.7296  1.0000  -1.0956   0.0000   0.0000   0.0000   0.3980
   3.500   0.8885   0.02187   0.01501  -0.1268  0.7093  1.0000  -1.1644   0.0000   0.0000   0.0000   0.3875
   4.000   0.9499   0.02129   0.01442  -0.1265  0.6944  1.0000  -1.2553   0.0000   0.0000   0.0000   0.3773
   4.500   1.0152   0.02030   0.01341  -0.1266  0.6787  1.0000  -1.3603   0.0000   0.0000   0.0000   0.3682
   5.000   1.0690   0.02002   0.01320  -0.1254  0.6571  1.0000  -1.4685   0.0000   0.0000   0.0000   0.3602
   5.500   1.1263   0.01947   0.01267  -0.1245  0.6340  1.0000  -1.5936   0.0000   0.0000   0.0000   0.3528
   6.000   1.1827   0.01901   0.01223  -0.1235  0.6074  1.0000  -1.7335   0.0000   0.0000   0.0000   0.3460
   6.500   1.2373   0.01873   0.01189  -0.1223  0.5760  1.0000  -1.8928   0.0000   0.0000   0.0000   0.3396
   7.000   1.2861   0.01896   0.01206  -0.1204  0.5392  1.0000  -2.0627   0.0000   0.0000   0.0000   0.3337
   7.500   1.3297   0.01954   0.01252  -0.1179  0.4980  1.0000  -2.2494   0.0000   0.0000   0.0000   0.3281
   8.000   1.3681   0.02051   0.01338  -0.1149  0.4556  1.0000  -2.4504   0.0000   0.0000   0.0000   0.3226
   8.500   1.4037   0.02172   0.01440  -0.1116  0.4141  1.0000  -2.7062   0.0000   0.0000   0.0000   0.3174
   9.000   1.4299   0.02319   0.01587  -0.1071  0.3737  1.0000  -2.9628   0.0000   0.0000   0.0000   0.3120
   9.500   1.4511   0.02489   0.01737  -0.1021  0.3365  1.0000  -3.2125   0.0000   0.0000   0.0000   0.3067
  10.000   1.4660   0.02688   0.01940  -0.0966  0.3016  1.0000  -3.4502   0.0000   0.0000   0.0000   0.3014


