xflr5 v6.61

 Calculated polar for: peg24_15_revT

 1 1 Reynolds number fixed          Mach number fixed         

 xtrf =   1.000 (top)        1.000 (bottom)
 Mach =   0.000     Re =     0.380 e 6     Ncrit =   9.000

  alpha     CL        CD       CDp       Cm    Top Xtr Bot Xtr   Cpmin    Chinge    XCp    
 ------- -------- --------- --------- -------- ------- ------- -------- --------- ---------
   0.000   0.3207   0.00765   0.00289  -0.0698  0.7427  0.8270  -0.6208   0.0000   0.0000   0.0000   0.4665
   0.500   0.3723   0.00765   0.00287  -0.0682  0.7261  0.8621  -0.6696   0.0000   0.0000   0.0000   0.4314
   1.000   0.4223   0.00760   0.00284  -0.0663  0.7074  0.8975  -0.7217   0.0000   0.0000   0.0000   0.4047
   1.500   0.4719   0.00755   0.00281  -0.0643  0.6870  0.9341  -0.7765   0.0000   0.0000   0.0000   0.3834
   2.000   0.5347   0.00755   0.00277  -0.0653  0.6648  0.9715  -0.8461   0.0000   0.0000   0.0000   0.3688
   2.500   0.6133   0.00761   0.00274  -0.0702  0.6380  1.0000  -0.9339   0.0000   0.0000   0.0000   0.3607
   3.000   0.6636   0.00780   0.00281  -0.0694  0.6089  1.0000  -1.0115   0.0000   0.0000   0.0000   0.3503
   3.500   0.7162   0.00808   0.00294  -0.0689  0.5768  1.0000  -1.1055   0.0000   0.0000   0.0000   0.3415
   4.000   0.7688   0.00843   0.00316  -0.0683  0.5417  1.0000  -1.2172   0.0000   0.0000   0.0000   0.3338
   4.500   0.8210   0.00884   0.00346  -0.0677  0.5039  1.0000  -1.3568   0.0000   0.0000   0.0000   0.3269
   5.000   0.8720   0.00934   0.00382  -0.0670  0.4622  1.0000  -1.5644   0.0000   0.0000   0.0000   0.3207
   5.500   0.9228   0.00990   0.00426  -0.0662  0.4219  1.0000  -1.8974   0.0000   0.0000   0.0000   0.3152
   6.000   0.9725   0.01054   0.00477  -0.0654  0.3770  1.0000  -2.2451   0.0000   0.0000   0.0000   0.3101
   6.500   1.0211   0.01130   0.00536  -0.0644  0.3310  1.0000  -2.6055   0.0000   0.0000   0.0000   0.3054
   7.000   1.0681   0.01217   0.00606  -0.0633  0.2824  1.0000  -2.9762   0.0000   0.0000   0.0000   0.3010
   7.500   1.1129   0.01323   0.00688  -0.0620  0.2266  1.0000  -3.3528   0.0000   0.0000   0.0000   0.2968
   8.000   1.1549   0.01452   0.00788  -0.0604  0.1716  1.0000  -3.7303   0.0000   0.0000   0.0000   0.2927
   8.500   1.1947   0.01595   0.00907  -0.0585  0.1204  1.0000  -4.1098   0.0000   0.0000   0.0000   0.2888
   9.000   1.2323   0.01747   0.01041  -0.0564  0.0844  1.0000  -4.5050   0.0000   0.0000   0.0000   0.2849
   9.500   1.2672   0.01907   0.01191  -0.0539  0.0606  1.0000  -4.8933   0.0000   0.0000   0.0000   0.2810
  10.000   1.2963   0.02080   0.01359  -0.0507  0.0435  1.0000  -5.2538   0.0000   0.0000   0.0000   0.2768


