xflr5 v6.61

 Calculated polar for: peg24_65_revT

 1 1 Reynolds number fixed          Mach number fixed         

 xtrf =   1.000 (top)        1.000 (bottom)
 Mach =   0.000     Re =     0.090 e 6     Ncrit =   9.000

  alpha     CL        CD       CDp       Cm    Top Xtr Bot Xtr   Cpmin    Chinge    XCp    
 ------- -------- --------- --------- -------- ------- ------- -------- --------- ---------
   0.500   0.4050   0.03010   0.02295  -0.1123  0.8164  1.0000  -0.6735   0.0000   0.0000   0.0000   0.5263
   1.500   0.5431   0.03121   0.02360  -0.1175  0.7858  1.0000  -0.7901   0.0000   0.0000   0.0000   0.4637
   2.500   0.6812   0.03138   0.02355  -0.1205  0.7564  1.0000  -0.9262   0.0000   0.0000   0.0000   0.4230
   3.000   0.7232   0.03225   0.02440  -0.1187  0.7332  1.0000  -0.9790   0.0000   0.0000   0.0000   0.4096
   4.000   0.8617   0.03059   0.02276  -0.1191  0.7037  1.0000  -1.1571   0.0000   0.0000   0.0000   0.3826
   4.500   0.9105   0.03067   0.02290  -0.1173  0.6811  1.0000  -1.2409   0.0000   0.0000   0.0000   0.3725
   5.500   1.0589   0.02702   0.01939  -0.1174  0.6501  1.0000  -1.5084   0.0000   0.0000   0.0000   0.3534
   6.000   1.1183   0.02597   0.01843  -0.1160  0.6254  1.0000  -1.6491   0.0000   0.0000   0.0000   0.3456
   6.500   1.1826   0.02473   0.01724  -0.1152  0.5987  1.0000  -1.8215   0.0000   0.0000   0.0000   0.3386
   7.000   1.2334   0.02441   0.01700  -0.1131  0.5647  1.0000  -1.9948   0.0000   0.0000   0.0000   0.3321
   7.500   1.2862   0.02417   0.01673  -0.1112  0.5266  1.0000  -2.2027   0.0000   0.0000   0.0000   0.3262
   8.000   1.3339   0.02455   0.01699  -0.1089  0.4853  1.0000  -2.4314   0.0000   0.0000   0.0000   0.3206
   8.500   1.3764   0.02535   0.01766  -0.1061  0.4421  1.0000  -2.7340   0.0000   0.0000   0.0000   0.3153
   9.000   1.4066   0.02679   0.01909  -0.1020  0.3991  1.0000  -3.0040   0.0000   0.0000   0.0000   0.3100
   9.500   1.4373   0.02839   0.02048  -0.0982  0.3577  1.0000  -3.2891   0.0000   0.0000   0.0000   0.3049
  10.000   1.4537   0.03032   0.02246  -0.0926  0.3187  1.0000  -3.5327   0.0000   0.0000   0.0000   0.2995


