xflr5 v6.61

 Calculated polar for: peg24_100_revT

 1 1 Reynolds number fixed          Mach number fixed         

 xtrf =   1.000 (top)        1.000 (bottom)
 Mach =   0.000     Re =     0.385 e 6     Ncrit =   9.000

  alpha     CL        CD       CDp       Cm    Top Xtr Bot Xtr   Cpmin    Chinge    XCp    
 ------- -------- --------- --------- -------- ------- ------- -------- --------- ---------
   0.000   0.7213   0.01051   0.00488  -0.1688  0.7368  0.5304  -0.9271   0.0000   0.0000   0.0000   0.4827
   0.500   0.7797   0.01044   0.00495  -0.1691  0.7285  0.6049  -0.9761   0.0000   0.0000   0.0000   0.4648
   1.000   0.8344   0.01028   0.00504  -0.1687  0.7204  0.6826  -1.0266   0.0000   0.0000   0.0000   0.4494
   1.500   0.8896   0.01007   0.00499  -0.1682  0.7108  0.7591  -1.0841   0.0000   0.0000   0.0000   0.4355
   2.000   0.9435   0.00999   0.00499  -0.1672  0.7011  0.8279  -1.1463   0.0000   0.0000   0.0000   0.4231
   2.500   0.9869   0.00965   0.00491  -0.1640  0.6899  0.9366  -1.2040   0.0000   0.0000   0.0000   0.4114
   3.000   1.0478   0.00960   0.00474  -0.1650  0.6779  1.0000  -1.2762   0.0000   0.0000   0.0000   0.4019
   3.500   1.1038   0.00970   0.00486  -0.1651  0.6641  1.0000  -1.3543   0.0000   0.0000   0.0000   0.3934
   4.000   1.1609   0.00981   0.00484  -0.1653  0.6494  1.0000  -1.4371   0.0000   0.0000   0.0000   0.3855
   4.500   1.2142   0.00994   0.00500  -0.1648  0.6301  1.0000  -1.5322   0.0000   0.0000   0.0000   0.3782
   5.000   1.2669   0.01018   0.00520  -0.1642  0.6081  1.0000  -1.6336   0.0000   0.0000   0.0000   0.3714
   5.500   1.3172   0.01052   0.00546  -0.1632  0.5807  1.0000  -1.7448   0.0000   0.0000   0.0000   0.3649
   6.000   1.3637   0.01105   0.00584  -0.1615  0.5468  1.0000  -1.8593   0.0000   0.0000   0.0000   0.3588
   6.500   1.4073   0.01174   0.00642  -0.1595  0.5102  1.0000  -1.9843   0.0000   0.0000   0.0000   0.3529
   7.000   1.4450   0.01267   0.00717  -0.1565  0.4693  1.0000  -2.1192   0.0000   0.0000   0.0000   0.3471
   7.500   1.4784   0.01374   0.00808  -0.1529  0.4299  1.0000  -2.2554   0.0000   0.0000   0.0000   0.3414
   8.000   1.5033   0.01502   0.00923  -0.1479  0.3921  1.0000  -2.3855   0.0000   0.0000   0.0000   0.3357
   8.500   1.5247   0.01661   0.01067  -0.1429  0.3567  1.0000  -2.5167   0.0000   0.0000   0.0000   0.3302
   9.000   1.5474   0.01835   0.01232  -0.1385  0.3237  1.0000  -2.6645   0.0000   0.0000   0.0000   0.3251
   9.500   1.5681   0.02037   0.01425  -0.1343  0.2931  1.0000  -2.8258   0.0000   0.0000   0.0000   0.3204
  10.000   1.5879   0.02259   0.01642  -0.1303  0.2660  1.0000  -3.0142   0.0000   0.0000   0.0000   0.3159


