xflr5 v6.61

 Calculated polar for: peg24_60_revT

 1 1 Reynolds number fixed          Mach number fixed         

 xtrf =   1.000 (top)        1.000 (bottom)
 Mach =   0.000     Re =     0.320 e 6     Ncrit =   9.000

  alpha     CL        CD       CDp       Cm    Top Xtr Bot Xtr   Cpmin    Chinge    XCp    
 ------- -------- --------- --------- -------- ------- ------- -------- --------- ---------
   0.000   0.5324   0.00983   0.00460  -0.1234  0.7527  0.7419  -0.7756   0.0000   0.0000   0.0000   0.4806
   0.500   0.5847   0.00972   0.00462  -0.1221  0.7412  0.7999  -0.8227   0.0000   0.0000   0.0000   0.4570
   1.000   0.6362   0.00957   0.00450  -0.1204  0.7300  0.8543  -0.8756   0.0000   0.0000   0.0000   0.4367
   1.500   0.6814   0.00938   0.00446  -0.1174  0.7169  0.9168  -0.9279   0.0000   0.0000   0.0000   0.4192
   2.000   0.7459   0.00919   0.00418  -0.1188  0.7034  1.0000  -0.9954   0.0000   0.0000   0.0000   0.4056
   2.500   0.8036   0.00925   0.00421  -0.1193  0.6872  1.0000  -1.0633   0.0000   0.0000   0.0000   0.3942
   3.000   0.8613   0.00933   0.00419  -0.1196  0.6705  1.0000  -1.1396   0.0000   0.0000   0.0000   0.3841
   3.500   0.9176   0.00943   0.00421  -0.1196  0.6511  1.0000  -1.2221   0.0000   0.0000   0.0000   0.3750
   4.000   0.9721   0.00958   0.00431  -0.1193  0.6272  1.0000  -1.3135   0.0000   0.0000   0.0000   0.3668
   4.500   1.0257   0.00982   0.00448  -0.1188  0.6000  1.0000  -1.4181   0.0000   0.0000   0.0000   0.3593
   5.000   1.0775   0.01017   0.00474  -0.1180  0.5677  1.0000  -1.5348   0.0000   0.0000   0.0000   0.3524
   5.500   1.1275   0.01064   0.00511  -0.1170  0.5307  1.0000  -1.6632   0.0000   0.0000   0.0000   0.3460
   6.000   1.1747   0.01131   0.00561  -0.1155  0.4902  1.0000  -1.8111   0.0000   0.0000   0.0000   0.3399
   6.500   1.2204   0.01206   0.00622  -0.1139  0.4479  1.0000  -1.9765   0.0000   0.0000   0.0000   0.3343
   7.000   1.2636   0.01295   0.00697  -0.1120  0.4066  1.0000  -2.1697   0.0000   0.0000   0.0000   0.3289
   7.500   1.3035   0.01398   0.00783  -0.1096  0.3646  1.0000  -2.4201   0.0000   0.0000   0.0000   0.3237
   8.000   1.3421   0.01504   0.00878  -0.1071  0.3254  1.0000  -2.7250   0.0000   0.0000   0.0000   0.3187
   8.500   1.3744   0.01631   0.00992  -0.1037  0.2877  1.0000  -3.0201   0.0000   0.0000   0.0000   0.3136
   9.000   1.4039   0.01764   0.01117  -0.1000  0.2527  1.0000  -3.3150   0.0000   0.0000   0.0000   0.3086
   9.500   1.4293   0.01928   0.01269  -0.0961  0.2187  1.0000  -3.6033   0.0000   0.0000   0.0000   0.3039
  10.000   1.4511   0.02126   0.01458  -0.0922  0.1872  1.0000  -3.8847   0.0000   0.0000   0.0000   0.2993


