xflr5 v6.61

 Calculated polar for: peg24_05_revT

 1 1 Reynolds number fixed          Mach number fixed         

 xtrf =   1.000 (top)        1.000 (bottom)
 Mach =   0.000     Re =     0.295 e 6     Ncrit =   9.000

  alpha     CL        CD       CDp       Cm    Top Xtr Bot Xtr   Cpmin    Chinge    XCp    
 ------- -------- --------- --------- -------- ------- ------- -------- --------- ---------
   0.000   0.2608   0.00848   0.00355  -0.0549  0.7622  0.8725  -0.5799   0.0000   0.0000   0.0000   0.4595
   0.500   0.3100   0.00846   0.00352  -0.0526  0.7435  0.9064  -0.6268   0.0000   0.0000   0.0000   0.4179
   1.000   0.3669   0.00846   0.00345  -0.0519  0.7240  0.9385  -0.6824   0.0000   0.0000   0.0000   0.3890
   1.500   0.4398   0.00852   0.00339  -0.0548  0.7013  0.9629  -0.7526   0.0000   0.0000   0.0000   0.3719
   2.000   0.5223   0.00858   0.00336  -0.0602  0.6758  0.9787  -0.8372   0.0000   0.0000   0.0000   0.3621
   2.500   0.6026   0.00863   0.00334  -0.0654  0.6463  0.9938  -0.9319   0.0000   0.0000   0.0000   0.3550
   3.000   0.6567   0.00871   0.00335  -0.0656  0.6147  1.0000  -1.0181   0.0000   0.0000   0.0000   0.3459
   4.000   0.7332   0.00924   0.00361  -0.0589  0.5486  1.0000  -1.2170   0.0000   0.0000   0.0000   0.3255
   4.500   0.7784   0.00962   0.00390  -0.0569  0.5118  1.0000  -1.3769   0.0000   0.0000   0.0000   0.3177
   5.000   0.8237   0.01011   0.00424  -0.0549  0.4706  1.0000  -1.6756   0.0000   0.0000   0.0000   0.3108
   5.500   0.8703   0.01062   0.00468  -0.0532  0.4316  1.0000  -2.0060   0.0000   0.0000   0.0000   0.3047
   6.000   0.9146   0.01126   0.00517  -0.0512  0.3869  1.0000  -2.3460   0.0000   0.0000   0.0000   0.2990
   6.500   0.9579   0.01199   0.00576  -0.0491  0.3407  1.0000  -2.6971   0.0000   0.0000   0.0000   0.2938
   7.000   1.0002   0.01279   0.00643  -0.0469  0.2929  1.0000  -3.0577   0.0000   0.0000   0.0000   0.2889
   7.500   1.0388   0.01381   0.00725  -0.0442  0.2378  1.0000  -3.4165   0.0000   0.0000   0.0000   0.2840
   8.000   1.0743   0.01503   0.00822  -0.0413  0.1792  1.0000  -3.7720   0.0000   0.0000   0.0000   0.2792
   8.500   1.1045   0.01653   0.00942  -0.0376  0.1233  1.0000  -4.1133   0.0000   0.0000   0.0000   0.2743
   9.000   1.1318   0.01809   0.01080  -0.0336  0.0853  1.0000  -4.4613   0.0000   0.0000   0.0000   0.2692
   9.500   1.1511   0.01972   0.01233  -0.0282  0.0626  1.0000  -4.7717   0.0000   0.0000   0.0000   0.2634
  10.000   1.1685   0.02149   0.01409  -0.0229  0.0455  1.0000  -5.0602   0.0000   0.0000   0.0000   0.2578


