xflr5 v6.61

 Calculated polar for: peg24_65_revT

 1 1 Reynolds number fixed          Mach number fixed         

 xtrf =   1.000 (top)        1.000 (bottom)
 Mach =   0.000     Re =     0.190 e 6     Ncrit =   9.000

  alpha     CL        CD       CDp       Cm    Top Xtr Bot Xtr   Cpmin    Chinge    XCp    
 ------- -------- --------- --------- -------- ------- ------- -------- --------- ---------
   0.000   0.5279   0.01466   0.00896  -0.1271  0.7850  0.8019  -0.7697   0.0000   0.0000   0.0000   0.4899
   0.500   0.5666   0.01471   0.00916  -0.1229  0.7717  0.8743  -0.8075   0.0000   0.0000   0.0000   0.4652
   1.000   0.6245   0.01407   0.00854  -0.1218  0.7609  1.0000  -0.8633   0.0000   0.0000   0.0000   0.4427
   1.500   0.6869   0.01414   0.00846  -0.1233  0.7492  1.0000  -0.9246   0.0000   0.0000   0.0000   0.4266
   2.000   0.7470   0.01399   0.00819  -0.1240  0.7353  1.0000  -0.9892   0.0000   0.0000   0.0000   0.4124
   2.500   0.8062   0.01395   0.00805  -0.1243  0.7220  1.0000  -1.0570   0.0000   0.0000   0.0000   0.4001
   3.000   0.8653   0.01370   0.00772  -0.1244  0.7065  1.0000  -1.1333   0.0000   0.0000   0.0000   0.3890
   3.500   0.9205   0.01371   0.00772  -0.1240  0.6888  1.0000  -1.2111   0.0000   0.0000   0.0000   0.3794
   4.000   0.9791   0.01353   0.00746  -0.1240  0.6717  1.0000  -1.3058   0.0000   0.0000   0.0000   0.3707
   4.500   1.0351   0.01342   0.00729  -0.1235  0.6505  1.0000  -1.4069   0.0000   0.0000   0.0000   0.3628
   5.000   1.0883   0.01344   0.00729  -0.1226  0.6248  1.0000  -1.5208   0.0000   0.0000   0.0000   0.3555
   5.500   1.1399   0.01361   0.00742  -0.1216  0.5954  1.0000  -1.6466   0.0000   0.0000   0.0000   0.3488
   6.000   1.1882   0.01395   0.00775  -0.1200  0.5591  1.0000  -1.7882   0.0000   0.0000   0.0000   0.3425
   6.500   1.2355   0.01449   0.00812  -0.1183  0.5209  1.0000  -1.9458   0.0000   0.0000   0.0000   0.3366
   7.000   1.2782   0.01526   0.00881  -0.1161  0.4782  1.0000  -2.1209   0.0000   0.0000   0.0000   0.3310
   7.500   1.3180   0.01626   0.00963  -0.1134  0.4366  1.0000  -2.3160   0.0000   0.0000   0.0000   0.3255
   8.000   1.3536   0.01738   0.01065  -0.1103  0.3946  1.0000  -2.5655   0.0000   0.0000   0.0000   0.3202
   8.500   1.3848   0.01871   0.01188  -0.1066  0.3550  1.0000  -2.8390   0.0000   0.0000   0.0000   0.3150
   9.000   1.4092   0.02016   0.01325  -0.1020  0.3178  1.0000  -3.1062   0.0000   0.0000   0.0000   0.3096
   9.500   1.4284   0.02201   0.01495  -0.0971  0.2835  1.0000  -3.3620   0.0000   0.0000   0.0000   0.3044
  10.000   1.4478   0.02398   0.01696  -0.0928  0.2500  1.0000  -3.6231   0.0000   0.0000   0.0000   0.2997


