xflr5 v6.61

 Calculated polar for: peg24_80_revT

 1 1 Reynolds number fixed          Mach number fixed         

 xtrf =   1.000 (top)        1.000 (bottom)
 Mach =   0.000     Re =     0.315 e 6     Ncrit =   9.000

  alpha     CL        CD       CDp       Cm    Top Xtr Bot Xtr   Cpmin    Chinge    XCp    
 ------- -------- --------- --------- -------- ------- ------- -------- --------- ---------
   0.000   0.6247   0.01093   0.00545  -0.1466  0.7511  0.6545  -0.8466   0.0000   0.0000   0.0000   0.4834
   0.500   0.6787   0.01075   0.00546  -0.1457  0.7406  0.7327  -0.8948   0.0000   0.0000   0.0000   0.4627
   1.000   0.7331   0.01056   0.00535  -0.1447  0.7316  0.7992  -0.9473   0.0000   0.0000   0.0000   0.4447
   1.500   0.7810   0.01044   0.00540  -0.1425  0.7204  0.8643  -1.0005   0.0000   0.0000   0.0000   0.4291
   2.000   0.8329   0.01004   0.00509  -0.1408  0.7088  1.0000  -1.0617   0.0000   0.0000   0.0000   0.4152
   2.500   0.8927   0.01010   0.00505  -0.1416  0.6962  1.0000  -1.1286   0.0000   0.0000   0.0000   0.4042
   3.000   0.9506   0.01009   0.00497  -0.1420  0.6817  1.0000  -1.2030   0.0000   0.0000   0.0000   0.3942
   3.500   1.0072   0.01018   0.00502  -0.1421  0.6659  1.0000  -1.2817   0.0000   0.0000   0.0000   0.3853
   4.000   1.0639   0.01026   0.00498  -0.1421  0.6486  1.0000  -1.3721   0.0000   0.0000   0.0000   0.3772
   4.500   1.1174   0.01039   0.00509  -0.1415  0.6260  1.0000  -1.4671   0.0000   0.0000   0.0000   0.3697
   5.000   1.1699   0.01063   0.00529  -0.1409  0.6004  1.0000  -1.5768   0.0000   0.0000   0.0000   0.3628
   5.500   1.2200   0.01100   0.00556  -0.1398  0.5687  1.0000  -1.6936   0.0000   0.0000   0.0000   0.3562
   6.000   1.2678   0.01152   0.00600  -0.1384  0.5328  1.0000  -1.8221   0.0000   0.0000   0.0000   0.3501
   6.500   1.3112   0.01229   0.00656  -0.1363  0.4924  1.0000  -1.9644   0.0000   0.0000   0.0000   0.3442
   7.000   1.3528   0.01313   0.00731  -0.1340  0.4508  1.0000  -2.1152   0.0000   0.0000   0.0000   0.3386
   7.500   1.3891   0.01422   0.00821  -0.1309  0.4104  1.0000  -2.2717   0.0000   0.0000   0.0000   0.3331
   8.000   1.4222   0.01535   0.00922  -0.1274  0.3711  1.0000  -2.4487   0.0000   0.0000   0.0000   0.3277
   9.000   1.4727   0.01826   0.01192  -0.1186  0.3021  1.0000  -2.8373   0.0000   0.0000   0.0000   0.3171
   9.500   1.4960   0.02003   0.01362  -0.1146  0.2706  1.0000  -3.0873   0.0000   0.0000   0.0000   0.3123
  10.000   1.5165   0.02213   0.01565  -0.1106  0.2409  1.0000  -3.3355   0.0000   0.0000   0.0000   0.3078


