xflr5 v6.61

 Calculated polar for: peg24_55_revT

 1 1 Reynolds number fixed          Mach number fixed         

 xtrf =   1.000 (top)        1.000 (bottom)
 Mach =   0.000     Re =     0.500 e 6     Ncrit =   9.000

  alpha     CL        CD       CDp       Cm    Top Xtr Bot Xtr   Cpmin    Chinge    XCp    
 ------- -------- --------- --------- -------- ------- ------- -------- --------- ---------
   0.000   0.5174   0.00762   0.00274  -0.1183  0.7260  0.6898  -0.7650   0.0000   0.0000   0.0000   0.4773
   0.500   0.5724   0.00750   0.00277  -0.1177  0.7141  0.7519  -0.8144   0.0000   0.0000   0.0000   0.4537
   1.000   0.6274   0.00752   0.00279  -0.1171  0.7013  0.7999  -0.8694   0.0000   0.0000   0.0000   0.4341
   1.500   0.6805   0.00742   0.00283  -0.1162  0.6874  0.8454  -0.9277   0.0000   0.0000   0.0000   0.4176
   2.000   0.7310   0.00738   0.00284  -0.1145  0.6722  0.8933  -0.9857   0.0000   0.0000   0.0000   0.4030
   3.000   0.8447   0.00738   0.00285  -0.1146  0.6343  1.0000  -1.1308   0.0000   0.0000   0.0000   0.3809
   3.500   0.9006   0.00759   0.00297  -0.1146  0.6094  1.0000  -1.2159   0.0000   0.0000   0.0000   0.3720
   4.000   0.9551   0.00788   0.00315  -0.1144  0.5809  1.0000  -1.3067   0.0000   0.0000   0.0000   0.3639
   5.000   1.0595   0.00876   0.00375  -0.1133  0.5096  1.0000  -1.5351   0.0000   0.0000   0.0000   0.3499
   6.000   1.1579   0.01004   0.00471  -0.1113  0.4262  1.0000  -1.8269   0.0000   0.0000   0.0000   0.3378
   6.500   1.2046   0.01083   0.00532  -0.1100  0.3854  1.0000  -2.0101   0.0000   0.0000   0.0000   0.3324
   7.000   1.2503   0.01166   0.00600  -0.1086  0.3436  1.0000  -2.2589   0.0000   0.0000   0.0000   0.3272
   7.500   1.2940   0.01257   0.00676  -0.1069  0.3045  1.0000  -2.5785   0.0000   0.0000   0.0000   0.3223
   8.000   1.3350   0.01361   0.00763  -0.1048  0.2651  1.0000  -2.9024   0.0000   0.0000   0.0000   0.3176
   8.500   1.3739   0.01469   0.00860  -0.1025  0.2291  1.0000  -3.2315   0.0000   0.0000   0.0000   0.3129
   9.000   1.4065   0.01595   0.00970  -0.0992  0.1944  1.0000  -3.5496   0.0000   0.0000   0.0000   0.3081
   9.500   1.4356   0.01738   0.01101  -0.0956  0.1608  1.0000  -3.8637   0.0000   0.0000   0.0000   0.3034
  10.000   1.4603   0.01914   0.01261  -0.0917  0.1294  1.0000  -4.1686   0.0000   0.0000   0.0000   0.2988


