xflr5 v6.61

 Calculated polar for: peg24_80_revT

 1 1 Reynolds number fixed          Mach number fixed         

 xtrf =   1.000 (top)        1.000 (bottom)
 Mach =   0.000     Re =     0.345 e 6     Ncrit =   9.000

  alpha     CL        CD       CDp       Cm    Top Xtr Bot Xtr   Cpmin    Chinge    XCp    
 ------- -------- --------- --------- -------- ------- ------- -------- --------- ---------
   0.000   0.6270   0.01029   0.00490  -0.1466  0.7454  0.6392  -0.8489   0.0000   0.0000   0.0000   0.4826
   0.500   0.6827   0.01007   0.00484  -0.1460  0.7358  0.7185  -0.8984   0.0000   0.0000   0.0000   0.4619
   1.000   0.7370   0.01004   0.00490  -0.1452  0.7266  0.7853  -0.9506   0.0000   0.0000   0.0000   0.4444
   1.500   0.7875   0.00986   0.00488  -0.1436  0.7150  0.8472  -1.0057   0.0000   0.0000   0.0000   0.4290
   2.000   0.8340   0.00955   0.00465  -0.1407  0.7041  0.9314  -1.0635   0.0000   0.0000   0.0000   0.4148
   2.500   0.8949   0.00951   0.00461  -0.1418  0.6904  1.0000  -1.1311   0.0000   0.0000   0.0000   0.4039
   3.000   0.9541   0.00955   0.00450  -0.1423  0.6766  1.0000  -1.2068   0.0000   0.0000   0.0000   0.3940
   3.500   1.0096   0.00964   0.00461  -0.1423  0.6600  1.0000  -1.2846   0.0000   0.0000   0.0000   0.3852
   4.000   1.0654   0.00976   0.00468  -0.1422  0.6419  1.0000  -1.3743   0.0000   0.0000   0.0000   0.3771
   4.500   1.1196   0.00993   0.00477  -0.1418  0.6190  1.0000  -1.4702   0.0000   0.0000   0.0000   0.3697
   5.000   1.1720   0.01021   0.00499  -0.1412  0.5927  1.0000  -1.5800   0.0000   0.0000   0.0000   0.3628
   5.500   1.2218   0.01060   0.00530  -0.1401  0.5588  1.0000  -1.6968   0.0000   0.0000   0.0000   0.3563
   6.000   1.2689   0.01120   0.00574  -0.1385  0.5222  1.0000  -1.8248   0.0000   0.0000   0.0000   0.3502
   6.500   1.3133   0.01193   0.00633  -0.1367  0.4814  1.0000  -1.9686   0.0000   0.0000   0.0000   0.3443
   7.000   1.3530   0.01290   0.00710  -0.1341  0.4398  1.0000  -2.1169   0.0000   0.0000   0.0000   0.3387
   7.500   1.3914   0.01387   0.00796  -0.1314  0.3994  1.0000  -2.2774   0.0000   0.0000   0.0000   0.3333
   8.500   1.4511   0.01636   0.01020  -0.1235  0.3253  1.0000  -2.6405   0.0000   0.0000   0.0000   0.3224
   9.000   1.4763   0.01789   0.01163  -0.1193  0.2926  1.0000  -2.8518   0.0000   0.0000   0.0000   0.3173
   9.500   1.4983   0.01975   0.01337  -0.1151  0.2615  1.0000  -3.0983   0.0000   0.0000   0.0000   0.3125
  10.000   1.5197   0.02181   0.01538  -0.1112  0.2323  1.0000  -3.3510   0.0000   0.0000   0.0000   0.3080


