xflr5 v6.61

 Calculated polar for: peg24_15_revT

 1 1 Reynolds number fixed          Mach number fixed         

 xtrf =   1.000 (top)        1.000 (bottom)
 Mach =   0.000     Re =     0.375 e 6     Ncrit =   9.000

  alpha     CL        CD       CDp       Cm    Top Xtr Bot Xtr   Cpmin    Chinge    XCp    
 ------- -------- --------- --------- -------- ------- ------- -------- --------- ---------
   0.000   0.3204   0.00770   0.00293  -0.0697  0.7438  0.8285  -0.6205   0.0000   0.0000   0.0000   0.4665
   0.500   0.3719   0.00770   0.00290  -0.0681  0.7270  0.8639  -0.6694   0.0000   0.0000   0.0000   0.4313
   1.000   0.4218   0.00765   0.00288  -0.0662  0.7084  0.8994  -0.7214   0.0000   0.0000   0.0000   0.4046
   1.500   0.4715   0.00759   0.00284  -0.0642  0.6881  0.9363  -0.7762   0.0000   0.0000   0.0000   0.3832
   2.000   0.5359   0.00760   0.00279  -0.0655  0.6659  0.9728  -0.8469   0.0000   0.0000   0.0000   0.3690
   2.500   0.6132   0.00765   0.00276  -0.0702  0.6392  1.0000  -0.9337   0.0000   0.0000   0.0000   0.3607
   3.000   0.6636   0.00784   0.00284  -0.0694  0.6102  1.0000  -1.0114   0.0000   0.0000   0.0000   0.3504
   3.500   0.7162   0.00812   0.00297  -0.0689  0.5781  1.0000  -1.1055   0.0000   0.0000   0.0000   0.3415
   4.000   0.7687   0.00847   0.00319  -0.0683  0.5431  1.0000  -1.2170   0.0000   0.0000   0.0000   0.3338
   4.500   0.8209   0.00887   0.00348  -0.0677  0.5054  1.0000  -1.3566   0.0000   0.0000   0.0000   0.3269
   5.000   0.8718   0.00939   0.00384  -0.0669  0.4636  1.0000  -1.5633   0.0000   0.0000   0.0000   0.3207
   5.500   0.9227   0.00993   0.00428  -0.0662  0.4233  1.0000  -1.8965   0.0000   0.0000   0.0000   0.3152
   6.000   0.9724   0.01058   0.00479  -0.0654  0.3787  1.0000  -2.2437   0.0000   0.0000   0.0000   0.3101
   6.500   1.0208   0.01134   0.00539  -0.0644  0.3326  1.0000  -2.6036   0.0000   0.0000   0.0000   0.3053
   7.000   1.0678   0.01221   0.00609  -0.0633  0.2841  1.0000  -2.9740   0.0000   0.0000   0.0000   0.3009
   7.500   1.1127   0.01326   0.00691  -0.0619  0.2288  1.0000  -3.3508   0.0000   0.0000   0.0000   0.2967
   8.000   1.1548   0.01454   0.00791  -0.0603  0.1736  1.0000  -3.7285   0.0000   0.0000   0.0000   0.2927
   8.500   1.1943   0.01599   0.00910  -0.0585  0.1218  1.0000  -4.1058   0.0000   0.0000   0.0000   0.2887
   9.000   1.2318   0.01752   0.01045  -0.0563  0.0853  1.0000  -4.5002   0.0000   0.0000   0.0000   0.2848
   9.500   1.2664   0.01914   0.01196  -0.0538  0.0611  1.0000  -4.8867   0.0000   0.0000   0.0000   0.2809
  10.000   1.2957   0.02085   0.01363  -0.0506  0.0441  1.0000  -5.2478   0.0000   0.0000   0.0000   0.2767


