xflr5 v6.61

 Calculated polar for: peg24_60_revT

 1 1 Reynolds number fixed          Mach number fixed         

 xtrf =   1.000 (top)        1.000 (bottom)
 Mach =   0.000     Re =     0.385 e 6     Ncrit =   9.000

  alpha     CL        CD       CDp       Cm    Top Xtr Bot Xtr   Cpmin    Chinge    XCp    
 ------- -------- --------- --------- -------- ------- ------- -------- --------- ---------
   0.000   0.5366   0.00880   0.00373  -0.1237  0.7408  0.7127  -0.7793   0.0000   0.0000   0.0000   0.4793
   0.500   0.5914   0.00872   0.00371  -0.1230  0.7304  0.7731  -0.8282   0.0000   0.0000   0.0000   0.4560
   1.000   0.6440   0.00865   0.00377  -0.1218  0.7183  0.8253  -0.8815   0.0000   0.0000   0.0000   0.4366
   1.500   0.6947   0.00851   0.00368  -0.1201  0.7058  0.8771  -0.9380   0.0000   0.0000   0.0000   0.4197
   2.500   0.8074   0.00835   0.00350  -0.1196  0.6754  1.0000  -1.0678   0.0000   0.0000   0.0000   0.3938
   3.000   0.8642   0.00843   0.00357  -0.1198  0.6572  1.0000  -1.1434   0.0000   0.0000   0.0000   0.3838
   3.500   0.9204   0.00858   0.00367  -0.1199  0.6366  1.0000  -1.2260   0.0000   0.0000   0.0000   0.3749
   4.000   0.9751   0.00879   0.00379  -0.1197  0.6115  1.0000  -1.3177   0.0000   0.0000   0.0000   0.3667
   4.500   1.0286   0.00908   0.00399  -0.1192  0.5827  1.0000  -1.4227   0.0000   0.0000   0.0000   0.3593
   5.000   1.0796   0.00952   0.00427  -0.1183  0.5471  1.0000  -1.5391   0.0000   0.0000   0.0000   0.3524
   5.500   1.1299   0.01004   0.00468  -0.1174  0.5103  1.0000  -1.6686   0.0000   0.0000   0.0000   0.3461
   6.000   1.1766   0.01076   0.00521  -0.1160  0.4670  1.0000  -1.8163   0.0000   0.0000   0.0000   0.3401
   6.500   1.2233   0.01149   0.00582  -0.1146  0.4261  1.0000  -1.9844   0.0000   0.0000   0.0000   0.3346
   7.000   1.2665   0.01240   0.00657  -0.1127  0.3850  1.0000  -2.1789   0.0000   0.0000   0.0000   0.3292
   7.500   1.3083   0.01335   0.00738  -0.1107  0.3437  1.0000  -2.4453   0.0000   0.0000   0.0000   0.3242
   8.000   1.3470   0.01443   0.00831  -0.1082  0.3055  1.0000  -2.7522   0.0000   0.0000   0.0000   0.3192
   8.500   1.3821   0.01559   0.00937  -0.1052  0.2682  1.0000  -3.0584   0.0000   0.0000   0.0000   0.3143
   9.000   1.4110   0.01697   0.01061  -0.1014  0.2335  1.0000  -3.3536   0.0000   0.0000   0.0000   0.3093
   9.500   1.4394   0.01845   0.01200  -0.0979  0.2013  1.0000  -3.6551   0.0000   0.0000   0.0000   0.3046
  10.000   1.4627   0.02033   0.01378  -0.0940  0.1701  1.0000  -3.9449   0.0000   0.0000   0.0000   0.3001


