xflr5 v6.61

 Calculated polar for: peg24_40_revT

 1 1 Reynolds number fixed          Mach number fixed         

 xtrf =   1.000 (top)        1.000 (bottom)
 Mach =   0.000     Re =     0.470 e 6     Ncrit =   9.000

  alpha     CL        CD       CDp       Cm    Top Xtr Bot Xtr   Cpmin    Chinge    XCp    
 ------- -------- --------- --------- -------- ------- ------- -------- --------- ---------
   0.000   0.4447   0.00746   0.00266  -0.1005  0.7291  0.7491  -0.7099   0.0000   0.0000   0.0000   0.4746
   0.500   0.4994   0.00739   0.00269  -0.0998  0.7160  0.7957  -0.7610   0.0000   0.0000   0.0000   0.4480
   1.000   0.5525   0.00739   0.00270  -0.0987  0.7014  0.8370  -0.8147   0.0000   0.0000   0.0000   0.4262
   1.500   0.6045   0.00730   0.00271  -0.0975  0.6851  0.8775  -0.8715   0.0000   0.0000   0.0000   0.4082
   2.000   0.6534   0.00725   0.00271  -0.0954  0.6681  0.9251  -0.9297   0.0000   0.0000   0.0000   0.3925
   2.500   0.7177   0.00722   0.00265  -0.0969  0.6473  1.0000  -1.0060   0.0000   0.0000   0.0000   0.3810
   3.000   0.7744   0.00741   0.00272  -0.0972  0.6232  1.0000  -1.0819   0.0000   0.0000   0.0000   0.3710
   3.500   0.8297   0.00764   0.00286  -0.0972  0.5951  1.0000  -1.1696   0.0000   0.0000   0.0000   0.3621
   4.000   0.8841   0.00794   0.00307  -0.0970  0.5635  1.0000  -1.2682   0.0000   0.0000   0.0000   0.3541
   4.500   0.9366   0.00836   0.00334  -0.0965  0.5258  1.0000  -1.3836   0.0000   0.0000   0.0000   0.3469
   5.000   0.9883   0.00886   0.00370  -0.0958  0.4880  1.0000  -1.5123   0.0000   0.0000   0.0000   0.3403
   5.500   1.0384   0.00947   0.00413  -0.0950  0.4450  1.0000  -1.6702   0.0000   0.0000   0.0000   0.3342
   6.000   1.0883   0.01010   0.00464  -0.0942  0.4051  1.0000  -1.8675   0.0000   0.0000   0.0000   0.3287
   6.500   1.1357   0.01089   0.00524  -0.0930  0.3618  1.0000  -2.1901   0.0000   0.0000   0.0000   0.3234
   7.000   1.1828   0.01169   0.00591  -0.0918  0.3191  1.0000  -2.5273   0.0000   0.0000   0.0000   0.3186
   7.500   1.2280   0.01260   0.00666  -0.0904  0.2774  1.0000  -2.8731   0.0000   0.0000   0.0000   0.3139
   8.000   1.2703   0.01367   0.00754  -0.0887  0.2351  1.0000  -3.2224   0.0000   0.0000   0.0000   0.3094
   8.500   1.3095   0.01490   0.00857  -0.0865  0.1914  1.0000  -3.5728   0.0000   0.0000   0.0000   0.3049
   9.000   1.3454   0.01625   0.00972  -0.0839  0.1499  1.0000  -3.9217   0.0000   0.0000   0.0000   0.3006
   9.500   1.3758   0.01771   0.01101  -0.0805  0.1155  1.0000  -4.2583   0.0000   0.0000   0.0000   0.2960
  10.000   1.4020   0.01942   0.01260  -0.0768  0.0890  1.0000  -4.5886   0.0000   0.0000   0.0000   0.2915


