xflr5 v6.61

 Calculated polar for: peg24_75_revT

 1 1 Reynolds number fixed          Mach number fixed         

 xtrf =   1.000 (top)        1.000 (bottom)
 Mach =   0.000     Re =     0.350 e 6     Ncrit =   9.000

  alpha     CL        CD       CDp       Cm    Top Xtr Bot Xtr   Cpmin    Chinge    XCp    
 ------- -------- --------- --------- -------- ------- ------- -------- --------- ---------
   0.000   0.6044   0.00995   0.00464  -0.1409  0.7452  0.6614  -0.8314   0.0000   0.0000   0.0000   0.4819
   0.500   0.6599   0.00977   0.00458  -0.1403  0.7354  0.7372  -0.8803   0.0000   0.0000   0.0000   0.4607
   1.000   0.7135   0.00973   0.00465  -0.1394  0.7256  0.7990  -0.9331   0.0000   0.0000   0.0000   0.4427
   1.500   0.7634   0.00954   0.00460  -0.1375  0.7136  0.8585  -0.9881   0.0000   0.0000   0.0000   0.4269
   2.000   0.8119   0.00928   0.00439  -0.1351  0.7021  0.9476  -1.0468   0.0000   0.0000   0.0000   0.4125
   2.500   0.8728   0.00924   0.00435  -0.1362  0.6878  1.0000  -1.1150   0.0000   0.0000   0.0000   0.4016
   3.000   0.9315   0.00932   0.00430  -0.1367  0.6733  1.0000  -1.1908   0.0000   0.0000   0.0000   0.3917
   3.500   0.9874   0.00939   0.00437  -0.1367  0.6560  1.0000  -1.2686   0.0000   0.0000   0.0000   0.3828
   4.000   1.0427   0.00954   0.00447  -0.1366  0.6358  1.0000  -1.3601   0.0000   0.0000   0.0000   0.3747
   4.500   1.0967   0.00974   0.00461  -0.1362  0.6116  1.0000  -1.4568   0.0000   0.0000   0.0000   0.3673
   5.000   1.1490   0.01003   0.00483  -0.1355  0.5834  1.0000  -1.5686   0.0000   0.0000   0.0000   0.3604
   5.500   1.1984   0.01050   0.00514  -0.1343  0.5481  1.0000  -1.6879   0.0000   0.0000   0.0000   0.3539
   6.000   1.2461   0.01109   0.00562  -0.1329  0.5111  1.0000  -1.8211   0.0000   0.0000   0.0000   0.3478
   6.500   1.2897   0.01189   0.00623  -0.1309  0.4684  1.0000  -1.9656   0.0000   0.0000   0.0000   0.3420
   7.000   1.3321   0.01275   0.00697  -0.1288  0.4278  1.0000  -2.1234   0.0000   0.0000   0.0000   0.3365
   8.000   1.4048   0.01493   0.00884  -0.1229  0.3480  1.0000  -2.4887   0.0000   0.0000   0.0000   0.3258
   8.500   1.4322   0.01625   0.01004  -0.1187  0.3125  1.0000  -2.7007   0.0000   0.0000   0.0000   0.3204
   9.000   1.4590   0.01771   0.01141  -0.1147  0.2801  1.0000  -2.9610   0.0000   0.0000   0.0000   0.3153
   9.500   1.4844   0.01937   0.01300  -0.1108  0.2490  1.0000  -3.2302   0.0000   0.0000   0.0000   0.3106
  10.000   1.5063   0.02137   0.01493  -0.1070  0.2187  1.0000  -3.4962   0.0000   0.0000   0.0000   0.3061


