xflr5 v6.61

 Calculated polar for: peg24_05_revT

 1 1 Reynolds number fixed          Mach number fixed         

 xtrf =   1.000 (top)        1.000 (bottom)
 Mach =   0.000     Re =     0.055 e 6     Ncrit =   9.000

  alpha     CL        CD       CDp       Cm    Top Xtr Bot Xtr   Cpmin    Chinge    XCp    
 ------- -------- --------- --------- -------- ------- ------- -------- --------- ---------
   0.000  -0.0108   0.02559   0.01653  -0.0276  0.9541  1.0000  -0.5891   0.0000   0.0000   0.0000  -2.3300
   0.500   0.0679   0.02720   0.01780  -0.0341  0.9277  1.0000  -0.4387   0.0000   0.0000   0.0000   0.7519
   1.000   0.1448   0.02868   0.01905  -0.0397  0.8995  1.0000  -0.4933   0.0000   0.0000   0.0000   0.5221
   1.500   0.2170   0.03004   0.02026  -0.0441  0.8710  1.0000  -0.5498   0.0000   0.0000   0.0000   0.4502
   2.000   0.2869   0.03131   0.02145  -0.0476  0.8422  1.0000  -0.6105   0.0000   0.0000   0.0000   0.4125
   2.500   0.3582   0.03241   0.02253  -0.0507  0.8130  1.0000  -0.6787   0.0000   0.0000   0.0000   0.3879
   3.000   0.4326   0.03324   0.02342  -0.0537  0.7839  1.0000  -0.7570   0.0000   0.0000   0.0000   0.3701
   3.500   0.5138   0.03359   0.02390  -0.0568  0.7554  1.0000  -0.8532   0.0000   0.0000   0.0000   0.3563
   4.000   0.5510   0.03490   0.02529  -0.0542  0.7213  1.0000  -0.9214   0.0000   0.0000   0.0000   0.3437
   4.500   0.6082   0.03554   0.02609  -0.0536  0.6889  1.0000  -1.0269   0.0000   0.0000   0.0000   0.3330
   5.000   0.6792   0.03521   0.02600  -0.0534  0.6581  1.0000  -1.1828   0.0000   0.0000   0.0000   0.3232
   5.500   0.7613   0.03380   0.02487  -0.0533  0.6278  1.0000  -1.4104   0.0000   0.0000   0.0000   0.3142
   6.000   0.8290   0.03289   0.02421  -0.0517  0.5932  1.0000  -1.7534   0.0000   0.0000   0.0000   0.3060
   6.500   0.8926   0.03194   0.02348  -0.0493  0.5528  1.0000  -2.1353   0.0000   0.0000   0.0000   0.2984
   7.000   0.9522   0.03119   0.02288  -0.0465  0.5063  1.0000  -2.5233   0.0000   0.0000   0.0000   0.2914
   7.500   1.0081   0.03066   0.02237  -0.0433  0.4526  1.0000  -2.9160   0.0000   0.0000   0.0000   0.2849
   8.000   1.0611   0.03051   0.02190  -0.0399  0.3906  1.0000  -3.3126   0.0000   0.0000   0.0000   0.2789
   8.500   1.0857   0.03188   0.02325  -0.0342  0.3247  1.0000  -3.5853   0.0000   0.0000   0.0000   0.2720
   9.000   1.1111   0.03399   0.02503  -0.0289  0.2585  1.0000  -3.8470   0.0000   0.0000   0.0000   0.2659
   9.500   1.1306   0.03716   0.02803  -0.0237  0.2043  1.0000  -4.0501   0.0000   0.0000   0.0000   0.2601
  10.000   1.1550   0.04137   0.03214  -0.0197  0.1648  1.0000  -4.2312   0.0000   0.0000   0.0000   0.2556


