xflr5 v6.61

 Calculated polar for: peg24_50_revT

 1 1 Reynolds number fixed          Mach number fixed         

 xtrf =   1.000 (top)        1.000 (bottom)
 Mach =   0.000     Re =     0.095 e 6     Ncrit =   9.000

  alpha     CL        CD       CDp       Cm    Top Xtr Bot Xtr   Cpmin    Chinge    XCp    
 ------- -------- --------- --------- -------- ------- ------- -------- --------- ---------
   0.000   0.3509   0.02484   0.01796  -0.1020  0.8397  1.0000  -0.6303   0.0000   0.0000   0.0000   0.5405
   0.500   0.3962   0.02575   0.01863  -0.1021  0.8185  1.0000  -0.6668   0.0000   0.0000   0.0000   0.5066
   1.000   0.4882   0.02553   0.01817  -0.1073  0.8095  1.0000  -0.7423   0.0000   0.0000   0.0000   0.4679
   1.500   0.5359   0.02617   0.01869  -0.1067  0.7877  1.0000  -0.7896   0.0000   0.0000   0.0000   0.4465
   2.000   0.5881   0.02682   0.01926  -0.1063  0.7677  1.0000  -0.8434   0.0000   0.0000   0.0000   0.4276
   2.500   0.6689   0.02582   0.01818  -0.1082  0.7572  1.0000  -0.9277   0.0000   0.0000   0.0000   0.4080
   3.000   0.7191   0.02616   0.01852  -0.1070  0.7351  1.0000  -0.9927   0.0000   0.0000   0.0000   0.3945
   3.500   0.7756   0.02607   0.01844  -0.1061  0.7153  1.0000  -1.0690   0.0000   0.0000   0.0000   0.3819
   4.000   0.8531   0.02441   0.01678  -0.1066  0.7032  1.0000  -1.1804   0.0000   0.0000   0.0000   0.3696
   4.500   0.9071   0.02410   0.01655  -0.1052  0.6799  1.0000  -1.2786   0.0000   0.0000   0.0000   0.3600
   5.000   0.9644   0.02353   0.01606  -0.1039  0.6563  1.0000  -1.3974   0.0000   0.0000   0.0000   0.3512
   5.500   1.0244   0.02271   0.01529  -0.1027  0.6311  1.0000  -1.5353   0.0000   0.0000   0.0000   0.3431
   6.000   1.0853   0.02189   0.01449  -0.1017  0.6028  1.0000  -1.7047   0.0000   0.0000   0.0000   0.3359
   6.500   1.1442   0.02137   0.01391  -0.1005  0.5699  1.0000  -1.9028   0.0000   0.0000   0.0000   0.3294
   7.000   1.1907   0.02166   0.01426  -0.0982  0.5292  1.0000  -2.1051   0.0000   0.0000   0.0000   0.3233
   7.500   1.2388   0.02211   0.01457  -0.0960  0.4868  1.0000  -2.4191   0.0000   0.0000   0.0000   0.3177
   8.000   1.2820   0.02293   0.01524  -0.0935  0.4422  1.0000  -2.7333   0.0000   0.0000   0.0000   0.3124
   8.500   1.3163   0.02419   0.01653  -0.0900  0.3968  1.0000  -3.0322   0.0000   0.0000   0.0000   0.3071
   9.000   1.3478   0.02569   0.01792  -0.0862  0.3522  1.0000  -3.3312   0.0000   0.0000   0.0000   0.3020
   9.500   1.3741   0.02747   0.01949  -0.0820  0.3089  1.0000  -3.6192   0.0000   0.0000   0.0000   0.2969
  10.000   1.3883   0.02951   0.02159  -0.0764  0.2682  1.0000  -3.8629   0.0000   0.0000   0.0000   0.2914


