xflr5 v6.61

 Calculated polar for: peg24_15_revT

 1 1 Reynolds number fixed          Mach number fixed         

 xtrf =   1.000 (top)        1.000 (bottom)
 Mach =   0.000     Re =     0.430 e 6     Ncrit =   9.000

  alpha     CL        CD       CDp       Cm    Top Xtr Bot Xtr   Cpmin    Chinge    XCp    
 ------- -------- --------- --------- -------- ------- ------- -------- --------- ---------
   0.000   0.3230   0.00722   0.00254  -0.0702  0.7336  0.8127  -0.6225   0.0000   0.0000   0.0000   0.4662
   0.500   0.3763   0.00722   0.00256  -0.0692  0.7165  0.8471  -0.6722   0.0000   0.0000   0.0000   0.4321
   1.000   0.4276   0.00722   0.00255  -0.0676  0.6979  0.8802  -0.7252   0.0000   0.0000   0.0000   0.4058
   1.500   0.4771   0.00720   0.00253  -0.0656  0.6771  0.9150  -0.7802   0.0000   0.0000   0.0000   0.3847
   2.000   0.5303   0.00719   0.00252  -0.0645  0.6543  0.9538  -0.8434   0.0000   0.0000   0.0000   0.3683
   2.500   0.6029   0.00726   0.00252  -0.0679  0.6275  0.9886  -0.9264   0.0000   0.0000   0.0000   0.3589
   3.000   0.6634   0.00746   0.00259  -0.0693  0.5971  1.0000  -1.0120   0.0000   0.0000   0.0000   0.3502
   3.500   0.7166   0.00772   0.00275  -0.0689  0.5648  1.0000  -1.1067   0.0000   0.0000   0.0000   0.3416
   4.000   0.7693   0.00808   0.00297  -0.0685  0.5280  1.0000  -1.2185   0.0000   0.0000   0.0000   0.3339
   4.500   0.8214   0.00852   0.00326  -0.0679  0.4904  1.0000  -1.3583   0.0000   0.0000   0.0000   0.3270
   5.000   0.8728   0.00902   0.00362  -0.0672  0.4480  1.0000  -1.5726   0.0000   0.0000   0.0000   0.3209
   5.500   0.9242   0.00956   0.00405  -0.0666  0.4090  1.0000  -1.9083   0.0000   0.0000   0.0000   0.3154
   6.000   0.9736   0.01025   0.00456  -0.0657  0.3625  1.0000  -2.2562   0.0000   0.0000   0.0000   0.3103
   6.500   1.0225   0.01100   0.00514  -0.0649  0.3160  1.0000  -2.6192   0.0000   0.0000   0.0000   0.3057
   7.000   1.0694   0.01191   0.00584  -0.0638  0.2632  1.0000  -2.9909   0.0000   0.0000   0.0000   0.3013
   7.500   1.1149   0.01295   0.00665  -0.0626  0.2092  1.0000  -3.3716   0.0000   0.0000   0.0000   0.2972
   8.000   1.1577   0.01420   0.00762  -0.0610  0.1549  1.0000  -3.7536   0.0000   0.0000   0.0000   0.2932
   8.500   1.1978   0.01563   0.00880  -0.0592  0.1082  1.0000  -4.1431   0.0000   0.0000   0.0000   0.2892
   9.000   1.2363   0.01709   0.01009  -0.0572  0.0760  1.0000  -4.5453   0.0000   0.0000   0.0000   0.2854
   9.500   1.2734   0.01853   0.01145  -0.0550  0.0547  1.0000  -4.9478   0.0000   0.0000   0.0000   0.2816
  10.000   1.3048   0.02014   0.01304  -0.0520  0.0385  1.0000  -5.3201   0.0000   0.0000   0.0000   0.2775


