xflr5 v6.61

 Calculated polar for: peg24_55_revT

 1 1 Reynolds number fixed          Mach number fixed         

 xtrf =   1.000 (top)        1.000 (bottom)
 Mach =   0.000     Re =     0.235 e 6     Ncrit =   9.000

  alpha     CL        CD       CDp       Cm    Top Xtr Bot Xtr   Cpmin    Chinge    XCp    
 ------- -------- --------- --------- -------- ------- ------- -------- --------- ---------
   0.000   0.4945   0.01184   0.00647  -0.1161  0.7730  0.8040  -0.7458   0.0000   0.0000   0.0000   0.4837
   0.500   0.5422   0.01157   0.00626  -0.1132  0.7611  0.8634  -0.7908   0.0000   0.0000   0.0000   0.4571
   1.000   0.5870   0.01139   0.00613  -0.1098  0.7495  0.9323  -0.8390   0.0000   0.0000   0.0000   0.4347
   1.500   0.6569   0.01112   0.00579  -0.1125  0.7355  1.0000  -0.9064   0.0000   0.0000   0.0000   0.4183
   2.000   0.7164   0.01117   0.00572  -0.1133  0.7218  1.0000  -0.9695   0.0000   0.0000   0.0000   0.4046
   2.500   0.7753   0.01108   0.00551  -0.1137  0.7058  1.0000  -1.0398   0.0000   0.0000   0.0000   0.3925
   3.000   0.8313   0.01114   0.00554  -0.1136  0.6879  1.0000  -1.1140   0.0000   0.0000   0.0000   0.3820
   3.500   0.8880   0.01116   0.00548  -0.1135  0.6693  1.0000  -1.1981   0.0000   0.0000   0.0000   0.3726
   4.000   0.9439   0.01121   0.00544  -0.1132  0.6478  1.0000  -1.2901   0.0000   0.0000   0.0000   0.3642
   4.500   0.9974   0.01133   0.00552  -0.1126  0.6214  1.0000  -1.3971   0.0000   0.0000   0.0000   0.3565
   5.000   1.0494   0.01158   0.00574  -0.1117  0.5909  1.0000  -1.5156   0.0000   0.0000   0.0000   0.3495
   5.500   1.0996   0.01194   0.00602  -0.1106  0.5547  1.0000  -1.6490   0.0000   0.0000   0.0000   0.3430
   6.000   1.1480   0.01251   0.00644  -0.1092  0.5167  1.0000  -1.8024   0.0000   0.0000   0.0000   0.3369
   6.500   1.1935   0.01322   0.00703  -0.1075  0.4735  1.0000  -1.9784   0.0000   0.0000   0.0000   0.3312
   7.000   1.2369   0.01409   0.00778  -0.1055  0.4317  1.0000  -2.1792   0.0000   0.0000   0.0000   0.3257
   7.500   1.2767   0.01513   0.00864  -0.1030  0.3893  1.0000  -2.4772   0.0000   0.0000   0.0000   0.3205
   8.000   1.3147   0.01622   0.00965  -0.1004  0.3478  1.0000  -2.7836   0.0000   0.0000   0.0000   0.3155
   8.500   1.3472   0.01755   0.01085  -0.0971  0.3085  1.0000  -3.0825   0.0000   0.0000   0.0000   0.3104
   9.000   1.3756   0.01890   0.01214  -0.0932  0.2709  1.0000  -3.3763   0.0000   0.0000   0.0000   0.3054
   9.500   1.3969   0.02071   0.01380  -0.0887  0.2353  1.0000  -3.6517   0.0000   0.0000   0.0000   0.3003
  10.000   1.4196   0.02261   0.01569  -0.0849  0.2012  1.0000  -3.9373   0.0000   0.0000   0.0000   0.2958


