xflr5 v6.61

 Calculated polar for: peg24_60_revT

 1 1 Reynolds number fixed          Mach number fixed         

 xtrf =   1.000 (top)        1.000 (bottom)
 Mach =   0.000     Re =     0.375 e 6     Ncrit =   9.000

  alpha     CL        CD       CDp       Cm    Top Xtr Bot Xtr   Cpmin    Chinge    XCp    
 ------- -------- --------- --------- -------- ------- ------- -------- --------- ---------
   0.000   0.5359   0.00893   0.00385  -0.1237  0.7424  0.7168  -0.7787   0.0000   0.0000   0.0000   0.4795
   0.500   0.5905   0.00883   0.00381  -0.1228  0.7321  0.7768  -0.8275   0.0000   0.0000   0.0000   0.4561
   1.000   0.6428   0.00877   0.00387  -0.1216  0.7200  0.8291  -0.8806   0.0000   0.0000   0.0000   0.4366
   1.500   0.6929   0.00861   0.00378  -0.1197  0.7073  0.8818  -0.9366   0.0000   0.0000   0.0000   0.4196
   2.000   0.7447   0.00841   0.00368  -0.1182  0.6930  0.9647  -0.9958   0.0000   0.0000   0.0000   0.4050
   2.500   0.8068   0.00845   0.00358  -0.1195  0.6772  1.0000  -1.0672   0.0000   0.0000   0.0000   0.3939
   3.000   0.8638   0.00854   0.00366  -0.1198  0.6590  1.0000  -1.1428   0.0000   0.0000   0.0000   0.3839
   3.500   0.9200   0.00869   0.00374  -0.1198  0.6388  1.0000  -1.2255   0.0000   0.0000   0.0000   0.3749
   4.000   0.9747   0.00889   0.00386  -0.1196  0.6139  1.0000  -1.3171   0.0000   0.0000   0.0000   0.3667
   4.500   1.0282   0.00918   0.00406  -0.1192  0.5854  1.0000  -1.4221   0.0000   0.0000   0.0000   0.3593
   5.000   1.0795   0.00960   0.00433  -0.1183  0.5499  1.0000  -1.5387   0.0000   0.0000   0.0000   0.3524
   5.500   1.1295   0.01012   0.00474  -0.1173  0.5134  1.0000  -1.6677   0.0000   0.0000   0.0000   0.3461
   6.000   1.1766   0.01082   0.00526  -0.1159  0.4702  1.0000  -1.8160   0.0000   0.0000   0.0000   0.3401
   6.500   1.2229   0.01156   0.00587  -0.1145  0.4294  1.0000  -1.9834   0.0000   0.0000   0.0000   0.3345
   7.500   1.3079   0.01342   0.00744  -0.1106  0.3468  1.0000  -2.4426   0.0000   0.0000   0.0000   0.3241
   8.000   1.3457   0.01455   0.00839  -0.1080  0.3081  1.0000  -2.7463   0.0000   0.0000   0.0000   0.3191
   8.500   1.3813   0.01567   0.00943  -0.1051  0.2712  1.0000  -3.0543   0.0000   0.0000   0.0000   0.3142
   9.500   1.4378   0.01857   0.01210  -0.0976  0.2039  1.0000  -3.6472   0.0000   0.0000   0.0000   0.3045
  10.000   1.4617   0.02042   0.01386  -0.0939  0.1726  1.0000  -3.9390   0.0000   0.0000   0.0000   0.3000


