xflr5 v6.61

 Calculated polar for: peg24_35_revT

 1 1 Reynolds number fixed          Mach number fixed         

 xtrf =   1.000 (top)        1.000 (bottom)
 Mach =   0.000     Re =     0.475 e 6     Ncrit =   9.000

  alpha     CL        CD       CDp       Cm    Top Xtr Bot Xtr   Cpmin    Chinge    XCp    
 ------- -------- --------- --------- -------- ------- ------- -------- --------- ---------
   0.000   0.4209   0.00733   0.00256  -0.0946  0.7280  0.7612  -0.6925   0.0000   0.0000   0.0000   0.4734
   0.500   0.4751   0.00724   0.00259  -0.0938  0.7144  0.8038  -0.7435   0.0000   0.0000   0.0000   0.4455
   1.000   0.5284   0.00725   0.00260  -0.0928  0.6993  0.8437  -0.7974   0.0000   0.0000   0.0000   0.4231
   1.500   0.5800   0.00718   0.00260  -0.0914  0.6819  0.8820  -0.8534   0.0000   0.0000   0.0000   0.4045
   2.500   0.6954   0.00711   0.00257  -0.0913  0.6420  1.0000  -0.9902   0.0000   0.0000   0.0000   0.3773
   3.000   0.7518   0.00730   0.00265  -0.0916  0.6165  1.0000  -1.0677   0.0000   0.0000   0.0000   0.3674
   3.500   0.8070   0.00755   0.00279  -0.0916  0.5868  1.0000  -1.1549   0.0000   0.0000   0.0000   0.3585
   4.000   0.8608   0.00789   0.00299  -0.0912  0.5531  1.0000  -1.2567   0.0000   0.0000   0.0000   0.3505
   4.500   0.9133   0.00833   0.00328  -0.0907  0.5163  1.0000  -1.3736   0.0000   0.0000   0.0000   0.3433
   5.000   0.9651   0.00882   0.00363  -0.0901  0.4757  1.0000  -1.5107   0.0000   0.0000   0.0000   0.3368
   5.500   1.0157   0.00941   0.00407  -0.0894  0.4348  1.0000  -1.6817   0.0000   0.0000   0.0000   0.3309
   6.000   1.0654   0.01007   0.00458  -0.0885  0.3937  1.0000  -1.9451   0.0000   0.0000   0.0000   0.3254
   6.500   1.1140   0.01079   0.00516  -0.0876  0.3503  1.0000  -2.2790   0.0000   0.0000   0.0000   0.3203
   7.000   1.1609   0.01164   0.00583  -0.0864  0.3073  1.0000  -2.6229   0.0000   0.0000   0.0000   0.3155
   7.500   1.2059   0.01260   0.00660  -0.0850  0.2631  1.0000  -2.9751   0.0000   0.0000   0.0000   0.3109
   8.000   1.2487   0.01368   0.00747  -0.0833  0.2172  1.0000  -3.3336   0.0000   0.0000   0.0000   0.3065
   8.500   1.2887   0.01491   0.00850  -0.0813  0.1723  1.0000  -3.6937   0.0000   0.0000   0.0000   0.3022
   9.000   1.3251   0.01630   0.00968  -0.0789  0.1309  1.0000  -4.0508   0.0000   0.0000   0.0000   0.2979
   9.500   1.3572   0.01774   0.01098  -0.0757  0.0993  1.0000  -4.4008   0.0000   0.0000   0.0000   0.2935
  10.000   1.3847   0.01939   0.01252  -0.0721  0.0761  1.0000  -4.7520   0.0000   0.0000   0.0000   0.2890


