xflr5 v6.61

 Calculated polar for: peg24_40_revT

 1 1 Reynolds number fixed          Mach number fixed         

 xtrf =   1.000 (top)        1.000 (bottom)
 Mach =   0.000     Re =     0.240 e 6     Ncrit =   9.000

  alpha     CL        CD       CDp       Cm    Top Xtr Bot Xtr   Cpmin    Chinge    XCp    
 ------- -------- --------- --------- -------- ------- ------- -------- --------- ---------
   0.000   0.4239   0.01083   0.00557  -0.0976  0.7746  0.8431  -0.6937   0.0000   0.0000   0.0000   0.4792
   0.500   0.4696   0.01063   0.00540  -0.0943  0.7614  0.8955  -0.7392   0.0000   0.0000   0.0000   0.4491
   1.000   0.5232   0.01044   0.00522  -0.0928  0.7477  0.9544  -0.7921   0.0000   0.0000   0.0000   0.4251
   1.500   0.5979   0.01023   0.00489  -0.0966  0.7325  1.0000  -0.8629   0.0000   0.0000   0.0000   0.4087
   2.000   0.6542   0.01030   0.00487  -0.0970  0.7150  1.0000  -0.9253   0.0000   0.0000   0.0000   0.3948
   2.500   0.7118   0.01032   0.00477  -0.0972  0.6976  1.0000  -0.9964   0.0000   0.0000   0.0000   0.3826
   3.000   0.7681   0.01035   0.00470  -0.0971  0.6773  1.0000  -1.0721   0.0000   0.0000   0.0000   0.3720
   3.500   0.8228   0.01044   0.00476  -0.0967  0.6541  1.0000  -1.1582   0.0000   0.0000   0.0000   0.3626
   4.000   0.8771   0.01058   0.00483  -0.0962  0.6276  1.0000  -1.2555   0.0000   0.0000   0.0000   0.3542
   4.500   0.9304   0.01083   0.00497  -0.0956  0.5978  1.0000  -1.3703   0.0000   0.0000   0.0000   0.3467
   5.000   0.9818   0.01116   0.00526  -0.0947  0.5623  1.0000  -1.4968   0.0000   0.0000   0.0000   0.3398
   5.500   1.0318   0.01165   0.00562  -0.0936  0.5241  1.0000  -1.6515   0.0000   0.0000   0.0000   0.3335
   6.000   1.0799   0.01226   0.00613  -0.0922  0.4818  1.0000  -1.8360   0.0000   0.0000   0.0000   0.3276
   6.500   1.1259   0.01305   0.00674  -0.0906  0.4396  1.0000  -2.1187   0.0000   0.0000   0.0000   0.3221
   7.000   1.1706   0.01388   0.00750  -0.0890  0.3963  1.0000  -2.4414   0.0000   0.0000   0.0000   0.3169
   7.500   1.2128   0.01487   0.00836  -0.0870  0.3526  1.0000  -2.7694   0.0000   0.0000   0.0000   0.3120
   8.000   1.2515   0.01604   0.00936  -0.0846  0.3095  1.0000  -3.0977   0.0000   0.0000   0.0000   0.3072
   8.500   1.2879   0.01727   0.01052  -0.0819  0.2665  1.0000  -3.4288   0.0000   0.0000   0.0000   0.3025
   9.000   1.3199   0.01868   0.01182  -0.0788  0.2253  1.0000  -3.7532   0.0000   0.0000   0.0000   0.2979
   9.500   1.3440   0.02041   0.01341  -0.0746  0.1865  1.0000  -4.0536   0.0000   0.0000   0.0000   0.2930
  10.000   1.3641   0.02253   0.01539  -0.0705  0.1490  1.0000  -4.3419   0.0000   0.0000   0.0000   0.2884


