xflr5 v6.61

 Calculated polar for: peg24_25_revT

 1 1 Reynolds number fixed          Mach number fixed         

 xtrf =   1.000 (top)        1.000 (bottom)
 Mach =   0.000     Re =     0.485 e 6     Ncrit =   9.000

  alpha     CL        CD       CDp       Cm    Top Xtr Bot Xtr   Cpmin    Chinge    XCp    
 ------- -------- --------- --------- -------- ------- ------- -------- --------- ---------
   0.000   0.3730   0.00704   0.00239  -0.0826  0.7262  0.7807  -0.6576   0.0000   0.0000   0.0000   0.4703
   0.500   0.4273   0.00700   0.00240  -0.0819  0.7106  0.8186  -0.7089   0.0000   0.0000   0.0000   0.4397
   1.000   0.4803   0.00700   0.00242  -0.0808  0.6937  0.8540  -0.7628   0.0000   0.0000   0.0000   0.4158
   1.500   0.5314   0.00701   0.00242  -0.0793  0.6745  0.8895  -0.8182   0.0000   0.0000   0.0000   0.3962
   2.000   0.5810   0.00697   0.00243  -0.0774  0.6536  0.9306  -0.8785   0.0000   0.0000   0.0000   0.3798
   2.500   0.6449   0.00698   0.00243  -0.0788  0.6294  0.9796  -0.9543   0.0000   0.0000   0.0000   0.3683
   3.000   0.7067   0.00718   0.00249  -0.0803  0.6004  1.0000  -1.0395   0.0000   0.0000   0.0000   0.3592
   3.500   0.7612   0.00746   0.00265  -0.0801  0.5692  1.0000  -1.1275   0.0000   0.0000   0.0000   0.3505
   4.000   0.8149   0.00780   0.00287  -0.0799  0.5332  1.0000  -1.2383   0.0000   0.0000   0.0000   0.3427
   4.500   0.8672   0.00826   0.00317  -0.0793  0.4957  1.0000  -1.3581   0.0000   0.0000   0.0000   0.3357
   5.000   0.9193   0.00875   0.00352  -0.0788  0.4537  1.0000  -1.5189   0.0000   0.0000   0.0000   0.3294
   5.500   0.9701   0.00934   0.00396  -0.0781  0.4138  1.0000  -1.7688   0.0000   0.0000   0.0000   0.3236
   6.000   1.0204   0.00997   0.00445  -0.0774  0.3704  1.0000  -2.1058   0.0000   0.0000   0.0000   0.3184
   6.500   1.0695   0.01069   0.00502  -0.0765  0.3261  1.0000  -2.4563   0.0000   0.0000   0.0000   0.3135
   7.000   1.1170   0.01154   0.00569  -0.0755  0.2801  1.0000  -2.8173   0.0000   0.0000   0.0000   0.3089
   7.500   1.1622   0.01256   0.00647  -0.0742  0.2282  1.0000  -3.1847   0.0000   0.0000   0.0000   0.3046
   8.000   1.2055   0.01369   0.00737  -0.0727  0.1801  1.0000  -3.5588   0.0000   0.0000   0.0000   0.3004
   8.500   1.2457   0.01503   0.00846  -0.0708  0.1328  1.0000  -3.9319   0.0000   0.0000   0.0000   0.2962
   9.000   1.2838   0.01642   0.00965  -0.0686  0.0966  1.0000  -4.3159   0.0000   0.0000   0.0000   0.2922
   9.500   1.3197   0.01784   0.01097  -0.0661  0.0715  1.0000  -4.7079   0.0000   0.0000   0.0000   0.2881
  10.000   1.3500   0.01937   0.01243  -0.0629  0.0533  1.0000  -5.0822   0.0000   0.0000   0.0000   0.2839


