xflr5 v6.61

 Calculated polar for: peg24_60_revT

 1 1 Reynolds number fixed          Mach number fixed         

 xtrf =   1.000 (top)        1.000 (bottom)
 Mach =   0.000     Re =     0.445 e 6     Ncrit =   9.000

  alpha     CL        CD       CDp       Cm    Top Xtr Bot Xtr   Cpmin    Chinge    XCp    
 ------- -------- --------- --------- -------- ------- ------- -------- --------- ---------
   0.000   0.5395   0.00815   0.00314  -0.1239  0.7326  0.6888  -0.7819   0.0000   0.0000   0.0000   0.4784
   0.500   0.5943   0.00810   0.00323  -0.1234  0.7218  0.7534  -0.8305   0.0000   0.0000   0.0000   0.4556
   1.000   0.6485   0.00800   0.00322  -0.1225  0.7095  0.8045  -0.8851   0.0000   0.0000   0.0000   0.4364
   1.500   0.7012   0.00797   0.00325  -0.1214  0.6968  0.8529  -0.9429   0.0000   0.0000   0.0000   0.4200
   2.000   0.7497   0.00781   0.00320  -0.1193  0.6818  0.9088  -1.0001   0.0000   0.0000   0.0000   0.4054
   2.500   0.8088   0.00773   0.00315  -0.1197  0.6658  1.0000  -1.0697   0.0000   0.0000   0.0000   0.3937
   3.000   0.8664   0.00788   0.00318  -0.1201  0.6476  1.0000  -1.1459   0.0000   0.0000   0.0000   0.3837
   3.500   0.9223   0.00805   0.00327  -0.1201  0.6249  1.0000  -1.2288   0.0000   0.0000   0.0000   0.3748
   4.000   0.9769   0.00830   0.00343  -0.1199  0.5985  1.0000  -1.3202   0.0000   0.0000   0.0000   0.3667
   4.500   1.0302   0.00863   0.00367  -0.1195  0.5681  1.0000  -1.4254   0.0000   0.0000   0.0000   0.3594
   5.000   1.0818   0.00907   0.00400  -0.1187  0.5310  1.0000  -1.5427   0.0000   0.0000   0.0000   0.3526
   5.500   1.1308   0.00969   0.00443  -0.1177  0.4922  1.0000  -1.6712   0.0000   0.0000   0.0000   0.3463
   6.000   1.1792   0.01034   0.00495  -0.1165  0.4499  1.0000  -1.8217   0.0000   0.0000   0.0000   0.3404
   6.500   1.2253   0.01113   0.00556  -0.1151  0.4089  1.0000  -1.9898   0.0000   0.0000   0.0000   0.3348
   7.000   1.2696   0.01200   0.00628  -0.1134  0.3673  1.0000  -2.1874   0.0000   0.0000   0.0000   0.3296
   7.500   1.3122   0.01293   0.00707  -0.1115  0.3277  1.0000  -2.4645   0.0000   0.0000   0.0000   0.3245
   8.000   1.3515   0.01400   0.00798  -0.1092  0.2891  1.0000  -2.7748   0.0000   0.0000   0.0000   0.3196
   8.500   1.3880   0.01511   0.00898  -0.1064  0.2531  1.0000  -3.0875   0.0000   0.0000   0.0000   0.3148
   9.000   1.4188   0.01640   0.01014  -0.1029  0.2189  1.0000  -3.3910   0.0000   0.0000   0.0000   0.3099
   9.500   1.4461   0.01794   0.01155  -0.0991  0.1871  1.0000  -3.6903   0.0000   0.0000   0.0000   0.3051
  10.000   1.4724   0.01962   0.01316  -0.0955  0.1570  1.0000  -3.9933   0.0000   0.0000   0.0000   0.3007


