xflr5 v6.61

 Calculated polar for: peg24_25_revT

 1 1 Reynolds number fixed          Mach number fixed         

 xtrf =   1.000 (top)        1.000 (bottom)
 Mach =   0.000     Re =     0.205 e 6     Ncrit =   9.000

  alpha     CL        CD       CDp       Cm    Top Xtr Bot Xtr   Cpmin    Chinge    XCp    
 ------- -------- --------- --------- -------- ------- ------- -------- --------- ---------
   0.000   0.3403   0.01124   0.00588  -0.0767  0.7892  0.9009  -0.6343   0.0000   0.0000   0.0000   0.4746
   0.500   0.3939   0.01111   0.00571  -0.0750  0.7747  0.9499  -0.6844   0.0000   0.0000   0.0000   0.4389
   1.000   0.4815   0.01082   0.00530  -0.0809  0.7589  0.9889  -0.7586   0.0000   0.0000   0.0000   0.4158
   1.500   0.5425   0.01078   0.00518  -0.0825  0.7399  1.0000  -0.8198   0.0000   0.0000   0.0000   0.3994
   2.000   0.5936   0.01080   0.00507  -0.0817  0.7209  1.0000  -0.8810   0.0000   0.0000   0.0000   0.3844
   2.500   0.6487   0.01081   0.00494  -0.0814  0.7007  1.0000  -0.9505   0.0000   0.0000   0.0000   0.3717
   3.000   0.7026   0.01087   0.00493  -0.0808  0.6772  1.0000  -1.0290   0.0000   0.0000   0.0000   0.3608
   3.500   0.7565   0.01098   0.00496  -0.0802  0.6513  1.0000  -1.1158   0.0000   0.0000   0.0000   0.3514
   4.000   0.8098   0.01115   0.00505  -0.0795  0.6222  1.0000  -1.2245   0.0000   0.0000   0.0000   0.3430
   4.500   0.8618   0.01140   0.00529  -0.0786  0.5885  1.0000  -1.3424   0.0000   0.0000   0.0000   0.3356
   5.000   0.9130   0.01177   0.00554  -0.0776  0.5514  1.0000  -1.4972   0.0000   0.0000   0.0000   0.3288
   5.500   0.9629   0.01227   0.00595  -0.0765  0.5117  1.0000  -1.6966   0.0000   0.0000   0.0000   0.3226
   6.000   1.0108   0.01293   0.00644  -0.0750  0.4686  1.0000  -2.0181   0.0000   0.0000   0.0000   0.3169
   6.500   1.0580   0.01363   0.00709  -0.0736  0.4254  1.0000  -2.3522   0.0000   0.0000   0.0000   0.3117
   7.000   1.1027   0.01449   0.00785  -0.0720  0.3798  1.0000  -2.6936   0.0000   0.0000   0.0000   0.3067
   7.500   1.1451   0.01550   0.00873  -0.0700  0.3335  1.0000  -3.0400   0.0000   0.0000   0.0000   0.3019
   8.000   1.1845   0.01668   0.00976  -0.0678  0.2863  1.0000  -3.3876   0.0000   0.0000   0.0000   0.2974
   8.500   1.2208   0.01805   0.01100  -0.0653  0.2380  1.0000  -3.7323   0.0000   0.0000   0.0000   0.2929
   9.000   1.2527   0.01966   0.01247  -0.0623  0.1889  1.0000  -4.0665   0.0000   0.0000   0.0000   0.2885
   9.500   1.2765   0.02162   0.01425  -0.0583  0.1421  1.0000  -4.3711   0.0000   0.0000   0.0000   0.2837
  10.000   1.2939   0.02405   0.01649  -0.0540  0.1055  1.0000  -4.6486   0.0000   0.0000   0.0000   0.2791


