xflr5 v6.61

 Calculated polar for: peg24_15_revT

 1 1 Reynolds number fixed          Mach number fixed         

 xtrf =   1.000 (top)        1.000 (bottom)
 Mach =   0.000     Re =     0.475 e 6     Ncrit =   9.000

  alpha     CL        CD       CDp       Cm    Top Xtr Bot Xtr   Cpmin    Chinge    XCp    
 ------- -------- --------- --------- -------- ------- ------- -------- --------- ---------
   0.000   0.3248   0.00694   0.00231  -0.0706  0.7263  0.8009  -0.6237   0.0000   0.0000   0.0000   0.4662
   0.500   0.3783   0.00690   0.00232  -0.0696  0.7089  0.8346  -0.6736   0.0000   0.0000   0.0000   0.4322
   1.000   0.4308   0.00691   0.00235  -0.0684  0.6898  0.8678  -0.7274   0.0000   0.0000   0.0000   0.4065
   1.500   0.4821   0.00694   0.00236  -0.0670  0.6695  0.9009  -0.7835   0.0000   0.0000   0.0000   0.3860
   2.000   0.5316   0.00694   0.00237  -0.0650  0.6463  0.9384  -0.8445   0.0000   0.0000   0.0000   0.3690
   2.500   0.5959   0.00700   0.00238  -0.0665  0.6194  0.9763  -0.9213   0.0000   0.0000   0.0000   0.3579
   3.000   0.6639   0.00717   0.00245  -0.0693  0.5874  1.0000  -1.0128   0.0000   0.0000   0.0000   0.3502
   3.500   0.7168   0.00747   0.00260  -0.0690  0.5540  1.0000  -1.1074   0.0000   0.0000   0.0000   0.3416
   4.000   0.7695   0.00785   0.00283  -0.0685  0.5176  1.0000  -1.2192   0.0000   0.0000   0.0000   0.3339
   4.500   0.8221   0.00826   0.00312  -0.0681  0.4786  1.0000  -1.3600   0.0000   0.0000   0.0000   0.3272
   5.000   0.8736   0.00878   0.00348  -0.0675  0.4375  1.0000  -1.5791   0.0000   0.0000   0.0000   0.3211
   5.500   0.9251   0.00932   0.00390  -0.0669  0.3972  1.0000  -1.9163   0.0000   0.0000   0.0000   0.3157
   6.000   0.9753   0.00997   0.00439  -0.0661  0.3511  1.0000  -2.2676   0.0000   0.0000   0.0000   0.3106
   6.500   1.0243   0.01072   0.00497  -0.0653  0.3038  1.0000  -2.6323   0.0000   0.0000   0.0000   0.3060
   7.000   1.0711   0.01168   0.00567  -0.0642  0.2474  1.0000  -3.0047   0.0000   0.0000   0.0000   0.3016
   7.500   1.1164   0.01275   0.00648  -0.0630  0.1952  1.0000  -3.3854   0.0000   0.0000   0.0000   0.2975
   8.000   1.1598   0.01397   0.00744  -0.0615  0.1433  1.0000  -3.7709   0.0000   0.0000   0.0000   0.2935
   8.500   1.2010   0.01531   0.00857  -0.0598  0.1002  1.0000  -4.1729   0.0000   0.0000   0.0000   0.2896
   9.000   1.2408   0.01668   0.00978  -0.0579  0.0709  1.0000  -4.5831   0.0000   0.0000   0.0000   0.2858
   9.500   1.2779   0.01814   0.01114  -0.0557  0.0500  1.0000  -4.9876   0.0000   0.0000   0.0000   0.2820
  10.000   1.3097   0.01976   0.01271  -0.0528  0.0342  1.0000  -5.3637   0.0000   0.0000   0.0000   0.2780


