xflr5 v6.61

 Calculated polar for: peg24_75_revT

 1 1 Reynolds number fixed          Mach number fixed         

 xtrf =   1.000 (top)        1.000 (bottom)
 Mach =   0.000     Re =     0.440 e 6     Ncrit =   9.000

  alpha     CL        CD       CDp       Cm    Top Xtr Bot Xtr   Cpmin    Chinge    XCp    
 ------- -------- --------- --------- -------- ------- ------- -------- --------- ---------
   0.000   0.6102   0.00871   0.00347  -0.1412  0.7322  0.6224  -0.8367   0.0000   0.0000   0.0000   0.4801
   0.500   0.6657   0.00863   0.00361  -0.1409  0.7230  0.7014  -0.8853   0.0000   0.0000   0.0000   0.4596
   1.000   0.7208   0.00850   0.00361  -0.1403  0.7119  0.7646  -0.9392   0.0000   0.0000   0.0000   0.4420
   1.500   0.7750   0.00848   0.00364  -0.1396  0.7008  0.8202  -0.9975   0.0000   0.0000   0.0000   0.4268
   2.500   0.8781   0.00813   0.00350  -0.1367  0.6742  1.0000  -1.1206   0.0000   0.0000   0.0000   0.4012
   3.000   0.9356   0.00821   0.00356  -0.1371  0.6580  1.0000  -1.1957   0.0000   0.0000   0.0000   0.3915
   3.500   0.9922   0.00837   0.00365  -0.1373  0.6406  1.0000  -1.2742   0.0000   0.0000   0.0000   0.3827
   4.000   1.0473   0.00857   0.00376  -0.1372  0.6182  1.0000  -1.3661   0.0000   0.0000   0.0000   0.3747
   4.500   1.1010   0.00884   0.00396  -0.1368  0.5924  1.0000  -1.4628   0.0000   0.0000   0.0000   0.3673
   5.000   1.1526   0.00922   0.00424  -0.1360  0.5591  1.0000  -1.5746   0.0000   0.0000   0.0000   0.3605
   5.500   1.2018   0.00977   0.00463  -0.1349  0.5226  1.0000  -1.6940   0.0000   0.0000   0.0000   0.3541
   6.000   1.2490   0.01043   0.00514  -0.1336  0.4825  1.0000  -1.8277   0.0000   0.0000   0.0000   0.3480
   6.500   1.2927   0.01128   0.00579  -0.1316  0.4403  1.0000  -1.9725   0.0000   0.0000   0.0000   0.3423
   7.000   1.3359   0.01212   0.00651  -0.1297  0.3997  1.0000  -2.1324   0.0000   0.0000   0.0000   0.3368
   7.500   1.3741   0.01319   0.00739  -0.1271  0.3597  1.0000  -2.3087   0.0000   0.0000   0.0000   0.3315
   8.000   1.4112   0.01422   0.00832  -0.1243  0.3225  1.0000  -2.5066   0.0000   0.0000   0.0000   0.3263
   8.500   1.4412   0.01545   0.00941  -0.1204  0.2885  1.0000  -2.7360   0.0000   0.0000   0.0000   0.3211
   9.000   1.4691   0.01687   0.01072  -0.1165  0.2568  1.0000  -3.0033   0.0000   0.0000   0.0000   0.3161
   9.500   1.4961   0.01843   0.01220  -0.1129  0.2265  1.0000  -3.2823   0.0000   0.0000   0.0000   0.3114
  10.000   1.5201   0.02029   0.01399  -0.1092  0.1976  1.0000  -3.5584   0.0000   0.0000   0.0000   0.3069


