xflr5 v6.61

 Calculated polar for: peg24_45_revT

 1 1 Reynolds number fixed          Mach number fixed         

 xtrf =   1.000 (top)        1.000 (bottom)
 Mach =   0.000     Re =     0.070 e 6     Ncrit =   9.000

  alpha     CL        CD       CDp       Cm    Top Xtr Bot Xtr   Cpmin    Chinge    XCp    
 ------- -------- --------- --------- -------- ------- ------- -------- --------- ---------
   0.000   0.2188   0.02951   0.02165  -0.0852  0.8833  1.0000  -0.5359   0.0000   0.0000   0.0000   0.6401
   0.500   0.3132   0.03075   0.02251  -0.0930  0.8671  1.0000  -0.6013   0.0000   0.0000   0.0000   0.5459
   1.000   0.3629   0.03181   0.02335  -0.0935  0.8437  1.0000  -0.6424   0.0000   0.0000   0.0000   0.5060
   1.500   0.4189   0.03303   0.02441  -0.0947  0.8206  1.0000  -0.6906   0.0000   0.0000   0.0000   0.4736
   2.000   0.4804   0.03416   0.02543  -0.0963  0.7986  1.0000  -0.7473   0.0000   0.0000   0.0000   0.4474
   2.500   0.5734   0.03420   0.02541  -0.1010  0.7827  1.0000  -0.8353   0.0000   0.0000   0.0000   0.4225
   3.000   0.6237   0.03502   0.02621  -0.1003  0.7575  1.0000  -0.8950   0.0000   0.0000   0.0000   0.4066
   3.500   0.6770   0.03569   0.02691  -0.0997  0.7326  1.0000  -0.9622   0.0000   0.0000   0.0000   0.3925
   4.000   0.7334   0.03605   0.02734  -0.0990  0.7080  1.0000  -1.0425   0.0000   0.0000   0.0000   0.3797
   4.500   0.7916   0.03609   0.02748  -0.0980  0.6839  1.0000  -1.1325   0.0000   0.0000   0.0000   0.3681
   6.500   1.0616   0.03052   0.02253  -0.0930  0.5876  1.0000  -1.7621   0.0000   0.0000   0.0000   0.3295
   7.000   1.1292   0.02890   0.02099  -0.0915  0.5543  1.0000  -2.0046   0.0000   0.0000   0.0000   0.3223
   7.500   1.1950   0.02783   0.01989  -0.0903  0.5161  1.0000  -2.3710   0.0000   0.0000   0.0000   0.3161
   8.000   1.2443   0.02799   0.01999  -0.0876  0.4707  1.0000  -2.7021   0.0000   0.0000   0.0000   0.3103
   8.500   1.2841   0.02897   0.02099  -0.0843  0.4236  1.0000  -3.0192   0.0000   0.0000   0.0000   0.3048
   9.000   1.3203   0.03027   0.02220  -0.0807  0.3755  1.0000  -3.3327   0.0000   0.0000   0.0000   0.2995
   9.500   1.3497   0.03199   0.02379  -0.0765  0.3273  1.0000  -3.6274   0.0000   0.0000   0.0000   0.2943
  10.000   1.3733   0.03417   0.02578  -0.0719  0.2808  1.0000  -3.9020   0.0000   0.0000   0.0000   0.2892


