xflr5 v6.61

 Calculated polar for: peg24_15_revT

 1 1 Reynolds number fixed          Mach number fixed         

 xtrf =   1.000 (top)        1.000 (bottom)
 Mach =   0.000     Re =     0.275 e 6     Ncrit =   9.000

  alpha     CL        CD       CDp       Cm    Top Xtr Bot Xtr   Cpmin    Chinge    XCp    
 ------- -------- --------- --------- -------- ------- ------- -------- --------- ---------
   0.000   0.3098   0.00906   0.00405  -0.0675  0.7676  0.8693  -0.6131   0.0000   0.0000   0.0000   0.4670
   0.500   0.3577   0.00901   0.00394  -0.0648  0.7516  0.9077  -0.6599   0.0000   0.0000   0.0000   0.4295
   1.000   0.4102   0.00888   0.00379  -0.0632  0.7332  0.9473  -0.7131   0.0000   0.0000   0.0000   0.4017
   1.500   0.4868   0.00881   0.00366  -0.0671  0.7127  0.9793  -0.7849   0.0000   0.0000   0.0000   0.3850
   2.000   0.5644   0.00877   0.00353  -0.0717  0.6903  1.0000  -0.8653   0.0000   0.0000   0.0000   0.3739
   2.500   0.6113   0.00887   0.00352  -0.0703  0.6663  1.0000  -0.9301   0.0000   0.0000   0.0000   0.3613
   3.000   0.6630   0.00902   0.00358  -0.0696  0.6394  1.0000  -1.0086   0.0000   0.0000   0.0000   0.3508
   3.500   0.7156   0.00923   0.00368  -0.0690  0.6088  1.0000  -1.1022   0.0000   0.0000   0.0000   0.3418
   4.000   0.7679   0.00953   0.00385  -0.0682  0.5756  1.0000  -1.2136   0.0000   0.0000   0.0000   0.3338
   4.500   0.8196   0.00991   0.00413  -0.0675  0.5390  1.0000  -1.3515   0.0000   0.0000   0.0000   0.3268
   5.000   0.8702   0.01039   0.00448  -0.0665  0.4990  1.0000  -1.5417   0.0000   0.0000   0.0000   0.3204
   5.500   0.9202   0.01094   0.00493  -0.0656  0.4569  1.0000  -1.8693   0.0000   0.0000   0.0000   0.3147
   6.000   0.9688   0.01162   0.00547  -0.0644  0.4150  1.0000  -2.2095   0.0000   0.0000   0.0000   0.3094
   6.500   1.0163   0.01237   0.00608  -0.0632  0.3679  1.0000  -2.5626   0.0000   0.0000   0.0000   0.3045
   7.000   1.0628   0.01321   0.00682  -0.0620  0.3208  1.0000  -2.9272   0.0000   0.0000   0.0000   0.3000
   7.500   1.1073   0.01419   0.00767  -0.0605  0.2723  1.0000  -3.2982   0.0000   0.0000   0.0000   0.2957
   8.000   1.1482   0.01546   0.00870  -0.0587  0.2178  1.0000  -3.6669   0.0000   0.0000   0.0000   0.2915
   8.500   1.1863   0.01694   0.00994  -0.0566  0.1599  1.0000  -4.0335   0.0000   0.0000   0.0000   0.2875
   9.000   1.2189   0.01879   0.01148  -0.0539  0.1096  1.0000  -4.3824   0.0000   0.0000   0.0000   0.2834
   9.500   1.2489   0.02068   0.01322  -0.0509  0.0778  1.0000  -4.7383   0.0000   0.0000   0.0000   0.2792
  10.000   1.2743   0.02262   0.01518  -0.0473  0.0580  1.0000  -5.0702   0.0000   0.0000   0.0000   0.2748


