xflr5 v6.61

 Calculated polar for: peg24_60_revT

 1 1 Reynolds number fixed          Mach number fixed         

 xtrf =   1.000 (top)        1.000 (bottom)
 Mach =   0.000     Re =     0.295 e 6     Ncrit =   9.000

  alpha     CL        CD       CDp       Cm    Top Xtr Bot Xtr   Cpmin    Chinge    XCp    
 ------- -------- --------- --------- -------- ------- ------- -------- --------- ---------
   0.000   0.5299   0.01028   0.00499  -0.1231  0.7579  0.7542  -0.7735   0.0000   0.0000   0.0000   0.4812
   0.500   0.5809   0.01024   0.00509  -0.1216  0.7464  0.8123  -0.8197   0.0000   0.0000   0.0000   0.4575
   1.000   0.6303   0.01002   0.00494  -0.1194  0.7347  0.8688  -0.8711   0.0000   0.0000   0.0000   0.4369
   1.500   0.6773   0.00982   0.00480  -0.1166  0.7225  0.9405  -0.9246   0.0000   0.0000   0.0000   0.4191
   2.000   0.7436   0.00967   0.00459  -0.1187  0.7082  1.0000  -0.9929   0.0000   0.0000   0.0000   0.4060
   2.500   0.8020   0.00974   0.00457  -0.1193  0.6928  1.0000  -1.0613   0.0000   0.0000   0.0000   0.3945
   3.000   0.8603   0.00978   0.00447  -0.1196  0.6762  1.0000  -1.1382   0.0000   0.0000   0.0000   0.3842
   3.500   0.9155   0.00986   0.00456  -0.1194  0.6565  1.0000  -1.2193   0.0000   0.0000   0.0000   0.3751
   4.000   0.9704   0.00999   0.00465  -0.1191  0.6336  1.0000  -1.3110   0.0000   0.0000   0.0000   0.3668
   4.500   1.0242   0.01020   0.00478  -0.1186  0.6070  1.0000  -1.4155   0.0000   0.0000   0.0000   0.3593
   5.000   1.0762   0.01051   0.00499  -0.1178  0.5758  1.0000  -1.5324   0.0000   0.0000   0.0000   0.3524
   5.500   1.1262   0.01097   0.00534  -0.1168  0.5399  1.0000  -1.6604   0.0000   0.0000   0.0000   0.3459
   6.000   1.1739   0.01158   0.00582  -0.1154  0.4998  1.0000  -1.8088   0.0000   0.0000   0.0000   0.3399
   6.500   1.2193   0.01234   0.00642  -0.1137  0.4578  1.0000  -1.9732   0.0000   0.0000   0.0000   0.3342
   7.000   1.2617   0.01326   0.00718  -0.1116  0.4156  1.0000  -2.1641   0.0000   0.0000   0.0000   0.3287
   7.500   1.3028   0.01422   0.00803  -0.1094  0.3743  1.0000  -2.4131   0.0000   0.0000   0.0000   0.3236
   8.000   1.3389   0.01540   0.00904  -0.1065  0.3342  1.0000  -2.7094   0.0000   0.0000   0.0000   0.3184
   8.500   1.3732   0.01657   0.01014  -0.1034  0.2964  1.0000  -3.0104   0.0000   0.0000   0.0000   0.3135
   9.000   1.3991   0.01806   0.01149  -0.0992  0.2607  1.0000  -3.2918   0.0000   0.0000   0.0000   0.3083
   9.500   1.4257   0.01963   0.01300  -0.0954  0.2271  1.0000  -3.5834   0.0000   0.0000   0.0000   0.3036
  10.000   1.4476   0.02160   0.01488  -0.0915  0.1946  1.0000  -3.8644   0.0000   0.0000   0.0000   0.2990


