xflr5 v6.61

 Calculated polar for: peg24_90_revT

 1 1 Reynolds number fixed          Mach number fixed         

 xtrf =   1.000 (top)        1.000 (bottom)
 Mach =   0.000     Re =     0.195 e 6     Ncrit =   9.000

  alpha     CL        CD       CDp       Cm    Top Xtr Bot Xtr   Cpmin    Chinge    XCp    
 ------- -------- --------- --------- -------- ------- ------- -------- --------- ---------
   0.000   0.6331   0.01730   0.01134  -0.1558  0.7725  0.6729  -0.8505   0.0000   0.0000   0.0000   0.4953
   0.500   0.6853   0.01699   0.01122  -0.1541  0.7634  0.7588  -0.8975   0.0000   0.0000   0.0000   0.4731
   1.000   0.7370   0.01641   0.01073  -0.1514  0.7568  0.8446  -0.9474   0.0000   0.0000   0.0000   0.4530
   1.500   0.7768   0.01639   0.01088  -0.1480  0.7430  1.0000  -0.9929   0.0000   0.0000   0.0000   0.4374
   2.000   0.8438   0.01599   0.01031  -0.1497  0.7340  1.0000  -1.0621   0.0000   0.0000   0.0000   0.4236
   2.500   0.9048   0.01591   0.01011  -0.1504  0.7233  1.0000  -1.1306   0.0000   0.0000   0.0000   0.4118
   3.000   0.9625   0.01574   0.00989  -0.1505  0.7100  1.0000  -1.2003   0.0000   0.0000   0.0000   0.4012
   3.500   1.0249   0.01538   0.00944  -0.1511  0.6986  1.0000  -1.2835   0.0000   0.0000   0.0000   0.3916
   4.000   1.0802   0.01522   0.00927  -0.1506  0.6825  1.0000  -1.3648   0.0000   0.0000   0.0000   0.3830
   4.500   1.1361   0.01510   0.00915  -0.1503  0.6665  1.0000  -1.4615   0.0000   0.0000   0.0000   0.3751
   5.000   1.1967   0.01472   0.00866  -0.1504  0.6495  1.0000  -1.5714   0.0000   0.0000   0.0000   0.3679
   5.500   1.2472   0.01470   0.00868  -0.1491  0.6260  1.0000  -1.6842   0.0000   0.0000   0.0000   0.3610
   6.000   1.2980   0.01479   0.00874  -0.1479  0.5994  1.0000  -1.8069   0.0000   0.0000   0.0000   0.3547
   6.500   1.3447   0.01509   0.00899  -0.1460  0.5666  1.0000  -1.9403   0.0000   0.0000   0.0000   0.3486
   7.000   1.3874   0.01565   0.00949  -0.1436  0.5295  1.0000  -2.0861   0.0000   0.0000   0.0000   0.3428
   7.500   1.4264   0.01649   0.01013  -0.1406  0.4898  1.0000  -2.2350   0.0000   0.0000   0.0000   0.3371
   8.000   1.4581   0.01759   0.01112  -0.1367  0.4487  1.0000  -2.3832   0.0000   0.0000   0.0000   0.3315
   8.500   1.4826   0.01897   0.01233  -0.1317  0.4106  1.0000  -2.5384   0.0000   0.0000   0.0000   0.3258
   9.000   1.5023   0.02056   0.01386  -0.1264  0.3740  1.0000  -2.7003   0.0000   0.0000   0.0000   0.3203
   9.500   1.5186   0.02253   0.01572  -0.1212  0.3400  1.0000  -2.8750   0.0000   0.0000   0.0000   0.3151
  10.000   1.5327   0.02486   0.01794  -0.1162  0.3086  1.0000  -3.0589   0.0000   0.0000   0.0000   0.3103


