xflr5 v6.61

 Calculated polar for: peg24_65_revT

 1 1 Reynolds number fixed          Mach number fixed         

 xtrf =   1.000 (top)        1.000 (bottom)
 Mach =   0.000     Re =     0.450 e 6     Ncrit =   9.000

  alpha     CL        CD       CDp       Cm    Top Xtr Bot Xtr   Cpmin    Chinge    XCp    
 ------- -------- --------- --------- -------- ------- ------- -------- --------- ---------
   0.000   0.5634   0.00827   0.00320  -0.1297  0.7316  0.6655  -0.8004   0.0000   0.0000   0.0000   0.4790
   0.500   0.6186   0.00821   0.00330  -0.1293  0.7214  0.7361  -0.8489   0.0000   0.0000   0.0000   0.4570
   1.000   0.6732   0.00810   0.00329  -0.1286  0.7096  0.7909  -0.9036   0.0000   0.0000   0.0000   0.4384
   1.500   0.7261   0.00806   0.00333  -0.1275  0.6976  0.8410  -0.9614   0.0000   0.0000   0.0000   0.4224
   2.000   0.7756   0.00791   0.00330  -0.1257  0.6831  0.8963  -1.0196   0.0000   0.0000   0.0000   0.4082
   2.500   0.8320   0.00779   0.00323  -0.1254  0.6680  1.0000  -1.0865   0.0000   0.0000   0.0000   0.3963
   3.000   0.8897   0.00793   0.00324  -0.1258  0.6503  1.0000  -1.1629   0.0000   0.0000   0.0000   0.3864
   3.500   0.9459   0.00808   0.00336  -0.1259  0.6292  1.0000  -1.2438   0.0000   0.0000   0.0000   0.3776
   4.000   1.0007   0.00831   0.00351  -0.1257  0.6039  1.0000  -1.3361   0.0000   0.0000   0.0000   0.3695
   4.500   1.0540   0.00865   0.00373  -0.1253  0.5748  1.0000  -1.4380   0.0000   0.0000   0.0000   0.3622
   5.000   1.1054   0.00909   0.00404  -0.1245  0.5391  1.0000  -1.5524   0.0000   0.0000   0.0000   0.3553
   5.500   1.1552   0.00964   0.00446  -0.1235  0.5011  1.0000  -1.6781   0.0000   0.0000   0.0000   0.3490
   6.000   1.2025   0.01034   0.00499  -0.1222  0.4588  1.0000  -1.8218   0.0000   0.0000   0.0000   0.3431
   6.500   1.2479   0.01114   0.00561  -0.1207  0.4171  1.0000  -1.9795   0.0000   0.0000   0.0000   0.3374
   7.000   1.2923   0.01198   0.00633  -0.1190  0.3770  1.0000  -2.1640   0.0000   0.0000   0.0000   0.3321
   8.000   1.3728   0.01399   0.00803  -0.1145  0.2995  1.0000  -2.6722   0.0000   0.0000   0.0000   0.3220
   8.500   1.4061   0.01518   0.00908  -0.1112  0.2637  1.0000  -2.9678   0.0000   0.0000   0.0000   0.3170
   9.000   1.4367   0.01647   0.01026  -0.1076  0.2307  1.0000  -3.2638   0.0000   0.0000   0.0000   0.3120
   9.500   1.4647   0.01796   0.01165  -0.1040  0.1995  1.0000  -3.5594   0.0000   0.0000   0.0000   0.3073
  10.000   1.4887   0.01979   0.01338  -0.1002  0.1696  1.0000  -3.8478   0.0000   0.0000   0.0000   0.3028


