xflr5 v6.61

 Calculated polar for: peg24_35_revT

 1 1 Reynolds number fixed          Mach number fixed         

 xtrf =   1.000 (top)        1.000 (bottom)
 Mach =   0.000     Re =     0.470 e 6     Ncrit =   9.000

  alpha     CL        CD       CDp       Cm    Top Xtr Bot Xtr   Cpmin    Chinge    XCp    
 ------- -------- --------- --------- -------- ------- ------- -------- --------- ---------
   0.000   0.4208   0.00735   0.00258  -0.0945  0.7288  0.7627  -0.6924   0.0000   0.0000   0.0000   0.4734
   0.500   0.4749   0.00727   0.00262  -0.0937  0.7152  0.8051  -0.7433   0.0000   0.0000   0.0000   0.4455
   1.000   0.5282   0.00729   0.00262  -0.0927  0.7000  0.8451  -0.7972   0.0000   0.0000   0.0000   0.4231
   1.500   0.5795   0.00721   0.00263  -0.0912  0.6826  0.8836  -0.8531   0.0000   0.0000   0.0000   0.4045
   2.000   0.6288   0.00716   0.00264  -0.0893  0.6644  0.9295  -0.9120   0.0000   0.0000   0.0000   0.3885
   2.500   0.6954   0.00714   0.00259  -0.0913  0.6429  1.0000  -0.9901   0.0000   0.0000   0.0000   0.3773
   3.000   0.7517   0.00733   0.00266  -0.0916  0.6174  1.0000  -1.0676   0.0000   0.0000   0.0000   0.3674
   3.500   0.8069   0.00758   0.00281  -0.0915  0.5879  1.0000  -1.1548   0.0000   0.0000   0.0000   0.3585
   4.000   0.8608   0.00792   0.00301  -0.0912  0.5543  1.0000  -1.2566   0.0000   0.0000   0.0000   0.3505
   4.500   0.9132   0.00836   0.00329  -0.0907  0.5173  1.0000  -1.3734   0.0000   0.0000   0.0000   0.3433
   5.000   0.9651   0.00884   0.00365  -0.0901  0.4771  1.0000  -1.5106   0.0000   0.0000   0.0000   0.3368
   5.500   1.0155   0.00944   0.00409  -0.0893  0.4360  1.0000  -1.6813   0.0000   0.0000   0.0000   0.3308
   6.000   1.0653   0.01009   0.00459  -0.0885  0.3950  1.0000  -1.9444   0.0000   0.0000   0.0000   0.3254
   6.500   1.1139   0.01082   0.00517  -0.0875  0.3516  1.0000  -2.2779   0.0000   0.0000   0.0000   0.3203
   7.000   1.1606   0.01167   0.00586  -0.0863  0.3084  1.0000  -2.6212   0.0000   0.0000   0.0000   0.3154
   7.500   1.2057   0.01262   0.00662  -0.0849  0.2645  1.0000  -2.9740   0.0000   0.0000   0.0000   0.3109
   8.000   1.2486   0.01369   0.00749  -0.0833  0.2188  1.0000  -3.3324   0.0000   0.0000   0.0000   0.3065
   8.500   1.2885   0.01492   0.00852  -0.0813  0.1737  1.0000  -3.6923   0.0000   0.0000   0.0000   0.3021
   9.000   1.3249   0.01632   0.00970  -0.0788  0.1321  1.0000  -4.0489   0.0000   0.0000   0.0000   0.2978
   9.500   1.3566   0.01778   0.01101  -0.0757  0.1001  1.0000  -4.3970   0.0000   0.0000   0.0000   0.2934
  10.000   1.3841   0.01943   0.01255  -0.0721  0.0768  1.0000  -4.7481   0.0000   0.0000   0.0000   0.2890


