xflr5 v6.61

 Calculated polar for: peg24_35_revT

 1 1 Reynolds number fixed          Mach number fixed         

 xtrf =   1.000 (top)        1.000 (bottom)
 Mach =   0.000     Re =     0.150 e 6     Ncrit =   9.000

  alpha     CL        CD       CDp       Cm    Top Xtr Bot Xtr   Cpmin    Chinge    XCp    
 ------- -------- --------- --------- -------- ------- ------- -------- --------- ---------
   0.000   0.3685   0.01486   0.00904  -0.0874  0.8124  0.9486  -0.6516   0.0000   0.0000   0.0000   0.4865
   0.500   0.4588   0.01466   0.00874  -0.0944  0.7965  1.0000  -0.7215   0.0000   0.0000   0.0000   0.4543
   1.000   0.5137   0.01445   0.00832  -0.0941  0.7835  1.0000  -0.7756   0.0000   0.0000   0.0000   0.4310
   1.500   0.5641   0.01458   0.00837  -0.0934  0.7639  1.0000  -0.8291   0.0000   0.0000   0.0000   0.4129
   2.000   0.6210   0.01453   0.00821  -0.0932  0.7473  1.0000  -0.8925   0.0000   0.0000   0.0000   0.3969
   2.500   0.6800   0.01428   0.00783  -0.0930  0.7301  1.0000  -0.9650   0.0000   0.0000   0.0000   0.3831
   3.000   0.7338   0.01427   0.00780  -0.0923  0.7082  1.0000  -1.0385   0.0000   0.0000   0.0000   0.3715
   3.500   0.7886   0.01423   0.00773  -0.0915  0.6858  1.0000  -1.1242   0.0000   0.0000   0.0000   0.3613
   4.000   0.8437   0.01417   0.00764  -0.0908  0.6615  1.0000  -1.2236   0.0000   0.0000   0.0000   0.3523
   4.500   0.8979   0.01414   0.00758  -0.0899  0.6336  1.0000  -1.3399   0.0000   0.0000   0.0000   0.3443
   5.000   0.9514   0.01421   0.00758  -0.0888  0.6026  1.0000  -1.4727   0.0000   0.0000   0.0000   0.3370
   5.500   1.0029   0.01448   0.00776  -0.0876  0.5671  1.0000  -1.6371   0.0000   0.0000   0.0000   0.3304
   6.000   1.0518   0.01492   0.00815  -0.0861  0.5269  1.0000  -1.8294   0.0000   0.0000   0.0000   0.3243
   6.500   1.0987   0.01556   0.00869  -0.0843  0.4837  1.0000  -2.1412   0.0000   0.0000   0.0000   0.3186
   7.000   1.1436   0.01641   0.00937  -0.0824  0.4404  1.0000  -2.4664   0.0000   0.0000   0.0000   0.3132
   7.500   1.1850   0.01736   0.01028  -0.0801  0.3948  1.0000  -2.7925   0.0000   0.0000   0.0000   0.3081
   8.000   1.2234   0.01848   0.01133  -0.0775  0.3488  1.0000  -3.1199   0.0000   0.0000   0.0000   0.3032
   8.500   1.2578   0.01982   0.01258  -0.0745  0.3033  1.0000  -3.4427   0.0000   0.0000   0.0000   0.2984
   9.000   1.2863   0.02143   0.01405  -0.0708  0.2581  1.0000  -3.7515   0.0000   0.0000   0.0000   0.2935
   9.500   1.3062   0.02335   0.01581  -0.0662  0.2146  1.0000  -4.0310   0.0000   0.0000   0.0000   0.2883
  10.000   1.3223   0.02563   0.01804  -0.0615  0.1739  1.0000  -4.2943   0.0000   0.0000   0.0000   0.2834


