xflr5 v6.61

 Calculated polar for: peg24_95_revT

 1 1 Reynolds number fixed          Mach number fixed         

 xtrf =   1.000 (top)        1.000 (bottom)
 Mach =   0.000     Re =     0.315 e 6     Ncrit =   9.000

  alpha     CL        CD       CDp       Cm    Top Xtr Bot Xtr   Cpmin    Chinge    XCp    
 ------- -------- --------- --------- -------- ------- ------- -------- --------- ---------
   0.000   0.6913   0.01182   0.00614  -0.1631  0.7481  0.5795  -0.9009   0.0000   0.0000   0.0000   0.4847
   0.500   0.7474   0.01159   0.00612  -0.1628  0.7392  0.6612  -0.9495   0.0000   0.0000   0.0000   0.4658
   1.000   0.8043   0.01137   0.00600  -0.1623  0.7312  0.7405  -1.0019   0.0000   0.0000   0.0000   0.4491
   1.500   0.8547   0.01131   0.00615  -0.1608  0.7214  0.8117  -1.0563   0.0000   0.0000   0.0000   0.4348
   2.000   0.9011   0.01095   0.00594  -0.1581  0.7106  0.8939  -1.1132   0.0000   0.0000   0.0000   0.4214
   2.500   0.9601   0.01078   0.00571  -0.1583  0.7004  1.0000  -1.1813   0.0000   0.0000   0.0000   0.4102
   3.000   1.0168   0.01077   0.00569  -0.1585  0.6869  1.0000  -1.2505   0.0000   0.0000   0.0000   0.4005
   3.500   1.0760   0.01078   0.00557  -0.1590  0.6741  1.0000  -1.3318   0.0000   0.0000   0.0000   0.3917
   4.000   1.1301   0.01084   0.00567  -0.1587  0.6582  1.0000  -1.4124   0.0000   0.0000   0.0000   0.3837
   4.500   1.1850   0.01094   0.00573  -0.1584  0.6404  1.0000  -1.5095   0.0000   0.0000   0.0000   0.3763
   5.000   1.2383   0.01108   0.00580  -0.1578  0.6187  1.0000  -1.6123   0.0000   0.0000   0.0000   0.3694
   5.500   1.2892   0.01135   0.00603  -0.1569  0.5930  1.0000  -1.7257   0.0000   0.0000   0.0000   0.3629
   6.000   1.3366   0.01177   0.00637  -0.1553  0.5599  1.0000  -1.8433   0.0000   0.0000   0.0000   0.3567
   6.500   1.3807   0.01241   0.00688  -0.1533  0.5237  1.0000  -1.9723   0.0000   0.0000   0.0000   0.3508
   7.000   1.4203   0.01326   0.00758  -0.1505  0.4840  1.0000  -2.1127   0.0000   0.0000   0.0000   0.3450
   7.500   1.4539   0.01435   0.00848  -0.1469  0.4429  1.0000  -2.2488   0.0000   0.0000   0.0000   0.3393
   8.000   1.4813   0.01555   0.00955  -0.1424  0.4052  1.0000  -2.3885   0.0000   0.0000   0.0000   0.3336
   8.500   1.5037   0.01704   0.01093  -0.1374  0.3682  1.0000  -2.5272   0.0000   0.0000   0.0000   0.3280
   9.000   1.5221   0.01892   0.01266  -0.1323  0.3342  1.0000  -2.6767   0.0000   0.0000   0.0000   0.3228
   9.500   1.5431   0.02088   0.01455  -0.1281  0.3032  1.0000  -2.8537   0.0000   0.0000   0.0000   0.3180
  10.000   1.5629   0.02306   0.01671  -0.1241  0.2747  1.0000  -3.0492   0.0000   0.0000   0.0000   0.3135


