xflr5 v6.61

 Calculated polar for: peg24_80_revT

 1 1 Reynolds number fixed          Mach number fixed         

 xtrf =   1.000 (top)        1.000 (bottom)
 Mach =   0.000     Re =     0.420 e 6     Ncrit =   9.000

  alpha     CL        CD       CDp       Cm    Top Xtr Bot Xtr   Cpmin    Chinge    XCp    
 ------- -------- --------- --------- -------- ------- ------- -------- --------- ---------
   0.000   0.6324   0.00910   0.00379  -0.1468  0.7345  0.6066  -0.8539   0.0000   0.0000   0.0000   0.4808
   0.500   0.6885   0.00904   0.00391  -0.1466  0.7254  0.6869  -0.9034   0.0000   0.0000   0.0000   0.4609
   1.000   0.7432   0.00890   0.00395  -0.1460  0.7149  0.7545  -0.9559   0.0000   0.0000   0.0000   0.4437
   1.500   0.7975   0.00880   0.00390  -0.1452  0.7043  0.8138  -1.0141   0.0000   0.0000   0.0000   0.4287
   2.000   0.8476   0.00869   0.00396  -0.1436  0.6923  0.8740  -1.0740   0.0000   0.0000   0.0000   0.4154
   2.500   0.9001   0.00843   0.00376  -0.1423  0.6790  1.0000  -1.1366   0.0000   0.0000   0.0000   0.4035
   3.000   0.9577   0.00854   0.00384  -0.1427  0.6640  1.0000  -1.2111   0.0000   0.0000   0.0000   0.3938
   3.500   1.0147   0.00869   0.00388  -0.1429  0.6478  1.0000  -1.2903   0.0000   0.0000   0.0000   0.3850
   4.000   1.0698   0.00884   0.00399  -0.1427  0.6266  1.0000  -1.3800   0.0000   0.0000   0.0000   0.3770
   4.500   1.1236   0.00909   0.00417  -0.1424  0.6023  1.0000  -1.4758   0.0000   0.0000   0.0000   0.3697
   5.000   1.1752   0.00945   0.00442  -0.1416  0.5726  1.0000  -1.5854   0.0000   0.0000   0.0000   0.3628
   5.500   1.2250   0.00993   0.00480  -0.1406  0.5374  1.0000  -1.7025   0.0000   0.0000   0.0000   0.3564
   6.000   1.2718   0.01058   0.00529  -0.1391  0.4984  1.0000  -1.8305   0.0000   0.0000   0.0000   0.3503
   6.500   1.3158   0.01137   0.00592  -0.1372  0.4567  1.0000  -1.9746   0.0000   0.0000   0.0000   0.3445
   7.000   1.3565   0.01232   0.00669  -0.1349  0.4156  1.0000  -2.1250   0.0000   0.0000   0.0000   0.3390
   7.500   1.3953   0.01330   0.00754  -0.1323  0.3762  1.0000  -2.2873   0.0000   0.0000   0.0000   0.3336
   8.000   1.4274   0.01448   0.00854  -0.1286  0.3378  1.0000  -2.4647   0.0000   0.0000   0.0000   0.3282
   8.500   1.4571   0.01572   0.00969  -0.1247  0.3045  1.0000  -2.6587   0.0000   0.0000   0.0000   0.3229
   9.000   1.4849   0.01714   0.01103  -0.1209  0.2728  1.0000  -2.8853   0.0000   0.0000   0.0000   0.3179
   9.500   1.5097   0.01884   0.01264  -0.1170  0.2428  1.0000  -3.1428   0.0000   0.0000   0.0000   0.3132
  10.000   1.5315   0.02087   0.01457  -0.1131  0.2136  1.0000  -3.4020   0.0000   0.0000   0.0000   0.3087


