xflr5 v6.61

 Calculated polar for: peg24_05_revT

 1 1 Reynolds number fixed          Mach number fixed         

 xtrf =   1.000 (top)        1.000 (bottom)
 Mach =   0.000     Re =     0.130 e 6     Ncrit =   9.000

  alpha     CL        CD       CDp       Cm    Top Xtr Bot Xtr   Cpmin    Chinge    XCp    
 ------- -------- --------- --------- -------- ------- ------- -------- --------- ---------
   0.000   0.3537   0.01464   0.00842  -0.0750  0.8439  0.9772  -0.6244   0.0000   0.0000   0.0000   0.4611
   0.500   0.4585   0.01413   0.00781  -0.0848  0.8244  1.0000  -0.7077   0.0000   0.0000   0.0000   0.4335
   1.000   0.4918   0.01398   0.00755  -0.0809  0.7995  1.0000  -0.7517   0.0000   0.0000   0.0000   0.4125
   1.500   0.5255   0.01387   0.00736  -0.0768  0.7750  1.0000  -0.8000   0.0000   0.0000   0.0000   0.3936
   2.000   0.5600   0.01380   0.00720  -0.0726  0.7501  1.0000  -0.8528   0.0000   0.0000   0.0000   0.3766
   2.500   0.5971   0.01379   0.00711  -0.0686  0.7244  1.0000  -0.9145   0.0000   0.0000   0.0000   0.3615
   3.000   0.6376   0.01385   0.00709  -0.0652  0.6971  1.0000  -0.9866   0.0000   0.0000   0.0000   0.3485
   3.500   0.6812   0.01394   0.00713  -0.0624  0.6675  1.0000  -1.0819   0.0000   0.0000   0.0000   0.3373
   4.000   0.7275   0.01406   0.00720  -0.0600  0.6354  1.0000  -1.1934   0.0000   0.0000   0.0000   0.3277
   4.500   0.7760   0.01423   0.00728  -0.0579  0.6020  1.0000  -1.3529   0.0000   0.0000   0.0000   0.3194
   5.000   0.8231   0.01456   0.00755  -0.0558  0.5649  1.0000  -1.6008   0.0000   0.0000   0.0000   0.3121
   5.500   0.8696   0.01497   0.00787  -0.0536  0.5246  1.0000  -1.9224   0.0000   0.0000   0.0000   0.3054
   6.000   0.9137   0.01552   0.00838  -0.0511  0.4806  1.0000  -2.2511   0.0000   0.0000   0.0000   0.2992
   6.500   0.9570   0.01621   0.00898  -0.0487  0.4367  1.0000  -2.5914   0.0000   0.0000   0.0000   0.2935
   7.000   0.9966   0.01699   0.00965  -0.0457  0.3886  1.0000  -2.9323   0.0000   0.0000   0.0000   0.2880
   7.500   1.0327   0.01793   0.01052  -0.0424  0.3378  1.0000  -3.2695   0.0000   0.0000   0.0000   0.2825
   8.000   1.0645   0.01905   0.01159  -0.0386  0.2832  1.0000  -3.5968   0.0000   0.0000   0.0000   0.2771
   8.500   1.0892   0.02056   0.01292  -0.0339  0.2236  1.0000  -3.8976   0.0000   0.0000   0.0000   0.2713
   9.000   1.1047   0.02271   0.01479  -0.0283  0.1665  1.0000  -4.1519   0.0000   0.0000   0.0000   0.2651
   9.500   1.1122   0.02522   0.01706  -0.0217  0.1252  1.0000  -4.3586   0.0000   0.0000   0.0000   0.2584
  10.000   1.1203   0.02778   0.01951  -0.0160  0.0962  1.0000  -4.5646   0.0000   0.0000   0.0000   0.2525


