xflr5 v6.61

 Calculated polar for: peg24_30_revT

 1 1 Reynolds number fixed          Mach number fixed         

 xtrf =   1.000 (top)        1.000 (bottom)
 Mach =   0.000     Re =     0.280 e 6     Ncrit =   9.000

  alpha     CL        CD       CDp       Cm    Top Xtr Bot Xtr   Cpmin    Chinge    XCp    
 ------- -------- --------- --------- -------- ------- ------- -------- --------- ---------
   0.000   0.3832   0.00941   0.00434  -0.0863  0.7647  0.8417  -0.6647   0.0000   0.0000   0.0000   0.4742
   0.500   0.4315   0.00934   0.00428  -0.0838  0.7512  0.8856  -0.7122   0.0000   0.0000   0.0000   0.4424
   1.000   0.4795   0.00916   0.00411  -0.0811  0.7352  0.9328  -0.7623   0.0000   0.0000   0.0000   0.4169
   1.500   0.5513   0.00904   0.00395  -0.0840  0.7185  0.9811  -0.8303   0.0000   0.0000   0.0000   0.3995
   2.000   0.6162   0.00903   0.00379  -0.0860  0.6999  1.0000  -0.9002   0.0000   0.0000   0.0000   0.3863
   2.500   0.6711   0.00909   0.00377  -0.0860  0.6789  1.0000  -0.9698   0.0000   0.0000   0.0000   0.3743
   3.000   0.7261   0.00921   0.00383  -0.0859  0.6554  1.0000  -1.0474   0.0000   0.0000   0.0000   0.3639
   3.500   0.7806   0.00938   0.00390  -0.0855  0.6288  1.0000  -1.1334   0.0000   0.0000   0.0000   0.3547
   4.000   0.8342   0.00963   0.00403  -0.0850  0.5989  1.0000  -1.2395   0.0000   0.0000   0.0000   0.3466
   4.500   0.8867   0.00995   0.00429  -0.0843  0.5648  1.0000  -1.3561   0.0000   0.0000   0.0000   0.3393
   5.000   0.9378   0.01039   0.00461  -0.0835  0.5268  1.0000  -1.5000   0.0000   0.0000   0.0000   0.3326
   5.500   0.9876   0.01094   0.00504  -0.0824  0.4857  1.0000  -1.6786   0.0000   0.0000   0.0000   0.3265
   6.000   1.0358   0.01163   0.00556  -0.0812  0.4433  1.0000  -1.9724   0.0000   0.0000   0.0000   0.3209
   6.500   1.0836   0.01234   0.00619  -0.0800  0.4008  1.0000  -2.3052   0.0000   0.0000   0.0000   0.3157
   7.000   1.1288   0.01321   0.00693  -0.0785  0.3559  1.0000  -2.6451   0.0000   0.0000   0.0000   0.3108
   7.500   1.1718   0.01423   0.00778  -0.0767  0.3108  1.0000  -2.9912   0.0000   0.0000   0.0000   0.3061
   8.000   1.2133   0.01532   0.00874  -0.0749  0.2656  1.0000  -3.3444   0.0000   0.0000   0.0000   0.3016
   8.500   1.2517   0.01659   0.00987  -0.0726  0.2202  1.0000  -3.6973   0.0000   0.0000   0.0000   0.2973
   9.000   1.2850   0.01813   0.01121  -0.0698  0.1729  1.0000  -4.0394   0.0000   0.0000   0.0000   0.2929
   9.500   1.3111   0.01993   0.01279  -0.0661  0.1292  1.0000  -4.3591   0.0000   0.0000   0.0000   0.2882
  10.000   1.3345   0.02193   0.01467  -0.0623  0.0969  1.0000  -4.6699   0.0000   0.0000   0.0000   0.2838


