xflr5 v6.61

 Calculated polar for: peg24_60_revT

 1 1 Reynolds number fixed          Mach number fixed         

 xtrf =   1.000 (top)        1.000 (bottom)
 Mach =   0.000     Re =     0.185 e 6     Ncrit =   9.000

  alpha     CL        CD       CDp       Cm    Top Xtr Bot Xtr   Cpmin    Chinge    XCp    
 ------- -------- --------- --------- -------- ------- ------- -------- --------- ---------
   0.000   0.5004   0.01461   0.00895  -0.1205  0.7873  0.8258  -0.7490   0.0000   0.0000   0.0000   0.4900
   0.500   0.5392   0.01450   0.00895  -0.1158  0.7752  0.8989  -0.7878   0.0000   0.0000   0.0000   0.4632
   1.000   0.6040   0.01405   0.00846  -0.1168  0.7627  1.0000  -0.8473   0.0000   0.0000   0.0000   0.4412
   1.500   0.6679   0.01399   0.00822  -0.1184  0.7519  1.0000  -0.9104   0.0000   0.0000   0.0000   0.4243
   2.000   0.7256   0.01394   0.00808  -0.1187  0.7363  1.0000  -0.9724   0.0000   0.0000   0.0000   0.4101
   2.500   0.7851   0.01385   0.00789  -0.1190  0.7227  1.0000  -1.0413   0.0000   0.0000   0.0000   0.3975
   3.000   0.8436   0.01363   0.00759  -0.1190  0.7064  1.0000  -1.1177   0.0000   0.0000   0.0000   0.3864
   3.500   0.8987   0.01364   0.00759  -0.1186  0.6878  1.0000  -1.1965   0.0000   0.0000   0.0000   0.3767
   4.000   0.9561   0.01352   0.00741  -0.1183  0.6693  1.0000  -1.2904   0.0000   0.0000   0.0000   0.3679
   4.500   1.0125   0.01341   0.00723  -0.1179  0.6475  1.0000  -1.3956   0.0000   0.0000   0.0000   0.3600
   5.000   1.0656   0.01345   0.00725  -0.1170  0.6208  1.0000  -1.5119   0.0000   0.0000   0.0000   0.3528
   5.500   1.1162   0.01365   0.00745  -0.1158  0.5891  1.0000  -1.6388   0.0000   0.0000   0.0000   0.3461
   6.000   1.1656   0.01398   0.00769  -0.1143  0.5526  1.0000  -1.7865   0.0000   0.0000   0.0000   0.3398
   6.500   1.2126   0.01456   0.00814  -0.1126  0.5135  1.0000  -1.9516   0.0000   0.0000   0.0000   0.3339
   7.000   1.2558   0.01536   0.00880  -0.1104  0.4704  1.0000  -2.1394   0.0000   0.0000   0.0000   0.3283
   7.500   1.2961   0.01632   0.00967  -0.1080  0.4281  1.0000  -2.3667   0.0000   0.0000   0.0000   0.3229
   8.000   1.3320   0.01752   0.01067  -0.1049  0.3866  1.0000  -2.6513   0.0000   0.0000   0.0000   0.3177
   8.500   1.3645   0.01877   0.01190  -0.1015  0.3457  1.0000  -2.9418   0.0000   0.0000   0.0000   0.3125
   9.000   1.3892   0.02030   0.01328  -0.0969  0.3085  1.0000  -3.2151   0.0000   0.0000   0.0000   0.3072
   9.500   1.4114   0.02195   0.01491  -0.0924  0.2724  1.0000  -3.4860   0.0000   0.0000   0.0000   0.3021
  10.000   1.4274   0.02411   0.01697  -0.0877  0.2384  1.0000  -3.7398   0.0000   0.0000   0.0000   0.2973


