xflr5 v6.61

 Calculated polar for: peg24_20_revT

 1 1 Reynolds number fixed          Mach number fixed         

 xtrf =   1.000 (top)        1.000 (bottom)
 Mach =   0.000     Re =     0.285 e 6     Ncrit =   9.000

  alpha     CL        CD       CDp       Cm    Top Xtr Bot Xtr   Cpmin    Chinge    XCp    
 ------- -------- --------- --------- -------- ------- ------- -------- --------- ---------
   0.000   0.3356   0.00900   0.00400  -0.0741  0.7645  0.8565  -0.6310   0.0000   0.0000   0.0000   0.4697
   0.500   0.3836   0.00896   0.00394  -0.0715  0.7490  0.8972  -0.6782   0.0000   0.0000   0.0000   0.4346
   1.000   0.4339   0.00882   0.00377  -0.0693  0.7319  0.9377  -0.7301   0.0000   0.0000   0.0000   0.4074
   1.500   0.5050   0.00873   0.00364  -0.0720  0.7125  0.9765  -0.7979   0.0000   0.0000   0.0000   0.3897
   2.000   0.5800   0.00869   0.00352  -0.0761  0.6913  1.0000  -0.8760   0.0000   0.0000   0.0000   0.3780
   2.500   0.6303   0.00880   0.00351  -0.0753  0.6686  1.0000  -0.9425   0.0000   0.0000   0.0000   0.3658
   3.000   0.6837   0.00895   0.00356  -0.0749  0.6429  1.0000  -1.0216   0.0000   0.0000   0.0000   0.3554
   3.500   0.7371   0.00914   0.00367  -0.0744  0.6132  1.0000  -1.1115   0.0000   0.0000   0.0000   0.3463
   4.000   0.7899   0.00942   0.00384  -0.0738  0.5805  1.0000  -1.2226   0.0000   0.0000   0.0000   0.3383
   4.500   0.8417   0.00982   0.00409  -0.0730  0.5445  1.0000  -1.3491   0.0000   0.0000   0.0000   0.3311
   5.000   0.8929   0.01026   0.00445  -0.0722  0.5053  1.0000  -1.5184   0.0000   0.0000   0.0000   0.3247
   5.500   0.9425   0.01085   0.00489  -0.0712  0.4631  1.0000  -1.7982   0.0000   0.0000   0.0000   0.3188
   6.000   0.9916   0.01149   0.00542  -0.0701  0.4213  1.0000  -2.1334   0.0000   0.0000   0.0000   0.3135
   6.500   1.0392   0.01223   0.00604  -0.0689  0.3757  1.0000  -2.4803   0.0000   0.0000   0.0000   0.3085
   7.000   1.0853   0.01309   0.00678  -0.0676  0.3297  1.0000  -2.8371   0.0000   0.0000   0.0000   0.3038
   7.500   1.1295   0.01408   0.00762  -0.0661  0.2830  1.0000  -3.2011   0.0000   0.0000   0.0000   0.2994
   8.000   1.1714   0.01524   0.00859  -0.0643  0.2327  1.0000  -3.5685   0.0000   0.0000   0.0000   0.2952
   8.500   1.2095   0.01665   0.00979  -0.0622  0.1784  1.0000  -3.9315   0.0000   0.0000   0.0000   0.2910
   9.000   1.2422   0.01842   0.01126  -0.0595  0.1267  1.0000  -4.2794   0.0000   0.0000   0.0000   0.2868
   9.500   1.2711   0.02027   0.01292  -0.0562  0.0905  1.0000  -4.6214   0.0000   0.0000   0.0000   0.2825
  10.000   1.2967   0.02217   0.01480  -0.0526  0.0678  1.0000  -4.9597   0.0000   0.0000   0.0000   0.2781


