xflr5 v6.61

 Calculated polar for: peg24_80_revT

 1 1 Reynolds number fixed          Mach number fixed         

 xtrf =   1.000 (top)        1.000 (bottom)
 Mach =   0.000     Re =     0.135 e 6     Ncrit =   9.000

  alpha     CL        CD       CDp       Cm    Top Xtr Bot Xtr   Cpmin    Chinge    XCp    
 ------- -------- --------- --------- -------- ------- ------- -------- --------- ---------
   0.000   0.5208   0.02368   0.01744  -0.1393  0.7911  0.7730  -0.7604   0.0000   0.0000   0.0000   0.5169
   0.500   0.5705   0.02277   0.01666  -0.1350  0.7848  0.8805  -0.8074   0.0000   0.0000   0.0000   0.4852
   1.000   0.6115   0.02352   0.01738  -0.1336  0.7665  1.0000  -0.8446   0.0000   0.0000   0.0000   0.4663
   1.500   0.6896   0.02273   0.01637  -0.1364  0.7596  1.0000  -0.9163   0.0000   0.0000   0.0000   0.4449
   2.500   0.8102   0.02253   0.01595  -0.1371  0.7343  1.0000  -1.0452   0.0000   0.0000   0.0000   0.4150
   3.500   0.9324   0.02164   0.01497  -0.1371  0.7082  1.0000  -1.1982   0.0000   0.0000   0.0000   0.3915
   4.000   0.9914   0.02121   0.01453  -0.1367  0.6935  1.0000  -1.2825   0.0000   0.0000   0.0000   0.3818
   4.500   1.0575   0.02018   0.01348  -0.1369  0.6794  1.0000  -1.3887   0.0000   0.0000   0.0000   0.3727
   5.000   1.1105   0.01996   0.01332  -0.1358  0.6594  1.0000  -1.4887   0.0000   0.0000   0.0000   0.3649
   5.500   1.1696   0.01932   0.01270  -0.1352  0.6392  1.0000  -1.6121   0.0000   0.0000   0.0000   0.3575
   6.000   1.2269   0.01879   0.01217  -0.1344  0.6150  1.0000  -1.7459   0.0000   0.0000   0.0000   0.3508
   6.500   1.2787   0.01861   0.01198  -0.1329  0.5850  1.0000  -1.8929   0.0000   0.0000   0.0000   0.3444
   7.000   1.3288   0.01864   0.01193  -0.1312  0.5502  1.0000  -2.0523   0.0000   0.0000   0.0000   0.3385
   7.500   1.3726   0.01918   0.01237  -0.1288  0.5114  1.0000  -2.2177   0.0000   0.0000   0.0000   0.3328
   8.000   1.4111   0.02005   0.01307  -0.1257  0.4696  1.0000  -2.3981   0.0000   0.0000   0.0000   0.3273
   8.500   1.4425   0.02128   0.01423  -0.1218  0.4286  1.0000  -2.5872   0.0000   0.0000   0.0000   0.3219
   9.000   1.4685   0.02273   0.01550  -0.1171  0.3898  1.0000  -2.7873   0.0000   0.0000   0.0000   0.3164
   9.500   1.4870   0.02446   0.01717  -0.1117  0.3539  1.0000  -3.0067   0.0000   0.0000   0.0000   0.3110
  10.000   1.5014   0.02650   0.01920  -0.1063  0.3196  1.0000  -3.2292   0.0000   0.0000   0.0000   0.3058


