xflr5 v6.61

 Calculated polar for: peg24_90_revT

 1 1 Reynolds number fixed          Mach number fixed         

 xtrf =   1.000 (top)        1.000 (bottom)
 Mach =   0.000     Re =     0.200 e 6     Ncrit =   9.000

  alpha     CL        CD       CDp       Cm    Top Xtr Bot Xtr   Cpmin    Chinge    XCp    
 ------- -------- --------- --------- -------- ------- ------- -------- --------- ---------
   0.000   0.6361   0.01687   0.01093  -0.1560  0.7712  0.6695  -0.8531   0.0000   0.0000   0.0000   0.4943
   0.500   0.6893   0.01652   0.01076  -0.1544  0.7626  0.7550  -0.9008   0.0000   0.0000   0.0000   0.4723
   1.000   0.7415   0.01602   0.01035  -0.1519  0.7560  0.8393  -0.9511   0.0000   0.0000   0.0000   0.4524
   1.500   0.7799   0.01593   0.01047  -0.1482  0.7419  1.0000  -0.9958   0.0000   0.0000   0.0000   0.4368
   2.000   0.8474   0.01553   0.00988  -0.1500  0.7333  1.0000  -1.0656   0.0000   0.0000   0.0000   0.4231
   2.500   0.9064   0.01556   0.00982  -0.1505  0.7217  1.0000  -1.1323   0.0000   0.0000   0.0000   0.4115
   3.000   0.9659   0.01530   0.00949  -0.1508  0.7091  1.0000  -1.2037   0.0000   0.0000   0.0000   0.4010
   3.500   1.0258   0.01509   0.00921  -0.1510  0.6968  1.0000  -1.2847   0.0000   0.0000   0.0000   0.3914
   4.000   1.0832   0.01484   0.00893  -0.1509  0.6814  1.0000  -1.3682   0.0000   0.0000   0.0000   0.3828
   4.500   1.1380   0.01479   0.00889  -0.1504  0.6649  1.0000  -1.4639   0.0000   0.0000   0.0000   0.3750
   5.000   1.1973   0.01448   0.00849  -0.1504  0.6476  1.0000  -1.5724   0.0000   0.0000   0.0000   0.3678
   5.500   1.2498   0.01442   0.00841  -0.1494  0.6244  1.0000  -1.6879   0.0000   0.0000   0.0000   0.3610
   6.000   1.3002   0.01454   0.00850  -0.1481  0.5976  1.0000  -1.8105   0.0000   0.0000   0.0000   0.3547
   6.500   1.3453   0.01490   0.00885  -0.1460  0.5638  1.0000  -1.9417   0.0000   0.0000   0.0000   0.3486
   7.000   1.3884   0.01547   0.00933  -0.1437  0.5267  1.0000  -2.0883   0.0000   0.0000   0.0000   0.3428
   7.500   1.4267   0.01633   0.01002  -0.1407  0.4868  1.0000  -2.2362   0.0000   0.0000   0.0000   0.3371
   8.000   1.4584   0.01746   0.01100  -0.1367  0.4457  1.0000  -2.3844   0.0000   0.0000   0.0000   0.3315
   8.500   1.4826   0.01881   0.01223  -0.1317  0.4079  1.0000  -2.5391   0.0000   0.0000   0.0000   0.3258
   9.000   1.5021   0.02044   0.01376  -0.1264  0.3712  1.0000  -2.7007   0.0000   0.0000   0.0000   0.3203
   9.500   1.5181   0.02244   0.01564  -0.1212  0.3375  1.0000  -2.8748   0.0000   0.0000   0.0000   0.3151
  10.000   1.5332   0.02472   0.01785  -0.1164  0.3063  1.0000  -3.0614   0.0000   0.0000   0.0000   0.3103


