xflr5 v6.61

 Calculated polar for: peg24_85_revT

 1 1 Reynolds number fixed          Mach number fixed         

 xtrf =   1.000 (top)        1.000 (bottom)
 Mach =   0.000     Re =     0.310 e 6     Ncrit =   9.000

  alpha     CL        CD       CDp       Cm    Top Xtr Bot Xtr   Cpmin    Chinge    XCp    
 ------- -------- --------- --------- -------- ------- ------- -------- --------- ---------
   0.000   0.6468   0.01133   0.00577  -0.1521  0.7511  0.6315  -0.8640   0.0000   0.0000   0.0000   0.4840
   0.500   0.7011   0.01115   0.00579  -0.1514  0.7410  0.7127  -0.9125   0.0000   0.0000   0.0000   0.4640
   1.000   0.7559   0.01092   0.00567  -0.1505  0.7323  0.7842  -0.9643   0.0000   0.0000   0.0000   0.4464
   1.500   0.8053   0.01084   0.00574  -0.1486  0.7218  0.8510  -1.0187   0.0000   0.0000   0.0000   0.4312
   2.000   0.8540   0.01039   0.00543  -0.1462  0.7103  1.0000  -1.0776   0.0000   0.0000   0.0000   0.4173
   2.500   0.9149   0.01043   0.00534  -0.1472  0.6988  1.0000  -1.1458   0.0000   0.0000   0.0000   0.4063
   3.000   0.9721   0.01042   0.00529  -0.1475  0.6844  1.0000  -1.2178   0.0000   0.0000   0.0000   0.3965
   3.500   1.0295   0.01048   0.00528  -0.1477  0.6700  1.0000  -1.2979   0.0000   0.0000   0.0000   0.3876
   4.000   1.0855   0.01052   0.00527  -0.1476  0.6531  1.0000  -1.3849   0.0000   0.0000   0.0000   0.3795
   4.500   1.1392   0.01065   0.00539  -0.1471  0.6320  1.0000  -1.4801   0.0000   0.0000   0.0000   0.3720
   5.000   1.1921   0.01085   0.00555  -0.1465  0.6079  1.0000  -1.5868   0.0000   0.0000   0.0000   0.3651
   5.500   1.2427   0.01117   0.00578  -0.1454  0.5784  1.0000  -1.7021   0.0000   0.0000   0.0000   0.3586
   6.000   1.2902   0.01168   0.00614  -0.1439  0.5439  1.0000  -1.8267   0.0000   0.0000   0.0000   0.3524
   6.500   1.3348   0.01234   0.00670  -0.1420  0.5053  1.0000  -1.9670   0.0000   0.0000   0.0000   0.3465
   7.000   1.3743   0.01327   0.00744  -0.1393  0.4637  1.0000  -2.1091   0.0000   0.0000   0.0000   0.3408
   7.500   1.4113   0.01427   0.00832  -0.1364  0.4232  1.0000  -2.2621   0.0000   0.0000   0.0000   0.3353
   8.000   1.4402   0.01552   0.00939  -0.1321  0.3842  1.0000  -2.4180   0.0000   0.0000   0.0000   0.3296
   8.500   1.4668   0.01685   0.01064  -0.1277  0.3479  1.0000  -2.5898   0.0000   0.0000   0.0000   0.3242
   9.000   1.4887   0.01852   0.01219  -0.1231  0.3140  1.0000  -2.7719   0.0000   0.0000   0.0000   0.3190
   9.500   1.5089   0.02049   0.01405  -0.1187  0.2832  1.0000  -2.9697   0.0000   0.0000   0.0000   0.3141
  10.000   1.5304   0.02255   0.01609  -0.1149  0.2543  1.0000  -3.2068   0.0000   0.0000   0.0000   0.3097


