xflr5 v6.61

 Calculated polar for: peg24_25_revT

 1 1 Reynolds number fixed          Mach number fixed         

 xtrf =   1.000 (top)        1.000 (bottom)
 Mach =   0.000     Re =     0.335 e 6     Ncrit =   9.000

  alpha     CL        CD       CDp       Cm    Top Xtr Bot Xtr   Cpmin    Chinge    XCp    
 ------- -------- --------- --------- -------- ------- ------- -------- --------- ---------
   0.000   0.3659   0.00841   0.00347  -0.0814  0.7528  0.8264  -0.6522   0.0000   0.0000   0.0000   0.4713
   0.500   0.4160   0.00831   0.00344  -0.0794  0.7370  0.8663  -0.7010   0.0000   0.0000   0.0000   0.4392
   1.000   0.4648   0.00826   0.00339  -0.0772  0.7211  0.9064  -0.7520   0.0000   0.0000   0.0000   0.4137
   1.500   0.5171   0.00816   0.00324  -0.0756  0.7031  0.9507  -0.8078   0.0000   0.0000   0.0000   0.3933
   2.000   0.5943   0.00808   0.00315  -0.0799  0.6823  0.9938  -0.8867   0.0000   0.0000   0.0000   0.3811
   2.500   0.6509   0.00818   0.00316  -0.0804  0.6596  1.0000  -0.9569   0.0000   0.0000   0.0000   0.3697
   3.000   0.7056   0.00834   0.00322  -0.0803  0.6343  1.0000  -1.0365   0.0000   0.0000   0.0000   0.3595
   3.500   0.7596   0.00856   0.00333  -0.0799  0.6050  1.0000  -1.1240   0.0000   0.0000   0.0000   0.3505
   4.000   0.8128   0.00889   0.00351  -0.0794  0.5728  1.0000  -1.2335   0.0000   0.0000   0.0000   0.3425
   4.500   0.8652   0.00925   0.00379  -0.0788  0.5362  1.0000  -1.3531   0.0000   0.0000   0.0000   0.3353
   5.000   0.9161   0.00976   0.00414  -0.0780  0.4969  1.0000  -1.5101   0.0000   0.0000   0.0000   0.3288
   5.500   0.9666   0.01030   0.00457  -0.0772  0.4548  1.0000  -1.7401   0.0000   0.0000   0.0000   0.3230
   6.000   1.0154   0.01099   0.00511  -0.0761  0.4138  1.0000  -2.0692   0.0000   0.0000   0.0000   0.3175
   6.500   1.0632   0.01174   0.00572  -0.0750  0.3683  1.0000  -2.4114   0.0000   0.0000   0.0000   0.3125
   7.000   1.1100   0.01256   0.00642  -0.0738  0.3232  1.0000  -2.7657   0.0000   0.0000   0.0000   0.3079
   7.500   1.1549   0.01352   0.00724  -0.0724  0.2780  1.0000  -3.1273   0.0000   0.0000   0.0000   0.3034
   8.000   1.1970   0.01466   0.00818  -0.0706  0.2293  1.0000  -3.4921   0.0000   0.0000   0.0000   0.2991
   8.500   1.2358   0.01602   0.00932  -0.0685  0.1784  1.0000  -3.8549   0.0000   0.0000   0.0000   0.2949
   9.000   1.2699   0.01764   0.01067  -0.0659  0.1300  1.0000  -4.2079   0.0000   0.0000   0.0000   0.2907
   9.500   1.3001   0.01933   0.01218  -0.0628  0.0945  1.0000  -4.5562   0.0000   0.0000   0.0000   0.2863
  10.000   1.3267   0.02113   0.01393  -0.0592  0.0713  1.0000  -4.9022   0.0000   0.0000   0.0000   0.2819


