xflr5 v6.61

 Calculated polar for: peg24_95_revT

 1 1 Reynolds number fixed          Mach number fixed         

 xtrf =   1.000 (top)        1.000 (bottom)
 Mach =   0.000     Re =     0.130 e 6     Ncrit =   9.000

  alpha     CL        CD       CDp       Cm    Top Xtr Bot Xtr   Cpmin    Chinge    XCp    
 ------- -------- --------- --------- -------- ------- ------- -------- --------- ---------
   0.000   0.5639   0.02765   0.02102  -0.1548  0.7866  0.6777  -0.7935   0.0000   0.0000   0.0000   0.5241
   1.000   0.6312   0.02786   0.02174  -0.1445  0.7610  0.9155  -0.8610   0.0000   0.0000   0.0000   0.4769
   1.500   0.7190   0.02678   0.02040  -0.1488  0.7568  1.0000  -0.9368   0.0000   0.0000   0.0000   0.4540
   2.500   0.8357   0.02697   0.02033  -0.1495  0.7316  1.0000  -1.0604   0.0000   0.0000   0.0000   0.4246
   3.500   0.9549   0.02627   0.01952  -0.1493  0.7064  1.0000  -1.2025   0.0000   0.0000   0.0000   0.4006
   4.500   1.0798   0.02465   0.01789  -0.1490  0.6809  1.0000  -1.3810   0.0000   0.0000   0.0000   0.3809
   5.500   1.2106   0.02243   0.01571  -0.1493  0.6527  1.0000  -1.6099   0.0000   0.0000   0.0000   0.3648
   6.000   1.2627   0.02194   0.01530  -0.1477  0.6311  1.0000  -1.7283   0.0000   0.0000   0.0000   0.3577
   6.500   1.3194   0.02126   0.01464  -0.1467  0.6080  1.0000  -1.8632   0.0000   0.0000   0.0000   0.3512
   7.000   1.3736   0.02076   0.01415  -0.1454  0.5800  1.0000  -2.0142   0.0000   0.0000   0.0000   0.3451
   7.500   1.4266   0.02054   0.01379  -0.1439  0.5470  1.0000  -2.1808   0.0000   0.0000   0.0000   0.3393
   8.000   1.4637   0.02122   0.01442  -0.1405  0.5088  1.0000  -2.3310   0.0000   0.0000   0.0000   0.3337
   8.500   1.4989   0.02212   0.01515  -0.1369  0.4687  1.0000  -2.4911   0.0000   0.0000   0.0000   0.3282
   9.000   1.5219   0.02351   0.01645  -0.1317  0.4303  1.0000  -2.6469   0.0000   0.0000   0.0000   0.3225
   9.500   1.5402   0.02523   0.01805  -0.1262  0.3937  1.0000  -2.8133   0.0000   0.0000   0.0000   0.3171
  10.000   1.5581   0.02725   0.01987  -0.1211  0.3592  1.0000  -2.9979   0.0000   0.0000   0.0000   0.3120


