xflr5 v6.61

 Calculated polar for: peg24_55_revT

 1 1 Reynolds number fixed          Mach number fixed         

 xtrf =   1.000 (top)        1.000 (bottom)
 Mach =   0.000     Re =     0.195 e 6     Ncrit =   9.000

  alpha     CL        CD       CDp       Cm    Top Xtr Bot Xtr   Cpmin    Chinge    XCp    
 ------- -------- --------- --------- -------- ------- ------- -------- --------- ---------
   0.000   0.4821   0.01353   0.00797  -0.1147  0.7861  0.8341  -0.7359   0.0000   0.0000   0.0000   0.4870
   0.500   0.5215   0.01345   0.00798  -0.1102  0.7726  0.9027  -0.7752   0.0000   0.0000   0.0000   0.4598
   1.000   0.5896   0.01297   0.00745  -0.1117  0.7609  1.0000  -0.8373   0.0000   0.0000   0.0000   0.4372
   1.500   0.6497   0.01303   0.00737  -0.1129  0.7475  1.0000  -0.8979   0.0000   0.0000   0.0000   0.4208
   2.000   0.7101   0.01287   0.00708  -0.1135  0.7334  1.0000  -0.9620   0.0000   0.0000   0.0000   0.4064
   2.500   0.7667   0.01291   0.00706  -0.1135  0.7172  1.0000  -1.0296   0.0000   0.0000   0.0000   0.3940
   3.000   0.8275   0.01270   0.00670  -0.1138  0.7022  1.0000  -1.1083   0.0000   0.0000   0.0000   0.3829
   3.500   0.8816   0.01270   0.00671  -0.1133  0.6818  1.0000  -1.1890   0.0000   0.0000   0.0000   0.3734
   4.000   0.9366   0.01272   0.00672  -0.1128  0.6606  1.0000  -1.2799   0.0000   0.0000   0.0000   0.3647
   4.500   0.9911   0.01273   0.00669  -0.1122  0.6362  1.0000  -1.3867   0.0000   0.0000   0.0000   0.3569
   5.000   1.0442   0.01283   0.00675  -0.1113  0.6079  1.0000  -1.5060   0.0000   0.0000   0.0000   0.3497
   5.500   1.0961   0.01307   0.00687  -0.1103  0.5750  1.0000  -1.6403   0.0000   0.0000   0.0000   0.3431
   6.000   1.1449   0.01352   0.00726  -0.1089  0.5375  1.0000  -1.7934   0.0000   0.0000   0.0000   0.3369
   6.500   1.1910   0.01418   0.00774  -0.1071  0.4959  1.0000  -1.9692   0.0000   0.0000   0.0000   0.3311
   7.000   1.2345   0.01499   0.00848  -0.1050  0.4531  1.0000  -2.1671   0.0000   0.0000   0.0000   0.3256
   7.500   1.2747   0.01601   0.00934  -0.1026  0.4110  1.0000  -2.4559   0.0000   0.0000   0.0000   0.3203
   8.000   1.3116   0.01714   0.01036  -0.0997  0.3685  1.0000  -2.7572   0.0000   0.0000   0.0000   0.3151
   8.500   1.3448   0.01843   0.01157  -0.0964  0.3282  1.0000  -3.0564   0.0000   0.0000   0.0000   0.3101
   9.000   1.3710   0.01989   0.01293  -0.0922  0.2898  1.0000  -3.3408   0.0000   0.0000   0.0000   0.3049
   9.500   1.3933   0.02160   0.01456  -0.0878  0.2536  1.0000  -3.6174   0.0000   0.0000   0.0000   0.2998
  10.000   1.4114   0.02368   0.01658  -0.0833  0.2185  1.0000  -3.8837   0.0000   0.0000   0.0000   0.2951


