xflr5 v6.61

 Calculated polar for: peg24_90_revT

 1 1 Reynolds number fixed          Mach number fixed         

 xtrf =   1.000 (top)        1.000 (bottom)
 Mach =   0.000     Re =     0.045 e 6     Ncrit =   9.000

  alpha     CL        CD       CDp       Cm    Top Xtr Bot Xtr   Cpmin    Chinge    XCp    
 ------- -------- --------- --------- -------- ------- ------- -------- --------- ---------
   0.000   0.0819   0.04492   0.03604  -0.0914  1.0000  0.6117  -1.0459   0.0000   0.0000   0.0000   1.3761
   0.500   0.1146   0.04575   0.03730  -0.0872  1.0000  0.7599  -0.9173   0.0000   0.0000   0.0000   1.0149
   1.000   0.1318   0.04521   0.03690  -0.0842  1.0000  1.0000  -0.8271   0.0000   0.0000   0.0000   0.8902
   1.500   0.1895   0.04837   0.03928  -0.0907  1.0000  1.0000  -0.6692   0.0000   0.0000   0.0000   0.7272
   2.000   0.2316   0.05149   0.04196  -0.0932  1.0000  1.0000  -0.5467   0.0000   0.0000   0.0000   0.6495
   2.500   0.2695   0.05481   0.04497  -0.0950  1.0000  1.0000  -0.5710   0.0000   0.0000   0.0000   0.5986
   3.000   0.3047   0.05837   0.04830  -0.0966  1.0000  1.0000  -0.5936   0.0000   0.0000   0.0000   0.5620
   3.500   0.3796   0.06420   0.05390  -0.1057  0.9748  1.0000  -0.6457   0.0000   0.0000   0.0000   0.5228
   4.000   0.4372   0.06913   0.05872  -0.1111  0.9370  1.0000  -0.6864   0.0000   0.0000   0.0000   0.4979
   4.500   0.5337   0.07715   0.06658  -0.1218  0.8950  1.0000  -0.7641   0.0000   0.0000   0.0000   0.4716
   5.000   0.6251   0.07540   0.06469  -0.1222  0.7677  1.0000  -0.8664   0.0000   0.0000   0.0000   0.4384
   5.500   0.7224   0.07797   0.06722  -0.1269  0.7283  1.0000  -0.9748   0.0000   0.0000   0.0000   0.4180
   6.000   0.7352   0.08106   0.07037  -0.1240  0.6966  1.0000  -0.9998   0.0000   0.0000   0.0000   0.4103
   6.500   0.7666   0.08448   0.07389  -0.1231  0.6672  1.0000  -1.0483   0.0000   0.0000   0.0000   0.4016
   7.000   0.8002   0.08783   0.07734  -0.1223  0.6370  1.0000  -1.1025   0.0000   0.0000   0.0000   0.3932
   7.500   0.8326   0.09163   0.08126  -0.1216  0.6097  1.0000  -1.1580   0.0000   0.0000   0.0000   0.3858
   8.000   0.8672   0.09515   0.08492  -0.1208  0.5810  1.0000  -1.2259   0.0000   0.0000   0.0000   0.3783
   8.500   0.8956   0.09928   0.08921  -0.1198  0.5543  1.0000  -1.2857   0.0000   0.0000   0.0000   0.3721
   9.000   0.9204   0.10374   0.09384  -0.1187  0.5279  1.0000  -1.3448   0.0000   0.0000   0.0000   0.3667
   9.500   0.9402   0.10873   0.09900  -0.1176  0.5022  1.0000  -1.4012   0.0000   0.0000   0.0000   0.3621
  10.000   0.9551   0.11444   0.10489  -0.1168  0.4778  1.0000  -1.4497   0.0000   0.0000   0.0000   0.3586


