xflr5 v6.61

 Calculated polar for: peg24_35_revT

 1 1 Reynolds number fixed          Mach number fixed         

 xtrf =   1.000 (top)        1.000 (bottom)
 Mach =   0.000     Re =     0.255 e 6     Ncrit =   9.000

  alpha     CL        CD       CDp       Cm    Top Xtr Bot Xtr   Cpmin    Chinge    XCp    
 ------- -------- --------- --------- -------- ------- ------- -------- --------- ---------
   0.000   0.4030   0.01019   0.00501  -0.0919  0.7708  0.8454  -0.6788   0.0000   0.0000   0.0000   0.4769
   0.500   0.4500   0.01002   0.00484  -0.0888  0.7580  0.8934  -0.7255   0.0000   0.0000   0.0000   0.4457
   1.000   0.5002   0.00986   0.00472  -0.0867  0.7424  0.9469  -0.7764   0.0000   0.0000   0.0000   0.4211
   1.500   0.5810   0.00968   0.00440  -0.0915  0.7276  1.0000  -0.8508   0.0000   0.0000   0.0000   0.4046
   2.000   0.6349   0.00968   0.00434  -0.0915  0.7087  1.0000  -0.9122   0.0000   0.0000   0.0000   0.3907
   2.500   0.6909   0.00976   0.00433  -0.0916  0.6892  1.0000  -0.9825   0.0000   0.0000   0.0000   0.3787
   3.000   0.7468   0.00985   0.00433  -0.0915  0.6681  1.0000  -1.0588   0.0000   0.0000   0.0000   0.3681
   3.500   0.8018   0.00997   0.00437  -0.0912  0.6439  1.0000  -1.1458   0.0000   0.0000   0.0000   0.3588
   4.000   0.8556   0.01015   0.00449  -0.0906  0.6152  1.0000  -1.2460   0.0000   0.0000   0.0000   0.3505
   4.500   0.9084   0.01042   0.00468  -0.0899  0.5830  1.0000  -1.3626   0.0000   0.0000   0.0000   0.3431
   5.000   0.9596   0.01084   0.00493  -0.0890  0.5466  1.0000  -1.4966   0.0000   0.0000   0.0000   0.3362
   5.500   1.0097   0.01133   0.00536  -0.0880  0.5071  1.0000  -1.6633   0.0000   0.0000   0.0000   0.3301
   6.000   1.0576   0.01200   0.00587  -0.0866  0.4645  1.0000  -1.8868   0.0000   0.0000   0.0000   0.3243
   6.500   1.1046   0.01274   0.00650  -0.0853  0.4219  1.0000  -2.2093   0.0000   0.0000   0.0000   0.3189
   7.000   1.1495   0.01359   0.00725  -0.0837  0.3781  1.0000  -2.5403   0.0000   0.0000   0.0000   0.3139
   7.500   1.1918   0.01461   0.00811  -0.0818  0.3338  1.0000  -2.8762   0.0000   0.0000   0.0000   0.3090
   8.000   1.2318   0.01573   0.00909  -0.0796  0.2893  1.0000  -3.2164   0.0000   0.0000   0.0000   0.3044
   8.500   1.2697   0.01696   0.01023  -0.0772  0.2458  1.0000  -3.5596   0.0000   0.0000   0.0000   0.2999
   9.000   1.3028   0.01841   0.01155  -0.0743  0.2030  1.0000  -3.8941   0.0000   0.0000   0.0000   0.2954
   9.500   1.3279   0.02015   0.01312  -0.0703  0.1612  1.0000  -4.2042   0.0000   0.0000   0.0000   0.2906
  10.000   1.3480   0.02231   0.01511  -0.0662  0.1233  1.0000  -4.4973   0.0000   0.0000   0.0000   0.2860


