xflr5 v6.61

 Calculated polar for: peg24_45_revT

 1 1 Reynolds number fixed          Mach number fixed         

 xtrf =   1.000 (top)        1.000 (bottom)
 Mach =   0.000     Re =     0.185 e 6     Ncrit =   9.000

  alpha     CL        CD       CDp       Cm    Top Xtr Bot Xtr   Cpmin    Chinge    XCp    
 ------- -------- --------- --------- -------- ------- ------- -------- --------- ---------
   0.000   0.4267   0.01344   0.00791  -0.1011  0.7912  0.8754  -0.6951   0.0000   0.0000   0.0000   0.4861
   0.500   0.4764   0.01308   0.00752  -0.0980  0.7802  0.9428  -0.7424   0.0000   0.0000   0.0000   0.4541
   1.000   0.5507   0.01290   0.00728  -0.1020  0.7648  1.0000  -0.8067   0.0000   0.0000   0.0000   0.4329
   1.500   0.6110   0.01282   0.00703  -0.1028  0.7517  1.0000  -0.8686   0.0000   0.0000   0.0000   0.4154
   2.000   0.6680   0.01277   0.00687  -0.1029  0.7347  1.0000  -0.9309   0.0000   0.0000   0.0000   0.4007
   2.500   0.7244   0.01277   0.00681  -0.1028  0.7173  1.0000  -0.9999   0.0000   0.0000   0.0000   0.3880
   3.000   0.7838   0.01263   0.00653  -0.1029  0.7006  1.0000  -1.0773   0.0000   0.0000   0.0000   0.3768
   3.500   0.8385   0.01260   0.00648  -0.1023  0.6790  1.0000  -1.1620   0.0000   0.0000   0.0000   0.3671
   4.000   0.8928   0.01263   0.00649  -0.1017  0.6554  1.0000  -1.2549   0.0000   0.0000   0.0000   0.3584
   4.500   0.9469   0.01268   0.00649  -0.1010  0.6287  1.0000  -1.3672   0.0000   0.0000   0.0000   0.3506
   5.000   1.0003   0.01284   0.00655  -0.1002  0.5987  1.0000  -1.4914   0.0000   0.0000   0.0000   0.3435
   5.500   1.0504   0.01317   0.00686  -0.0989  0.5623  1.0000  -1.6365   0.0000   0.0000   0.0000   0.3369
   6.000   1.0994   0.01366   0.00723  -0.0975  0.5234  1.0000  -1.8089   0.0000   0.0000   0.0000   0.3308
   6.500   1.1456   0.01434   0.00780  -0.0958  0.4803  1.0000  -2.0087   0.0000   0.0000   0.0000   0.3251
   7.000   1.1896   0.01521   0.00852  -0.0938  0.4379  1.0000  -2.3200   0.0000   0.0000   0.0000   0.3197
   7.500   1.2307   0.01618   0.00940  -0.0915  0.3940  1.0000  -2.6353   0.0000   0.0000   0.0000   0.3145
   8.000   1.2689   0.01730   0.01043  -0.0889  0.3506  1.0000  -2.9525   0.0000   0.0000   0.0000   0.3096
   8.500   1.3024   0.01865   0.01165  -0.0858  0.3086  1.0000  -3.2641   0.0000   0.0000   0.0000   0.3046
   9.000   1.3318   0.02010   0.01302  -0.0822  0.2670  1.0000  -3.5697   0.0000   0.0000   0.0000   0.2997
   9.500   1.3542   0.02180   0.01465  -0.0777  0.2283  1.0000  -3.8552   0.0000   0.0000   0.0000   0.2946
  10.000   1.3702   0.02404   0.01676  -0.0731  0.1915  1.0000  -4.1200   0.0000   0.0000   0.0000   0.2898


