xflr5 v6.61

 Calculated polar for: peg24_60_revT

 1 1 Reynolds number fixed          Mach number fixed         

 xtrf =   1.000 (top)        1.000 (bottom)
 Mach =   0.000     Re =     0.465 e 6     Ncrit =   9.000

  alpha     CL        CD       CDp       Cm    Top Xtr Bot Xtr   Cpmin    Chinge    XCp    
 ------- -------- --------- --------- -------- ------- ------- -------- --------- ---------
   0.000   0.5404   0.00803   0.00301  -0.1240  0.7297  0.6816  -0.7826   0.0000   0.0000   0.0000   0.4782
   0.500   0.5952   0.00791   0.00309  -0.1235  0.7190  0.7471  -0.8312   0.0000   0.0000   0.0000   0.4555
   1.000   0.6499   0.00784   0.00307  -0.1228  0.7069  0.7984  -0.8862   0.0000   0.0000   0.0000   0.4363
   1.500   0.7028   0.00780   0.00313  -0.1218  0.6940  0.8466  -0.9441   0.0000   0.0000   0.0000   0.4201
   2.000   0.7524   0.00769   0.00308  -0.1199  0.6790  0.8992  -1.0021   0.0000   0.0000   0.0000   0.4056
   2.500   0.8094   0.00755   0.00304  -0.1197  0.6626  1.0000  -1.0703   0.0000   0.0000   0.0000   0.3936
   3.000   0.8670   0.00771   0.00309  -0.1202  0.6446  1.0000  -1.1466   0.0000   0.0000   0.0000   0.3837
   3.500   0.9229   0.00791   0.00318  -0.1202  0.6216  1.0000  -1.2295   0.0000   0.0000   0.0000   0.3748
   4.000   0.9775   0.00816   0.00335  -0.1200  0.5950  1.0000  -1.3210   0.0000   0.0000   0.0000   0.3668
   4.500   1.0309   0.00849   0.00359  -0.1196  0.5633  1.0000  -1.4264   0.0000   0.0000   0.0000   0.3594
   5.000   1.0821   0.00897   0.00392  -0.1188  0.5259  1.0000  -1.5434   0.0000   0.0000   0.0000   0.3526
   5.500   1.1318   0.00955   0.00435  -0.1179  0.4872  1.0000  -1.6729   0.0000   0.0000   0.0000   0.3463
   6.000   1.1795   0.01026   0.00488  -0.1166  0.4444  1.0000  -1.8225   0.0000   0.0000   0.0000   0.3404
   6.500   1.2263   0.01100   0.00549  -0.1153  0.4037  1.0000  -1.9922   0.0000   0.0000   0.0000   0.3349
   7.500   1.3135   0.01281   0.00698  -0.1118  0.3227  1.0000  -2.4707   0.0000   0.0000   0.0000   0.3247
   8.000   1.3525   0.01390   0.00789  -0.1094  0.2842  1.0000  -2.7803   0.0000   0.0000   0.0000   0.3197
   8.500   1.3901   0.01496   0.00887  -0.1068  0.2485  1.0000  -3.0973   0.0000   0.0000   0.0000   0.3150
   9.000   1.4202   0.01629   0.01004  -0.1031  0.2142  1.0000  -3.3986   0.0000   0.0000   0.0000   0.3100
   9.500   1.4496   0.01771   0.01136  -0.0996  0.1835  1.0000  -3.7062   0.0000   0.0000   0.0000   0.3053
  10.000   1.4746   0.01946   0.01301  -0.0959  0.1526  1.0000  -4.0052   0.0000   0.0000   0.0000   0.3008


