xflr5 v6.61

 Calculated polar for: peg24_05_revT

 1 1 Reynolds number fixed          Mach number fixed         

 xtrf =   1.000 (top)        1.000 (bottom)
 Mach =   0.000     Re =     0.425 e 6     Ncrit =   9.000

  alpha     CL        CD       CDp       Cm    Top Xtr Bot Xtr   Cpmin    Chinge    XCp    
 ------- -------- --------- --------- -------- ------- ------- -------- --------- ---------
   0.000   0.2710   0.00709   0.00244  -0.0573  0.7328  0.8275  -0.5868   0.0000   0.0000   0.0000   0.4601
   0.500   0.3228   0.00709   0.00246  -0.0558  0.7137  0.8591  -0.6353   0.0000   0.0000   0.0000   0.4211
   1.000   0.3733   0.00710   0.00247  -0.0541  0.6929  0.8904  -0.6872   0.0000   0.0000   0.0000   0.3925
   1.500   0.4230   0.00714   0.00247  -0.0522  0.6707  0.9238  -0.7427   0.0000   0.0000   0.0000   0.3704
   2.000   0.4813   0.00720   0.00249  -0.0522  0.6453  0.9537  -0.8098   0.0000   0.0000   0.0000   0.3551
   2.500   0.5546   0.00734   0.00256  -0.0557  0.6155  0.9750  -0.8945   0.0000   0.0000   0.0000   0.3468
   3.000   0.6310   0.00755   0.00266  -0.0601  0.5807  0.9901  -0.9950   0.0000   0.0000   0.0000   0.3412
   3.500   0.6957   0.00782   0.00278  -0.0624  0.5445  1.0000  -1.1146   0.0000   0.0000   0.0000   0.3353
   4.000   0.7347   0.00812   0.00297  -0.0593  0.5098  1.0000  -1.2216   0.0000   0.0000   0.0000   0.3258
   4.500   0.7786   0.00856   0.00324  -0.0571  0.4703  1.0000  -1.3832   0.0000   0.0000   0.0000   0.3179
   5.000   0.8257   0.00899   0.00358  -0.0555  0.4322  1.0000  -1.7015   0.0000   0.0000   0.0000   0.3113
   5.500   0.8717   0.00956   0.00398  -0.0537  0.3900  1.0000  -2.0338   0.0000   0.0000   0.0000   0.3052
   6.000   0.9178   0.01017   0.00445  -0.0521  0.3446  1.0000  -2.3832   0.0000   0.0000   0.0000   0.2998
   6.500   0.9618   0.01092   0.00502  -0.0502  0.2936  1.0000  -2.7411   0.0000   0.0000   0.0000   0.2947
   7.000   1.0035   0.01185   0.00569  -0.0480  0.2365  1.0000  -3.1039   0.0000   0.0000   0.0000   0.2898
   7.500   1.0440   0.01285   0.00648  -0.0457  0.1843  1.0000  -3.4740   0.0000   0.0000   0.0000   0.2852
   8.000   1.0799   0.01414   0.00745  -0.0428  0.1291  1.0000  -3.8418   0.0000   0.0000   0.0000   0.2804
   8.500   1.1146   0.01541   0.00854  -0.0397  0.0894  1.0000  -4.2256   0.0000   0.0000   0.0000   0.2758
   9.000   1.1464   0.01673   0.00973  -0.0362  0.0628  1.0000  -4.6021   0.0000   0.0000   0.0000   0.2711
   9.500   1.1724   0.01806   0.01098  -0.0317  0.0440  1.0000  -4.9521   0.0000   0.0000   0.0000   0.2659
  10.000   1.1885   0.01978   0.01264  -0.0259  0.0280  1.0000  -5.2282   0.0000   0.0000   0.0000   0.2600


