xflr5 v6.61

 Calculated polar for: peg24_20_revT

 1 1 Reynolds number fixed          Mach number fixed         

 xtrf =   1.000 (top)        1.000 (bottom)
 Mach =   0.000     Re =     0.135 e 6     Ncrit =   9.000

  alpha     CL        CD       CDp       Cm    Top Xtr Bot Xtr   Cpmin    Chinge    XCp    
 ------- -------- --------- --------- -------- ------- ------- -------- --------- ---------
   0.000   0.3528   0.01488   0.00880  -0.0805  0.8295  0.9841  -0.6313   0.0000   0.0000   0.0000   0.4775
   0.500   0.4325   0.01447   0.00823  -0.0852  0.8134  1.0000  -0.6967   0.0000   0.0000   0.0000   0.4456
   1.000   0.4669   0.01462   0.00828  -0.0819  0.7917  1.0000  -0.7381   0.0000   0.0000   0.0000   0.4233
   1.500   0.5133   0.01464   0.00818  -0.0800  0.7721  1.0000  -0.7906   0.0000   0.0000   0.0000   0.4033
   2.000   0.5695   0.01444   0.00783  -0.0792  0.7544  1.0000  -0.8563   0.0000   0.0000   0.0000   0.3860
   2.500   0.6211   0.01440   0.00773  -0.0780  0.7312  1.0000  -0.9232   0.0000   0.0000   0.0000   0.3720
   3.000   0.6740   0.01439   0.00768  -0.0769  0.7070  1.0000  -1.0007   0.0000   0.0000   0.0000   0.3601
   3.500   0.7278   0.01438   0.00762  -0.0759  0.6816  1.0000  -1.0893   0.0000   0.0000   0.0000   0.3498
   4.000   0.7817   0.01437   0.00756  -0.0748  0.6541  1.0000  -1.1994   0.0000   0.0000   0.0000   0.3407
   4.500   0.8358   0.01441   0.00752  -0.0738  0.6241  1.0000  -1.3254   0.0000   0.0000   0.0000   0.3328
   5.000   0.8862   0.01466   0.00778  -0.0724  0.5882  1.0000  -1.4873   0.0000   0.0000   0.0000   0.3257
   5.500   0.9372   0.01496   0.00799  -0.0710  0.5501  1.0000  -1.7164   0.0000   0.0000   0.0000   0.3192
   6.000   0.9856   0.01547   0.00847  -0.0694  0.5075  1.0000  -2.0403   0.0000   0.0000   0.0000   0.3133
   6.500   1.0327   0.01615   0.00901  -0.0676  0.4636  1.0000  -2.3766   0.0000   0.0000   0.0000   0.3078
   7.000   1.0772   0.01699   0.00975  -0.0657  0.4177  1.0000  -2.7180   0.0000   0.0000   0.0000   0.3026
   7.500   1.1185   0.01795   0.01065  -0.0634  0.3687  1.0000  -3.0608   0.0000   0.0000   0.0000   0.2977
   8.000   1.1567   0.01911   0.01173  -0.0608  0.3184  1.0000  -3.4024   0.0000   0.0000   0.0000   0.2929
   8.500   1.1901   0.02057   0.01308  -0.0577  0.2661  1.0000  -3.7333   0.0000   0.0000   0.0000   0.2882
   9.000   1.2173   0.02243   0.01477  -0.0541  0.2120  1.0000  -4.0418   0.0000   0.0000   0.0000   0.2834
   9.500   1.2368   0.02476   0.01693  -0.0497  0.1617  1.0000  -4.3135   0.0000   0.0000   0.0000   0.2784
  10.000   1.2479   0.02774   0.01968  -0.0446  0.1248  1.0000  -4.5401   0.0000   0.0000   0.0000   0.2733


