xflr5 v6.61

 Calculated polar for: peg24_85_revT

 1 1 Reynolds number fixed          Mach number fixed         

 xtrf =   1.000 (top)        1.000 (bottom)
 Mach =   0.000     Re =     0.500 e 6     Ncrit =   9.000

  alpha     CL        CD       CDp       Cm    Top Xtr Bot Xtr   Cpmin    Chinge    XCp    
 ------- -------- --------- --------- -------- ------- ------- -------- --------- ---------
   0.000   0.6585   0.00858   0.00330  -0.1525  0.7248  0.5546  -0.8750   0.0000   0.0000   0.0000   0.4802
   0.500   0.7153   0.00839   0.00334  -0.1526  0.7160  0.6322  -0.9251   0.0000   0.0000   0.0000   0.4612
   1.000   0.7719   0.00827   0.00333  -0.1524  0.7059  0.7071  -0.9781   0.0000   0.0000   0.0000   0.4446
   1.500   0.8268   0.00824   0.00346  -0.1520  0.6958  0.7716  -1.0364   0.0000   0.0000   0.0000   0.4304
   2.000   0.8803   0.00812   0.00346  -0.1511  0.6834  0.8288  -1.0993   0.0000   0.0000   0.0000   0.4176
   2.500   0.9297   0.00802   0.00349  -0.1493  0.6709  0.8965  -1.1599   0.0000   0.0000   0.0000   0.4059
   3.000   0.9845   0.00792   0.00343  -0.1488  0.6557  1.0000  -1.2316   0.0000   0.0000   0.0000   0.3959
   3.500   1.0414   0.00809   0.00355  -0.1491  0.6396  1.0000  -1.3112   0.0000   0.0000   0.0000   0.3873
   4.000   1.0965   0.00829   0.00367  -0.1490  0.6185  1.0000  -1.3991   0.0000   0.0000   0.0000   0.3793
   4.500   1.1502   0.00858   0.00387  -0.1486  0.5941  1.0000  -1.4944   0.0000   0.0000   0.0000   0.3720
   5.000   1.2019   0.00895   0.00415  -0.1479  0.5623  1.0000  -1.6021   0.0000   0.0000   0.0000   0.3652
   5.500   1.2511   0.00949   0.00454  -0.1468  0.5262  1.0000  -1.7159   0.0000   0.0000   0.0000   0.3588
   6.000   1.2973   0.01018   0.00506  -0.1453  0.4871  1.0000  -1.8407   0.0000   0.0000   0.0000   0.3528
   6.500   1.3408   0.01101   0.00571  -0.1433  0.4444  1.0000  -1.9813   0.0000   0.0000   0.0000   0.3470
   7.000   1.3824   0.01190   0.00645  -0.1411  0.4052  1.0000  -2.1282   0.0000   0.0000   0.0000   0.3414
   7.500   1.4197   0.01295   0.00731  -0.1383  0.3652  1.0000  -2.2823   0.0000   0.0000   0.0000   0.3360
   8.000   1.4523   0.01405   0.00830  -0.1347  0.3291  1.0000  -2.4489   0.0000   0.0000   0.0000   0.3306
   8.500   1.4825   0.01527   0.00941  -0.1309  0.2964  1.0000  -2.6322   0.0000   0.0000   0.0000   0.3254
   9.000   1.5093   0.01674   0.01076  -0.1269  0.2657  1.0000  -2.8337   0.0000   0.0000   0.0000   0.3204
   9.500   1.5342   0.01845   0.01237  -0.1230  0.2370  1.0000  -3.0576   0.0000   0.0000   0.0000   0.3157
  10.000   1.5572   0.02042   0.01426  -0.1193  0.2089  1.0000  -3.3116   0.0000   0.0000   0.0000   0.3112


