xflr5 v6.61

 Calculated polar for: peg24_90_revT

 1 1 Reynolds number fixed          Mach number fixed         

 xtrf =   1.000 (top)        1.000 (bottom)
 Mach =   0.000     Re =     0.080 e 6     Ncrit =   9.000

  alpha     CL        CD       CDp       Cm    Top Xtr Bot Xtr   Cpmin    Chinge    XCp    
 ------- -------- --------- --------- -------- ------- ------- -------- --------- ---------
   0.000   0.3819   0.03940   0.03196  -0.1342  0.8404  0.7202  -0.6534   0.0000   0.0000   0.0000   0.6021
   0.500   0.3891   0.03994   0.03284  -0.1258  0.8213  0.8452  -0.6642   0.0000   0.0000   0.0000   0.5730
   1.500   0.5166   0.04182   0.03411  -0.1309  0.7877  1.0000  -0.7617   0.0000   0.0000   0.0000   0.5011
   2.000   0.5607   0.04348   0.03557  -0.1307  0.7673  1.0000  -0.8025   0.0000   0.0000   0.0000   0.4798
   2.500   0.6550   0.04364   0.03550  -0.1355  0.7563  1.0000  -0.8888   0.0000   0.0000   0.0000   0.4528
   4.000   0.7799   0.04772   0.03941  -0.1315  0.6911  1.0000  -1.0364   0.0000   0.0000   0.0000   0.4124
   4.500   0.8613   0.04665   0.03834  -0.1330  0.6782  1.0000  -1.1368   0.0000   0.0000   0.0000   0.3976
   6.500   1.0850   0.04485   0.03686  -0.1274  0.6018  1.0000  -1.5283   0.0000   0.0000   0.0000   0.3578
   7.000   1.1903   0.03911   0.03129  -0.1280  0.5946  1.0000  -1.7309   0.0000   0.0000   0.0000   0.3472
   7.500   1.2670   0.03601   0.02834  -0.1273  0.5744  1.0000  -1.9163   0.0000   0.0000   0.0000   0.3394
   8.000   1.3511   0.03286   0.02532  -0.1278  0.5493  1.0000  -2.1370   0.0000   0.0000   0.0000   0.3327
   8.500   1.4348   0.03050   0.02292  -0.1289  0.5168  1.0000  -2.3846   0.0000   0.0000   0.0000   0.3271
   9.000   1.4671   0.03129   0.02375  -0.1246  0.4780  1.0000  -2.5584   0.0000   0.0000   0.0000   0.3214
   9.500   1.5228   0.03141   0.02360  -0.1232  0.4374  1.0000  -2.8187   0.0000   0.0000   0.0000   0.3165
  10.000   1.5367   0.03333   0.02560  -0.1170  0.4000  1.0000  -2.9952   0.0000   0.0000   0.0000   0.3109


