xflr5 v6.61

 Calculated polar for: peg24_50_revT

 1 1 Reynolds number fixed          Mach number fixed         

 xtrf =   1.000 (top)        1.000 (bottom)
 Mach =   0.000     Re =     0.045 e 6     Ncrit =   9.000

  alpha     CL        CD       CDp       Cm    Top Xtr Bot Xtr   Cpmin    Chinge    XCp    
 ------- -------- --------- --------- -------- ------- ------- -------- --------- ---------
   0.000   0.0133   0.03210   0.02311  -0.0556  1.0000  1.0000  -0.8832   0.0000   0.0000   0.0000   4.4780
   0.500   0.0637   0.03412   0.02459  -0.0589  0.9984  1.0000  -0.7259   0.0000   0.0000   0.0000   1.1774
   1.000   0.1694   0.03793   0.02782  -0.0718  0.9688  1.0000  -0.5060   0.0000   0.0000   0.0000   0.6726
   1.500   0.2405   0.04072   0.03029  -0.0781  0.9416  1.0000  -0.5544   0.0000   0.0000   0.0000   0.5721
   2.000   0.3086   0.04354   0.03288  -0.0834  0.9125  1.0000  -0.6040   0.0000   0.0000   0.0000   0.5168
   2.500   0.3723   0.04632   0.03551  -0.0875  0.8825  1.0000  -0.6546   0.0000   0.0000   0.0000   0.4812
   3.000   0.4330   0.04908   0.03818  -0.0909  0.8517  1.0000  -0.7071   0.0000   0.0000   0.0000   0.4554
   3.500   0.4927   0.05178   0.04084  -0.0936  0.8201  1.0000  -0.7639   0.0000   0.0000   0.0000   0.4350
   4.000   0.5546   0.05436   0.04343  -0.0961  0.7882  1.0000  -0.8275   0.0000   0.0000   0.0000   0.4179
   4.500   0.6220   0.05672   0.04586  -0.0986  0.7570  1.0000  -0.9051   0.0000   0.0000   0.0000   0.4026
   5.000   0.6667   0.05925   0.04848  -0.0984  0.7251  1.0000  -0.9685   0.0000   0.0000   0.0000   0.3912
   5.500   0.6974   0.06214   0.05148  -0.0970  0.6923  1.0000  -1.0196   0.0000   0.0000   0.0000   0.3821
   6.000   0.7404   0.06472   0.05421  -0.0964  0.6601  1.0000  -1.0960   0.0000   0.0000   0.0000   0.3727
   6.500   0.7916   0.06686   0.05654  -0.0960  0.6292  1.0000  -1.1928   0.0000   0.0000   0.0000   0.3633
   7.000   0.8568   0.06773   0.05766  -0.0954  0.5991  1.0000  -1.3260   0.0000   0.0000   0.0000   0.3528
   7.500   0.8784   0.07147   0.06158  -0.0931  0.5667  1.0000  -1.4007   0.0000   0.0000   0.0000   0.3469
   8.000   0.8937   0.07599   0.06630  -0.0911  0.5347  1.0000  -1.4696   0.0000   0.0000   0.0000   0.3421
   8.500   0.9264   0.07899   0.06955  -0.0890  0.5028  1.0000  -1.5864   0.0000   0.0000   0.0000   0.3356
   9.000   0.9860   0.07872   0.06960  -0.0858  0.4711  1.0000  -1.7970   0.0000   0.0000   0.0000   0.3259
   9.500   1.1360   0.06466   0.05616  -0.0779  0.4388  1.0000  -2.4444   0.0000   0.0000   0.0000   0.3067
  10.000   1.0245   0.08715   0.07852  -0.0805  0.4088  1.0000  -2.0865   0.0000   0.0000   0.0000   0.3162


