xflr5 v6.61

 Calculated polar for: peg24_100_revT

 1 1 Reynolds number fixed          Mach number fixed         

 xtrf =   1.000 (top)        1.000 (bottom)
 Mach =   0.000     Re =     0.195 e 6     Ncrit =   9.000

  alpha     CL        CD       CDp       Cm    Top Xtr Bot Xtr   Cpmin    Chinge    XCp    
 ------- -------- --------- --------- -------- ------- ------- -------- --------- ---------
   0.000   0.6693   0.01870   0.01255  -0.1661  0.7678  0.6156  -0.8809   0.0000   0.0000   0.0000   0.4972
   0.500   0.7274   0.01817   0.01222  -0.1653  0.7610  0.7034  -0.9306   0.0000   0.0000   0.0000   0.4755
   1.000   0.7836   0.01775   0.01193  -0.1638  0.7551  0.7934  -0.9829   0.0000   0.0000   0.0000   0.4565
   1.500   0.8126   0.01784   0.01231  -0.1583  0.7405  0.8978  -1.0198   0.0000   0.0000   0.0000   0.4415
   2.000   0.8796   0.01712   0.01147  -0.1595  0.7332  1.0000  -1.0887   0.0000   0.0000   0.0000   0.4274
   2.500   0.9398   0.01710   0.01135  -0.1602  0.7228  1.0000  -1.1571   0.0000   0.0000   0.0000   0.4159
   3.000   0.9980   0.01691   0.01109  -0.1604  0.7104  1.0000  -1.2254   0.0000   0.0000   0.0000   0.4054
   3.500   1.0679   0.01619   0.01021  -0.1619  0.7021  1.0000  -1.3138   0.0000   0.0000   0.0000   0.3957
   4.000   1.1160   0.01633   0.01042  -0.1606  0.6852  1.0000  -1.3875   0.0000   0.0000   0.0000   0.3872
   4.500   1.1793   0.01584   0.00984  -0.1612  0.6731  1.0000  -1.4876   0.0000   0.0000   0.0000   0.3793
   5.000   1.2318   0.01572   0.00977  -0.1603  0.6552  1.0000  -1.5854   0.0000   0.0000   0.0000   0.3721
   5.500   1.2839   0.01562   0.00969  -0.1593  0.6348  1.0000  -1.6946   0.0000   0.0000   0.0000   0.3652
   6.000   1.3359   0.01556   0.00962  -0.1582  0.6118  1.0000  -1.8150   0.0000   0.0000   0.0000   0.3588
   6.500   1.3843   0.01567   0.00969  -0.1565  0.5829  1.0000  -1.9412   0.0000   0.0000   0.0000   0.3527
   7.000   1.4295   0.01602   0.00993  -0.1543  0.5492  1.0000  -2.0823   0.0000   0.0000   0.0000   0.3469
   7.500   1.4680   0.01675   0.01054  -0.1512  0.5120  1.0000  -2.2261   0.0000   0.0000   0.0000   0.3412
   8.000   1.4989   0.01781   0.01144  -0.1471  0.4719  1.0000  -2.3639   0.0000   0.0000   0.0000   0.3355
   8.500   1.5213   0.01916   0.01266  -0.1417  0.4338  1.0000  -2.4967   0.0000   0.0000   0.0000   0.3297
   9.000   1.5390   0.02084   0.01424  -0.1361  0.3972  1.0000  -2.6322   0.0000   0.0000   0.0000   0.3242
   9.500   1.5533   0.02293   0.01617  -0.1306  0.3627  1.0000  -2.7766   0.0000   0.0000   0.0000   0.3189
  10.000   1.5670   0.02528   0.01845  -0.1256  0.3310  1.0000  -2.9389   0.0000   0.0000   0.0000   0.3141


