xflr5 v6.61

 Calculated polar for: peg24_10_revT

 1 1 Reynolds number fixed          Mach number fixed         

 xtrf =   1.000 (top)        1.000 (bottom)
 Mach =   0.000     Re =     0.170 e 6     Ncrit =   9.000

  alpha     CL        CD       CDp       Cm    Top Xtr Bot Xtr   Cpmin    Chinge    XCp    
 ------- -------- --------- --------- -------- ------- ------- -------- --------- ---------
   0.000   0.2783   0.01205   0.00639  -0.0597  0.8114  0.9514  -0.5887   0.0000   0.0000   0.0000   0.4639
   0.500   0.3728   0.01186   0.00611  -0.0671  0.7928  0.9815  -0.6618   0.0000   0.0000   0.0000   0.4285
   1.000   0.4565   0.01162   0.00574  -0.0728  0.7734  1.0000  -0.7344   0.0000   0.0000   0.0000   0.4075
   1.500   0.5001   0.01156   0.00555  -0.0707  0.7524  1.0000  -0.7870   0.0000   0.0000   0.0000   0.3888
   2.000   0.5441   0.01154   0.00541  -0.0685  0.7293  1.0000  -0.8456   0.0000   0.0000   0.0000   0.3728
   2.500   0.5911   0.01159   0.00538  -0.0668  0.7044  1.0000  -0.9112   0.0000   0.0000   0.0000   0.3594
   3.000   0.6418   0.01168   0.00538  -0.0656  0.6781  1.0000  -0.9894   0.0000   0.0000   0.0000   0.3482
   3.500   0.6940   0.01182   0.00541  -0.0645  0.6498  1.0000  -1.0876   0.0000   0.0000   0.0000   0.3385
   4.000   0.7451   0.01202   0.00558  -0.0634  0.6171  1.0000  -1.1974   0.0000   0.0000   0.0000   0.3302
   4.500   0.7963   0.01228   0.00580  -0.0623  0.5816  1.0000  -1.3479   0.0000   0.0000   0.0000   0.3228
   5.000   0.8472   0.01269   0.00606  -0.0611  0.5445  1.0000  -1.5696   0.0000   0.0000   0.0000   0.3162
   5.500   0.8961   0.01317   0.00649  -0.0597  0.5017  1.0000  -1.8957   0.0000   0.0000   0.0000   0.3102
   6.000   0.9443   0.01379   0.00703  -0.0583  0.4583  1.0000  -2.2357   0.0000   0.0000   0.0000   0.3048
   6.500   0.9907   0.01455   0.00767  -0.0567  0.4133  1.0000  -2.5858   0.0000   0.0000   0.0000   0.2997
   7.000   1.0348   0.01542   0.00843  -0.0549  0.3641  1.0000  -2.9420   0.0000   0.0000   0.0000   0.2949
   7.500   1.0770   0.01644   0.00934  -0.0529  0.3132  1.0000  -3.3027   0.0000   0.0000   0.0000   0.2904
   8.000   1.1168   0.01763   0.01045  -0.0508  0.2586  1.0000  -3.6634   0.0000   0.0000   0.0000   0.2861
   8.500   1.1511   0.01925   0.01189  -0.0482  0.1982  1.0000  -4.0070   0.0000   0.0000   0.0000   0.2818
   9.000   1.1789   0.02140   0.01375  -0.0449  0.1387  1.0000  -4.3211   0.0000   0.0000   0.0000   0.2774
   9.500   1.2006   0.02384   0.01594  -0.0411  0.0972  1.0000  -4.6057   0.0000   0.0000   0.0000   0.2728
  10.000   1.2157   0.02664   0.01866  -0.0366  0.0737  1.0000  -4.8581   0.0000   0.0000   0.0000   0.2680


