xflr5 v6.61

 Calculated polar for: peg24_20_revT

 1 1 Reynolds number fixed          Mach number fixed         

 xtrf =   1.000 (top)        1.000 (bottom)
 Mach =   0.000     Re =     0.295 e 6     Ncrit =   9.000

  alpha     CL        CD       CDp       Cm    Top Xtr Bot Xtr   Cpmin    Chinge    XCp    
 ------- -------- --------- --------- -------- ------- ------- -------- --------- ---------
   0.000   0.3374   0.00883   0.00384  -0.0744  0.7620  0.8521  -0.6322   0.0000   0.0000   0.0000   0.4696
   0.500   0.3853   0.00878   0.00381  -0.0718  0.7461  0.8916  -0.6793   0.0000   0.0000   0.0000   0.4347
   1.000   0.4347   0.00868   0.00365  -0.0695  0.7295  0.9319  -0.7308   0.0000   0.0000   0.0000   0.4076
   1.500   0.5009   0.00857   0.00353  -0.0711  0.7099  0.9724  -0.7955   0.0000   0.0000   0.0000   0.3891
   2.000   0.5804   0.00853   0.00341  -0.0761  0.6884  1.0000  -0.8766   0.0000   0.0000   0.0000   0.3779
   2.500   0.6303   0.00864   0.00341  -0.0753  0.6654  1.0000  -0.9427   0.0000   0.0000   0.0000   0.3657
   3.000   0.6838   0.00879   0.00347  -0.0749  0.6395  1.0000  -1.0220   0.0000   0.0000   0.0000   0.3553
   3.500   0.7372   0.00900   0.00357  -0.0744  0.6097  1.0000  -1.1119   0.0000   0.0000   0.0000   0.3462
   4.000   0.7900   0.00929   0.00374  -0.0738  0.5770  1.0000  -1.2231   0.0000   0.0000   0.0000   0.3382
   4.500   0.8420   0.00968   0.00401  -0.0731  0.5408  1.0000  -1.3499   0.0000   0.0000   0.0000   0.3311
   5.000   0.8930   0.01015   0.00437  -0.0722  0.5013  1.0000  -1.5191   0.0000   0.0000   0.0000   0.3247
   5.500   0.9429   0.01071   0.00481  -0.0713  0.4592  1.0000  -1.8017   0.0000   0.0000   0.0000   0.3189
   6.000   0.9916   0.01139   0.00534  -0.0702  0.4175  1.0000  -2.1361   0.0000   0.0000   0.0000   0.3135
   6.500   1.0395   0.01212   0.00595  -0.0690  0.3715  1.0000  -2.4842   0.0000   0.0000   0.0000   0.3086
   7.000   1.0859   0.01296   0.00668  -0.0677  0.3256  1.0000  -2.8425   0.0000   0.0000   0.0000   0.3039
   7.500   1.1305   0.01394   0.00752  -0.0663  0.2790  1.0000  -3.2082   0.0000   0.0000   0.0000   0.2995
   8.000   1.1723   0.01511   0.00849  -0.0645  0.2279  1.0000  -3.5761   0.0000   0.0000   0.0000   0.2953
   8.500   1.2100   0.01657   0.00970  -0.0624  0.1735  1.0000  -3.9378   0.0000   0.0000   0.0000   0.2911
   9.000   1.2440   0.01825   0.01112  -0.0598  0.1235  1.0000  -4.2917   0.0000   0.0000   0.0000   0.2870
   9.500   1.2737   0.02006   0.01275  -0.0566  0.0882  1.0000  -4.6404   0.0000   0.0000   0.0000   0.2827
  10.000   1.2987   0.02200   0.01463  -0.0530  0.0658  1.0000  -4.9774   0.0000   0.0000   0.0000   0.2783


