xflr5 v6.61

 Calculated polar for: peg24_75_revT

 1 1 Reynolds number fixed          Mach number fixed         

 xtrf =   1.000 (top)        1.000 (bottom)
 Mach =   0.000     Re =     0.240 e 6     Ncrit =   9.000

  alpha     CL        CD       CDp       Cm    Top Xtr Bot Xtr   Cpmin    Chinge    XCp    
 ------- -------- --------- --------- -------- ------- ------- -------- --------- ---------
   0.000   0.5883   0.01295   0.00740  -0.1400  0.7664  0.7227  -0.8169   0.0000   0.0000   0.0000   0.4870
   0.500   0.6426   0.01268   0.00719  -0.1386  0.7580  0.7954  -0.8656   0.0000   0.0000   0.0000   0.4639
   1.000   0.6860   0.01261   0.00730  -0.1354  0.7463  0.8641  -0.9110   0.0000   0.0000   0.0000   0.4449
   1.500   0.7391   0.01210   0.00685  -0.1337  0.7353  1.0000  -0.9674   0.0000   0.0000   0.0000   0.4278
   2.000   0.8012   0.01211   0.00672  -0.1350  0.7241  1.0000  -1.0343   0.0000   0.0000   0.0000   0.4147
   2.500   0.8599   0.01204   0.00657  -0.1355  0.7101  1.0000  -1.1008   0.0000   0.0000   0.0000   0.4032
   3.000   0.9186   0.01200   0.00645  -0.1358  0.6965  1.0000  -1.1759   0.0000   0.0000   0.0000   0.3928
   3.500   0.9759   0.01191   0.00630  -0.1358  0.6803  1.0000  -1.2548   0.0000   0.0000   0.0000   0.3836
   4.000   1.0309   0.01198   0.00636  -0.1355  0.6622  1.0000  -1.3444   0.0000   0.0000   0.0000   0.3752
   4.500   1.0862   0.01199   0.00633  -0.1351  0.6419  1.0000  -1.4416   0.0000   0.0000   0.0000   0.3675
   5.000   1.1395   0.01209   0.00638  -0.1344  0.6174  1.0000  -1.5534   0.0000   0.0000   0.0000   0.3605
   5.500   1.1906   0.01233   0.00658  -0.1333  0.5879  1.0000  -1.6732   0.0000   0.0000   0.0000   0.3539
   6.000   1.2390   0.01273   0.00687  -0.1319  0.5526  1.0000  -1.8050   0.0000   0.0000   0.0000   0.3476
   6.500   1.2847   0.01335   0.00735  -0.1301  0.5149  1.0000  -1.9524   0.0000   0.0000   0.0000   0.3417
   7.000   1.3262   0.01418   0.00805  -0.1277  0.4724  1.0000  -2.1075   0.0000   0.0000   0.0000   0.3360
   7.500   1.3644   0.01519   0.00891  -0.1248  0.4316  1.0000  -2.2795   0.0000   0.0000   0.0000   0.3306
   8.000   1.3974   0.01639   0.00994  -0.1213  0.3907  1.0000  -2.4646   0.0000   0.0000   0.0000   0.3251
   8.500   1.4252   0.01768   0.01116  -0.1170  0.3533  1.0000  -2.6633   0.0000   0.0000   0.0000   0.3197
   9.000   1.4486   0.01922   0.01261  -0.1124  0.3179  1.0000  -2.9108   0.0000   0.0000   0.0000   0.3144
   9.500   1.4681   0.02112   0.01438  -0.1078  0.2854  1.0000  -3.1518   0.0000   0.0000   0.0000   0.3094
  10.000   1.4880   0.02318   0.01643  -0.1037  0.2545  1.0000  -3.4068   0.0000   0.0000   0.0000   0.3048


