xflr5 v6.61

 Calculated polar for: peg24_30_revT

 1 1 Reynolds number fixed          Mach number fixed         

 xtrf =   1.000 (top)        1.000 (bottom)
 Mach =   0.000     Re =     0.130 e 6     Ncrit =   9.000

  alpha     CL        CD       CDp       Cm    Top Xtr Bot Xtr   Cpmin    Chinge    XCp    
 ------- -------- --------- --------- -------- ------- ------- -------- --------- ---------
   0.000   0.3757   0.01633   0.01022  -0.0897  0.8261  0.9907  -0.6477   0.0000   0.0000   0.0000   0.4881
   0.500   0.4419   0.01594   0.00963  -0.0916  0.8121  1.0000  -0.7054   0.0000   0.0000   0.0000   0.4560
   1.000   0.4837   0.01619   0.00976  -0.0898  0.7916  1.0000  -0.7497   0.0000   0.0000   0.0000   0.4336
   1.500   0.5400   0.01614   0.00958  -0.0895  0.7751  1.0000  -0.8073   0.0000   0.0000   0.0000   0.4131
   2.000   0.5985   0.01589   0.00921  -0.0891  0.7579  1.0000  -0.8727   0.0000   0.0000   0.0000   0.3958
   2.500   0.6513   0.01593   0.00921  -0.0882  0.7364  1.0000  -0.9399   0.0000   0.0000   0.0000   0.3818
   3.000   0.7067   0.01583   0.00907  -0.0874  0.7152  1.0000  -1.0154   0.0000   0.0000   0.0000   0.3695
   3.500   0.7630   0.01566   0.00886  -0.0866  0.6934  1.0000  -1.1029   0.0000   0.0000   0.0000   0.3588
   4.000   0.8187   0.01552   0.00867  -0.0857  0.6689  1.0000  -1.2058   0.0000   0.0000   0.0000   0.3495
   4.500   0.8726   0.01545   0.00860  -0.0846  0.6403  1.0000  -1.3231   0.0000   0.0000   0.0000   0.3413
   5.000   0.9257   0.01547   0.00859  -0.0834  0.6083  1.0000  -1.4639   0.0000   0.0000   0.0000   0.3338
   5.500   0.9789   0.01559   0.00860  -0.0821  0.5737  1.0000  -1.6415   0.0000   0.0000   0.0000   0.3271
   6.000   1.0275   0.01602   0.00903  -0.0805  0.5333  1.0000  -1.8761   0.0000   0.0000   0.0000   0.3210
   6.500   1.0756   0.01660   0.00945  -0.0788  0.4907  1.0000  -2.2022   0.0000   0.0000   0.0000   0.3152
   7.000   1.1201   0.01738   0.01018  -0.0767  0.4457  1.0000  -2.5300   0.0000   0.0000   0.0000   0.3099
   7.500   1.1619   0.01834   0.01108  -0.0744  0.3994  1.0000  -2.8613   0.0000   0.0000   0.0000   0.3048
   8.000   1.2002   0.01948   0.01213  -0.0717  0.3519  1.0000  -3.1924   0.0000   0.0000   0.0000   0.2998
   8.500   1.2342   0.02084   0.01341  -0.0686  0.3041  1.0000  -3.5166   0.0000   0.0000   0.0000   0.2949
   9.000   1.2623   0.02249   0.01494  -0.0649  0.2556  1.0000  -3.8247   0.0000   0.0000   0.0000   0.2900
   9.500   1.2824   0.02453   0.01682  -0.0603  0.2088  1.0000  -4.1030   0.0000   0.0000   0.0000   0.2849
  10.000   1.2938   0.02716   0.01923  -0.0551  0.1677  1.0000  -4.3429   0.0000   0.0000   0.0000   0.2797


