xflr5 v6.61

 Calculated polar for: peg24_30_revT

 1 1 Reynolds number fixed          Mach number fixed         

 xtrf =   1.000 (top)        1.000 (bottom)
 Mach =   0.000     Re =     0.290 e 6     Ncrit =   9.000

  alpha     CL        CD       CDp       Cm    Top Xtr Bot Xtr   Cpmin    Chinge    XCp    
 ------- -------- --------- --------- -------- ------- ------- -------- --------- ---------
   0.000   0.3847   0.00921   0.00416  -0.0866  0.7624  0.8364  -0.6658   0.0000   0.0000   0.0000   0.4739
   0.500   0.4336   0.00916   0.00413  -0.0843  0.7484  0.8802  -0.7136   0.0000   0.0000   0.0000   0.4426
   1.000   0.4808   0.00899   0.00397  -0.0815  0.7328  0.9266  -0.7635   0.0000   0.0000   0.0000   0.4170
   1.500   0.5477   0.00886   0.00383  -0.0832  0.7157  0.9750  -0.8283   0.0000   0.0000   0.0000   0.3990
   2.000   0.6161   0.00884   0.00368  -0.0860  0.6970  1.0000  -0.9004   0.0000   0.0000   0.0000   0.3861
   2.500   0.6716   0.00893   0.00364  -0.0860  0.6763  1.0000  -0.9705   0.0000   0.0000   0.0000   0.3742
   3.000   0.7265   0.00905   0.00370  -0.0859  0.6528  1.0000  -1.0481   0.0000   0.0000   0.0000   0.3638
   3.500   0.7809   0.00922   0.00378  -0.0855  0.6259  1.0000  -1.1340   0.0000   0.0000   0.0000   0.3547
   4.000   0.8344   0.00948   0.00394  -0.0850  0.5956  1.0000  -1.2401   0.0000   0.0000   0.0000   0.3465
   4.500   0.8869   0.00980   0.00419  -0.0844  0.5608  1.0000  -1.3568   0.0000   0.0000   0.0000   0.3393
   5.000   0.9380   0.01027   0.00451  -0.0835  0.5231  1.0000  -1.5007   0.0000   0.0000   0.0000   0.3326
   5.500   0.9879   0.01081   0.00495  -0.0825  0.4813  1.0000  -1.6797   0.0000   0.0000   0.0000   0.3265
   6.000   1.0362   0.01150   0.00548  -0.0813  0.4397  1.0000  -1.9759   0.0000   0.0000   0.0000   0.3209
   6.500   1.0839   0.01222   0.00610  -0.0801  0.3965  1.0000  -2.3089   0.0000   0.0000   0.0000   0.3158
   7.000   1.1295   0.01308   0.00683  -0.0787  0.3516  1.0000  -2.6505   0.0000   0.0000   0.0000   0.3109
   7.500   1.1730   0.01407   0.00767  -0.0770  0.3070  1.0000  -2.9987   0.0000   0.0000   0.0000   0.3062
   8.000   1.2138   0.01522   0.00864  -0.0750  0.2618  1.0000  -3.3501   0.0000   0.0000   0.0000   0.3017
   8.500   1.2522   0.01649   0.00978  -0.0728  0.2159  1.0000  -3.7033   0.0000   0.0000   0.0000   0.2974
   9.000   1.2857   0.01803   0.01111  -0.0700  0.1686  1.0000  -4.0464   0.0000   0.0000   0.0000   0.2930
   9.500   1.3124   0.01980   0.01267  -0.0663  0.1255  1.0000  -4.3693   0.0000   0.0000   0.0000   0.2884
  10.000   1.3362   0.02177   0.01453  -0.0626  0.0943  1.0000  -4.6843   0.0000   0.0000   0.0000   0.2839


