xflr5 v6.61

 Calculated polar for: peg24_35_revT

 1 1 Reynolds number fixed          Mach number fixed         

 xtrf =   1.000 (top)        1.000 (bottom)
 Mach =   0.000     Re =     0.385 e 6     Ncrit =   9.000

  alpha     CL        CD       CDp       Cm    Top Xtr Bot Xtr   Cpmin    Chinge    XCp    
 ------- -------- --------- --------- -------- ------- ------- -------- --------- ---------
   0.000   0.4171   0.00805   0.00320  -0.0940  0.7424  0.7892  -0.6895   0.0000   0.0000   0.0000   0.4742
   0.500   0.4702   0.00803   0.00316  -0.0928  0.7285  0.8308  -0.7399   0.0000   0.0000   0.0000   0.4455
   1.000   0.5211   0.00793   0.00317  -0.0912  0.7136  0.8726  -0.7920   0.0000   0.0000   0.0000   0.4226
   1.500   0.5697   0.00786   0.00311  -0.0889  0.6975  0.9164  -0.8462   0.0000   0.0000   0.0000   0.4031
   2.000   0.6302   0.00774   0.00299  -0.0894  0.6790  0.9737  -0.9124   0.0000   0.0000   0.0000   0.3883
   2.500   0.6944   0.00780   0.00299  -0.0913  0.6577  1.0000  -0.9884   0.0000   0.0000   0.0000   0.3775
   3.000   0.7505   0.00797   0.00306  -0.0915  0.6343  1.0000  -1.0655   0.0000   0.0000   0.0000   0.3674
   3.500   0.8055   0.00818   0.00317  -0.0913  0.6065  1.0000  -1.1525   0.0000   0.0000   0.0000   0.3584
   4.000   0.8592   0.00849   0.00335  -0.0909  0.5753  1.0000  -1.2536   0.0000   0.0000   0.0000   0.3504
   4.500   0.9119   0.00888   0.00362  -0.0904  0.5395  1.0000  -1.3707   0.0000   0.0000   0.0000   0.3431
   5.000   0.9633   0.00936   0.00397  -0.0897  0.5012  1.0000  -1.5065   0.0000   0.0000   0.0000   0.3366
   5.500   1.0134   0.00994   0.00440  -0.0888  0.4589  1.0000  -1.6758   0.0000   0.0000   0.0000   0.3305
   6.000   1.0622   0.01063   0.00493  -0.0878  0.4174  1.0000  -1.9253   0.0000   0.0000   0.0000   0.3249
   6.500   1.1105   0.01134   0.00553  -0.0867  0.3746  1.0000  -2.2559   0.0000   0.0000   0.0000   0.3198
   7.000   1.1566   0.01220   0.00623  -0.0854  0.3309  1.0000  -2.5953   0.0000   0.0000   0.0000   0.3149
   8.000   1.2436   0.01422   0.00792  -0.0821  0.2439  1.0000  -3.2980   0.0000   0.0000   0.0000   0.3058
   8.500   1.2829   0.01544   0.00898  -0.0800  0.1992  1.0000  -3.6529   0.0000   0.0000   0.0000   0.3015
   9.000   1.3177   0.01690   0.01021  -0.0774  0.1543  1.0000  -4.0010   0.0000   0.0000   0.0000   0.2971
   9.500   1.3469   0.01849   0.01162  -0.0739  0.1169  1.0000  -4.3345   0.0000   0.0000   0.0000   0.2925
  10.000   1.3720   0.02032   0.01331  -0.0701  0.0889  1.0000  -4.6621   0.0000   0.0000   0.0000   0.2880


