xflr5 v6.61

 Calculated polar for: peg24_10_revT

 1 1 Reynolds number fixed          Mach number fixed         

 xtrf =   1.000 (top)        1.000 (bottom)
 Mach =   0.000     Re =     0.190 e 6     Ncrit =   9.000

  alpha     CL        CD       CDp       Cm    Top Xtr Bot Xtr   Cpmin    Chinge    XCp    
 ------- -------- --------- --------- -------- ------- ------- -------- --------- ---------
   0.000   0.2710   0.01122   0.00579  -0.0582  0.7996  0.9331  -0.5855   0.0000   0.0000   0.0000   0.4640
   0.500   0.3470   0.01105   0.00546  -0.0611  0.7835  0.9681  -0.6481   0.0000   0.0000   0.0000   0.4246
   1.000   0.4422   0.01083   0.00516  -0.0690  0.7629  0.9930  -0.7271   0.0000   0.0000   0.0000   0.4039
   1.500   0.5007   0.01075   0.00498  -0.0701  0.7411  1.0000  -0.7891   0.0000   0.0000   0.0000   0.3873
   2.000   0.5446   0.01075   0.00488  -0.0680  0.7182  1.0000  -0.8475   0.0000   0.0000   0.0000   0.3718
   2.500   0.5916   0.01082   0.00484  -0.0663  0.6941  1.0000  -0.9133   0.0000   0.0000   0.0000   0.3585
   3.000   0.6421   0.01092   0.00485  -0.0651  0.6673  1.0000  -0.9913   0.0000   0.0000   0.0000   0.3475
   3.500   0.6937   0.01107   0.00493  -0.0641  0.6375  1.0000  -1.0890   0.0000   0.0000   0.0000   0.3380
   4.000   0.7456   0.01128   0.00505  -0.0631  0.6051  1.0000  -1.2000   0.0000   0.0000   0.0000   0.3298
   4.500   0.7971   0.01162   0.00525  -0.0621  0.5704  1.0000  -1.3524   0.0000   0.0000   0.0000   0.3225
   5.000   0.8473   0.01202   0.00561  -0.0610  0.5309  1.0000  -1.5797   0.0000   0.0000   0.0000   0.3161
   5.500   0.8965   0.01256   0.00602  -0.0597  0.4888  1.0000  -1.9081   0.0000   0.0000   0.0000   0.3101
   6.000   0.9446   0.01320   0.00655  -0.0583  0.4457  1.0000  -2.2496   0.0000   0.0000   0.0000   0.3048
   6.500   0.9914   0.01391   0.00721  -0.0569  0.3992  1.0000  -2.6023   0.0000   0.0000   0.0000   0.2998
   7.000   1.0364   0.01477   0.00798  -0.0552  0.3505  1.0000  -2.9629   0.0000   0.0000   0.0000   0.2952
   7.500   1.0794   0.01578   0.00888  -0.0535  0.3001  1.0000  -3.3284   0.0000   0.0000   0.0000   0.2908
   8.000   1.1191   0.01703   0.00997  -0.0514  0.2456  1.0000  -3.6912   0.0000   0.0000   0.0000   0.2865
   8.500   1.1544   0.01864   0.01137  -0.0489  0.1848  1.0000  -4.0414   0.0000   0.0000   0.0000   0.2823
   9.000   1.1825   0.02080   0.01318  -0.0458  0.1261  1.0000  -4.3620   0.0000   0.0000   0.0000   0.2780
   9.500   1.2068   0.02310   0.01529  -0.0422  0.0883  1.0000  -4.6647   0.0000   0.0000   0.0000   0.2735
  10.000   1.2249   0.02564   0.01780  -0.0380  0.0668  1.0000  -4.9398   0.0000   0.0000   0.0000   0.2689


