xflr5 v6.61

 Calculated polar for: peg24_60_revT

 1 1 Reynolds number fixed          Mach number fixed         

 xtrf =   1.000 (top)        1.000 (bottom)
 Mach =   0.000     Re =     0.300 e 6     Ncrit =   9.000

  alpha     CL        CD       CDp       Cm    Top Xtr Bot Xtr   Cpmin    Chinge    XCp    
 ------- -------- --------- --------- -------- ------- ------- -------- --------- ---------
   0.000   0.5305   0.01018   0.00490  -0.1232  0.7568  0.7516  -0.7741   0.0000   0.0000   0.0000   0.4810
   0.500   0.5816   0.01013   0.00499  -0.1217  0.7453  0.8096  -0.8203   0.0000   0.0000   0.0000   0.4574
   1.000   0.6315   0.00991   0.00484  -0.1196  0.7338  0.8657  -0.8721   0.0000   0.0000   0.0000   0.4368
   1.500   0.6778   0.00972   0.00474  -0.1167  0.7213  0.9350  -0.9250   0.0000   0.0000   0.0000   0.4191
   2.000   0.7441   0.00956   0.00449  -0.1187  0.7073  1.0000  -0.9935   0.0000   0.0000   0.0000   0.4059
   2.500   0.8023   0.00964   0.00450  -0.1193  0.6916  1.0000  -1.0617   0.0000   0.0000   0.0000   0.3944
   3.000   0.8608   0.00969   0.00440  -0.1196  0.6751  1.0000  -1.1388   0.0000   0.0000   0.0000   0.3842
   3.500   0.9159   0.00977   0.00449  -0.1194  0.6554  1.0000  -1.2199   0.0000   0.0000   0.0000   0.3751
   4.000   0.9708   0.00990   0.00458  -0.1192  0.6323  1.0000  -1.3115   0.0000   0.0000   0.0000   0.3668
   4.500   1.0245   0.01011   0.00472  -0.1187  0.6055  1.0000  -1.4161   0.0000   0.0000   0.0000   0.3593
   5.000   1.0765   0.01044   0.00493  -0.1179  0.5742  1.0000  -1.5329   0.0000   0.0000   0.0000   0.3524
   5.500   1.1265   0.01090   0.00529  -0.1168  0.5380  1.0000  -1.6610   0.0000   0.0000   0.0000   0.3459
   6.000   1.1740   0.01153   0.00577  -0.1154  0.4978  1.0000  -1.8092   0.0000   0.0000   0.0000   0.3399
   6.500   1.2196   0.01228   0.00638  -0.1137  0.4558  1.0000  -1.9740   0.0000   0.0000   0.0000   0.3342
   7.500   1.3030   0.01416   0.00798  -0.1095  0.3723  1.0000  -2.4150   0.0000   0.0000   0.0000   0.3236
   8.000   1.3397   0.01532   0.00898  -0.1067  0.3325  1.0000  -2.7130   0.0000   0.0000   0.0000   0.3185
   8.500   1.3736   0.01650   0.01009  -0.1035  0.2946  1.0000  -3.0130   0.0000   0.0000   0.0000   0.3135
   9.000   1.3997   0.01799   0.01143  -0.0993  0.2591  1.0000  -3.2952   0.0000   0.0000   0.0000   0.3083
   9.500   1.4266   0.01954   0.01293  -0.0956  0.2254  1.0000  -3.5881   0.0000   0.0000   0.0000   0.3036
  10.000   1.4482   0.02153   0.01482  -0.0917  0.1930  1.0000  -3.8680   0.0000   0.0000   0.0000   0.2991


