xflr5 v6.61

 Calculated polar for: peg24_0_revT

 1 1 Reynolds number fixed          Mach number fixed         

 xtrf =   1.000 (top)        1.000 (bottom)
 Mach =   0.000     Re =     0.190 e 6     Ncrit =   9.000

  alpha     CL        CD       CDp       Cm    Top Xtr Bot Xtr   Cpmin    Chinge    XCp    
 ------- -------- --------- --------- -------- ------- ------- -------- --------- ---------
   0.000   0.2420   0.01101   0.00555  -0.0491  0.8033  0.9345  -0.5644   0.0000   0.0000   0.0000   0.4518
   0.500   0.3323   0.01106   0.00549  -0.0552  0.7834  0.9569  -0.6355   0.0000   0.0000   0.0000   0.4144
   1.000   0.4257   0.01097   0.00526  -0.0623  0.7606  0.9741  -0.7154   0.0000   0.0000   0.0000   0.3943
   1.500   0.5116   0.01082   0.00501  -0.0684  0.7355  0.9915  -0.7989   0.0000   0.0000   0.0000   0.3812
   2.000   0.5746   0.01066   0.00473  -0.0703  0.7082  1.0000  -0.8752   0.0000   0.0000   0.0000   0.3693
   2.500   0.6085   0.01065   0.00462  -0.0663  0.6816  1.0000  -0.9380   0.0000   0.0000   0.0000   0.3556
   3.000   0.6406   0.01072   0.00464  -0.0620  0.6509  1.0000  -1.0143   0.0000   0.0000   0.0000   0.3429
   3.500   0.6770   0.01088   0.00470  -0.0582  0.6192  1.0000  -1.1041   0.0000   0.0000   0.0000   0.3316
   4.000   0.7186   0.01117   0.00481  -0.0553  0.5867  1.0000  -1.2302   0.0000   0.0000   0.0000   0.3221
   4.500   0.7615   0.01150   0.00513  -0.0526  0.5493  1.0000  -1.3979   0.0000   0.0000   0.0000   0.3139
   5.000   0.8060   0.01196   0.00543  -0.0503  0.5106  1.0000  -1.6255   0.0000   0.0000   0.0000   0.3067
   5.500   0.8501   0.01249   0.00582  -0.0480  0.4688  1.0000  -1.9511   0.0000   0.0000   0.0000   0.3003
   6.000   0.8942   0.01307   0.00639  -0.0458  0.4274  1.0000  -2.3068   0.0000   0.0000   0.0000   0.2945
   6.500   0.9359   0.01375   0.00695  -0.0433  0.3802  1.0000  -2.6718   0.0000   0.0000   0.0000   0.2890
   7.000   0.9763   0.01454   0.00764  -0.0408  0.3333  1.0000  -3.0473   0.0000   0.0000   0.0000   0.2839
   7.500   1.0139   0.01548   0.00849  -0.0378  0.2834  1.0000  -3.4252   0.0000   0.0000   0.0000   0.2789
   8.000   1.0472   0.01666   0.00948  -0.0344  0.2299  1.0000  -3.7948   0.0000   0.0000   0.0000   0.2738
   8.500   1.0744   0.01817   0.01068  -0.0303  0.1654  1.0000  -4.1462   0.0000   0.0000   0.0000   0.2686
   9.000   1.0962   0.01998   0.01218  -0.0257  0.1121  1.0000  -4.4759   0.0000   0.0000   0.0000   0.2631
   9.500   1.1137   0.02170   0.01377  -0.0203  0.0817  1.0000  -4.7848   0.0000   0.0000   0.0000   0.2572
  10.000   1.1290   0.02360   0.01574  -0.0149  0.0626  1.0000  -5.0701   0.0000   0.0000   0.0000   0.2516


