xflr5 v6.61

 Calculated polar for: peg24_90_revT

 1 1 Reynolds number fixed          Mach number fixed         

 xtrf =   1.000 (top)        1.000 (bottom)
 Mach =   0.000     Re =     0.455 e 6     Ncrit =   9.000

  alpha     CL        CD       CDp       Cm    Top Xtr Bot Xtr   Cpmin    Chinge    XCp    
 ------- -------- --------- --------- -------- ------- ------- -------- --------- ---------
   0.000   0.6806   0.00922   0.00378  -0.1581  0.7287  0.5481  -0.8927   0.0000   0.0000   0.0000   0.4809
   0.500   0.7368   0.00903   0.00383  -0.1581  0.7209  0.6248  -0.9421   0.0000   0.0000   0.0000   0.4624
   1.000   0.7931   0.00885   0.00384  -0.1579  0.7114  0.7015  -0.9942   0.0000   0.0000   0.0000   0.4463
   1.500   0.8488   0.00884   0.00390  -0.1575  0.7010  0.7697  -1.0531   0.0000   0.0000   0.0000   0.4321
   2.000   0.9011   0.00869   0.00395  -0.1564  0.6902  0.8306  -1.1148   0.0000   0.0000   0.0000   0.4195
   2.500   0.9491   0.00849   0.00385  -0.1542  0.6778  0.9086  -1.1752   0.0000   0.0000   0.0000   0.4077
   3.000   1.0057   0.00845   0.00387  -0.1542  0.6642  1.0000  -1.2458   0.0000   0.0000   0.0000   0.3980
   3.500   1.0629   0.00860   0.00389  -0.1545  0.6490  1.0000  -1.3264   0.0000   0.0000   0.0000   0.3893
   4.000   1.1181   0.00873   0.00402  -0.1544  0.6300  1.0000  -1.4115   0.0000   0.0000   0.0000   0.3814
   4.500   1.1721   0.00897   0.00420  -0.1541  0.6073  1.0000  -1.5077   0.0000   0.0000   0.0000   0.3742
   5.000   1.2242   0.00930   0.00445  -0.1534  0.5805  1.0000  -1.6118   0.0000   0.0000   0.0000   0.3674
   5.500   1.2727   0.00982   0.00480  -0.1521  0.5454  1.0000  -1.7254   0.0000   0.0000   0.0000   0.3609
   6.000   1.3201   0.01042   0.00528  -0.1508  0.5092  1.0000  -1.8467   0.0000   0.0000   0.0000   0.3548
   6.500   1.3622   0.01126   0.00594  -0.1486  0.4672  1.0000  -1.9798   0.0000   0.0000   0.0000   0.3490
   7.000   1.4031   0.01214   0.00668  -0.1462  0.4274  1.0000  -2.1245   0.0000   0.0000   0.0000   0.3434
   8.000   1.4687   0.01437   0.00861  -0.1390  0.3509  1.0000  -2.4186   0.0000   0.0000   0.0000   0.3323
   8.500   1.4953   0.01575   0.00985  -0.1347  0.3161  1.0000  -2.5815   0.0000   0.0000   0.0000   0.3269
   9.000   1.5200   0.01736   0.01134  -0.1305  0.2853  1.0000  -2.7631   0.0000   0.0000   0.0000   0.3219
   9.500   1.5435   0.01919   0.01308  -0.1265  0.2563  1.0000  -2.9654   0.0000   0.0000   0.0000   0.3172
  10.000   1.5674   0.02113   0.01498  -0.1230  0.2298  1.0000  -3.1819   0.0000   0.0000   0.0000   0.3128


