xflr5 v6.61

 Calculated polar for: peg24_50_revT

 1 1 Reynolds number fixed          Mach number fixed         

 xtrf =   1.000 (top)        1.000 (bottom)
 Mach =   0.000     Re =     0.455 e 6     Ncrit =   9.000

  alpha     CL        CD       CDp       Cm    Top Xtr Bot Xtr   Cpmin    Chinge    XCp    
 ------- -------- --------- --------- -------- ------- ------- -------- --------- ---------
   0.000   0.4921   0.00779   0.00290  -0.1122  0.7316  0.7233  -0.7456   0.0000   0.0000   0.0000   0.4768
   0.500   0.5466   0.00773   0.00296  -0.1116  0.7195  0.7773  -0.7954   0.0000   0.0000   0.0000   0.4522
   1.500   0.6523   0.00761   0.00298  -0.1093  0.6918  0.8678  -0.9068   0.0000   0.0000   0.0000   0.4145
   2.000   0.7010   0.00755   0.00293  -0.1072  0.6756  0.9202  -0.9641   0.0000   0.0000   0.0000   0.3993
   2.500   0.7632   0.00745   0.00288  -0.1083  0.6572  1.0000  -1.0378   0.0000   0.0000   0.0000   0.3878
   3.000   0.8205   0.00761   0.00296  -0.1087  0.6368  1.0000  -1.1128   0.0000   0.0000   0.0000   0.3778
   3.500   0.8762   0.00782   0.00307  -0.1087  0.6116  1.0000  -1.1995   0.0000   0.0000   0.0000   0.3688
   4.000   0.9306   0.00810   0.00325  -0.1085  0.5826  1.0000  -1.2920   0.0000   0.0000   0.0000   0.3608
   4.500   0.9830   0.00851   0.00349  -0.1079  0.5473  1.0000  -1.4023   0.0000   0.0000   0.0000   0.3534
   5.000   1.0350   0.00897   0.00384  -0.1073  0.5113  1.0000  -1.5238   0.0000   0.0000   0.0000   0.3467
   5.500   1.0841   0.00960   0.00428  -0.1062  0.4681  1.0000  -1.6647   0.0000   0.0000   0.0000   0.3405
   6.000   1.1335   0.01023   0.00480  -0.1053  0.4276  1.0000  -1.8309   0.0000   0.0000   0.0000   0.3348
   6.500   1.1803   0.01102   0.00541  -0.1040  0.3864  1.0000  -2.0278   0.0000   0.0000   0.0000   0.3294
   7.000   1.2262   0.01185   0.00610  -0.1026  0.3441  1.0000  -2.3386   0.0000   0.0000   0.0000   0.3243
   7.500   1.2701   0.01277   0.00687  -0.1010  0.3041  1.0000  -2.6651   0.0000   0.0000   0.0000   0.3194
   8.000   1.3110   0.01384   0.00776  -0.0989  0.2633  1.0000  -2.9948   0.0000   0.0000   0.0000   0.3147
   8.500   1.3506   0.01492   0.00873  -0.0967  0.2263  1.0000  -3.3326   0.0000   0.0000   0.0000   0.3101
   9.000   1.3829   0.01626   0.00989  -0.0935  0.1889  1.0000  -3.6547   0.0000   0.0000   0.0000   0.3054
   9.500   1.4125   0.01771   0.01119  -0.0900  0.1536  1.0000  -3.9757   0.0000   0.0000   0.0000   0.3007
  10.000   1.4369   0.01950   0.01284  -0.0861  0.1218  1.0000  -4.2841   0.0000   0.0000   0.0000   0.2962


