xflr5 v6.61

 Calculated polar for: peg24_80_revT

 1 1 Reynolds number fixed          Mach number fixed         

 xtrf =   1.000 (top)        1.000 (bottom)
 Mach =   0.000     Re =     0.170 e 6     Ncrit =   9.000

  alpha     CL        CD       CDp       Cm    Top Xtr Bot Xtr   Cpmin    Chinge    XCp    
 ------- -------- --------- --------- -------- ------- ------- -------- --------- ---------
   0.000   0.5804   0.01801   0.01203  -0.1440  0.7854  0.7483  -0.8080   0.0000   0.0000   0.0000   0.4973
   0.500   0.6175   0.01836   0.01257  -0.1400  0.7719  0.8306  -0.8442   0.0000   0.0000   0.0000   0.4751
   1.000   0.6621   0.01761   0.01194  -0.1358  0.7620  0.9609  -0.8897   0.0000   0.0000   0.0000   0.4528
   1.500   0.7372   0.01712   0.01121  -0.1388  0.7554  1.0000  -0.9600   0.0000   0.0000   0.0000   0.4352
   2.000   0.7884   0.01752   0.01156  -0.1387  0.7389  1.0000  -1.0166   0.0000   0.0000   0.0000   0.4222
   2.500   0.8570   0.01684   0.01072  -0.1399  0.7305  1.0000  -1.0908   0.0000   0.0000   0.0000   0.4089
   3.000   0.9087   0.01705   0.01094  -0.1392  0.7139  1.0000  -1.1564   0.0000   0.0000   0.0000   0.3983
   3.500   0.9760   0.01630   0.01005  -0.1401  0.7033  1.0000  -1.2451   0.0000   0.0000   0.0000   0.3880
   4.000   1.0271   0.01635   0.01016  -0.1391  0.6846  1.0000  -1.3254   0.0000   0.0000   0.0000   0.3792
   4.500   1.0855   0.01605   0.00983  -0.1389  0.6684  1.0000  -1.4244   0.0000   0.0000   0.0000   0.3711
   5.000   1.1459   0.01560   0.00930  -0.1388  0.6499  1.0000  -1.5384   0.0000   0.0000   0.0000   0.3636
   5.500   1.1979   0.01551   0.00922  -0.1376  0.6253  1.0000  -1.6545   0.0000   0.0000   0.0000   0.3567
   6.000   1.2502   0.01552   0.00919  -0.1365  0.5975  1.0000  -1.7865   0.0000   0.0000   0.0000   0.3503
   6.500   1.2955   0.01585   0.00952  -0.1344  0.5624  1.0000  -1.9275   0.0000   0.0000   0.0000   0.3441
   7.000   1.3407   0.01635   0.00992  -0.1323  0.5245  1.0000  -2.0811   0.0000   0.0000   0.0000   0.3383
   7.500   1.3805   0.01718   0.01061  -0.1295  0.4833  1.0000  -2.2416   0.0000   0.0000   0.0000   0.3327
   8.000   1.4154   0.01827   0.01152  -0.1260  0.4419  1.0000  -2.4171   0.0000   0.0000   0.0000   0.3272
   8.500   1.4446   0.01957   0.01276  -0.1219  0.4022  1.0000  -2.6038   0.0000   0.0000   0.0000   0.3218
   9.000   1.4656   0.02110   0.01415  -0.1167  0.3652  1.0000  -2.7921   0.0000   0.0000   0.0000   0.3162
   9.500   1.4836   0.02294   0.01589  -0.1115  0.3308  1.0000  -3.0145   0.0000   0.0000   0.0000   0.3109
  10.000   1.4999   0.02503   0.01798  -0.1066  0.2982  1.0000  -3.2440   0.0000   0.0000   0.0000   0.3060


