xflr5 v6.61

 Calculated polar for: peg24_80_revT

 1 1 Reynolds number fixed          Mach number fixed         

 xtrf =   1.000 (top)        1.000 (bottom)
 Mach =   0.000     Re =     0.305 e 6     Ncrit =   9.000

  alpha     CL        CD       CDp       Cm    Top Xtr Bot Xtr   Cpmin    Chinge    XCp    
 ------- -------- --------- --------- -------- ------- ------- -------- --------- ---------
   0.000   0.6240   0.01116   0.00565  -0.1465  0.7530  0.6600  -0.8459   0.0000   0.0000   0.0000   0.4836
   0.500   0.6773   0.01101   0.00570  -0.1456  0.7424  0.7376  -0.8936   0.0000   0.0000   0.0000   0.4631
   1.000   0.7309   0.01078   0.00557  -0.1444  0.7332  0.8042  -0.9456   0.0000   0.0000   0.0000   0.4449
   1.500   0.7789   0.01066   0.00559  -0.1421  0.7225  0.8711  -0.9987   0.0000   0.0000   0.0000   0.4292
   2.000   0.8316   0.01029   0.00530  -0.1407  0.7104  1.0000  -1.0604   0.0000   0.0000   0.0000   0.4154
   2.500   0.8921   0.01032   0.00520  -0.1416  0.6983  1.0000  -1.1279   0.0000   0.0000   0.0000   0.4043
   3.000   0.9494   0.01031   0.00515  -0.1419  0.6835  1.0000  -1.2016   0.0000   0.0000   0.0000   0.3943
   3.500   1.0064   0.01039   0.00517  -0.1420  0.6681  1.0000  -1.2807   0.0000   0.0000   0.0000   0.3854
   4.000   1.0629   0.01044   0.00513  -0.1420  0.6507  1.0000  -1.3708   0.0000   0.0000   0.0000   0.3772
   4.500   1.1163   0.01057   0.00525  -0.1414  0.6284  1.0000  -1.4657   0.0000   0.0000   0.0000   0.3697
   5.000   1.1690   0.01079   0.00543  -0.1408  0.6030  1.0000  -1.5753   0.0000   0.0000   0.0000   0.3628
   5.500   1.2193   0.01115   0.00566  -0.1397  0.5719  1.0000  -1.6924   0.0000   0.0000   0.0000   0.3562
   6.000   1.2671   0.01165   0.00610  -0.1383  0.5365  1.0000  -1.8209   0.0000   0.0000   0.0000   0.3501
   6.500   1.3111   0.01238   0.00665  -0.1362  0.4964  1.0000  -1.9638   0.0000   0.0000   0.0000   0.3442
   7.000   1.3523   0.01325   0.00739  -0.1339  0.4549  1.0000  -2.1139   0.0000   0.0000   0.0000   0.3386
   7.500   1.3883   0.01434   0.00829  -0.1308  0.4139  1.0000  -2.2698   0.0000   0.0000   0.0000   0.3330
   8.000   1.4218   0.01546   0.00931  -0.1273  0.3750  1.0000  -2.4473   0.0000   0.0000   0.0000   0.3276
   8.500   1.4467   0.01686   0.01057  -0.1226  0.3383  1.0000  -2.6276   0.0000   0.0000   0.0000   0.3221
   9.000   1.4708   0.01843   0.01204  -0.1183  0.3053  1.0000  -2.8302   0.0000   0.0000   0.0000   0.3169
   9.500   1.4945   0.02018   0.01374  -0.1143  0.2739  1.0000  -3.0811   0.0000   0.0000   0.0000   0.3122
  10.000   1.5154   0.02225   0.01575  -0.1103  0.2440  1.0000  -3.3299   0.0000   0.0000   0.0000   0.3077


