xflr5 v6.61

 Calculated polar for: peg24_15_revT

 1 1 Reynolds number fixed          Mach number fixed         

 xtrf =   1.000 (top)        1.000 (bottom)
 Mach =   0.000     Re =     0.330 e 6     Ncrit =   9.000

  alpha     CL        CD       CDp       Cm    Top Xtr Bot Xtr   Cpmin    Chinge    XCp    
 ------- -------- --------- --------- -------- ------- ------- -------- --------- ---------
   0.000   0.3172   0.00824   0.00332  -0.0690  0.7539  0.8450  -0.6184   0.0000   0.0000   0.0000   0.4665
   0.500   0.3668   0.00816   0.00329  -0.0670  0.7365  0.8810  -0.6660   0.0000   0.0000   0.0000   0.4308
   1.000   0.4153   0.00812   0.00325  -0.0646  0.7187  0.9179  -0.7170   0.0000   0.0000   0.0000   0.4032
   1.500   0.4716   0.00807   0.00313  -0.0639  0.6990  0.9561  -0.7760   0.0000   0.0000   0.0000   0.3827
   2.000   0.5479   0.00806   0.00303  -0.0680  0.6762  0.9869  -0.8549   0.0000   0.0000   0.0000   0.3708
   2.500   0.6123   0.00812   0.00301  -0.0701  0.6506  1.0000  -0.9324   0.0000   0.0000   0.0000   0.3608
   3.000   0.6633   0.00831   0.00308  -0.0694  0.6226  1.0000  -1.0104   0.0000   0.0000   0.0000   0.3504
   3.500   0.7160   0.00854   0.00323  -0.0689  0.5912  1.0000  -1.1043   0.0000   0.0000   0.0000   0.3416
   4.000   0.7685   0.00885   0.00343  -0.0683  0.5564  1.0000  -1.2158   0.0000   0.0000   0.0000   0.3338
   4.500   0.8200   0.00929   0.00371  -0.0675  0.5193  1.0000  -1.3541   0.0000   0.0000   0.0000   0.3268
   5.000   0.8712   0.00975   0.00408  -0.0668  0.4779  1.0000  -1.5550   0.0000   0.0000   0.0000   0.3206
   5.500   0.9214   0.01033   0.00452  -0.0659  0.4373  1.0000  -1.8849   0.0000   0.0000   0.0000   0.3149
   6.000   0.9706   0.01099   0.00505  -0.0649  0.3933  1.0000  -2.2292   0.0000   0.0000   0.0000   0.3097
   6.500   1.0190   0.01172   0.00565  -0.0639  0.3469  1.0000  -2.5875   0.0000   0.0000   0.0000   0.3050
   7.000   1.0660   0.01257   0.00636  -0.0628  0.3004  1.0000  -2.9563   0.0000   0.0000   0.0000   0.3006
   7.500   1.1106   0.01360   0.00719  -0.0614  0.2477  1.0000  -3.3301   0.0000   0.0000   0.0000   0.2963
   8.000   1.1520   0.01489   0.00821  -0.0597  0.1919  1.0000  -3.7036   0.0000   0.0000   0.0000   0.2922
   8.500   1.1910   0.01636   0.00942  -0.0577  0.1362  1.0000  -4.0766   0.0000   0.0000   0.0000   0.2882
   9.000   1.2262   0.01805   0.01086  -0.0553  0.0937  1.0000  -4.4513   0.0000   0.0000   0.0000   0.2842
   9.500   1.2600   0.01971   0.01243  -0.0527  0.0676  1.0000  -4.8304   0.0000   0.0000   0.0000   0.2803
  10.000   1.2866   0.02157   0.01426  -0.0492  0.0496  1.0000  -5.1737   0.0000   0.0000   0.0000   0.2759


