xflr5 v6.61

 Calculated polar for: peg24_80_revT

 1 1 Reynolds number fixed          Mach number fixed         

 xtrf =   1.000 (top)        1.000 (bottom)
 Mach =   0.000     Re =     0.425 e 6     Ncrit =   9.000

  alpha     CL        CD       CDp       Cm    Top Xtr Bot Xtr   Cpmin    Chinge    XCp    
 ------- -------- --------- --------- -------- ------- ------- -------- --------- ---------
   0.000   0.6327   0.00904   0.00374  -0.1468  0.7338  0.6045  -0.8542   0.0000   0.0000   0.0000   0.4807
   0.500   0.6888   0.00898   0.00386  -0.1466  0.7248  0.6849  -0.9036   0.0000   0.0000   0.0000   0.4608
   1.000   0.7435   0.00884   0.00389  -0.1460  0.7143  0.7526  -0.9562   0.0000   0.0000   0.0000   0.4437
   1.500   0.7980   0.00876   0.00386  -0.1453  0.7035  0.8118  -1.0145   0.0000   0.0000   0.0000   0.4287
   2.000   0.8482   0.00863   0.00391  -0.1437  0.6916  0.8716  -1.0745   0.0000   0.0000   0.0000   0.4154
   2.500   0.9004   0.00838   0.00372  -0.1423  0.6783  1.0000  -1.1369   0.0000   0.0000   0.0000   0.4035
   3.000   0.9580   0.00849   0.00381  -0.1427  0.6632  1.0000  -1.2114   0.0000   0.0000   0.0000   0.3938
   3.500   1.0149   0.00864   0.00385  -0.1429  0.6470  1.0000  -1.2906   0.0000   0.0000   0.0000   0.3850
   4.000   1.0700   0.00880   0.00395  -0.1428  0.6257  1.0000  -1.3803   0.0000   0.0000   0.0000   0.3770
   4.500   1.1238   0.00904   0.00414  -0.1424  0.6013  1.0000  -1.4761   0.0000   0.0000   0.0000   0.3697
   5.000   1.1753   0.00942   0.00440  -0.1416  0.5713  1.0000  -1.5856   0.0000   0.0000   0.0000   0.3628
   5.500   1.2252   0.00989   0.00477  -0.1406  0.5361  1.0000  -1.7028   0.0000   0.0000   0.0000   0.3564
   6.000   1.2718   0.01056   0.00527  -0.1391  0.4969  1.0000  -1.8306   0.0000   0.0000   0.0000   0.3503
   6.500   1.3160   0.01134   0.00590  -0.1373  0.4552  1.0000  -1.9750   0.0000   0.0000   0.0000   0.3446
   7.000   1.3565   0.01230   0.00667  -0.1349  0.4141  1.0000  -2.1251   0.0000   0.0000   0.0000   0.3390
   7.500   1.3956   0.01327   0.00751  -0.1323  0.3748  1.0000  -2.2880   0.0000   0.0000   0.0000   0.3336
   8.000   1.4274   0.01446   0.00852  -0.1286  0.3364  1.0000  -2.4650   0.0000   0.0000   0.0000   0.3282
   8.500   1.4579   0.01567   0.00966  -0.1249  0.3033  1.0000  -2.6607   0.0000   0.0000   0.0000   0.3230
   9.000   1.4855   0.01710   0.01099  -0.1210  0.2716  1.0000  -2.8875   0.0000   0.0000   0.0000   0.3180
   9.500   1.5102   0.01881   0.01260  -0.1171  0.2416  1.0000  -3.1447   0.0000   0.0000   0.0000   0.3132
  10.000   1.5320   0.02084   0.01453  -0.1132  0.2124  1.0000  -3.4039   0.0000   0.0000   0.0000   0.3088


