xflr5 v6.61

 Calculated polar for: peg24_35_revT

 1 1 Reynolds number fixed          Mach number fixed         

 xtrf =   1.000 (top)        1.000 (bottom)
 Mach =   0.000     Re =     0.190 e 6     Ncrit =   9.000

  alpha     CL        CD       CDp       Cm    Top Xtr Bot Xtr   Cpmin    Chinge    XCp    
 ------- -------- --------- --------- -------- ------- ------- -------- --------- ---------
   0.000   0.3807   0.01245   0.00701  -0.0884  0.7922  0.8950  -0.6627   0.0000   0.0000   0.0000   0.4813
   0.500   0.4382   0.01217   0.00665  -0.0871  0.7802  0.9531  -0.7151   0.0000   0.0000   0.0000   0.4472
   1.000   0.5210   0.01194   0.00635  -0.0926  0.7640  1.0000  -0.7854   0.0000   0.0000   0.0000   0.4256
   1.500   0.5738   0.01195   0.00621  -0.0923  0.7482  1.0000  -0.8413   0.0000   0.0000   0.0000   0.4081
   2.000   0.6310   0.01185   0.00597  -0.0924  0.7313  1.0000  -0.9054   0.0000   0.0000   0.0000   0.3931
   2.500   0.6857   0.01189   0.00595  -0.0921  0.7110  1.0000  -0.9743   0.0000   0.0000   0.0000   0.3805
   3.000   0.7413   0.01191   0.00591  -0.0917  0.6906  1.0000  -1.0499   0.0000   0.0000   0.0000   0.3695
   3.500   0.7968   0.01193   0.00585  -0.0913  0.6682  1.0000  -1.1370   0.0000   0.0000   0.0000   0.3598
   4.000   0.8511   0.01199   0.00586  -0.0907  0.6421  1.0000  -1.2370   0.0000   0.0000   0.0000   0.3512
   4.500   0.9041   0.01213   0.00597  -0.0898  0.6119  1.0000  -1.3529   0.0000   0.0000   0.0000   0.3435
   5.000   0.9562   0.01239   0.00613  -0.0888  0.5782  1.0000  -1.4860   0.0000   0.0000   0.0000   0.3365
   5.500   1.0067   0.01281   0.00644  -0.0877  0.5408  1.0000  -1.6515   0.0000   0.0000   0.0000   0.3301
   6.000   1.0550   0.01338   0.00690  -0.0862  0.4987  1.0000  -1.8564   0.0000   0.0000   0.0000   0.3241
   6.500   1.1015   0.01409   0.00752  -0.0846  0.4556  1.0000  -2.1745   0.0000   0.0000   0.0000   0.3186
   7.000   1.1457   0.01498   0.00827  -0.0828  0.4126  1.0000  -2.5000   0.0000   0.0000   0.0000   0.3134
   7.500   1.1873   0.01597   0.00914  -0.0807  0.3671  1.0000  -2.8299   0.0000   0.0000   0.0000   0.3084
   8.000   1.2266   0.01707   0.01017  -0.0783  0.3220  1.0000  -3.1637   0.0000   0.0000   0.0000   0.3036
   8.500   1.2620   0.01838   0.01139  -0.0755  0.2775  1.0000  -3.4937   0.0000   0.0000   0.0000   0.2989
   9.000   1.2920   0.01994   0.01281  -0.0721  0.2334  1.0000  -3.8117   0.0000   0.0000   0.0000   0.2942
   9.500   1.3134   0.02182   0.01452  -0.0677  0.1912  1.0000  -4.1012   0.0000   0.0000   0.0000   0.2892
  10.000   1.3327   0.02400   0.01663  -0.0635  0.1522  1.0000  -4.3826   0.0000   0.0000   0.0000   0.2845


