xflr5 v6.61

 Calculated polar for: peg24_25_revT

 1 1 Reynolds number fixed          Mach number fixed         

 xtrf =   1.000 (top)        1.000 (bottom)
 Mach =   0.000     Re =     0.245 e 6     Ncrit =   9.000

  alpha     CL        CD       CDp       Cm    Top Xtr Bot Xtr   Cpmin    Chinge    XCp    
 ------- -------- --------- --------- -------- ------- ------- -------- --------- ---------
   0.000   0.3523   0.01005   0.00488  -0.0789  0.7760  0.8708  -0.6427   0.0000   0.0000   0.0000   0.4729
   0.500   0.3987   0.00988   0.00471  -0.0757  0.7607  0.9156  -0.6891   0.0000   0.0000   0.0000   0.4383
   1.000   0.4597   0.00975   0.00454  -0.0760  0.7443  0.9608  -0.7469   0.0000   0.0000   0.0000   0.4129
   1.500   0.5464   0.00960   0.00423  -0.0820  0.7275  0.9981  -0.8251   0.0000   0.0000   0.0000   0.3972
   2.000   0.5958   0.00959   0.00416  -0.0812  0.7067  1.0000  -0.8850   0.0000   0.0000   0.0000   0.3829
   2.500   0.6492   0.00968   0.00417  -0.0808  0.6850  1.0000  -0.9529   0.0000   0.0000   0.0000   0.3707
   3.000   0.7036   0.00979   0.00420  -0.0805  0.6612  1.0000  -1.0320   0.0000   0.0000   0.0000   0.3602
   3.500   0.7576   0.00994   0.00426  -0.0800  0.6342  1.0000  -1.1192   0.0000   0.0000   0.0000   0.3509
   4.000   0.8110   0.01016   0.00438  -0.0794  0.6037  1.0000  -1.2283   0.0000   0.0000   0.0000   0.3427
   4.500   0.8633   0.01049   0.00459  -0.0786  0.5702  1.0000  -1.3473   0.0000   0.0000   0.0000   0.3353
   5.000   0.9144   0.01090   0.00493  -0.0777  0.5319  1.0000  -1.5025   0.0000   0.0000   0.0000   0.3287
   5.500   0.9639   0.01146   0.00534  -0.0766  0.4909  1.0000  -1.7128   0.0000   0.0000   0.0000   0.3226
   6.000   1.0124   0.01209   0.00587  -0.0754  0.4481  1.0000  -2.0378   0.0000   0.0000   0.0000   0.3171
   6.500   1.0597   0.01283   0.00651  -0.0741  0.4052  1.0000  -2.3748   0.0000   0.0000   0.0000   0.3119
   7.000   1.1046   0.01372   0.00726  -0.0725  0.3593  1.0000  -2.7189   0.0000   0.0000   0.0000   0.3070
   7.500   1.1474   0.01475   0.00812  -0.0707  0.3129  1.0000  -3.0689   0.0000   0.0000   0.0000   0.3024
   8.000   1.1888   0.01585   0.00911  -0.0688  0.2662  1.0000  -3.4262   0.0000   0.0000   0.0000   0.2980
   8.500   1.2264   0.01718   0.01031  -0.0665  0.2182  1.0000  -3.7793   0.0000   0.0000   0.0000   0.2936
   9.000   1.2588   0.01882   0.01173  -0.0636  0.1680  1.0000  -4.1192   0.0000   0.0000   0.0000   0.2893
   9.500   1.2847   0.02071   0.01340  -0.0599  0.1226  1.0000  -4.4379   0.0000   0.0000   0.0000   0.2847


