xflr5 v6.61

 Calculated polar for: peg24_90_revT

 1 1 Reynolds number fixed          Mach number fixed         

 xtrf =   1.000 (top)        1.000 (bottom)
 Mach =   0.000     Re =     0.230 e 6     Ncrit =   9.000

  alpha     CL        CD       CDp       Cm    Top Xtr Bot Xtr   Cpmin    Chinge    XCp    
 ------- -------- --------- --------- -------- ------- ------- -------- --------- ---------
   0.500   0.7081   0.01434   0.00864  -0.1560  0.7578  0.7358  -0.9165   0.0000   0.0000   0.0000   0.4685
   1.000   0.7538   0.01438   0.00890  -0.1535  0.7467  0.8127  -0.9612   0.0000   0.0000   0.0000   0.4511
   1.500   0.7966   0.01391   0.00858  -0.1496  0.7366  0.9052  -1.0108   0.0000   0.0000   0.0000   0.4346
   2.000   0.8631   0.01353   0.00805  -0.1511  0.7282  1.0000  -1.0806   0.0000   0.0000   0.0000   0.4212
   2.500   0.9177   0.01363   0.00815  -0.1512  0.7143  1.0000  -1.1439   0.0000   0.0000   0.0000   0.4102
   3.000   0.9815   0.01330   0.00766  -0.1521  0.7039  1.0000  -1.2195   0.0000   0.0000   0.0000   0.3998
   3.500   1.0352   0.01338   0.00776  -0.1517  0.6885  1.0000  -1.2955   0.0000   0.0000   0.0000   0.3907
   4.000   1.0971   0.01312   0.00736  -0.1523  0.6753  1.0000  -1.3841   0.0000   0.0000   0.0000   0.3823
   4.500   1.1486   0.01318   0.00749  -0.1514  0.6569  1.0000  -1.4772   0.0000   0.0000   0.0000   0.3746
   5.000   1.2022   0.01318   0.00748  -0.1507  0.6363  1.0000  -1.5801   0.0000   0.0000   0.0000   0.3675
   5.500   1.2546   0.01326   0.00753  -0.1498  0.6126  1.0000  -1.6960   0.0000   0.0000   0.0000   0.3609
   6.000   1.3042   0.01347   0.00770  -0.1485  0.5832  1.0000  -1.8182   0.0000   0.0000   0.0000   0.3546
   6.500   1.3506   0.01390   0.00799  -0.1466  0.5489  1.0000  -1.9523   0.0000   0.0000   0.0000   0.3486
   7.000   1.3925   0.01461   0.00860  -0.1442  0.5111  1.0000  -2.0980   0.0000   0.0000   0.0000   0.3428
   7.500   1.4287   0.01558   0.00939  -0.1409  0.4696  1.0000  -2.2431   0.0000   0.0000   0.0000   0.3371
   8.000   1.4599   0.01674   0.01042  -0.1370  0.4300  1.0000  -2.3908   0.0000   0.0000   0.0000   0.3315
   8.500   1.4821   0.01814   0.01170  -0.1317  0.3919  1.0000  -2.5420   0.0000   0.0000   0.0000   0.3258
   9.000   1.5013   0.01987   0.01329  -0.1265  0.3570  1.0000  -2.7032   0.0000   0.0000   0.0000   0.3204
   9.500   1.5201   0.02178   0.01516  -0.1218  0.3236  1.0000  -2.8852   0.0000   0.0000   0.0000   0.3154
  10.000   1.5368   0.02403   0.01736  -0.1173  0.2928  1.0000  -3.0764   0.0000   0.0000   0.0000   0.3107


