xflr5 v6.61

 Calculated polar for: peg24_20_revT

 1 1 Reynolds number fixed          Mach number fixed         

 xtrf =   1.000 (top)        1.000 (bottom)
 Mach =   0.000     Re =     0.455 e 6     Ncrit =   9.000

  alpha     CL        CD       CDp       Cm    Top Xtr Bot Xtr   Cpmin    Chinge    XCp    
 ------- -------- --------- --------- -------- ------- ------- -------- --------- ---------
   0.000   0.3482   0.00715   0.00246  -0.0765  0.7300  0.7977  -0.6402   0.0000   0.0000   0.0000   0.4685
   0.500   0.4015   0.00710   0.00249  -0.0755  0.7138  0.8332  -0.6904   0.0000   0.0000   0.0000   0.4362
   1.000   0.4538   0.00711   0.00249  -0.0742  0.6961  0.8681  -0.7439   0.0000   0.0000   0.0000   0.4111
   1.500   0.5045   0.00712   0.00248  -0.0726  0.6761  0.9029  -0.7993   0.0000   0.0000   0.0000   0.3909
   2.000   0.5546   0.00707   0.00248  -0.0707  0.6544  0.9444  -0.8602   0.0000   0.0000   0.0000   0.3741
   2.500   0.6241   0.00712   0.00247  -0.0734  0.6288  0.9860  -0.9404   0.0000   0.0000   0.0000   0.3638
   3.000   0.6846   0.00733   0.00254  -0.0747  0.5992  1.0000  -1.0254   0.0000   0.0000   0.0000   0.3548
   3.500   0.7386   0.00760   0.00270  -0.0745  0.5675  1.0000  -1.1158   0.0000   0.0000   0.0000   0.3461
   4.000   0.7919   0.00794   0.00292  -0.0741  0.5311  1.0000  -1.2283   0.0000   0.0000   0.0000   0.3384
   4.500   0.8440   0.00841   0.00322  -0.0735  0.4934  1.0000  -1.3561   0.0000   0.0000   0.0000   0.3314
   5.000   0.8959   0.00888   0.00357  -0.0730  0.4513  1.0000  -1.5287   0.0000   0.0000   0.0000   0.3253
   5.500   0.9470   0.00945   0.00400  -0.0723  0.4121  1.0000  -1.8377   0.0000   0.0000   0.0000   0.3196
   6.000   0.9967   0.01013   0.00451  -0.0715  0.3667  1.0000  -2.1797   0.0000   0.0000   0.0000   0.3144
   6.500   1.0460   0.01084   0.00508  -0.0707  0.3216  1.0000  -2.5375   0.0000   0.0000   0.0000   0.3097
   7.000   1.0934   0.01170   0.00576  -0.0696  0.2727  1.0000  -2.9047   0.0000   0.0000   0.0000   0.3052
   7.500   1.1380   0.01279   0.00657  -0.0683  0.2184  1.0000  -3.2761   0.0000   0.0000   0.0000   0.3009
   8.000   1.1812   0.01397   0.00751  -0.0668  0.1684  1.0000  -3.6548   0.0000   0.0000   0.0000   0.2968
   8.500   1.2219   0.01530   0.00862  -0.0650  0.1214  1.0000  -4.0344   0.0000   0.0000   0.0000   0.2928
   9.000   1.2603   0.01672   0.00985  -0.0629  0.0867  1.0000  -4.4324   0.0000   0.0000   0.0000   0.2888
   9.500   1.2957   0.01825   0.01125  -0.0604  0.0624  1.0000  -4.8248   0.0000   0.0000   0.0000   0.2849
  10.000   1.3279   0.01971   0.01270  -0.0575  0.0463  1.0000  -5.2078   0.0000   0.0000   0.0000   0.2808


