xflr5 v6.61

 Calculated polar for: peg24_35_revT

 1 1 Reynolds number fixed          Mach number fixed         

 xtrf =   1.000 (top)        1.000 (bottom)
 Mach =   0.000     Re =     0.295 e 6     Ncrit =   9.000

  alpha     CL        CD       CDp       Cm    Top Xtr Bot Xtr   Cpmin    Chinge    XCp    
 ------- -------- --------- --------- -------- ------- ------- -------- --------- ---------
   0.000   0.4101   0.00929   0.00420  -0.0929  0.7607  0.8241  -0.6841   0.0000   0.0000   0.0000   0.4755
   0.500   0.4589   0.00923   0.00421  -0.0907  0.7473  0.8695  -0.7316   0.0000   0.0000   0.0000   0.4458
   1.000   0.5061   0.00905   0.00404  -0.0878  0.7325  0.9168  -0.7814   0.0000   0.0000   0.0000   0.4212
   2.000   0.6366   0.00889   0.00375  -0.0912  0.6987  1.0000  -0.9149   0.0000   0.0000   0.0000   0.3899
   2.500   0.6928   0.00895   0.00372  -0.0914  0.6787  1.0000  -0.9855   0.0000   0.0000   0.0000   0.3781
   3.000   0.7483   0.00907   0.00378  -0.0914  0.6562  1.0000  -1.0616   0.0000   0.0000   0.0000   0.3677
   3.500   0.8032   0.00923   0.00386  -0.0912  0.6305  1.0000  -1.1485   0.0000   0.0000   0.0000   0.3586
   4.000   0.8571   0.00947   0.00399  -0.0907  0.6012  1.0000  -1.2491   0.0000   0.0000   0.0000   0.3504
   4.500   0.9097   0.00980   0.00422  -0.0900  0.5683  1.0000  -1.3659   0.0000   0.0000   0.0000   0.3430
   5.000   0.9611   0.01022   0.00454  -0.0892  0.5306  1.0000  -1.5006   0.0000   0.0000   0.0000   0.3363
   5.500   1.0107   0.01079   0.00496  -0.0882  0.4901  1.0000  -1.6675   0.0000   0.0000   0.0000   0.3301
   6.000   1.0592   0.01144   0.00549  -0.0870  0.4475  1.0000  -1.9012   0.0000   0.0000   0.0000   0.3245
   6.500   1.1066   0.01218   0.00611  -0.0857  0.4059  1.0000  -2.2263   0.0000   0.0000   0.0000   0.3192
   7.000   1.1511   0.01309   0.00686  -0.0841  0.3613  1.0000  -2.5576   0.0000   0.0000   0.0000   0.3142
   7.500   1.1948   0.01404   0.00768  -0.0824  0.3170  1.0000  -2.8998   0.0000   0.0000   0.0000   0.3094
   8.000   1.2363   0.01511   0.00863  -0.0805  0.2736  1.0000  -3.2474   0.0000   0.0000   0.0000   0.3049
   8.500   1.2743   0.01636   0.00975  -0.0782  0.2308  1.0000  -3.5934   0.0000   0.0000   0.0000   0.3004
   9.000   1.3078   0.01783   0.01104  -0.0753  0.1869  1.0000  -3.9317   0.0000   0.0000   0.0000   0.2960
   9.500   1.3336   0.01956   0.01256  -0.0715  0.1445  1.0000  -4.2475   0.0000   0.0000   0.0000   0.2912
  10.000   1.3559   0.02159   0.01443  -0.0676  0.1093  1.0000  -4.5532   0.0000   0.0000   0.0000   0.2867


