xflr5 v6.61

 Calculated polar for: peg24_65_revT

 1 1 Reynolds number fixed          Mach number fixed         

 xtrf =   1.000 (top)        1.000 (bottom)
 Mach =   0.000     Re =     0.465 e 6     Ncrit =   9.000

  alpha     CL        CD       CDp       Cm    Top Xtr Bot Xtr   Cpmin    Chinge    XCp    
 ------- -------- --------- --------- -------- ------- ------- -------- --------- ---------
   0.000   0.5641   0.00818   0.00311  -0.1298  0.7294  0.6596  -0.8009   0.0000   0.0000   0.0000   0.4788
   0.500   0.6191   0.00806   0.00319  -0.1294  0.7194  0.7312  -0.8494   0.0000   0.0000   0.0000   0.4569
   1.000   0.6739   0.00796   0.00317  -0.1287  0.7077  0.7861  -0.9043   0.0000   0.0000   0.0000   0.4383
   1.500   0.7272   0.00793   0.00324  -0.1277  0.6955  0.8358  -0.9622   0.0000   0.0000   0.0000   0.4225
   2.000   0.7774   0.00780   0.00320  -0.1260  0.6811  0.8891  -1.0210   0.0000   0.0000   0.0000   0.4083
   2.500   0.8325   0.00766   0.00314  -0.1254  0.6658  1.0000  -1.0870   0.0000   0.0000   0.0000   0.3963
   3.000   0.8902   0.00782   0.00317  -0.1259  0.6482  1.0000  -1.1634   0.0000   0.0000   0.0000   0.3864
   3.500   0.9463   0.00798   0.00327  -0.1259  0.6266  1.0000  -1.2443   0.0000   0.0000   0.0000   0.3776
   4.000   1.0011   0.00822   0.00343  -0.1258  0.6010  1.0000  -1.3366   0.0000   0.0000   0.0000   0.3695
   4.500   1.0541   0.00857   0.00366  -0.1253  0.5713  1.0000  -1.4383   0.0000   0.0000   0.0000   0.3622
   5.000   1.1059   0.00899   0.00398  -0.1246  0.5352  1.0000  -1.5532   0.0000   0.0000   0.0000   0.3554
   5.500   1.1552   0.00958   0.00441  -0.1236  0.4969  1.0000  -1.6784   0.0000   0.0000   0.0000   0.3490
   6.000   1.2030   0.01026   0.00493  -0.1223  0.4546  1.0000  -1.8229   0.0000   0.0000   0.0000   0.3431
   6.500   1.2481   0.01109   0.00557  -0.1207  0.4130  1.0000  -1.9801   0.0000   0.0000   0.0000   0.3375
   7.000   1.2929   0.01190   0.00627  -0.1191  0.3729  1.0000  -2.1657   0.0000   0.0000   0.0000   0.3322
   7.500   1.3339   0.01290   0.00709  -0.1170  0.3327  1.0000  -2.3717   0.0000   0.0000   0.0000   0.3271
   8.000   1.3738   0.01390   0.00796  -0.1147  0.2958  1.0000  -2.6772   0.0000   0.0000   0.0000   0.3221
   9.000   1.4388   0.01633   0.01015  -0.1080  0.2274  1.0000  -3.2729   0.0000   0.0000   0.0000   0.3122
   9.500   1.4662   0.01785   0.01155  -0.1042  0.1962  1.0000  -3.5668   0.0000   0.0000   0.0000   0.3075
  10.000   1.4900   0.01969   0.01328  -0.1004  0.1663  1.0000  -3.8549   0.0000   0.0000   0.0000   0.3029


