xflr5 v6.61

 Calculated polar for: peg24_15_revT

 1 1 Reynolds number fixed          Mach number fixed         

 xtrf =   1.000 (top)        1.000 (bottom)
 Mach =   0.000     Re =     0.385 e 6     Ncrit =   9.000

  alpha     CL        CD       CDp       Cm    Top Xtr Bot Xtr   Cpmin    Chinge    XCp    
 ------- -------- --------- --------- -------- ------- ------- -------- --------- ---------
   0.000   0.3211   0.00760   0.00285  -0.0699  0.7417  0.8255  -0.6210   0.0000   0.0000   0.0000   0.4665
   0.500   0.3727   0.00760   0.00283  -0.0683  0.7251  0.8603  -0.6699   0.0000   0.0000   0.0000   0.4315
   1.000   0.4229   0.00756   0.00280  -0.0664  0.7064  0.8956  -0.7221   0.0000   0.0000   0.0000   0.4048
   1.500   0.4723   0.00751   0.00278  -0.0644  0.6859  0.9321  -0.7768   0.0000   0.0000   0.0000   0.3835
   2.000   0.5339   0.00751   0.00274  -0.0651  0.6636  0.9698  -0.8456   0.0000   0.0000   0.0000   0.3687
   2.500   0.6134   0.00757   0.00271  -0.0702  0.6367  1.0000  -0.9340   0.0000   0.0000   0.0000   0.3607
   3.000   0.6636   0.00776   0.00278  -0.0693  0.6077  1.0000  -1.0115   0.0000   0.0000   0.0000   0.3503
   3.500   0.7162   0.00805   0.00292  -0.0689  0.5755  1.0000  -1.1056   0.0000   0.0000   0.0000   0.3415
   4.000   0.7689   0.00839   0.00314  -0.0683  0.5403  1.0000  -1.2174   0.0000   0.0000   0.0000   0.3338
   4.500   0.8210   0.00880   0.00343  -0.0677  0.5024  1.0000  -1.3569   0.0000   0.0000   0.0000   0.3269
   5.000   0.8722   0.00930   0.00379  -0.0670  0.4607  1.0000  -1.5655   0.0000   0.0000   0.0000   0.3208
   5.500   0.9228   0.00987   0.00423  -0.0663  0.4204  1.0000  -1.8983   0.0000   0.0000   0.0000   0.3152
   6.000   0.9726   0.01051   0.00474  -0.0654  0.3754  1.0000  -2.2464   0.0000   0.0000   0.0000   0.3101
   6.500   1.0213   0.01126   0.00533  -0.0645  0.3295  1.0000  -2.6073   0.0000   0.0000   0.0000   0.3054
   7.000   1.0684   0.01213   0.00604  -0.0634  0.2805  1.0000  -2.9784   0.0000   0.0000   0.0000   0.3010
   7.500   1.1131   0.01320   0.00686  -0.0621  0.2245  1.0000  -3.3547   0.0000   0.0000   0.0000   0.2968
   8.000   1.1551   0.01449   0.00786  -0.0605  0.1698  1.0000  -3.7325   0.0000   0.0000   0.0000   0.2928
   8.500   1.1951   0.01591   0.00904  -0.0586  0.1191  1.0000  -4.1136   0.0000   0.0000   0.0000   0.2888
   9.000   1.2328   0.01743   0.01037  -0.0565  0.0836  1.0000  -4.5097   0.0000   0.0000   0.0000   0.2849
   9.500   1.2680   0.01900   0.01185  -0.0541  0.0600  1.0000  -4.8996   0.0000   0.0000   0.0000   0.2810
  10.000   1.2969   0.02075   0.01355  -0.0508  0.0429  1.0000  -5.2592   0.0000   0.0000   0.0000   0.2768


