xflr5 v6.61

 Calculated polar for: peg24_95_revT

 1 1 Reynolds number fixed          Mach number fixed         

 xtrf =   1.000 (top)        1.000 (bottom)
 Mach =   0.000     Re =     0.185 e 6     Ncrit =   9.000

  alpha     CL        CD       CDp       Cm    Top Xtr Bot Xtr   Cpmin    Chinge    XCp    
 ------- -------- --------- --------- -------- ------- ------- -------- --------- ---------
   0.000   0.6432   0.01907   0.01294  -0.1605  0.7721  0.6498  -0.8585   0.0000   0.0000   0.0000   0.4987
   1.000   0.7504   0.01801   0.01223  -0.1566  0.7575  0.8284  -0.9567   0.0000   0.0000   0.0000   0.4563
   1.500   0.7846   0.01809   0.01252  -0.1521  0.7433  1.0000  -0.9977   0.0000   0.0000   0.0000   0.4407
   2.000   0.8531   0.01764   0.01189  -0.1541  0.7348  1.0000  -1.0672   0.0000   0.0000   0.0000   0.4267
   2.500   0.9212   0.01716   0.01124  -0.1555  0.7271  1.0000  -1.1421   0.0000   0.0000   0.0000   0.4143
   3.000   0.9724   0.01733   0.01141  -0.1549  0.7118  1.0000  -1.2049   0.0000   0.0000   0.0000   0.4041
   3.500   1.0419   0.01652   0.01046  -0.1562  0.7030  1.0000  -1.2935   0.0000   0.0000   0.0000   0.3941
   4.000   1.0909   0.01667   0.01066  -0.1550  0.6859  1.0000  -1.3676   0.0000   0.0000   0.0000   0.3855
   4.500   1.1554   0.01609   0.00999  -0.1557  0.6736  1.0000  -1.4712   0.0000   0.0000   0.0000   0.3775
   5.000   1.2076   0.01597   0.00992  -0.1547  0.6548  1.0000  -1.5698   0.0000   0.0000   0.0000   0.3702
   5.500   1.2599   0.01585   0.00982  -0.1536  0.6335  1.0000  -1.6813   0.0000   0.0000   0.0000   0.3633
   6.000   1.3118   0.01579   0.00976  -0.1524  0.6095  1.0000  -1.8013   0.0000   0.0000   0.0000   0.3568
   6.500   1.3611   0.01587   0.00977  -0.1508  0.5797  1.0000  -1.9343   0.0000   0.0000   0.0000   0.3507
   7.000   1.4078   0.01621   0.00997  -0.1489  0.5457  1.0000  -2.0821   0.0000   0.0000   0.0000   0.3449
   7.500   1.4453   0.01698   0.01068  -0.1457  0.5070  1.0000  -2.2237   0.0000   0.0000   0.0000   0.3392
   8.000   1.4784   0.01803   0.01151  -0.1419  0.4666  1.0000  -2.3714   0.0000   0.0000   0.0000   0.3335
   8.500   1.5021   0.01933   0.01275  -0.1368  0.4280  1.0000  -2.5114   0.0000   0.0000   0.0000   0.3278
   9.000   1.5207   0.02099   0.01426  -0.1312  0.3912  1.0000  -2.6601   0.0000   0.0000   0.0000   0.3222
   9.500   1.5364   0.02298   0.01612  -0.1259  0.3571  1.0000  -2.8219   0.0000   0.0000   0.0000   0.3170
  10.000   1.5511   0.02521   0.01835  -0.1209  0.3248  1.0000  -2.9987   0.0000   0.0000   0.0000   0.3122


