xflr5 v6.61

 Calculated polar for: peg24_45_revT

 1 1 Reynolds number fixed          Mach number fixed         

 xtrf =   1.000 (top)        1.000 (bottom)
 Mach =   0.000     Re =     0.365 e 6     Ncrit =   9.000

  alpha     CL        CD       CDp       Cm    Top Xtr Bot Xtr   Cpmin    Chinge    XCp    
 ------- -------- --------- --------- -------- ------- ------- -------- --------- ---------
   0.000   0.4639   0.00858   0.00361  -0.1059  0.7456  0.7707  -0.7237   0.0000   0.0000   0.0000   0.4770
   0.500   0.5172   0.00848   0.00355  -0.1047  0.7331  0.8189  -0.7737   0.0000   0.0000   0.0000   0.4505
   1.000   0.5677   0.00841   0.00357  -0.1030  0.7196  0.8645  -0.8253   0.0000   0.0000   0.0000   0.4289
   1.500   0.6161   0.00827   0.00345  -0.1006  0.7050  0.9142  -0.8803   0.0000   0.0000   0.0000   0.4103
   2.000   0.6802   0.00811   0.00334  -0.1019  0.6880  1.0000  -0.9480   0.0000   0.0000   0.0000   0.3963
   2.500   0.7385   0.00822   0.00333  -0.1025  0.6701  1.0000  -1.0192   0.0000   0.0000   0.0000   0.3848
   3.000   0.7953   0.00836   0.00335  -0.1027  0.6494  1.0000  -1.0945   0.0000   0.0000   0.0000   0.3746
   3.500   0.8506   0.00853   0.00345  -0.1026  0.6245  1.0000  -1.1812   0.0000   0.0000   0.0000   0.3655
   4.000   0.9048   0.00878   0.00361  -0.1023  0.5963  1.0000  -1.2761   0.0000   0.0000   0.0000   0.3574
   4.500   0.9579   0.00910   0.00386  -0.1018  0.5633  1.0000  -1.3892   0.0000   0.0000   0.0000   0.3501
   5.000   1.0091   0.00956   0.00418  -0.1010  0.5258  1.0000  -1.5119   0.0000   0.0000   0.0000   0.3433
   5.500   1.0591   0.01013   0.00461  -0.1001  0.4856  1.0000  -1.6607   0.0000   0.0000   0.0000   0.3371
   6.000   1.1070   0.01083   0.00514  -0.0988  0.4432  1.0000  -1.8359   0.0000   0.0000   0.0000   0.3313
   6.500   1.1547   0.01155   0.00574  -0.0977  0.4022  1.0000  -2.0824   0.0000   0.0000   0.0000   0.3260
   7.000   1.1993   0.01245   0.00648  -0.0961  0.3593  1.0000  -2.4021   0.0000   0.0000   0.0000   0.3208
   7.500   1.2427   0.01340   0.00728  -0.0943  0.3167  1.0000  -2.7317   0.0000   0.0000   0.0000   0.3160
   8.000   1.2842   0.01443   0.00818  -0.0924  0.2758  1.0000  -3.0682   0.0000   0.0000   0.0000   0.3113
   8.500   1.3212   0.01568   0.00927  -0.0899  0.2357  1.0000  -3.4008   0.0000   0.0000   0.0000   0.3067
   9.000   1.3554   0.01695   0.01042  -0.0869  0.1974  1.0000  -3.7334   0.0000   0.0000   0.0000   0.3021
   9.500   1.3832   0.01851   0.01183  -0.0832  0.1600  1.0000  -4.0503   0.0000   0.0000   0.0000   0.2974


