xflr5 v6.61

 Calculated polar for: peg24_30_revT

 1 1 Reynolds number fixed          Mach number fixed         

 xtrf =   1.000 (top)        1.000 (bottom)
 Mach =   0.000     Re =     0.375 e 6     Ncrit =   9.000

  alpha     CL        CD       CDp       Cm    Top Xtr Bot Xtr   Cpmin    Chinge    XCp    
 ------- -------- --------- --------- -------- ------- ------- -------- --------- ---------
   0.000   0.3925   0.00803   0.00320  -0.0879  0.7444  0.8026  -0.6715   0.0000   0.0000   0.0000   0.4728
   0.500   0.4450   0.00800   0.00314  -0.0865  0.7298  0.8434  -0.7218   0.0000   0.0000   0.0000   0.4426
   1.000   0.4952   0.00792   0.00315  -0.0847  0.7140  0.8828  -0.7735   0.0000   0.0000   0.0000   0.4187
   2.000   0.6086   0.00776   0.00296  -0.0838  0.6777  0.9778  -0.8968   0.0000   0.0000   0.0000   0.3843
   2.500   0.6724   0.00783   0.00296  -0.0858  0.6553  1.0000  -0.9728   0.0000   0.0000   0.0000   0.3736
   3.000   0.7280   0.00799   0.00303  -0.0858  0.6305  1.0000  -1.0513   0.0000   0.0000   0.0000   0.3635
   3.500   0.7825   0.00823   0.00315  -0.0856  0.6017  1.0000  -1.1373   0.0000   0.0000   0.0000   0.3545
   4.000   0.8361   0.00855   0.00334  -0.0852  0.5700  1.0000  -1.2441   0.0000   0.0000   0.0000   0.3465
   4.500   0.8887   0.00892   0.00362  -0.0847  0.5330  1.0000  -1.3612   0.0000   0.0000   0.0000   0.3394
   5.500   0.9903   0.00999   0.00440  -0.0831  0.4518  1.0000  -1.6883   0.0000   0.0000   0.0000   0.3269
   6.000   1.0395   0.01066   0.00493  -0.0821  0.4113  1.0000  -2.0017   0.0000   0.0000   0.0000   0.3214
   6.500   1.0871   0.01143   0.00554  -0.0809  0.3663  1.0000  -2.3372   0.0000   0.0000   0.0000   0.3163
   7.000   1.1341   0.01224   0.00623  -0.0798  0.3222  1.0000  -2.6864   0.0000   0.0000   0.0000   0.3116
   7.500   1.1791   0.01319   0.00702  -0.0784  0.2783  1.0000  -3.0432   0.0000   0.0000   0.0000   0.3071
   8.000   1.2214   0.01430   0.00794  -0.0766  0.2319  1.0000  -3.4033   0.0000   0.0000   0.0000   0.3027
   8.500   1.2606   0.01559   0.00903  -0.0746  0.1842  1.0000  -3.7640   0.0000   0.0000   0.0000   0.2984
   9.000   1.2959   0.01708   0.01029  -0.0720  0.1380  1.0000  -4.1185   0.0000   0.0000   0.0000   0.2941
   9.500   1.3260   0.01871   0.01172  -0.0687  0.1021  1.0000  -4.4600   0.0000   0.0000   0.0000   0.2897
  10.000   1.3518   0.02052   0.01343  -0.0651  0.0771  1.0000  -4.8032   0.0000   0.0000   0.0000   0.2852


