xflr5 v6.61

 Calculated polar for: peg24_05_revT

 1 1 Reynolds number fixed          Mach number fixed         

 xtrf =   1.000 (top)        1.000 (bottom)
 Mach =   0.000     Re =     0.485 e 6     Ncrit =   9.000

  alpha     CL        CD       CDp       Cm    Top Xtr Bot Xtr   Cpmin    Chinge    XCp    
 ------- -------- --------- --------- -------- ------- ------- -------- --------- ---------
   0.000   0.2731   0.00671   0.00217  -0.0578  0.7228  0.8132  -0.5882   0.0000   0.0000   0.0000   0.4602
   0.500   0.3259   0.00674   0.00216  -0.0566  0.7030  0.8441  -0.6375   0.0000   0.0000   0.0000   0.4218
   1.000   0.3777   0.00675   0.00219  -0.0553  0.6815  0.8745  -0.6900   0.0000   0.0000   0.0000   0.3939
   1.500   0.4280   0.00677   0.00222  -0.0535  0.6589  0.9055  -0.7460   0.0000   0.0000   0.0000   0.3723
   2.000   0.4795   0.00682   0.00226  -0.0521  0.6334  0.9378  -0.8087   0.0000   0.0000   0.0000   0.3553
   2.500   0.5440   0.00697   0.00233  -0.0536  0.6034  0.9660  -0.8864   0.0000   0.0000   0.0000   0.3449
   3.000   0.6190   0.00721   0.00244  -0.0577  0.5692  0.9834  -0.9842   0.0000   0.0000   0.0000   0.3392
   3.500   0.6952   0.00749   0.00261  -0.0623  0.5303  0.9991  -1.1147   0.0000   0.0000   0.0000   0.3352
   4.500   0.7797   0.00821   0.00305  -0.0574  0.4558  1.0000  -1.3916   0.0000   0.0000   0.0000   0.3182
   5.000   0.8262   0.00869   0.00339  -0.0556  0.4181  1.0000  -1.7089   0.0000   0.0000   0.0000   0.3115
   5.500   0.8732   0.00921   0.00378  -0.0541  0.3746  1.0000  -2.0460   0.0000   0.0000   0.0000   0.3056
   6.000   0.9193   0.00984   0.00425  -0.0525  0.3279  1.0000  -2.3965   0.0000   0.0000   0.0000   0.3002
   6.500   0.9629   0.01065   0.00481  -0.0505  0.2716  1.0000  -2.7542   0.0000   0.0000   0.0000   0.2950
   7.500   1.0459   0.01258   0.00626  -0.0462  0.1665  1.0000  -3.4923   0.0000   0.0000   0.0000   0.2856
   8.000   1.0831   0.01379   0.00720  -0.0435  0.1156  1.0000  -3.8756   0.0000   0.0000   0.0000   0.2809
   8.500   1.1180   0.01507   0.00827  -0.0404  0.0790  1.0000  -4.2628   0.0000   0.0000   0.0000   0.2763
   9.000   1.1520   0.01626   0.00937  -0.0372  0.0554  1.0000  -4.6521   0.0000   0.0000   0.0000   0.2718
   9.500   1.1797   0.01755   0.01058  -0.0329  0.0377  1.0000  -5.0098   0.0000   0.0000   0.0000   0.2668
  10.000   1.1957   0.01923   0.01220  -0.0269  0.0230  1.0000  -5.2796   0.0000   0.0000   0.0000   0.2607


