xflr5 v6.61

 Calculated polar for: peg24_30_revT

 1 1 Reynolds number fixed          Mach number fixed         

 xtrf =   1.000 (top)        1.000 (bottom)
 Mach =   0.000     Re =     0.345 e 6     Ncrit =   9.000

  alpha     CL        CD       CDp       Cm    Top Xtr Bot Xtr   Cpmin    Chinge    XCp    
 ------- -------- --------- --------- -------- ------- ------- -------- --------- ---------
   0.000   0.3905   0.00840   0.00348  -0.0875  0.7505  0.8135  -0.6701   0.0000   0.0000   0.0000   0.4730
   0.500   0.4419   0.00831   0.00343  -0.0859  0.7355  0.8544  -0.7195   0.0000   0.0000   0.0000   0.4427
   1.000   0.4909   0.00826   0.00341  -0.0837  0.7203  0.8962  -0.7705   0.0000   0.0000   0.0000   0.4182
   1.500   0.5412   0.00814   0.00326  -0.0817  0.7033  0.9419  -0.8254   0.0000   0.0000   0.0000   0.3981
   2.000   0.6154   0.00804   0.00316  -0.0854  0.6834  0.9958  -0.9012   0.0000   0.0000   0.0000   0.3853
   2.500   0.6721   0.00815   0.00318  -0.0858  0.6619  1.0000  -0.9720   0.0000   0.0000   0.0000   0.3738
   3.000   0.7276   0.00830   0.00324  -0.0858  0.6379  1.0000  -1.0504   0.0000   0.0000   0.0000   0.3636
   3.500   0.7821   0.00851   0.00334  -0.0856  0.6097  1.0000  -1.1364   0.0000   0.0000   0.0000   0.3546
   4.000   0.8357   0.00880   0.00352  -0.0851  0.5781  1.0000  -1.2430   0.0000   0.0000   0.0000   0.3465
   4.500   0.8880   0.00920   0.00378  -0.0845  0.5423  1.0000  -1.3597   0.0000   0.0000   0.0000   0.3393
   5.000   0.9395   0.00966   0.00413  -0.0838  0.5038  1.0000  -1.5047   0.0000   0.0000   0.0000   0.3328
   5.500   0.9894   0.01025   0.00456  -0.0828  0.4616  1.0000  -1.6852   0.0000   0.0000   0.0000   0.3268
   6.000   1.0384   0.01091   0.00509  -0.0818  0.4200  1.0000  -1.9936   0.0000   0.0000   0.0000   0.3213
   6.500   1.0864   0.01164   0.00570  -0.0807  0.3764  1.0000  -2.3294   0.0000   0.0000   0.0000   0.3162
   7.000   1.1324   0.01251   0.00642  -0.0794  0.3319  1.0000  -2.6743   0.0000   0.0000   0.0000   0.3113
   7.500   1.1762   0.01351   0.00724  -0.0778  0.2869  1.0000  -3.0258   0.0000   0.0000   0.0000   0.3067
   8.000   1.2189   0.01458   0.00815  -0.0761  0.2418  1.0000  -3.3865   0.0000   0.0000   0.0000   0.3024
   8.500   1.2578   0.01587   0.00926  -0.0740  0.1944  1.0000  -3.7441   0.0000   0.0000   0.0000   0.2981
   9.000   1.2919   0.01742   0.01056  -0.0713  0.1468  1.0000  -4.0929   0.0000   0.0000   0.0000   0.2937
   9.500   1.3208   0.01910   0.01204  -0.0679  0.1086  1.0000  -4.4275   0.0000   0.0000   0.0000   0.2892
  10.000   1.3476   0.02085   0.01373  -0.0644  0.0825  1.0000  -4.7687   0.0000   0.0000   0.0000   0.2849


