xflr5 v6.61

 Calculated polar for: peg24_10_revT

 1 1 Reynolds number fixed          Mach number fixed         

 xtrf =   1.000 (top)        1.000 (bottom)
 Mach =   0.000     Re =     0.140 e 6     Ncrit =   9.000

  alpha     CL        CD       CDp       Cm    Top Xtr Bot Xtr   Cpmin    Chinge    XCp    
 ------- -------- --------- --------- -------- ------- ------- -------- --------- ---------
   0.000   0.3235   0.01378   0.00774  -0.0704  0.8318  0.9791  -0.6109   0.0000   0.0000   0.0000   0.4669
   0.500   0.4143   0.01336   0.00716  -0.0773  0.8138  1.0000  -0.6837   0.0000   0.0000   0.0000   0.4352
   1.000   0.4524   0.01337   0.00709  -0.0745  0.7905  1.0000  -0.7274   0.0000   0.0000   0.0000   0.4127
   1.500   0.4925   0.01339   0.00703  -0.0717  0.7678  1.0000  -0.7773   0.0000   0.0000   0.0000   0.3930
   2.000   0.5374   0.01340   0.00693  -0.0694  0.7452  1.0000  -0.8361   0.0000   0.0000   0.0000   0.3760
   2.500   0.5873   0.01338   0.00681  -0.0678  0.7215  1.0000  -0.9039   0.0000   0.0000   0.0000   0.3619
   3.000   0.6390   0.01340   0.00675  -0.0665  0.6959  1.0000  -0.9825   0.0000   0.0000   0.0000   0.3501
   3.500   0.6909   0.01347   0.00676  -0.0652  0.6675  1.0000  -1.0791   0.0000   0.0000   0.0000   0.3400
   4.000   0.7427   0.01357   0.00682  -0.0640  0.6361  1.0000  -1.1896   0.0000   0.0000   0.0000   0.3313
   4.500   0.7948   0.01373   0.00691  -0.0627  0.6028  1.0000  -1.3392   0.0000   0.0000   0.0000   0.3236
   5.000   0.8458   0.01406   0.00716  -0.0614  0.5659  1.0000  -1.5453   0.0000   0.0000   0.0000   0.3168
   5.500   0.8954   0.01448   0.00751  -0.0599  0.5252  1.0000  -1.8710   0.0000   0.0000   0.0000   0.3106
   6.000   0.9431   0.01505   0.00803  -0.0583  0.4808  1.0000  -2.2073   0.0000   0.0000   0.0000   0.3049
   6.500   0.9898   0.01578   0.00865  -0.0566  0.4363  1.0000  -2.5553   0.0000   0.0000   0.0000   0.2997
   7.000   1.0338   0.01662   0.00940  -0.0546  0.3876  1.0000  -2.9081   0.0000   0.0000   0.0000   0.2947
   7.500   1.0752   0.01762   0.01032  -0.0524  0.3360  1.0000  -3.2627   0.0000   0.0000   0.0000   0.2900
   8.000   1.1135   0.01882   0.01145  -0.0500  0.2807  1.0000  -3.6142   0.0000   0.0000   0.0000   0.2855
   8.500   1.1458   0.02047   0.01292  -0.0470  0.2202  1.0000  -3.9461   0.0000   0.0000   0.0000   0.2810
   9.000   1.1716   0.02272   0.01492  -0.0434  0.1599  1.0000  -4.2435   0.0000   0.0000   0.0000   0.2763
   9.500   1.1901   0.02542   0.01737  -0.0391  0.1158  1.0000  -4.4999   0.0000   0.0000   0.0000   0.2714
  10.000   1.2040   0.02834   0.02016  -0.0346  0.0875  1.0000  -4.7297   0.0000   0.0000   0.0000   0.2666


