xflr5 v6.61

 Calculated polar for: peg24_85_revT

 1 1 Reynolds number fixed          Mach number fixed         

 xtrf =   1.000 (top)        1.000 (bottom)
 Mach =   0.000     Re =     0.405 e 6     Ncrit =   9.000

  alpha     CL        CD       CDp       Cm    Top Xtr Bot Xtr   Cpmin    Chinge    XCp    
 ------- -------- --------- --------- -------- ------- ------- -------- --------- ---------
   0.000   0.6547   0.00951   0.00411  -0.1524  0.7360  0.5890  -0.8714   0.0000   0.0000   0.0000   0.4814
   0.500   0.7113   0.00944   0.00421  -0.1523  0.7270  0.6703  -0.9215   0.0000   0.0000   0.0000   0.4620
   1.000   0.7660   0.00930   0.00427  -0.1517  0.7174  0.7414  -0.9729   0.0000   0.0000   0.0000   0.4454
   1.500   0.8202   0.00914   0.00420  -0.1509  0.7070  0.8042  -1.0309   0.0000   0.0000   0.0000   0.4306
   2.000   0.8707   0.00905   0.00425  -0.1493  0.6960  0.8671  -1.0914   0.0000   0.0000   0.0000   0.4175
   2.500   0.9219   0.00875   0.00406  -0.1478  0.6828  1.0000  -1.1533   0.0000   0.0000   0.0000   0.4056
   3.000   0.9801   0.00887   0.00410  -0.1483  0.6691  1.0000  -1.2267   0.0000   0.0000   0.0000   0.3960
   3.500   1.0370   0.00896   0.00413  -0.1485  0.6533  1.0000  -1.3064   0.0000   0.0000   0.0000   0.3873
   4.000   1.0922   0.00911   0.00426  -0.1484  0.6341  1.0000  -1.3936   0.0000   0.0000   0.0000   0.3793
   4.500   1.1462   0.00933   0.00441  -0.1480  0.6113  1.0000  -1.4892   0.0000   0.0000   0.0000   0.3720
   5.000   1.1986   0.00963   0.00464  -0.1474  0.5846  1.0000  -1.5968   0.0000   0.0000   0.0000   0.3651
   5.500   1.2477   0.01010   0.00496  -0.1462  0.5497  1.0000  -1.7105   0.0000   0.0000   0.0000   0.3586
   6.000   1.2948   0.01072   0.00544  -0.1447  0.5136  1.0000  -1.8357   0.0000   0.0000   0.0000   0.3526
   6.500   1.3382   0.01151   0.00607  -0.1427  0.4715  1.0000  -1.9753   0.0000   0.0000   0.0000   0.3467
   7.000   1.3788   0.01241   0.00682  -0.1403  0.4314  1.0000  -2.1202   0.0000   0.0000   0.0000   0.3411
   7.500   1.4148   0.01349   0.00772  -0.1372  0.3905  1.0000  -2.2718   0.0000   0.0000   0.0000   0.3356
   8.000   1.4463   0.01463   0.00872  -0.1334  0.3536  1.0000  -2.4344   0.0000   0.0000   0.0000   0.3301
   8.500   1.4738   0.01596   0.00995  -0.1292  0.3184  1.0000  -2.6101   0.0000   0.0000   0.0000   0.3248
   9.000   1.4986   0.01754   0.01141  -0.1250  0.2869  1.0000  -2.8017   0.0000   0.0000   0.0000   0.3197
   9.500   1.5216   0.01937   0.01314  -0.1210  0.2569  1.0000  -3.0112   0.0000   0.0000   0.0000   0.3150
  10.000   1.5456   0.02130   0.01504  -0.1174  0.2294  1.0000  -3.2666   0.0000   0.0000   0.0000   0.3106


