xflr5 v6.61

 Calculated polar for: peg24_40_revT

 1 1 Reynolds number fixed          Mach number fixed         

 xtrf =   1.000 (top)        1.000 (bottom)
 Mach =   0.000     Re =     0.130 e 6     Ncrit =   9.000

  alpha     CL        CD       CDp       Cm    Top Xtr Bot Xtr   Cpmin    Chinge    XCp    
 ------- -------- --------- --------- -------- ------- ------- -------- --------- ---------
   0.000   0.3878   0.01747   0.01140  -0.0960  0.8188  0.9839  -0.6602   0.0000   0.0000   0.0000   0.4970
   0.500   0.4559   0.01729   0.01102  -0.0986  0.8062  1.0000  -0.7172   0.0000   0.0000   0.0000   0.4648
   1.000   0.5116   0.01731   0.01088  -0.0988  0.7889  1.0000  -0.7695   0.0000   0.0000   0.0000   0.4411
   1.500   0.5685   0.01740   0.01085  -0.0989  0.7729  1.0000  -0.8279   0.0000   0.0000   0.0000   0.4213
   2.000   0.6310   0.01701   0.01034  -0.0991  0.7582  1.0000  -0.8949   0.0000   0.0000   0.0000   0.4038
   2.500   0.6844   0.01709   0.01038  -0.0983  0.7382  1.0000  -0.9607   0.0000   0.0000   0.0000   0.3899
   3.000   0.7426   0.01685   0.01008  -0.0978  0.7202  1.0000  -1.0368   0.0000   0.0000   0.0000   0.3775
   3.500   0.8041   0.01637   0.00951  -0.0975  0.7024  1.0000  -1.1280   0.0000   0.0000   0.0000   0.3665
   4.000   0.8580   0.01625   0.00941  -0.0965  0.6785  1.0000  -1.2214   0.0000   0.0000   0.0000   0.3571
   4.500   0.9129   0.01610   0.00925  -0.0955  0.6530  1.0000  -1.3350   0.0000   0.0000   0.0000   0.3488
   5.000   0.9680   0.01597   0.00907  -0.0945  0.6249  1.0000  -1.4626   0.0000   0.0000   0.0000   0.3412
   5.500   1.0193   0.01609   0.00921  -0.0931  0.5913  1.0000  -1.6139   0.0000   0.0000   0.0000   0.3343
   6.000   1.0695   0.01633   0.00941  -0.0915  0.5533  1.0000  -1.7956   0.0000   0.0000   0.0000   0.3280
   6.500   1.1180   0.01682   0.00979  -0.0898  0.5125  1.0000  -2.0361   0.0000   0.0000   0.0000   0.3221
   7.000   1.1636   0.01754   0.01036  -0.0878  0.4687  1.0000  -2.3548   0.0000   0.0000   0.0000   0.3165
   7.500   1.2050   0.01847   0.01127  -0.0854  0.4237  1.0000  -2.6723   0.0000   0.0000   0.0000   0.3113
   8.000   1.2436   0.01960   0.01230  -0.0827  0.3787  1.0000  -2.9926   0.0000   0.0000   0.0000   0.3062
   8.500   1.2775   0.02096   0.01353  -0.0795  0.3338  1.0000  -3.3072   0.0000   0.0000   0.0000   0.3012
   9.000   1.3058   0.02250   0.01498  -0.0756  0.2890  1.0000  -3.6085   0.0000   0.0000   0.0000   0.2962
   9.500   1.3272   0.02428   0.01672  -0.0710  0.2457  1.0000  -3.8883   0.0000   0.0000   0.0000   0.2910
  10.000   1.3410   0.02657   0.01891  -0.0659  0.2060  1.0000  -4.1398   0.0000   0.0000   0.0000   0.2859


