xflr5 v6.61

 Calculated polar for: peg24_100_revT

 1 1 Reynolds number fixed          Mach number fixed         

 xtrf =   1.000 (top)        1.000 (bottom)
 Mach =   0.000     Re =     0.355 e 6     Ncrit =   9.000

  alpha     CL        CD       CDp       Cm    Top Xtr Bot Xtr   Cpmin    Chinge    XCp    
 ------- -------- --------- --------- -------- ------- ------- -------- --------- ---------
   0.000   0.7179   0.01112   0.00547  -0.1686  0.7407  0.5408  -0.9241   0.0000   0.0000   0.0000   0.4836
   0.500   0.7765   0.01087   0.00535  -0.1688  0.7332  0.6180  -0.9733   0.0000   0.0000   0.0000   0.4654
   1.000   0.8317   0.01083   0.00552  -0.1685  0.7248  0.6966  -1.0242   0.0000   0.0000   0.0000   0.4498
   1.500   0.8854   0.01067   0.00555  -0.1676  0.7149  0.7717  -1.0804   0.0000   0.0000   0.0000   0.4359
   2.000   0.9382   0.01040   0.00538  -0.1663  0.7055  0.8439  -1.1418   0.0000   0.0000   0.0000   0.4231
   2.500   0.9853   0.01014   0.00531  -0.1640  0.6946  1.0000  -1.2020   0.0000   0.0000   0.0000   0.4116
   3.000   1.0442   0.01010   0.00518  -0.1646  0.6822  1.0000  -1.2726   0.0000   0.0000   0.0000   0.4021
   3.500   1.1014   0.01020   0.00522  -0.1648  0.6691  1.0000  -1.3516   0.0000   0.0000   0.0000   0.3935
   4.000   1.1575   0.01025   0.00523  -0.1648  0.6543  1.0000  -1.4334   0.0000   0.0000   0.0000   0.3855
   4.500   1.2115   0.01039   0.00537  -0.1645  0.6360  1.0000  -1.5287   0.0000   0.0000   0.0000   0.3782
   5.000   1.2646   0.01058   0.00550  -0.1639  0.6146  1.0000  -1.6304   0.0000   0.0000   0.0000   0.3714
   5.500   1.3153   0.01088   0.00574  -0.1629  0.5891  1.0000  -1.7417   0.0000   0.0000   0.0000   0.3649
   6.000   1.3624   0.01134   0.00610  -0.1614  0.5557  1.0000  -1.8569   0.0000   0.0000   0.0000   0.3588
   6.500   1.4054   0.01204   0.00663  -0.1591  0.5196  1.0000  -1.9809   0.0000   0.0000   0.0000   0.3528
   7.000   1.4447   0.01289   0.00735  -0.1564  0.4800  1.0000  -2.1176   0.0000   0.0000   0.0000   0.3471
   7.500   1.4760   0.01404   0.00829  -0.1524  0.4392  1.0000  -2.2506   0.0000   0.0000   0.0000   0.3413
   8.000   1.5028   0.01523   0.00937  -0.1478  0.4023  1.0000  -2.3835   0.0000   0.0000   0.0000   0.3356
   8.500   1.5237   0.01682   0.01084  -0.1426  0.3657  1.0000  -2.5138   0.0000   0.0000   0.0000   0.3300
   9.000   1.5426   0.01873   0.01261  -0.1377  0.3322  1.0000  -2.6532   0.0000   0.0000   0.0000   0.3249
   9.500   1.5641   0.02070   0.01452  -0.1336  0.3016  1.0000  -2.8152   0.0000   0.0000   0.0000   0.3202
  10.000   1.5838   0.02292   0.01669  -0.1296  0.2737  1.0000  -3.0012   0.0000   0.0000   0.0000   0.3157


