xflr5 v6.61

 Calculated polar for: peg24_0_revT

 1 1 Reynolds number fixed          Mach number fixed         

 xtrf =   1.000 (top)        1.000 (bottom)
 Mach =   0.000     Re =     0.205 e 6     Ncrit =   9.000

  alpha     CL        CD       CDp       Cm    Top Xtr Bot Xtr   Cpmin    Chinge    XCp    
 ------- -------- --------- --------- -------- ------- ------- -------- --------- ---------
   0.000   0.2348   0.01046   0.00511  -0.0477  0.7962  0.9251  -0.5609   0.0000   0.0000   0.0000   0.4520
   0.500   0.3151   0.01050   0.00502  -0.0515  0.7770  0.9503  -0.6264   0.0000   0.0000   0.0000   0.4119
   1.000   0.4041   0.01048   0.00488  -0.0578  0.7543  0.9686  -0.7020   0.0000   0.0000   0.0000   0.3908
   1.500   0.4913   0.01042   0.00470  -0.0640  0.7297  0.9852  -0.7861   0.0000   0.0000   0.0000   0.3777
   2.000   0.5765   0.01028   0.00447  -0.0703  0.7010  0.9999  -0.8777   0.0000   0.0000   0.0000   0.3689
   2.500   0.6097   0.01024   0.00439  -0.0664  0.6729  1.0000  -0.9398   0.0000   0.0000   0.0000   0.3554
   3.000   0.6422   0.01030   0.00435  -0.0620  0.6424  1.0000  -1.0170   0.0000   0.0000   0.0000   0.3427
   3.500   0.6784   0.01048   0.00438  -0.0582  0.6120  1.0000  -1.1069   0.0000   0.0000   0.0000   0.3315
   4.000   0.7184   0.01075   0.00457  -0.0551  0.5775  1.0000  -1.2313   0.0000   0.0000   0.0000   0.3220
   4.500   0.7615   0.01113   0.00483  -0.0525  0.5414  1.0000  -1.4001   0.0000   0.0000   0.0000   0.3137
   5.000   0.8057   0.01156   0.00516  -0.0502  0.5009  1.0000  -1.6266   0.0000   0.0000   0.0000   0.3066
   5.500   0.8502   0.01209   0.00558  -0.0480  0.4607  1.0000  -1.9614   0.0000   0.0000   0.0000   0.3003
   6.000   0.8938   0.01273   0.00610  -0.0458  0.4191  1.0000  -2.3171   0.0000   0.0000   0.0000   0.2945
   6.500   0.9355   0.01342   0.00667  -0.0433  0.3721  1.0000  -2.6834   0.0000   0.0000   0.0000   0.2890
   7.000   0.9760   0.01422   0.00735  -0.0408  0.3252  1.0000  -3.0603   0.0000   0.0000   0.0000   0.2839
   7.500   1.0144   0.01513   0.00820  -0.0380  0.2745  1.0000  -3.4427   0.0000   0.0000   0.0000   0.2790
   8.000   1.0484   0.01628   0.00915  -0.0348  0.2166  1.0000  -3.8181   0.0000   0.0000   0.0000   0.2741
   8.500   1.0757   0.01783   0.01035  -0.0307  0.1515  1.0000  -4.1724   0.0000   0.0000   0.0000   0.2689
   9.000   1.0992   0.01956   0.01179  -0.0263  0.1029  1.0000  -4.5131   0.0000   0.0000   0.0000   0.2636
   9.500   1.1163   0.02129   0.01339  -0.0208  0.0762  1.0000  -4.8211   0.0000   0.0000   0.0000   0.2576
  10.000   1.1335   0.02307   0.01523  -0.0156  0.0582  1.0000  -5.1185   0.0000   0.0000   0.0000   0.2521


