xflr5 v6.61

 Calculated polar for: peg24_100_revT

 1 1 Reynolds number fixed          Mach number fixed         

 xtrf =   1.000 (top)        1.000 (bottom)
 Mach =   0.000     Re =     0.275 e 6     Ncrit =   9.000

  alpha     CL        CD       CDp       Cm    Top Xtr Bot Xtr   Cpmin    Chinge    XCp    
 ------- -------- --------- --------- -------- ------- ------- -------- --------- ---------
   0.000   0.7090   0.01340   0.00748  -0.1685  0.7549  0.5757  -0.9153   0.0000   0.0000   0.0000   0.4864
   0.500   0.7613   0.01332   0.00767  -0.1677  0.7454  0.6555  -0.9600   0.0000   0.0000   0.0000   0.4684
   1.500   0.8712   0.01278   0.00739  -0.1658  0.7290  0.8161  -1.0681   0.0000   0.0000   0.0000   0.4369
   2.000   0.9102   0.01249   0.00738  -0.1617  0.7177  0.9193  -1.1186   0.0000   0.0000   0.0000   0.4236
   2.500   0.9737   0.01220   0.00698  -0.1630  0.7076  1.0000  -1.1903   0.0000   0.0000   0.0000   0.4126
   3.000   1.0321   0.01223   0.00694  -0.1634  0.6962  1.0000  -1.2599   0.0000   0.0000   0.0000   0.4029
   3.500   1.0898   0.01213   0.00679  -0.1636  0.6828  1.0000  -1.3387   0.0000   0.0000   0.0000   0.3940
   4.000   1.1465   0.01214   0.00676  -0.1636  0.6691  1.0000  -1.4209   0.0000   0.0000   0.0000   0.3859
   4.500   1.2023   0.01210   0.00668  -0.1634  0.6533  1.0000  -1.5168   0.0000   0.0000   0.0000   0.3784
   5.000   1.2544   0.01220   0.00680  -0.1626  0.6331  1.0000  -1.6165   0.0000   0.0000   0.0000   0.3715
   5.500   1.3062   0.01237   0.00693  -0.1617  0.6104  1.0000  -1.7278   0.0000   0.0000   0.0000   0.3649
   6.000   1.3550   0.01265   0.00714  -0.1603  0.5819  1.0000  -1.8448   0.0000   0.0000   0.0000   0.3587
   6.500   1.4001   0.01314   0.00752  -0.1584  0.5484  1.0000  -1.9701   0.0000   0.0000   0.0000   0.3527
   7.000   1.4405   0.01389   0.00814  -0.1557  0.5113  1.0000  -2.1072   0.0000   0.0000   0.0000   0.3469
   7.500   1.4744   0.01489   0.00898  -0.1521  0.4708  1.0000  -2.2442   0.0000   0.0000   0.0000   0.3412
   8.000   1.5005   0.01611   0.01005  -0.1472  0.4323  1.0000  -2.3752   0.0000   0.0000   0.0000   0.3354
   8.500   1.5215   0.01762   0.01144  -0.1419  0.3949  1.0000  -2.5055   0.0000   0.0000   0.0000   0.3298
   9.000   1.5374   0.01957   0.01323  -0.1364  0.3600  1.0000  -2.6378   0.0000   0.0000   0.0000   0.3244
   9.500   1.5560   0.02162   0.01522  -0.1319  0.3277  1.0000  -2.7918   0.0000   0.0000   0.0000   0.3195
  10.000   1.5732   0.02393   0.01749  -0.1275  0.2976  1.0000  -2.9656   0.0000   0.0000   0.0000   0.3150


