xflr5 v6.61

 Calculated polar for: peg24_35_revT

 1 1 Reynolds number fixed          Mach number fixed         

 xtrf =   1.000 (top)        1.000 (bottom)
 Mach =   0.000     Re =     0.425 e 6     Ncrit =   9.000

  alpha     CL        CD       CDp       Cm    Top Xtr Bot Xtr   Cpmin    Chinge    XCp    
 ------- -------- --------- --------- -------- ------- ------- -------- --------- ---------
   0.000   0.4190   0.00765   0.00287  -0.0943  0.7359  0.7756  -0.6910   0.0000   0.0000   0.0000   0.4738
   0.500   0.4728   0.00764   0.00289  -0.0934  0.7221  0.8183  -0.7417   0.0000   0.0000   0.0000   0.4456
   1.000   0.5249   0.00757   0.00286  -0.0920  0.7069  0.8581  -0.7948   0.0000   0.0000   0.0000   0.4228
   1.500   0.5751   0.00752   0.00288  -0.0902  0.6901  0.8997  -0.8499   0.0000   0.0000   0.0000   0.4039
   2.000   0.6261   0.00745   0.00281  -0.0885  0.6722  0.9513  -0.9099   0.0000   0.0000   0.0000   0.3879
   2.500   0.6948   0.00748   0.00275  -0.0913  0.6503  1.0000  -0.9893   0.0000   0.0000   0.0000   0.3774
   3.000   0.7510   0.00765   0.00283  -0.0915  0.6258  1.0000  -1.0665   0.0000   0.0000   0.0000   0.3673
   3.500   0.8059   0.00790   0.00296  -0.0913  0.5972  1.0000  -1.1534   0.0000   0.0000   0.0000   0.3584
   4.000   0.8600   0.00819   0.00317  -0.0911  0.5656  1.0000  -1.2552   0.0000   0.0000   0.0000   0.3504
   4.500   0.9126   0.00859   0.00344  -0.0906  0.5281  1.0000  -1.3722   0.0000   0.0000   0.0000   0.3432
   5.000   0.9640   0.00910   0.00380  -0.0899  0.4898  1.0000  -1.5083   0.0000   0.0000   0.0000   0.3367
   5.500   1.0143   0.00969   0.00424  -0.0890  0.4471  1.0000  -1.6783   0.0000   0.0000   0.0000   0.3307
   6.000   1.0641   0.01032   0.00475  -0.0882  0.4070  1.0000  -1.9358   0.0000   0.0000   0.0000   0.3252
   6.500   1.1114   0.01113   0.00536  -0.0870  0.3627  1.0000  -2.2644   0.0000   0.0000   0.0000   0.3200
   7.000   1.1586   0.01193   0.00604  -0.0858  0.3194  1.0000  -2.6083   0.0000   0.0000   0.0000   0.3152
   7.500   1.2039   0.01284   0.00680  -0.0845  0.2766  1.0000  -2.9604   0.0000   0.0000   0.0000   0.3106
   8.000   1.2463   0.01393   0.00769  -0.0827  0.2323  1.0000  -3.3160   0.0000   0.0000   0.0000   0.3061
   8.500   1.2856   0.01518   0.00875  -0.0806  0.1870  1.0000  -3.6724   0.0000   0.0000   0.0000   0.3018
   9.000   1.3211   0.01661   0.00996  -0.0781  0.1432  1.0000  -4.0243   0.0000   0.0000   0.0000   0.2975
  10.000   1.3789   0.01981   0.01289  -0.0712  0.0831  1.0000  -4.7092   0.0000   0.0000   0.0000   0.2885


