xflr5 v6.61

 Calculated polar for: peg24_45_revT

 1 1 Reynolds number fixed          Mach number fixed         

 xtrf =   1.000 (top)        1.000 (bottom)
 Mach =   0.000     Re =     0.325 e 6     Ncrit =   9.000

  alpha     CL        CD       CDp       Cm    Top Xtr Bot Xtr   Cpmin    Chinge    XCp    
 ------- -------- --------- --------- -------- ------- ------- -------- --------- ---------
   0.000   0.4613   0.00916   0.00408  -0.1055  0.7534  0.7872  -0.7216   0.0000   0.0000   0.0000   0.4775
   0.500   0.5124   0.00905   0.00407  -0.1039  0.7405  0.8351  -0.7701   0.0000   0.0000   0.0000   0.4509
   1.000   0.5623   0.00896   0.00397  -0.1018  0.7275  0.8829  -0.8213   0.0000   0.0000   0.0000   0.4286
   1.500   0.6103   0.00875   0.00387  -0.0994  0.7126  0.9406  -0.8758   0.0000   0.0000   0.0000   0.4098
   2.000   0.6796   0.00867   0.00370  -0.1020  0.6965  1.0000  -0.9467   0.0000   0.0000   0.0000   0.3966
   2.500   0.7375   0.00873   0.00365  -0.1025  0.6784  1.0000  -1.0176   0.0000   0.0000   0.0000   0.3850
   3.000   0.7938   0.00884   0.00372  -0.1027  0.6577  1.0000  -1.0924   0.0000   0.0000   0.0000   0.3748
   3.500   0.8493   0.00899   0.00380  -0.1025  0.6342  1.0000  -1.1791   0.0000   0.0000   0.0000   0.3656
   4.000   0.9036   0.00921   0.00393  -0.1022  0.6065  1.0000  -1.2739   0.0000   0.0000   0.0000   0.3574
   4.500   0.9565   0.00953   0.00413  -0.1016  0.5752  1.0000  -1.3866   0.0000   0.0000   0.0000   0.3500
   5.000   1.0080   0.00995   0.00444  -0.1008  0.5389  1.0000  -1.5095   0.0000   0.0000   0.0000   0.3432
   5.500   1.0578   0.01050   0.00485  -0.0998  0.4993  1.0000  -1.6576   0.0000   0.0000   0.0000   0.3370
   6.000   1.1061   0.01115   0.00538  -0.0986  0.4571  1.0000  -1.8326   0.0000   0.0000   0.0000   0.3312
   6.500   1.1520   0.01196   0.00601  -0.0971  0.4150  1.0000  -2.0680   0.0000   0.0000   0.0000   0.3257
   7.000   1.1975   0.01278   0.00673  -0.0956  0.3723  1.0000  -2.3892   0.0000   0.0000   0.0000   0.3206
   7.500   1.2402   0.01376   0.00756  -0.0937  0.3302  1.0000  -2.7153   0.0000   0.0000   0.0000   0.3157
   8.000   1.2799   0.01488   0.00851  -0.0915  0.2881  1.0000  -3.0441   0.0000   0.0000   0.0000   0.3109
   8.500   1.3181   0.01603   0.00957  -0.0891  0.2481  1.0000  -3.3796   0.0000   0.0000   0.0000   0.3063
   9.000   1.3497   0.01742   0.01081  -0.0858  0.2101  1.0000  -3.7006   0.0000   0.0000   0.0000   0.3016
   9.500   1.3771   0.01900   0.01225  -0.0821  0.1723  1.0000  -4.0142   0.0000   0.0000   0.0000   0.2969
  10.000   1.4008   0.02088   0.01402  -0.0783  0.1372  1.0000  -4.3192   0.0000   0.0000   0.0000   0.2924


