xflr5 v6.61

 Calculated polar for: peg24_75_revT

 1 1 Reynolds number fixed          Mach number fixed         

 xtrf =   1.000 (top)        1.000 (bottom)
 Mach =   0.000     Re =     0.060 e 6     Ncrit =   9.000

  alpha     CL        CD       CDp       Cm    Top Xtr Bot Xtr   Cpmin    Chinge    XCp    
 ------- -------- --------- --------- -------- ------- ------- -------- --------- ---------
   0.000   0.1897   0.03883   0.03130  -0.0969  0.9147  0.8616  -0.7743   0.0000   0.0000   0.0000   0.7631
   0.500   0.2818   0.04063   0.03248  -0.1068  0.8940  1.0000  -0.5819   0.0000   0.0000   0.0000   0.6291
   1.000   0.3335   0.04220   0.03364  -0.1090  0.8723  1.0000  -0.6170   0.0000   0.0000   0.0000   0.5756
   1.500   0.3881   0.04418   0.03531  -0.1110  0.8489  1.0000  -0.6581   0.0000   0.0000   0.0000   0.5339
   2.000   0.4464   0.04624   0.03713  -0.1132  0.8254  1.0000  -0.7059   0.0000   0.0000   0.0000   0.5006
   2.500   0.5082   0.04821   0.03892  -0.1155  0.8020  1.0000  -0.7608   0.0000   0.0000   0.0000   0.4734
   3.000   0.5811   0.04990   0.04047  -0.1186  0.7798  1.0000  -0.8275   0.0000   0.0000   0.0000   0.4496
   3.500   0.6446   0.05125   0.04176  -0.1201  0.7565  1.0000  -0.8934   0.0000   0.0000   0.0000   0.4312
   4.000   0.6911   0.05282   0.04331  -0.1195  0.7307  1.0000  -0.9495   0.0000   0.0000   0.0000   0.4171
   4.500   0.7376   0.05439   0.04490  -0.1187  0.7050  1.0000  -1.0085   0.0000   0.0000   0.0000   0.4046
   5.000   0.7852   0.05580   0.04636  -0.1179  0.6792  1.0000  -1.0770   0.0000   0.0000   0.0000   0.3931
   5.500   0.8333   0.05704   0.04769  -0.1168  0.6536  1.0000  -1.1539   0.0000   0.0000   0.0000   0.3825
   6.000   0.8805   0.05819   0.04895  -0.1154  0.6280  1.0000  -1.2365   0.0000   0.0000   0.0000   0.3728
   6.500   0.9269   0.05921   0.05011  -0.1137  0.6025  1.0000  -1.3297   0.0000   0.0000   0.0000   0.3638
   8.000   1.1785   0.04832   0.03991  -0.1090  0.5452  1.0000  -1.9050   0.0000   0.0000   0.0000   0.3314
   8.500   1.2906   0.04194   0.03380  -0.1092  0.5197  1.0000  -2.2250   0.0000   0.0000   0.0000   0.3228
   9.000   1.3291   0.04213   0.03415  -0.1051  0.4842  1.0000  -2.4192   0.0000   0.0000   0.0000   0.3165
   9.500   1.4447   0.03775   0.02962  -0.1077  0.4397  1.0000  -2.8983   0.0000   0.0000   0.0000   0.3111
  10.000   1.4581   0.04008   0.03210  -0.1017  0.4005  1.0000  -3.1051   0.0000   0.0000   0.0000   0.3054


