xflr5 v6.61

 Calculated polar for: peg24_60_revT

 1 1 Reynolds number fixed          Mach number fixed         

 xtrf =   1.000 (top)        1.000 (bottom)
 Mach =   0.000     Re =     0.255 e 6     Ncrit =   9.000

  alpha     CL        CD       CDp       Cm    Top Xtr Bot Xtr   Cpmin    Chinge    XCp    
 ------- -------- --------- --------- -------- ------- ------- -------- --------- ---------
   0.000   0.5227   0.01141   0.00607  -0.1226  0.7663  0.7752  -0.7673   0.0000   0.0000   0.0000   0.4834
   0.500   0.5741   0.01122   0.00590  -0.1205  0.7563  0.8352  -0.8145   0.0000   0.0000   0.0000   0.4582
   1.000   0.6174   0.01108   0.00591  -0.1172  0.7435  0.8985  -0.8614   0.0000   0.0000   0.0000   0.4374
   1.500   0.6806   0.01067   0.00545  -0.1178  0.7316  1.0000  -0.9252   0.0000   0.0000   0.0000   0.4201
   2.000   0.7394   0.01076   0.00547  -0.1187  0.7172  1.0000  -0.9881   0.0000   0.0000   0.0000   0.4069
   2.500   0.7999   0.01069   0.00523  -0.1193  0.7029  1.0000  -1.0582   0.0000   0.0000   0.0000   0.3950
   3.000   0.8555   0.01074   0.00528  -0.1193  0.6852  1.0000  -1.1326   0.0000   0.0000   0.0000   0.3847
   3.500   0.9120   0.01079   0.00527  -0.1192  0.6670  1.0000  -1.2144   0.0000   0.0000   0.0000   0.3754
   4.000   0.9678   0.01086   0.00525  -0.1190  0.6462  1.0000  -1.3070   0.0000   0.0000   0.0000   0.3670
   4.500   1.0216   0.01099   0.00533  -0.1184  0.6206  1.0000  -1.4110   0.0000   0.0000   0.0000   0.3594
   5.000   1.0737   0.01124   0.00554  -0.1176  0.5909  1.0000  -1.5274   0.0000   0.0000   0.0000   0.3524
   5.500   1.1238   0.01162   0.00583  -0.1164  0.5551  1.0000  -1.6551   0.0000   0.0000   0.0000   0.3459
   6.000   1.1720   0.01220   0.00625  -0.1150  0.5175  1.0000  -1.8035   0.0000   0.0000   0.0000   0.3398
   6.500   1.2173   0.01291   0.00684  -0.1133  0.4746  1.0000  -1.9671   0.0000   0.0000   0.0000   0.3340
   7.000   1.2602   0.01378   0.00759  -0.1112  0.4332  1.0000  -2.1578   0.0000   0.0000   0.0000   0.3286
   7.500   1.2997   0.01482   0.00846  -0.1087  0.3910  1.0000  -2.3957   0.0000   0.0000   0.0000   0.3233
   8.000   1.3369   0.01592   0.00946  -0.1060  0.3504  1.0000  -2.6929   0.0000   0.0000   0.0000   0.3182
   8.500   1.3681   0.01725   0.01065  -0.1024  0.3117  1.0000  -2.9823   0.0000   0.0000   0.0000   0.3130
   9.000   1.3962   0.01860   0.01195  -0.0985  0.2760  1.0000  -3.2697   0.0000   0.0000   0.0000   0.3079
   9.500   1.4190   0.02033   0.01357  -0.0942  0.2410  1.0000  -3.5462   0.0000   0.0000   0.0000   0.3030
  10.000   1.4396   0.02237   0.01554  -0.0902  0.2085  1.0000  -3.8199   0.0000   0.0000   0.0000   0.2984


