xflr5 v6.61

 Calculated polar for: peg24_15_revT

 1 1 Reynolds number fixed          Mach number fixed         

 xtrf =   1.000 (top)        1.000 (bottom)
 Mach =   0.000     Re =     0.145 e 6     Ncrit =   9.000

  alpha     CL        CD       CDp       Cm    Top Xtr Bot Xtr   Cpmin    Chinge    XCp    
 ------- -------- --------- --------- -------- ------- ------- -------- --------- ---------
   0.000   0.3213   0.01381   0.00788  -0.0716  0.8236  0.9744  -0.6125   0.0000   0.0000   0.0000   0.4720
   0.500   0.4281   0.01330   0.00717  -0.0811  0.8103  1.0000  -0.6949   0.0000   0.0000   0.0000   0.4379
   1.000   0.4648   0.01330   0.00710  -0.0782  0.7875  1.0000  -0.7377   0.0000   0.0000   0.0000   0.4161
   1.500   0.5047   0.01336   0.00707  -0.0754  0.7656  1.0000  -0.7867   0.0000   0.0000   0.0000   0.3968
   2.000   0.5524   0.01337   0.00698  -0.0736  0.7442  1.0000  -0.8466   0.0000   0.0000   0.0000   0.3802
   2.500   0.6047   0.01332   0.00683  -0.0724  0.7219  1.0000  -0.9153   0.0000   0.0000   0.0000   0.3663
   3.000   0.6581   0.01331   0.00672  -0.0714  0.6978  1.0000  -0.9946   0.0000   0.0000   0.0000   0.3545
   3.500   0.7109   0.01335   0.00671  -0.0703  0.6708  1.0000  -1.0863   0.0000   0.0000   0.0000   0.3445
   4.000   0.7631   0.01345   0.00678  -0.0692  0.6403  1.0000  -1.1969   0.0000   0.0000   0.0000   0.3357
   4.500   0.8152   0.01360   0.00688  -0.0680  0.6071  1.0000  -1.3313   0.0000   0.0000   0.0000   0.3280
   5.000   0.8676   0.01387   0.00700  -0.0668  0.5721  1.0000  -1.5090   0.0000   0.0000   0.0000   0.3211
   5.500   0.9165   0.01430   0.00744  -0.0654  0.5312  1.0000  -1.7999   0.0000   0.0000   0.0000   0.3148
   6.000   0.9649   0.01487   0.00789  -0.0638  0.4881  1.0000  -2.1325   0.0000   0.0000   0.0000   0.3091
   6.500   1.0116   0.01559   0.00849  -0.0621  0.4438  1.0000  -2.4746   0.0000   0.0000   0.0000   0.3038
   7.000   1.0558   0.01640   0.00928  -0.0602  0.3959  1.0000  -2.8218   0.0000   0.0000   0.0000   0.2988
   7.500   1.0975   0.01739   0.01018  -0.0580  0.3459  1.0000  -3.1727   0.0000   0.0000   0.0000   0.2940
   8.000   1.1358   0.01859   0.01127  -0.0556  0.2939  1.0000  -3.5212   0.0000   0.0000   0.0000   0.2894
   8.500   1.1688   0.02016   0.01267  -0.0526  0.2389  1.0000  -3.8548   0.0000   0.0000   0.0000   0.2848
   9.000   1.1969   0.02209   0.01445  -0.0492  0.1806  1.0000  -4.1670   0.0000   0.0000   0.0000   0.2802
   9.500   1.2152   0.02465   0.01675  -0.0447  0.1333  1.0000  -4.4309   0.0000   0.0000   0.0000   0.2752
  10.000   1.2295   0.02746   0.01944  -0.0402  0.1003  1.0000  -4.6697   0.0000   0.0000   0.0000   0.2704


