xflr5 v6.61

 Calculated polar for: peg24_75_revT

 1 1 Reynolds number fixed          Mach number fixed         

 xtrf =   1.000 (top)        1.000 (bottom)
 Mach =   0.000     Re =     0.330 e 6     Ncrit =   9.000

  alpha     CL        CD       CDp       Cm    Top Xtr Bot Xtr   Cpmin    Chinge    XCp    
 ------- -------- --------- --------- -------- ------- ------- -------- --------- ---------
   0.000   0.6029   0.01034   0.00498  -0.1409  0.7489  0.6720  -0.8299   0.0000   0.0000   0.0000   0.4824
   0.500   0.6573   0.01016   0.00495  -0.1401  0.7385  0.7452  -0.8782   0.0000   0.0000   0.0000   0.4611
   1.000   0.7114   0.01008   0.00492  -0.1390  0.7289  0.8081  -0.9314   0.0000   0.0000   0.0000   0.4428
   1.500   0.7594   0.00989   0.00492  -0.1368  0.7171  0.8702  -0.9849   0.0000   0.0000   0.0000   0.4269
   2.000   0.8127   0.00952   0.00460  -0.1354  0.7056  1.0000  -1.0468   0.0000   0.0000   0.0000   0.4128
   2.500   0.8714   0.00960   0.00463  -0.1361  0.6915  1.0000  -1.1134   0.0000   0.0000   0.0000   0.4018
   3.000   0.9303   0.00963   0.00452  -0.1366  0.6770  1.0000  -1.1894   0.0000   0.0000   0.0000   0.3918
   3.500   0.9858   0.00972   0.00463  -0.1366  0.6597  1.0000  -1.2666   0.0000   0.0000   0.0000   0.3829
   4.000   1.0414   0.00984   0.00469  -0.1364  0.6405  1.0000  -1.3583   0.0000   0.0000   0.0000   0.3748
   4.500   1.0955   0.01002   0.00480  -0.1360  0.6168  1.0000  -1.4550   0.0000   0.0000   0.0000   0.3673
   5.000   1.1479   0.01029   0.00501  -0.1353  0.5894  1.0000  -1.5668   0.0000   0.0000   0.0000   0.3604
   5.500   1.1977   0.01071   0.00531  -0.1342  0.5545  1.0000  -1.6863   0.0000   0.0000   0.0000   0.3539
   6.000   1.2448   0.01132   0.00576  -0.1327  0.5178  1.0000  -1.8186   0.0000   0.0000   0.0000   0.3477
   6.500   1.2895   0.01205   0.00636  -0.1309  0.4758  1.0000  -1.9646   0.0000   0.0000   0.0000   0.3419
   7.000   1.3307   0.01297   0.00712  -0.1286  0.4351  1.0000  -2.1203   0.0000   0.0000   0.0000   0.3364
   7.500   1.3688   0.01399   0.00799  -0.1258  0.3936  1.0000  -2.2944   0.0000   0.0000   0.0000   0.3310
   8.000   1.4029   0.01515   0.00901  -0.1226  0.3550  1.0000  -2.4836   0.0000   0.0000   0.0000   0.3256
   8.500   1.4316   0.01641   0.01017  -0.1185  0.3189  1.0000  -2.6965   0.0000   0.0000   0.0000   0.3203
   9.000   1.4560   0.01798   0.01161  -0.1141  0.2857  1.0000  -2.9489   0.0000   0.0000   0.0000   0.3151
   9.500   1.4805   0.01968   0.01325  -0.1102  0.2548  1.0000  -3.2135   0.0000   0.0000   0.0000   0.3104
  10.000   1.5033   0.02163   0.01515  -0.1065  0.2244  1.0000  -3.4821   0.0000   0.0000   0.0000   0.3059


