xflr5 v6.61

 Calculated polar for: peg24_0_revT

 1 1 Reynolds number fixed          Mach number fixed         

 xtrf =   1.000 (top)        1.000 (bottom)
 Mach =   0.000     Re =     0.420 e 6     Ncrit =   9.000

  alpha     CL        CD       CDp       Cm    Top Xtr Bot Xtr   Cpmin    Chinge    XCp    
 ------- -------- --------- --------- -------- ------- ------- -------- --------- ---------
   0.000   0.2475   0.00707   0.00242  -0.0513  0.7326  0.8349  -0.5710   0.0000   0.0000   0.0000   0.4560
   0.500   0.2992   0.00709   0.00244  -0.0499  0.7125  0.8657  -0.6201   0.0000   0.0000   0.0000   0.4148
   1.000   0.3495   0.00711   0.00244  -0.0481  0.6901  0.8957  -0.6702   0.0000   0.0000   0.0000   0.3852
   1.500   0.3997   0.00714   0.00246  -0.0462  0.6659  0.9267  -0.7282   0.0000   0.0000   0.0000   0.3627
   2.000   0.4597   0.00724   0.00250  -0.0466  0.6403  0.9534  -0.7946   0.0000   0.0000   0.0000   0.3481
   2.500   0.5314   0.00743   0.00255  -0.0498  0.6087  0.9721  -0.8814   0.0000   0.0000   0.0000   0.3401
   3.000   0.6057   0.00764   0.00269  -0.0537  0.5745  0.9864  -0.9856   0.0000   0.0000   0.0000   0.3347
   4.000   0.7220   0.00820   0.00295  -0.0557  0.4986  1.0000  -1.2475   0.0000   0.0000   0.0000   0.3222
   4.500   0.7623   0.00858   0.00321  -0.0528  0.4599  1.0000  -1.4122   0.0000   0.0000   0.0000   0.3139
   5.000   0.8060   0.00908   0.00352  -0.0505  0.4176  1.0000  -1.6931   0.0000   0.0000   0.0000   0.3069
   5.500   0.8492   0.00973   0.00390  -0.0484  0.3559  1.0000  -2.0387   0.0000   0.0000   0.0000   0.3006
   6.000   0.8922   0.01050   0.00441  -0.0463  0.2959  1.0000  -2.4019   0.0000   0.0000   0.0000   0.2950
   6.500   0.9362   0.01126   0.00497  -0.0444  0.2479  1.0000  -2.7866   0.0000   0.0000   0.0000   0.2901
   7.000   0.9790   0.01211   0.00561  -0.0424  0.2010  1.0000  -3.1830   0.0000   0.0000   0.0000   0.2854
   7.500   1.0171   0.01328   0.00647  -0.0398  0.1410  1.0000  -3.5743   0.0000   0.0000   0.0000   0.2807
   8.000   1.0548   0.01442   0.00738  -0.0372  0.0980  1.0000  -3.9742   0.0000   0.0000   0.0000   0.2762
   8.500   1.0918   0.01550   0.00833  -0.0345  0.0697  1.0000  -4.3775   0.0000   0.0000   0.0000   0.2719
   9.000   1.1241   0.01677   0.00942  -0.0310  0.0434  1.0000  -4.7538   0.0000   0.0000   0.0000   0.2673
   9.500   1.1428   0.01846   0.01089  -0.0255  0.0170  1.0000  -5.0262   0.0000   0.0000   0.0000   0.2613
  10.000   1.1605   0.02002   0.01248  -0.0198  0.0106  1.0000  -5.2873   0.0000   0.0000   0.0000   0.2554


