xflr5 v6.61

 Calculated polar for: peg24_65_revT

 1 1 Reynolds number fixed          Mach number fixed         

 xtrf =   1.000 (top)        1.000 (bottom)
 Mach =   0.000     Re =     0.125 e 6     Ncrit =   9.000

  alpha     CL        CD       CDp       Cm    Top Xtr Bot Xtr   Cpmin    Chinge    XCp    
 ------- -------- --------- --------- -------- ------- ------- -------- --------- ---------
   0.000   0.4555   0.02180   0.01559  -0.1197  0.8105  0.8804  -0.7139   0.0000   0.0000   0.0000   0.5123
   0.500   0.4989   0.02222   0.01599  -0.1186  0.7912  1.0000  -0.7499   0.0000   0.0000   0.0000   0.4863
   1.000   0.5800   0.02161   0.01512  -0.1221  0.7842  1.0000  -0.8192   0.0000   0.0000   0.0000   0.4584
   1.500   0.6284   0.02231   0.01571  -0.1218  0.7653  1.0000  -0.8674   0.0000   0.0000   0.0000   0.4410
   2.000   0.7025   0.02151   0.01476  -0.1234  0.7574  1.0000  -0.9427   0.0000   0.0000   0.0000   0.4222
   2.500   0.7519   0.02191   0.01512  -0.1224  0.7382  1.0000  -1.0000   0.0000   0.0000   0.0000   0.4088
   3.000   0.8255   0.02079   0.01390  -0.1235  0.7296  1.0000  -1.0871   0.0000   0.0000   0.0000   0.3950
   3.500   0.8756   0.02088   0.01402  -0.1222  0.7093  1.0000  -1.1575   0.0000   0.0000   0.0000   0.3844
   4.000   0.9346   0.02046   0.01359  -0.1217  0.6926  1.0000  -1.2488   0.0000   0.0000   0.0000   0.3744
   4.500   1.0018   0.01941   0.01251  -0.1219  0.6773  1.0000  -1.3578   0.0000   0.0000   0.0000   0.3653
   5.000   1.0555   0.01914   0.01229  -0.1207  0.6544  1.0000  -1.4689   0.0000   0.0000   0.0000   0.3573
   5.500   1.1116   0.01870   0.01188  -0.1197  0.6295  1.0000  -1.5960   0.0000   0.0000   0.0000   0.3500
   6.000   1.1673   0.01836   0.01152  -0.1186  0.6014  1.0000  -1.7426   0.0000   0.0000   0.0000   0.3433
   6.500   1.2196   0.01833   0.01141  -0.1171  0.5677  1.0000  -1.9047   0.0000   0.0000   0.0000   0.3370
   7.000   1.2652   0.01872   0.01180  -0.1149  0.5283  1.0000  -2.0783   0.0000   0.0000   0.0000   0.3311
   7.500   1.3099   0.01937   0.01229  -0.1126  0.4869  1.0000  -2.2796   0.0000   0.0000   0.0000   0.3256
   8.000   1.3485   0.02035   0.01314  -0.1097  0.4439  1.0000  -2.5165   0.0000   0.0000   0.0000   0.3201
   8.500   1.3818   0.02162   0.01437  -0.1061  0.4017  1.0000  -2.7923   0.0000   0.0000   0.0000   0.3149
   9.000   1.4116   0.02313   0.01565  -0.1022  0.3615  1.0000  -3.0685   0.0000   0.0000   0.0000   0.3097
   9.500   1.4309   0.02478   0.01734  -0.0970  0.3235  1.0000  -3.3209   0.0000   0.0000   0.0000   0.3043
  10.000   1.4460   0.02681   0.01927  -0.0916  0.2883  1.0000  -3.5645   0.0000   0.0000   0.0000   0.2990


