xflr5 v6.61

 Calculated polar for: peg24_70_revT

 1 1 Reynolds number fixed          Mach number fixed         

 xtrf =   1.000 (top)        1.000 (bottom)
 Mach =   0.000     Re =     0.440 e 6     Ncrit =   9.000

  alpha     CL        CD       CDp       Cm    Top Xtr Bot Xtr   Cpmin    Chinge    XCp    
 ------- -------- --------- --------- -------- ------- ------- -------- --------- ---------
   0.000   0.5867   0.00852   0.00337  -0.1355  0.7326  0.6466  -0.8184   0.0000   0.0000   0.0000   0.4796
   0.500   0.6419   0.00846   0.00350  -0.1351  0.7230  0.7210  -0.8667   0.0000   0.0000   0.0000   0.4584
   1.000   0.6965   0.00833   0.00349  -0.1344  0.7115  0.7798  -0.9211   0.0000   0.0000   0.0000   0.4403
   1.500   0.7501   0.00831   0.00352  -0.1335  0.7000  0.8326  -0.9791   0.0000   0.0000   0.0000   0.4247
   2.000   0.7994   0.00813   0.00350  -0.1316  0.6863  0.8898  -1.0377   0.0000   0.0000   0.0000   0.4107
   2.500   0.8549   0.00801   0.00339  -0.1310  0.6721  1.0000  -1.1034   0.0000   0.0000   0.0000   0.3989
   3.000   0.9125   0.00810   0.00342  -0.1315  0.6550  1.0000  -1.1792   0.0000   0.0000   0.0000   0.3890
   3.500   0.9690   0.00826   0.00354  -0.1316  0.6360  1.0000  -1.2584   0.0000   0.0000   0.0000   0.3802
   4.000   1.0239   0.00847   0.00367  -0.1314  0.6123  1.0000  -1.3510   0.0000   0.0000   0.0000   0.3722
   4.500   1.0776   0.00876   0.00387  -0.1311  0.5851  1.0000  -1.4499   0.0000   0.0000   0.0000   0.3648
   5.000   1.1287   0.00919   0.00415  -0.1302  0.5499  1.0000  -1.5618   0.0000   0.0000   0.0000   0.3579
   5.500   1.1784   0.00973   0.00456  -0.1292  0.5139  1.0000  -1.6845   0.0000   0.0000   0.0000   0.3516
   6.000   1.2253   0.01043   0.00508  -0.1278  0.4712  1.0000  -1.8242   0.0000   0.0000   0.0000   0.3456
   6.500   1.2708   0.01120   0.00571  -0.1262  0.4310  1.0000  -1.9770   0.0000   0.0000   0.0000   0.3399
   7.000   1.3129   0.01213   0.00646  -0.1242  0.3890  1.0000  -2.1432   0.0000   0.0000   0.0000   0.3345
   7.500   1.3542   0.01307   0.00727  -0.1220  0.3495  1.0000  -2.3385   0.0000   0.0000   0.0000   0.3293
   8.000   1.3907   0.01420   0.00822  -0.1192  0.3117  1.0000  -2.5625   0.0000   0.0000   0.0000   0.3242
   8.500   1.4239   0.01531   0.00925  -0.1158  0.2780  1.0000  -2.8477   0.0000   0.0000   0.0000   0.3190
   9.000   1.4533   0.01665   0.01048  -0.1121  0.2450  1.0000  -3.1328   0.0000   0.0000   0.0000   0.3141
   9.500   1.4784   0.01831   0.01200  -0.1081  0.2136  1.0000  -3.4115   0.0000   0.0000   0.0000   0.3093
  10.000   1.5034   0.02010   0.01373  -0.1045  0.1850  1.0000  -3.6971   0.0000   0.0000   0.0000   0.3049


