xflr5 v6.61

 Calculated polar for: peg24_10_revT

 1 1 Reynolds number fixed          Mach number fixed         

 xtrf =   1.000 (top)        1.000 (bottom)
 Mach =   0.000     Re =     0.375 e 6     Ncrit =   9.000

  alpha     CL        CD       CDp       Cm    Top Xtr Bot Xtr   Cpmin    Chinge    XCp    
 ------- -------- --------- --------- -------- ------- ------- -------- --------- ---------
   0.000   0.2962   0.00760   0.00286  -0.0636  0.7434  0.8357  -0.6037   0.0000   0.0000   0.0000   0.4636
   0.500   0.3477   0.00762   0.00283  -0.0620  0.7257  0.8698  -0.6522   0.0000   0.0000   0.0000   0.4265
   1.000   0.3976   0.00759   0.00280  -0.0601  0.7059  0.9031  -0.7042   0.0000   0.0000   0.0000   0.3987
   1.500   0.4476   0.00754   0.00278  -0.0581  0.6845  0.9387  -0.7596   0.0000   0.0000   0.0000   0.3769
   2.000   0.5114   0.00756   0.00275  -0.0593  0.6608  0.9719  -0.8301   0.0000   0.0000   0.0000   0.3627
   2.500   0.5911   0.00764   0.00272  -0.0644  0.6326  0.9960  -0.9192   0.0000   0.0000   0.0000   0.3553
   3.000   0.6438   0.00783   0.00278  -0.0642  0.6023  1.0000  -0.9993   0.0000   0.0000   0.0000   0.3455
   3.500   0.6950   0.00811   0.00293  -0.0634  0.5700  1.0000  -1.0979   0.0000   0.0000   0.0000   0.3367
   4.000   0.7471   0.00844   0.00315  -0.0628  0.5338  1.0000  -1.2093   0.0000   0.0000   0.0000   0.3291
   4.500   0.7984   0.00890   0.00344  -0.0621  0.4954  1.0000  -1.3648   0.0000   0.0000   0.0000   0.3223
   5.000   0.8499   0.00936   0.00380  -0.0614  0.4538  1.0000  -1.6323   0.0000   0.0000   0.0000   0.3163
   5.500   0.9004   0.00994   0.00424  -0.0606  0.4139  1.0000  -1.9714   0.0000   0.0000   0.0000   0.3108
   6.000   0.9496   0.01061   0.00476  -0.0597  0.3666  1.0000  -2.3246   0.0000   0.0000   0.0000   0.3059
   6.500   0.9986   0.01133   0.00535  -0.0588  0.3201  1.0000  -2.6936   0.0000   0.0000   0.0000   0.3013
   7.000   1.0452   0.01226   0.00607  -0.0577  0.2663  1.0000  -3.0692   0.0000   0.0000   0.0000   0.2970
   7.500   1.0902   0.01334   0.00691  -0.0564  0.2096  1.0000  -3.4523   0.0000   0.0000   0.0000   0.2930
   8.000   1.1319   0.01470   0.00795  -0.0548  0.1506  1.0000  -3.8335   0.0000   0.0000   0.0000   0.2890
   8.500   1.1722   0.01615   0.00917  -0.0531  0.1032  1.0000  -4.2298   0.0000   0.0000   0.0000   0.2852
   9.000   1.2105   0.01766   0.01054  -0.0510  0.0717  1.0000  -4.6315   0.0000   0.0000   0.0000   0.2814
   9.500   1.2459   0.01929   0.01207  -0.0487  0.0501  1.0000  -5.0204   0.0000   0.0000   0.0000   0.2776
  10.000   1.2734   0.02124   0.01398  -0.0452  0.0329  1.0000  -5.3499   0.0000   0.0000   0.0000   0.2734


