xflr5 v6.61

 Calculated polar for: peg24_30_revT

 1 1 Reynolds number fixed          Mach number fixed         

 xtrf =   1.000 (top)        1.000 (bottom)
 Mach =   0.000     Re =     0.155 e 6     Ncrit =   9.000

  alpha     CL        CD       CDp       Cm    Top Xtr Bot Xtr   Cpmin    Chinge    XCp    
 ------- -------- --------- --------- -------- ------- ------- -------- --------- ---------
   0.000   0.3519   0.01407   0.00829  -0.0819  0.8121  0.9494  -0.6400   0.0000   0.0000   0.0000   0.4821
   0.500   0.4523   0.01381   0.00793  -0.0907  0.7963  0.9981  -0.7163   0.0000   0.0000   0.0000   0.4490
   1.000   0.5032   0.01364   0.00757  -0.0897  0.7824  1.0000  -0.7686   0.0000   0.0000   0.0000   0.4262
   1.500   0.5499   0.01370   0.00756  -0.0884  0.7620  1.0000  -0.8195   0.0000   0.0000   0.0000   0.4081
   2.000   0.6041   0.01373   0.00749  -0.0879  0.7433  1.0000  -0.8814   0.0000   0.0000   0.0000   0.3923
   2.500   0.6620   0.01357   0.00719  -0.0876  0.7256  1.0000  -0.9538   0.0000   0.0000   0.0000   0.3786
   3.000   0.7173   0.01348   0.00703  -0.0870  0.7040  1.0000  -1.0306   0.0000   0.0000   0.0000   0.3671
   3.500   0.7713   0.01348   0.00700  -0.0862  0.6799  1.0000  -1.1158   0.0000   0.0000   0.0000   0.3570
   4.000   0.8255   0.01349   0.00698  -0.0853  0.6539  1.0000  -1.2192   0.0000   0.0000   0.0000   0.3482
   4.500   0.8796   0.01354   0.00694  -0.0844  0.6250  1.0000  -1.3373   0.0000   0.0000   0.0000   0.3403
   5.000   0.9312   0.01376   0.00715  -0.0833  0.5914  1.0000  -1.4784   0.0000   0.0000   0.0000   0.3332
   5.500   0.9816   0.01408   0.00741  -0.0820  0.5533  1.0000  -1.6534   0.0000   0.0000   0.0000   0.3267
   6.000   1.0307   0.01460   0.00783  -0.0805  0.5128  1.0000  -1.9064   0.0000   0.0000   0.0000   0.3207
   6.500   1.0774   0.01528   0.00836  -0.0788  0.4690  1.0000  -2.2301   0.0000   0.0000   0.0000   0.3151
   7.000   1.1219   0.01610   0.00915  -0.0769  0.4244  1.0000  -2.5598   0.0000   0.0000   0.0000   0.3099
   7.500   1.1637   0.01708   0.01004  -0.0747  0.3784  1.0000  -2.8941   0.0000   0.0000   0.0000   0.3049
   8.000   1.2021   0.01824   0.01108  -0.0722  0.3319  1.0000  -3.2281   0.0000   0.0000   0.0000   0.3000
   8.500   1.2362   0.01963   0.01235  -0.0692  0.2849  1.0000  -3.5556   0.0000   0.0000   0.0000   0.2953
   9.000   1.2648   0.02128   0.01385  -0.0656  0.2375  1.0000  -3.8688   0.0000   0.0000   0.0000   0.2905
   9.500   1.2854   0.02326   0.01569  -0.0611  0.1920  1.0000  -4.1528   0.0000   0.0000   0.0000   0.2854
  10.000   1.3010   0.02568   0.01802  -0.0565  0.1513  1.0000  -4.4137   0.0000   0.0000   0.0000   0.2806


