xflr5 v6.61

 Calculated polar for: peg24_55_revT

 1 1 Reynolds number fixed          Mach number fixed         

 xtrf =   1.000 (top)        1.000 (bottom)
 Mach =   0.000     Re =     0.205 e 6     Ncrit =   9.000

  alpha     CL        CD       CDp       Cm    Top Xtr Bot Xtr   Cpmin    Chinge    XCp    
 ------- -------- --------- --------- -------- ------- ------- -------- --------- ---------
   0.000   0.4879   0.01302   0.00746  -0.1153  0.7836  0.8261  -0.7403   0.0000   0.0000   0.0000   0.4855
   0.500   0.5268   0.01292   0.00751  -0.1110  0.7691  0.8908  -0.7793   0.0000   0.0000   0.0000   0.4590
   1.000   0.5910   0.01241   0.00696  -0.1113  0.7586  0.9831  -0.8395   0.0000   0.0000   0.0000   0.4361
   1.500   0.6512   0.01250   0.00694  -0.1127  0.7438  1.0000  -0.8999   0.0000   0.0000   0.0000   0.4201
   2.000   0.7133   0.01231   0.00659  -0.1136  0.7310  1.0000  -0.9654   0.0000   0.0000   0.0000   0.4057
   2.500   0.7690   0.01237   0.00661  -0.1135  0.7138  1.0000  -1.0324   0.0000   0.0000   0.0000   0.3936
   3.000   0.8280   0.01228   0.00640  -0.1137  0.6983  1.0000  -1.1094   0.0000   0.0000   0.0000   0.3827
   3.500   0.8842   0.01221   0.00629  -0.1134  0.6789  1.0000  -1.1925   0.0000   0.0000   0.0000   0.3731
   4.000   0.9386   0.01226   0.00633  -0.1129  0.6571  1.0000  -1.2829   0.0000   0.0000   0.0000   0.3645
   4.500   0.9928   0.01231   0.00634  -0.1123  0.6321  1.0000  -1.3896   0.0000   0.0000   0.0000   0.3567
   5.000   1.0460   0.01245   0.00642  -0.1115  0.6035  1.0000  -1.5092   0.0000   0.0000   0.0000   0.3496
   5.500   1.0975   0.01274   0.00659  -0.1104  0.5701  1.0000  -1.6435   0.0000   0.0000   0.0000   0.3430
   6.000   1.1457   0.01322   0.00702  -0.1090  0.5317  1.0000  -1.7959   0.0000   0.0000   0.0000   0.3369
   6.500   1.1918   0.01391   0.00753  -0.1072  0.4902  1.0000  -1.9720   0.0000   0.0000   0.0000   0.3311
   7.000   1.2350   0.01474   0.00827  -0.1051  0.4472  1.0000  -2.1699   0.0000   0.0000   0.0000   0.3256
   7.500   1.2756   0.01573   0.00914  -0.1027  0.4051  1.0000  -2.4627   0.0000   0.0000   0.0000   0.3203
   8.000   1.3116   0.01693   0.01016  -0.0998  0.3630  1.0000  -2.7620   0.0000   0.0000   0.0000   0.3152
   8.500   1.3457   0.01815   0.01136  -0.0967  0.3226  1.0000  -3.0645   0.0000   0.0000   0.0000   0.3102
   9.000   1.3706   0.01970   0.01274  -0.0923  0.2850  1.0000  -3.3449   0.0000   0.0000   0.0000   0.3049
   9.500   1.3949   0.02130   0.01432  -0.0881  0.2484  1.0000  -3.6293   0.0000   0.0000   0.0000   0.3000
  10.000   1.4118   0.02347   0.01639  -0.0836  0.2141  1.0000  -3.8916   0.0000   0.0000   0.0000   0.2952


