xflr5 v6.61

 Calculated polar for: peg24_20_revT

 1 1 Reynolds number fixed          Mach number fixed         

 xtrf =   1.000 (top)        1.000 (bottom)
 Mach =   0.000     Re =     0.235 e 6     Ncrit =   9.000

  alpha     CL        CD       CDp       Cm    Top Xtr Bot Xtr   Cpmin    Chinge    XCp    
 ------- -------- --------- --------- -------- ------- ------- -------- --------- ---------
   0.000   0.3261   0.01012   0.00490  -0.0721  0.7806  0.8848  -0.6244   0.0000   0.0000   0.0000   0.4701
   0.500   0.3731   0.00998   0.00477  -0.0692  0.7636  0.9293  -0.6708   0.0000   0.0000   0.0000   0.4338
   1.000   0.4415   0.00985   0.00457  -0.0710  0.7471  0.9698  -0.7332   0.0000   0.0000   0.0000   0.4085
   1.500   0.5317   0.00968   0.00424  -0.0778  0.7288  0.9988  -0.8142   0.0000   0.0000   0.0000   0.3935
   2.000   0.5779   0.00969   0.00419  -0.0764  0.7070  1.0000  -0.8726   0.0000   0.0000   0.0000   0.3790
   2.500   0.6291   0.00978   0.00419  -0.0756  0.6843  1.0000  -0.9397   0.0000   0.0000   0.0000   0.3665
   3.000   0.6825   0.00989   0.00422  -0.0751  0.6593  1.0000  -1.0187   0.0000   0.0000   0.0000   0.3559
   3.500   0.7360   0.01005   0.00428  -0.0745  0.6313  1.0000  -1.1085   0.0000   0.0000   0.0000   0.3466
   4.000   0.7890   0.01029   0.00440  -0.0738  0.6003  1.0000  -1.2194   0.0000   0.0000   0.0000   0.3384
   4.500   0.8410   0.01062   0.00466  -0.0730  0.5653  1.0000  -1.3455   0.0000   0.0000   0.0000   0.3312
   5.000   0.8918   0.01105   0.00498  -0.0720  0.5268  1.0000  -1.5134   0.0000   0.0000   0.0000   0.3246
   5.500   0.9414   0.01159   0.00541  -0.0709  0.4850  1.0000  -1.7813   0.0000   0.0000   0.0000   0.3186
   6.000   0.9896   0.01228   0.00594  -0.0697  0.4427  1.0000  -2.1118   0.0000   0.0000   0.0000   0.3131
   6.500   1.0370   0.01298   0.00658  -0.0684  0.3982  1.0000  -2.4557   0.0000   0.0000   0.0000   0.3081
   7.000   1.0825   0.01384   0.00733  -0.0669  0.3516  1.0000  -2.8078   0.0000   0.0000   0.0000   0.3033
   7.500   1.1260   0.01483   0.00819  -0.0652  0.3046  1.0000  -3.1664   0.0000   0.0000   0.0000   0.2988
   8.000   1.1670   0.01599   0.00921  -0.0633  0.2562  1.0000  -3.5275   0.0000   0.0000   0.0000   0.2945
   8.500   1.2044   0.01738   0.01044  -0.0610  0.2039  1.0000  -3.8842   0.0000   0.0000   0.0000   0.2902
   9.000   1.2353   0.01920   0.01196  -0.0580  0.1495  1.0000  -4.2212   0.0000   0.0000   0.0000   0.2859
   9.500   1.2612   0.02120   0.01373  -0.0544  0.1063  1.0000  -4.5390   0.0000   0.0000   0.0000   0.2814
  10.000   1.2826   0.02341   0.01586  -0.0505  0.0793  1.0000  -4.8464   0.0000   0.0000   0.0000   0.2769


