xflr5 v6.61

 Calculated polar for: peg24_75_revT

 1 1 Reynolds number fixed          Mach number fixed         

 xtrf =   1.000 (top)        1.000 (bottom)
 Mach =   0.000     Re =     0.230 e 6     Ncrit =   9.000

  alpha     CL        CD       CDp       Cm    Top Xtr Bot Xtr   Cpmin    Chinge    XCp    
 ------- -------- --------- --------- -------- ------- ------- -------- --------- ---------
   0.000   0.5854   0.01344   0.00785  -0.1399  0.7688  0.7294  -0.8144   0.0000   0.0000   0.0000   0.4879
   0.500   0.6381   0.01313   0.00764  -0.1381  0.7599  0.8015  -0.8619   0.0000   0.0000   0.0000   0.4647
   1.000   0.6822   0.01302   0.00765  -0.1348  0.7492  0.8735  -0.9080   0.0000   0.0000   0.0000   0.4452
   1.500   0.7362   0.01260   0.00729  -0.1336  0.7373  1.0000  -0.9645   0.0000   0.0000   0.0000   0.4284
   2.000   0.8007   0.01249   0.00699  -0.1351  0.7271  1.0000  -1.0334   0.0000   0.0000   0.0000   0.4150
   2.500   0.8572   0.01250   0.00698  -0.1353  0.7123  1.0000  -1.0979   0.0000   0.0000   0.0000   0.4035
   3.000   0.9178   0.01237   0.00671  -0.1358  0.6995  1.0000  -1.1747   0.0000   0.0000   0.0000   0.3930
   3.500   0.9734   0.01232   0.00666  -0.1356  0.6826  1.0000  -1.2519   0.0000   0.0000   0.0000   0.3837
   4.000   1.0291   0.01235   0.00666  -0.1353  0.6652  1.0000  -1.3421   0.0000   0.0000   0.0000   0.3753
   4.500   1.0853   0.01231   0.00655  -0.1350  0.6456  1.0000  -1.4402   0.0000   0.0000   0.0000   0.3676
   5.000   1.1389   0.01237   0.00656  -0.1343  0.6213  1.0000  -1.5521   0.0000   0.0000   0.0000   0.3605
   5.500   1.1896   0.01260   0.00677  -0.1332  0.5924  1.0000  -1.6713   0.0000   0.0000   0.0000   0.3539
   6.000   1.2379   0.01297   0.00708  -0.1318  0.5571  1.0000  -1.8025   0.0000   0.0000   0.0000   0.3476
   6.500   1.2839   0.01358   0.00750  -0.1299  0.5196  1.0000  -1.9505   0.0000   0.0000   0.0000   0.3417
   7.000   1.3257   0.01437   0.00822  -0.1276  0.4776  1.0000  -2.1058   0.0000   0.0000   0.0000   0.3360
   7.500   1.3636   0.01540   0.00906  -0.1247  0.4366  1.0000  -2.2769   0.0000   0.0000   0.0000   0.3305
   8.000   1.3974   0.01655   0.01009  -0.1213  0.3955  1.0000  -2.4634   0.0000   0.0000   0.0000   0.3251
   8.500   1.4242   0.01791   0.01132  -0.1169  0.3579  1.0000  -2.6581   0.0000   0.0000   0.0000   0.3196
   9.000   1.4482   0.01940   0.01275  -0.1123  0.3224  1.0000  -2.9073   0.0000   0.0000   0.0000   0.3143
   9.500   1.4682   0.02125   0.01450  -0.1077  0.2894  1.0000  -3.1497   0.0000   0.0000   0.0000   0.3093
  10.000   1.4849   0.02348   0.01665  -0.1032  0.2582  1.0000  -3.3931   0.0000   0.0000   0.0000   0.3046


