xflr5 v6.61

 Calculated polar for: peg24_50_revT

 1 1 Reynolds number fixed          Mach number fixed         

 xtrf =   1.000 (top)        1.000 (bottom)
 Mach =   0.000     Re =     0.195 e 6     Ncrit =   9.000

  alpha     CL        CD       CDp       Cm    Top Xtr Bot Xtr   Cpmin    Chinge    XCp    
 ------- -------- --------- --------- -------- ------- ------- -------- --------- ---------
   0.000   0.4581   0.01318   0.00765  -0.1084  0.7872  0.8508  -0.7181   0.0000   0.0000   0.0000   0.4858
   0.500   0.4981   0.01302   0.00757  -0.1039  0.7739  0.9173  -0.7583   0.0000   0.0000   0.0000   0.4569
   1.000   0.5714   0.01262   0.00709  -0.1067  0.7614  1.0000  -0.8234   0.0000   0.0000   0.0000   0.4345
   1.500   0.6305   0.01267   0.00700  -0.1076  0.7474  1.0000  -0.8838   0.0000   0.0000   0.0000   0.4179
   2.000   0.6905   0.01252   0.00672  -0.1082  0.7327  1.0000  -0.9480   0.0000   0.0000   0.0000   0.4033
   2.500   0.7466   0.01256   0.00671  -0.1081  0.7154  1.0000  -1.0161   0.0000   0.0000   0.0000   0.3909
   3.000   0.8057   0.01244   0.00646  -0.1083  0.6994  1.0000  -1.0927   0.0000   0.0000   0.0000   0.3798
   3.500   0.8612   0.01239   0.00637  -0.1079  0.6790  1.0000  -1.1773   0.0000   0.0000   0.0000   0.3702
   4.000   0.9156   0.01243   0.00640  -0.1073  0.6562  1.0000  -1.2673   0.0000   0.0000   0.0000   0.3616
   4.500   0.9698   0.01248   0.00641  -0.1066  0.6303  1.0000  -1.3770   0.0000   0.0000   0.0000   0.3537
   5.000   1.0230   0.01263   0.00648  -0.1058  0.6010  1.0000  -1.4991   0.0000   0.0000   0.0000   0.3466
   5.500   1.0738   0.01294   0.00672  -0.1046  0.5661  1.0000  -1.6382   0.0000   0.0000   0.0000   0.3400
   6.000   1.1225   0.01342   0.00712  -0.1032  0.5273  1.0000  -1.7992   0.0000   0.0000   0.0000   0.3339
   6.500   1.1687   0.01410   0.00766  -0.1015  0.4851  1.0000  -1.9866   0.0000   0.0000   0.0000   0.3282
   7.000   1.2121   0.01498   0.00838  -0.0994  0.4424  1.0000  -2.2399   0.0000   0.0000   0.0000   0.3227
   7.500   1.2533   0.01593   0.00926  -0.0972  0.3994  1.0000  -2.5492   0.0000   0.0000   0.0000   0.3175
   8.000   1.2905   0.01710   0.01028  -0.0944  0.3571  1.0000  -2.8579   0.0000   0.0000   0.0000   0.3124
   8.500   1.3239   0.01839   0.01149  -0.0912  0.3155  1.0000  -3.1640   0.0000   0.0000   0.0000   0.3074
   9.000   1.3526   0.01981   0.01284  -0.0874  0.2763  1.0000  -3.4620   0.0000   0.0000   0.0000   0.3024
   9.500   1.3734   0.02159   0.01448  -0.0828  0.2388  1.0000  -3.7385   0.0000   0.0000   0.0000   0.2973
  10.000   1.3934   0.02360   0.01648  -0.0786  0.2029  1.0000  -4.0154   0.0000   0.0000   0.0000   0.2927


