xflr5 v6.61

 Calculated polar for: peg24_80_revT

 1 1 Reynolds number fixed          Mach number fixed         

 xtrf =   1.000 (top)        1.000 (bottom)
 Mach =   0.000     Re =     0.040 e 6     Ncrit =   9.000

  alpha     CL        CD       CDp       Cm    Top Xtr Bot Xtr   Cpmin    Chinge    XCp    
 ------- -------- --------- --------- -------- ------- ------- -------- --------- ---------
   0.000   0.0491   0.04201   0.03321  -0.0751  1.0000  0.7509  -1.0159   0.0000   0.0000   0.0000   1.7933
   0.500   0.0638   0.04065   0.03207  -0.0710  1.0000  1.0000  -0.9327   0.0000   0.0000   0.0000   1.3702
   1.000   0.1317   0.04349   0.03392  -0.0799  1.0000  1.0000  -0.7566   0.0000   0.0000   0.0000   0.8570
   1.500   0.1768   0.04623   0.03613  -0.0827  1.0000  1.0000  -0.6195   0.0000   0.0000   0.0000   0.7160
   2.000   0.2170   0.04916   0.03869  -0.0847  1.0000  1.0000  -0.5398   0.0000   0.0000   0.0000   0.6370
   2.500   0.2543   0.05232   0.04158  -0.0863  1.0000  1.0000  -0.5644   0.0000   0.0000   0.0000   0.5852
   3.000   0.2892   0.05573   0.04479  -0.0878  1.0000  1.0000  -0.5882   0.0000   0.0000   0.0000   0.5484
   3.500   0.3221   0.05941   0.04833  -0.0892  1.0000  1.0000  -0.6110   0.0000   0.0000   0.0000   0.5210
   4.000   0.3531   0.06336   0.05219  -0.0906  1.0000  1.0000  -0.6324   0.0000   0.0000   0.0000   0.5000
   4.500   0.4389   0.07117   0.05988  -0.1024  0.9706  1.0000  -0.6947   0.0000   0.0000   0.0000   0.4763
   5.500   0.6270   0.07948   0.06815  -0.1163  0.7863  1.0000  -0.8763   0.0000   0.0000   0.0000   0.4279
   6.000   0.6628   0.08251   0.07123  -0.1154  0.7419  1.0000  -0.9243   0.0000   0.0000   0.0000   0.4160
   6.500   0.7420   0.08577   0.07456  -0.1184  0.7005  1.0000  -1.0254   0.0000   0.0000   0.0000   0.4009
   7.000   0.7572   0.08964   0.07854  -0.1164  0.6694  1.0000  -1.0573   0.0000   0.0000   0.0000   0.3945
   7.500   0.7827   0.09398   0.08302  -0.1157  0.6405  1.0000  -1.1037   0.0000   0.0000   0.0000   0.3879
   8.000   0.8096   0.09841   0.08761  -0.1151  0.6112  1.0000  -1.1542   0.0000   0.0000   0.0000   0.3816
   8.500   0.8375   0.10296   0.09233  -0.1145  0.5822  1.0000  -1.2121   0.0000   0.0000   0.0000   0.3756
   9.000   0.8580   0.10834   0.09789  -0.1140  0.5568  1.0000  -1.2594   0.0000   0.0000   0.0000   0.3711
   9.500   0.8832   0.11329   0.10303  -0.1133  0.5283  1.0000  -1.3206   0.0000   0.0000   0.0000   0.3659
  10.000   0.8937   0.11991   0.10983  -0.1131  0.5068  1.0000  -1.3563   0.0000   0.0000   0.0000   0.3635


