xflr5 v6.61

 Calculated polar for: peg24_85_revT

 1 1 Reynolds number fixed          Mach number fixed         

 xtrf =   1.000 (top)        1.000 (bottom)
 Mach =   0.000     Re =     0.455 e 6     Ncrit =   9.000

  alpha     CL        CD       CDp       Cm    Top Xtr Bot Xtr   Cpmin    Chinge    XCp    
 ------- -------- --------- --------- -------- ------- ------- -------- --------- ---------
   0.000   0.6575   0.00900   0.00363  -0.1525  0.7292  0.5698  -0.8739   0.0000   0.0000   0.0000   0.4806
   0.500   0.7135   0.00884   0.00371  -0.1524  0.7210  0.6495  -0.9235   0.0000   0.0000   0.0000   0.4616
   1.000   0.7693   0.00867   0.00371  -0.1521  0.7110  0.7224  -0.9759   0.0000   0.0000   0.0000   0.4449
   1.500   0.8245   0.00866   0.00377  -0.1516  0.7005  0.7864  -1.0344   0.0000   0.0000   0.0000   0.4304
   2.000   0.8765   0.00851   0.00381  -0.1504  0.6889  0.8452  -1.0961   0.0000   0.0000   0.0000   0.4176
   2.500   0.9234   0.00832   0.00370  -0.1479  0.6759  0.9332  -1.1553   0.0000   0.0000   0.0000   0.4055
   3.000   0.9825   0.00831   0.00372  -0.1486  0.6615  1.0000  -1.2294   0.0000   0.0000   0.0000   0.3959
   3.500   1.0395   0.00847   0.00379  -0.1488  0.6461  1.0000  -1.3092   0.0000   0.0000   0.0000   0.3873
   4.000   1.0946   0.00864   0.00388  -0.1487  0.6253  1.0000  -1.3968   0.0000   0.0000   0.0000   0.3793
   4.500   1.1485   0.00888   0.00408  -0.1483  0.6015  1.0000  -1.4923   0.0000   0.0000   0.0000   0.3720
   5.000   1.2001   0.00926   0.00434  -0.1476  0.5723  1.0000  -1.5995   0.0000   0.0000   0.0000   0.3651
   6.000   1.2963   0.01040   0.00521  -0.1450  0.4986  1.0000  -1.8387   0.0000   0.0000   0.0000   0.3527
   6.500   1.3399   0.01120   0.00586  -0.1431  0.4571  1.0000  -1.9790   0.0000   0.0000   0.0000   0.3469
   7.000   1.3802   0.01214   0.00661  -0.1407  0.4164  1.0000  -2.1238   0.0000   0.0000   0.0000   0.3413
   7.500   1.4180   0.01315   0.00748  -0.1379  0.3771  1.0000  -2.2785   0.0000   0.0000   0.0000   0.3359
   8.000   1.4490   0.01432   0.00850  -0.1340  0.3394  1.0000  -2.4413   0.0000   0.0000   0.0000   0.3304
   8.500   1.4770   0.01564   0.00969  -0.1299  0.3059  1.0000  -2.6188   0.0000   0.0000   0.0000   0.3250
   9.000   1.5050   0.01706   0.01104  -0.1261  0.2756  1.0000  -2.8207   0.0000   0.0000   0.0000   0.3201
   9.500   1.5304   0.01875   0.01264  -0.1223  0.2465  1.0000  -3.0426   0.0000   0.0000   0.0000   0.3154
  10.000   1.5531   0.02074   0.01455  -0.1186  0.2183  1.0000  -3.2955   0.0000   0.0000   0.0000   0.3110


