xflr5 v6.61

 Calculated polar for: peg24_15_revT

 1 1 Reynolds number fixed          Mach number fixed         

 xtrf =   1.000 (top)        1.000 (bottom)
 Mach =   0.000     Re =     0.365 e 6     Ncrit =   9.000

  alpha     CL        CD       CDp       Cm    Top Xtr Bot Xtr   Cpmin    Chinge    XCp    
 ------- -------- --------- --------- -------- ------- ------- -------- --------- ---------
   0.000   0.3196   0.00780   0.00302  -0.0696  0.7460  0.8318  -0.6200   0.0000   0.0000   0.0000   0.4665
   0.500   0.3709   0.00780   0.00297  -0.0679  0.7290  0.8676  -0.6688   0.0000   0.0000   0.0000   0.4312
   1.000   0.4206   0.00774   0.00296  -0.0659  0.7105  0.9030  -0.7205   0.0000   0.0000   0.0000   0.4044
   1.500   0.4708   0.00769   0.00291  -0.0639  0.6904  0.9407  -0.7757   0.0000   0.0000   0.0000   0.3830
   2.000   0.5384   0.00769   0.00284  -0.0660  0.6682  0.9756  -0.8486   0.0000   0.0000   0.0000   0.3694
   2.500   0.6130   0.00775   0.00281  -0.0701  0.6417  1.0000  -0.9334   0.0000   0.0000   0.0000   0.3607
   3.000   0.6635   0.00793   0.00289  -0.0694  0.6129  1.0000  -1.0112   0.0000   0.0000   0.0000   0.3504
   3.500   0.7162   0.00820   0.00302  -0.0689  0.5808  1.0000  -1.1053   0.0000   0.0000   0.0000   0.3415
   4.000   0.7684   0.00857   0.00323  -0.0683  0.5457  1.0000  -1.2165   0.0000   0.0000   0.0000   0.3337
   4.500   0.8208   0.00895   0.00353  -0.0677  0.5085  1.0000  -1.3562   0.0000   0.0000   0.0000   0.3269
   5.000   0.8715   0.00948   0.00389  -0.0669  0.4664  1.0000  -1.5609   0.0000   0.0000   0.0000   0.3206
   5.500   0.9226   0.01001   0.00433  -0.0662  0.4263  1.0000  -1.8944   0.0000   0.0000   0.0000   0.3151
   6.000   0.9720   0.01066   0.00484  -0.0653  0.3819  1.0000  -2.2408   0.0000   0.0000   0.0000   0.3100
   6.500   1.0202   0.01143   0.00545  -0.0642  0.3356  1.0000  -2.5995   0.0000   0.0000   0.0000   0.3052
   7.000   1.0670   0.01231   0.00616  -0.0631  0.2873  1.0000  -2.9689   0.0000   0.0000   0.0000   0.3008
   7.500   1.1121   0.01334   0.00697  -0.0618  0.2330  1.0000  -3.3461   0.0000   0.0000   0.0000   0.2966
   8.000   1.1545   0.01459   0.00796  -0.0602  0.1777  1.0000  -3.7245   0.0000   0.0000   0.0000   0.2926
   8.500   1.1934   0.01609   0.00918  -0.0583  0.1245  1.0000  -4.0985   0.0000   0.0000   0.0000   0.2886
   9.000   1.2306   0.01763   0.01054  -0.0561  0.0871  1.0000  -4.4900   0.0000   0.0000   0.0000   0.2847
   9.500   1.2646   0.01930   0.01208  -0.0535  0.0622  1.0000  -4.8725   0.0000   0.0000   0.0000   0.2807
  10.000   1.2943   0.02097   0.01374  -0.0503  0.0453  1.0000  -5.2344   0.0000   0.0000   0.0000   0.2766


