xflr5 v6.61

 Calculated polar for: peg24_35_revT

 1 1 Reynolds number fixed          Mach number fixed         

 xtrf =   1.000 (top)        1.000 (bottom)
 Mach =   0.000     Re =     0.275 e 6     Ncrit =   9.000

  alpha     CL        CD       CDp       Cm    Top Xtr Bot Xtr   Cpmin    Chinge    XCp    
 ------- -------- --------- --------- -------- ------- ------- -------- --------- ---------
   0.000   0.4066   0.00969   0.00458  -0.0924  0.7653  0.8336  -0.6815   0.0000   0.0000   0.0000   0.4761
   0.500   0.4554   0.00963   0.00451  -0.0899  0.7527  0.8804  -0.7292   0.0000   0.0000   0.0000   0.4457
   1.000   0.5020   0.00942   0.00436  -0.0870  0.7371  0.9308  -0.7782   0.0000   0.0000   0.0000   0.4210
   1.500   0.5749   0.00926   0.00415  -0.0901  0.7217  0.9862  -0.8475   0.0000   0.0000   0.0000   0.4038
   2.000   0.6362   0.00924   0.00398  -0.0914  0.7037  1.0000  -0.9141   0.0000   0.0000   0.0000   0.3902
   2.500   0.6918   0.00932   0.00401  -0.0915  0.6836  1.0000  -0.9840   0.0000   0.0000   0.0000   0.3783
   3.000   0.7475   0.00943   0.00404  -0.0914  0.6616  1.0000  -1.0602   0.0000   0.0000   0.0000   0.3679
   3.500   0.8025   0.00957   0.00411  -0.0911  0.6367  1.0000  -1.1471   0.0000   0.0000   0.0000   0.3587
   4.000   0.8564   0.00977   0.00422  -0.0907  0.6077  1.0000  -1.2477   0.0000   0.0000   0.0000   0.3504
   4.500   0.9091   0.01008   0.00441  -0.0900  0.5753  1.0000  -1.3645   0.0000   0.0000   0.0000   0.3430
   5.000   0.9604   0.01050   0.00473  -0.0891  0.5385  1.0000  -1.4987   0.0000   0.0000   0.0000   0.3363
   5.500   1.0101   0.01105   0.00514  -0.0880  0.4980  1.0000  -1.6654   0.0000   0.0000   0.0000   0.3301
   6.000   1.0586   0.01168   0.00567  -0.0869  0.4557  1.0000  -1.8950   0.0000   0.0000   0.0000   0.3244
   6.500   1.1051   0.01248   0.00630  -0.0854  0.4138  1.0000  -2.2167   0.0000   0.0000   0.0000   0.3190
   7.000   1.1503   0.01332   0.00703  -0.0839  0.3691  1.0000  -2.5495   0.0000   0.0000   0.0000   0.3140
   7.500   1.1937   0.01428   0.00787  -0.0822  0.3251  1.0000  -2.8898   0.0000   0.0000   0.0000   0.3093
   8.000   1.2342   0.01540   0.00885  -0.0801  0.2815  1.0000  -3.2325   0.0000   0.0000   0.0000   0.3047
   9.000   1.3047   0.01813   0.01129  -0.0748  0.1945  1.0000  -3.9115   0.0000   0.0000   0.0000   0.2957
   9.500   1.3310   0.01983   0.01281  -0.0709  0.1524  1.0000  -4.2276   0.0000   0.0000   0.0000   0.2909
  10.000   1.3531   0.02187   0.01471  -0.0670  0.1160  1.0000  -4.5305   0.0000   0.0000   0.0000   0.2864


