xflr5 v6.61

 Calculated polar for: peg24_0_revT

 1 1 Reynolds number fixed          Mach number fixed         

 xtrf =   1.000 (top)        1.000 (bottom)
 Mach =   0.000     Re =     0.055 e 6     Ncrit =   9.000

  alpha     CL        CD       CDp       Cm    Top Xtr Bot Xtr   Cpmin    Chinge    XCp    
 ------- -------- --------- --------- -------- ------- ------- -------- --------- ---------
   0.000  -0.0205   0.02518   0.01611  -0.0235  0.9562  1.0000  -0.5685   0.0000   0.0000   0.0000  -0.9024
   0.500   0.0578   0.02669   0.01730  -0.0300  0.9281  1.0000  -0.4315   0.0000   0.0000   0.0000   0.7680
   1.000   0.1374   0.02812   0.01852  -0.0361  0.8995  1.0000  -0.4885   0.0000   0.0000   0.0000   0.5103
   1.500   0.2219   0.02945   0.01971  -0.0423  0.8716  1.0000  -0.5536   0.0000   0.0000   0.0000   0.4379
   2.000   0.2769   0.03062   0.02080  -0.0435  0.8406  1.0000  -0.6055   0.0000   0.0000   0.0000   0.4036
   2.500   0.3411   0.03168   0.02186  -0.0455  0.8092  1.0000  -0.6676   0.0000   0.0000   0.0000   0.3797
   3.000   0.4209   0.03237   0.02261  -0.0492  0.7800  1.0000  -0.7523   0.0000   0.0000   0.0000   0.3629
   3.500   0.5155   0.03234   0.02276  -0.0540  0.7527  1.0000  -0.8639   0.0000   0.0000   0.0000   0.3505
   4.000   0.5482   0.03368   0.02416  -0.0506  0.7167  1.0000  -0.9369   0.0000   0.0000   0.0000   0.3377
   4.500   0.6239   0.03341   0.02407  -0.0514  0.6868  1.0000  -1.0731   0.0000   0.0000   0.0000   0.3275
   5.000   0.7124   0.03198   0.02293  -0.0524  0.6580  1.0000  -1.2982   0.0000   0.0000   0.0000   0.3182
   5.500   0.7508   0.03282   0.02394  -0.0487  0.6198  1.0000  -1.4694   0.0000   0.0000   0.0000   0.3090
   6.000   0.8374   0.03072   0.02201  -0.0482  0.5854  1.0000  -1.8847   0.0000   0.0000   0.0000   0.3013
   6.500   0.8929   0.03028   0.02180  -0.0452  0.5420  1.0000  -2.2174   0.0000   0.0000   0.0000   0.2939
   7.000   0.9545   0.02938   0.02085  -0.0424  0.4920  1.0000  -2.6049   0.0000   0.0000   0.0000   0.2871
   7.500   0.9948   0.02992   0.02145  -0.0382  0.4367  1.0000  -2.9554   0.0000   0.0000   0.0000   0.2804
   8.000   1.0401   0.03007   0.02135  -0.0341  0.3720  1.0000  -3.3466   0.0000   0.0000   0.0000   0.2741
   8.500   1.0666   0.03138   0.02239  -0.0285  0.3028  1.0000  -3.6514   0.0000   0.0000   0.0000   0.2674
   9.000   1.0852   0.03398   0.02483  -0.0227  0.2388  1.0000  -3.8887   0.0000   0.0000   0.0000   0.2609
   9.500   1.1101   0.03744   0.02799  -0.0183  0.1879  1.0000  -4.1229   0.0000   0.0000   0.0000   0.2558
  10.000   1.1278   0.04169   0.03238  -0.0137  0.1526  1.0000  -4.2925   0.0000   0.0000   0.0000   0.2508


