xflr5 v6.61

 Calculated polar for: peg24_35_revT

 1 1 Reynolds number fixed          Mach number fixed         

 xtrf =   1.000 (top)        1.000 (bottom)
 Mach =   0.000     Re =     0.195 e 6     Ncrit =   9.000

  alpha     CL        CD       CDp       Cm    Top Xtr Bot Xtr   Cpmin    Chinge    XCp    
 ------- -------- --------- --------- -------- ------- ------- -------- --------- ---------
   0.000   0.3835   0.01219   0.00677  -0.0887  0.7904  0.8896  -0.6647   0.0000   0.0000   0.0000   0.4805
   0.500   0.4361   0.01198   0.00651  -0.0867  0.7776  0.9481  -0.7141   0.0000   0.0000   0.0000   0.4471
   1.000   0.5226   0.01168   0.00612  -0.0926  0.7623  1.0000  -0.7870   0.0000   0.0000   0.0000   0.4250
   1.500   0.5741   0.01172   0.00604  -0.0922  0.7460  1.0000  -0.8419   0.0000   0.0000   0.0000   0.4078
   2.000   0.6320   0.01162   0.00578  -0.0924  0.7298  1.0000  -0.9066   0.0000   0.0000   0.0000   0.3928
   2.500   0.6866   0.01165   0.00575  -0.0920  0.7092  1.0000  -0.9755   0.0000   0.0000   0.0000   0.3802
   3.000   0.7419   0.01169   0.00573  -0.0917  0.6885  1.0000  -1.0508   0.0000   0.0000   0.0000   0.3693
   3.500   0.7972   0.01172   0.00570  -0.0913  0.6658  1.0000  -1.1378   0.0000   0.0000   0.0000   0.3597
   4.000   0.8514   0.01180   0.00573  -0.0906  0.6395  1.0000  -1.2377   0.0000   0.0000   0.0000   0.3511
   4.500   0.9045   0.01195   0.00583  -0.0898  0.6093  1.0000  -1.3539   0.0000   0.0000   0.0000   0.3434
   5.000   0.9568   0.01222   0.00598  -0.0889  0.5756  1.0000  -1.4875   0.0000   0.0000   0.0000   0.3364
   5.500   1.0070   0.01265   0.00634  -0.0877  0.5376  1.0000  -1.6526   0.0000   0.0000   0.0000   0.3301
   6.000   1.0552   0.01325   0.00678  -0.0862  0.4958  1.0000  -1.8595   0.0000   0.0000   0.0000   0.3241
   6.500   1.1017   0.01395   0.00741  -0.0847  0.4525  1.0000  -2.1778   0.0000   0.0000   0.0000   0.3186
   7.000   1.1461   0.01483   0.00817  -0.0829  0.4095  1.0000  -2.5040   0.0000   0.0000   0.0000   0.3134
   7.500   1.1873   0.01586   0.00904  -0.0807  0.3642  1.0000  -2.8331   0.0000   0.0000   0.0000   0.3084
   8.000   1.2269   0.01695   0.01006  -0.0784  0.3191  1.0000  -3.1679   0.0000   0.0000   0.0000   0.3037
   8.500   1.2626   0.01823   0.01127  -0.0757  0.2746  1.0000  -3.4996   0.0000   0.0000   0.0000   0.2990
   9.000   1.2932   0.01977   0.01268  -0.0723  0.2306  1.0000  -3.8201   0.0000   0.0000   0.0000   0.2943
   9.500   1.3152   0.02163   0.01437  -0.0680  0.1887  1.0000  -4.1124   0.0000   0.0000   0.0000   0.2893
  10.000   1.3333   0.02388   0.01651  -0.0636  0.1499  1.0000  -4.3898   0.0000   0.0000   0.0000   0.2846


