xflr5 v6.61

 Calculated polar for: peg24_10_revT

 1 1 Reynolds number fixed          Mach number fixed         

 xtrf =   1.000 (top)        1.000 (bottom)
 Mach =   0.000     Re =     0.490 e 6     Ncrit =   9.000

  alpha     CL        CD       CDp       Cm    Top Xtr Bot Xtr   Cpmin    Chinge    XCp    
 ------- -------- --------- --------- -------- ------- ------- -------- --------- ---------
   0.000   0.3011   0.00676   0.00220  -0.0647  0.7232  0.8050  -0.6072   0.0000   0.0000   0.0000   0.4636
   0.500   0.3547   0.00677   0.00220  -0.0637  0.7045  0.8371  -0.6570   0.0000   0.0000   0.0000   0.4278
   1.000   0.4074   0.00677   0.00223  -0.0626  0.6840  0.8687  -0.7106   0.0000   0.0000   0.0000   0.4012
   1.500   0.4589   0.00680   0.00226  -0.0612  0.6625  0.9004  -0.7673   0.0000   0.0000   0.0000   0.3804
   2.000   0.5086   0.00682   0.00228  -0.0593  0.6382  0.9346  -0.8287   0.0000   0.0000   0.0000   0.3633
   3.000   0.6443   0.00711   0.00237  -0.0642  0.5755  0.9996  -1.0011   0.0000   0.0000   0.0000   0.3455
   3.500   0.6954   0.00740   0.00253  -0.0635  0.5421  1.0000  -1.0998   0.0000   0.0000   0.0000   0.3368
   4.000   0.7479   0.00775   0.00276  -0.0631  0.5053  1.0000  -1.2116   0.0000   0.0000   0.0000   0.3293
   4.500   0.7998   0.00821   0.00305  -0.0625  0.4649  1.0000  -1.3692   0.0000   0.0000   0.0000   0.3227
   5.000   0.8519   0.00868   0.00340  -0.0620  0.4251  1.0000  -1.6506   0.0000   0.0000   0.0000   0.3168
   5.500   0.9031   0.00923   0.00382  -0.0614  0.3829  1.0000  -1.9946   0.0000   0.0000   0.0000   0.3114
   6.000   0.9531   0.00991   0.00431  -0.0606  0.3359  1.0000  -2.3530   0.0000   0.0000   0.0000   0.3066
   6.500   1.0018   0.01070   0.00489  -0.0598  0.2819  1.0000  -2.7241   0.0000   0.0000   0.0000   0.3021
   7.000   1.0488   0.01168   0.00560  -0.0587  0.2243  1.0000  -3.1039   0.0000   0.0000   0.0000   0.2978
   7.500   1.0943   0.01277   0.00643  -0.0576  0.1723  1.0000  -3.4919   0.0000   0.0000   0.0000   0.2938
   8.000   1.1379   0.01401   0.00741  -0.0562  0.1208  1.0000  -3.8929   0.0000   0.0000   0.0000   0.2900
   8.500   1.1796   0.01536   0.00856  -0.0546  0.0822  1.0000  -4.3080   0.0000   0.0000   0.0000   0.2862
   9.000   1.2206   0.01668   0.00976  -0.0528  0.0571  1.0000  -4.7282   0.0000   0.0000   0.0000   0.2826
   9.500   1.2587   0.01813   0.01112  -0.0508  0.0384  1.0000  -5.1353   0.0000   0.0000   0.0000   0.2789
  10.000   1.2889   0.02003   0.01295  -0.0476  0.0227  1.0000  -5.4706   0.0000   0.0000   0.0000   0.2748


