xflr5 v6.61

 Calculated polar for: peg24_55_revT

 1 1 Reynolds number fixed          Mach number fixed         

 xtrf =   1.000 (top)        1.000 (bottom)
 Mach =   0.000     Re =     0.180 e 6     Ncrit =   9.000

  alpha     CL        CD       CDp       Cm    Top Xtr Bot Xtr   Cpmin    Chinge    XCp    
 ------- -------- --------- --------- -------- ------- ------- -------- --------- ---------
   0.000   0.4725   0.01458   0.00895  -0.1138  0.7899  0.8492  -0.7283   0.0000   0.0000   0.0000   0.4901
   0.500   0.5147   0.01425   0.00865  -0.1092  0.7795  0.9235  -0.7701   0.0000   0.0000   0.0000   0.4606
   1.000   0.5841   0.01402   0.00837  -0.1119  0.7648  1.0000  -0.8316   0.0000   0.0000   0.0000   0.4394
   1.500   0.6497   0.01383   0.00796  -0.1134  0.7546  1.0000  -0.8967   0.0000   0.0000   0.0000   0.4217
   2.000   0.7044   0.01389   0.00797  -0.1134  0.7373  1.0000  -0.9558   0.0000   0.0000   0.0000   0.4076
   2.500   0.7642   0.01377   0.00775  -0.1137  0.7234  1.0000  -1.0260   0.0000   0.0000   0.0000   0.3948
   3.000   0.8221   0.01358   0.00748  -0.1136  0.7062  1.0000  -1.1020   0.0000   0.0000   0.0000   0.3836
   3.500   0.8770   0.01358   0.00747  -0.1131  0.6867  1.0000  -1.1830   0.0000   0.0000   0.0000   0.3738
   4.000   0.9335   0.01350   0.00735  -0.1127  0.6669  1.0000  -1.2754   0.0000   0.0000   0.0000   0.3651
   4.500   0.9889   0.01343   0.00723  -0.1121  0.6435  1.0000  -1.3827   0.0000   0.0000   0.0000   0.3571
   5.000   1.0420   0.01349   0.00726  -0.1112  0.6156  1.0000  -1.5015   0.0000   0.0000   0.0000   0.3499
   5.500   1.0933   0.01368   0.00741  -0.1101  0.5830  1.0000  -1.6341   0.0000   0.0000   0.0000   0.3432
   6.000   1.1436   0.01404   0.00762  -0.1087  0.5467  1.0000  -1.7896   0.0000   0.0000   0.0000   0.3369
   6.500   1.1897   0.01464   0.00816  -0.1070  0.5054  1.0000  -1.9641   0.0000   0.0000   0.0000   0.3311
   7.000   1.2334   0.01546   0.00883  -0.1049  0.4630  1.0000  -2.1623   0.0000   0.0000   0.0000   0.3255
   7.500   1.2738   0.01643   0.00969  -0.1024  0.4198  1.0000  -2.4459   0.0000   0.0000   0.0000   0.3202
   8.000   1.3111   0.01757   0.01072  -0.0996  0.3778  1.0000  -2.7474   0.0000   0.0000   0.0000   0.3151
   8.500   1.3429   0.01894   0.01194  -0.0961  0.3368  1.0000  -3.0418   0.0000   0.0000   0.0000   0.3099
   9.000   1.3710   0.02032   0.01330  -0.0921  0.2979  1.0000  -3.3314   0.0000   0.0000   0.0000   0.3048
   9.500   1.3904   0.02213   0.01496  -0.0872  0.2615  1.0000  -3.5973   0.0000   0.0000   0.0000   0.2996
  10.000   1.4096   0.02412   0.01697  -0.0829  0.2261  1.0000  -3.8660   0.0000   0.0000   0.0000   0.2948


