xflr5 v6.61

 Calculated polar for: peg24_35_revT

 1 1 Reynolds number fixed          Mach number fixed         

 xtrf =   1.000 (top)        1.000 (bottom)
 Mach =   0.000     Re =     0.035 e 6     Ncrit =   9.000

  alpha     CL        CD       CDp       Cm    Top Xtr Bot Xtr   Cpmin    Chinge    XCp    
 ------- -------- --------- --------- -------- ------- ------- -------- --------- ---------
   0.000  -0.0088   0.03094   0.02009  -0.0426  1.0000  1.0000  -0.7971   0.0000   0.0000   0.0000  -4.6416
   0.500   0.0355   0.03260   0.02129  -0.0445  1.0000  1.0000  -0.6526   0.0000   0.0000   0.0000   1.5069
   1.000   0.0772   0.03451   0.02283  -0.0461  1.0000  1.0000  -0.5291   0.0000   0.0000   0.0000   0.8444
   1.500   0.1168   0.03665   0.02470  -0.0475  1.0000  1.0000  -0.4790   0.0000   0.0000   0.0000   0.6530
   2.000   0.1544   0.03906   0.02689  -0.0489  1.0000  1.0000  -0.5048   0.0000   0.0000   0.0000   0.5622
   2.500   0.1912   0.04176   0.02946  -0.0506  0.9992  1.0000  -0.5312   0.0000   0.0000   0.0000   0.5092
   3.000   0.2878   0.04668   0.03425  -0.0631  0.9578  1.0000  -0.6001   0.0000   0.0000   0.0000   0.4640
   3.500   0.3694   0.05118   0.03871  -0.0718  0.9175  1.0000  -0.6660   0.0000   0.0000   0.0000   0.4391
   4.000   0.4247   0.05482   0.04239  -0.0758  0.8807  1.0000  -0.7161   0.0000   0.0000   0.0000   0.4227
   4.500   0.5025   0.05910   0.04676  -0.0822  0.8403  1.0000  -0.7941   0.0000   0.0000   0.0000   0.4076
   5.000   0.5426   0.06266   0.05043  -0.0831  0.8037  1.0000  -0.8439   0.0000   0.0000   0.0000   0.3967
   5.500   0.5833   0.06633   0.05425  -0.0840  0.7668  1.0000  -0.8999   0.0000   0.0000   0.0000   0.3872
   6.000   0.6545   0.07011   0.05825  -0.0873  0.7268  1.0000  -1.0047   0.0000   0.0000   0.0000   0.3761
   6.500   0.6720   0.07426   0.06256  -0.0859  0.6941  1.0000  -1.0474   0.0000   0.0000   0.0000   0.3701
   7.000   0.7041   0.07846   0.06698  -0.0856  0.6592  1.0000  -1.1149   0.0000   0.0000   0.0000   0.3634
   7.500   0.7610   0.08203   0.07084  -0.0861  0.6206  1.0000  -1.2414   0.0000   0.0000   0.0000   0.3545
   8.000   0.7717   0.08748   0.07649  -0.0849  0.5905  1.0000  -1.2920   0.0000   0.0000   0.0000   0.3508
   8.500   0.7887   0.09296   0.08219  -0.0840  0.5590  1.0000  -1.3601   0.0000   0.0000   0.0000   0.3469
   9.000   0.8472   0.09603   0.08562  -0.0827  0.5178  1.0000  -1.5416   0.0000   0.0000   0.0000   0.3374
   9.500   0.8506   0.10298   0.09277  -0.0819  0.4897  1.0000  -1.5883   0.0000   0.0000   0.0000   0.3356


