xflr5 v6.61

 Calculated polar for: peg24_30_revT

 1 1 Reynolds number fixed          Mach number fixed         

 xtrf =   1.000 (top)        1.000 (bottom)
 Mach =   0.000     Re =     0.065 e 6     Ncrit =   9.000

  alpha     CL        CD       CDp       Cm    Top Xtr Bot Xtr   Cpmin    Chinge    XCp    
 ------- -------- --------- --------- -------- ------- ------- -------- --------- ---------
   0.000   0.1666   0.02752   0.01921  -0.0700  0.9064  1.0000  -0.5028   0.0000   0.0000   0.0000   0.6709
   0.500   0.2394   0.02884   0.02022  -0.0748  0.8850  1.0000  -0.5493   0.0000   0.0000   0.0000   0.5616
   1.000   0.3221   0.03004   0.02118  -0.0804  0.8638  1.0000  -0.6122   0.0000   0.0000   0.0000   0.4979
   1.500   0.3927   0.03098   0.02199  -0.0837  0.8403  1.0000  -0.6723   0.0000   0.0000   0.0000   0.4606
   2.000   0.4501   0.03204   0.02297  -0.0847  0.8146  1.0000  -0.7262   0.0000   0.0000   0.0000   0.4352
   2.500   0.5099   0.03298   0.02389  -0.0857  0.7887  1.0000  -0.7877   0.0000   0.0000   0.0000   0.4145
   3.000   0.5705   0.03377   0.02469  -0.0864  0.7628  1.0000  -0.8561   0.0000   0.0000   0.0000   0.3974
   3.500   0.6322   0.03432   0.02530  -0.0867  0.7370  1.0000  -0.9340   0.0000   0.0000   0.0000   0.3826
   4.000   0.6941   0.03450   0.02558  -0.0864  0.7112  1.0000  -1.0226   0.0000   0.0000   0.0000   0.3695
   4.500   0.7556   0.03434   0.02554  -0.0854  0.6855  1.0000  -1.1289   0.0000   0.0000   0.0000   0.3576
   5.000   0.8189   0.03370   0.02507  -0.0841  0.6599  1.0000  -1.2549   0.0000   0.0000   0.0000   0.3467
   5.500   0.8842   0.03260   0.02415  -0.0825  0.6336  1.0000  -1.4125   0.0000   0.0000   0.0000   0.3368
   6.000   0.9522   0.03105   0.02278  -0.0807  0.6056  1.0000  -1.6168   0.0000   0.0000   0.0000   0.3277
   6.500   1.0252   0.02907   0.02091  -0.0792  0.5747  1.0000  -1.9139   0.0000   0.0000   0.0000   0.3197
   7.000   1.0778   0.02881   0.02077  -0.0766  0.5345  1.0000  -2.2402   0.0000   0.0000   0.0000   0.3129
   7.500   1.1388   0.02810   0.01998  -0.0746  0.4908  1.0000  -2.6273   0.0000   0.0000   0.0000   0.3066
   8.000   1.1887   0.02841   0.02015  -0.0719  0.4414  1.0000  -2.9884   0.0000   0.0000   0.0000   0.3009
   8.500   1.2279   0.02948   0.02115  -0.0684  0.3889  1.0000  -3.3179   0.0000   0.0000   0.0000   0.2954
   9.000   1.2579   0.03108   0.02269  -0.0642  0.3343  1.0000  -3.6161   0.0000   0.0000   0.0000   0.2899
   9.500   1.2816   0.03321   0.02471  -0.0594  0.2800  1.0000  -3.8873   0.0000   0.0000   0.0000   0.2845
  10.000   1.3007   0.03596   0.02729  -0.0545  0.2304  1.0000  -4.1317   0.0000   0.0000   0.0000   0.2793


