xflr5 v6.61

 Calculated polar for: peg24_75_revT

 1 1 Reynolds number fixed          Mach number fixed         

 xtrf =   1.000 (top)        1.000 (bottom)
 Mach =   0.000     Re =     0.070 e 6     Ncrit =   9.000

  alpha     CL        CD       CDp       Cm    Top Xtr Bot Xtr   Cpmin    Chinge    XCp    
 ------- -------- --------- --------- -------- ------- ------- -------- --------- ---------
   0.500   0.3189   0.03780   0.03015  -0.1098  0.8520  1.0000  -0.6102   0.0000   0.0000   0.0000   0.5941
   1.000   0.4062   0.03950   0.03139  -0.1165  0.8359  1.0000  -0.6721   0.0000   0.0000   0.0000   0.5353
   1.500   0.4611   0.04080   0.03243  -0.1179  0.8147  1.0000  -0.7172   0.0000   0.0000   0.0000   0.5033
   2.000   0.5071   0.04243   0.03389  -0.1179  0.7921  1.0000  -0.7583   0.0000   0.0000   0.0000   0.4793
   2.500   0.5620   0.04399   0.03531  -0.1187  0.7711  1.0000  -0.8111   0.0000   0.0000   0.0000   0.4574
   3.000   0.6535   0.04431   0.03549  -0.1230  0.7560  1.0000  -0.8981   0.0000   0.0000   0.0000   0.4337
   4.000   0.7385   0.04699   0.03814  -0.1204  0.7072  1.0000  -1.0050   0.0000   0.0000   0.0000   0.4073
   5.500   0.9388   0.04583   0.03719  -0.1202  0.6498  1.0000  -1.2968   0.0000   0.0000   0.0000   0.3703
   6.000   0.9848   0.04603   0.03751  -0.1178  0.6252  1.0000  -1.3928   0.0000   0.0000   0.0000   0.3613
   8.000   1.2814   0.03537   0.02758  -0.1129  0.5357  1.0000  -2.1326   0.0000   0.0000   0.0000   0.3269
   8.500   1.3599   0.03303   0.02525  -0.1126  0.5002  1.0000  -2.4116   0.0000   0.0000   0.0000   0.3208
   9.000   1.4177   0.03265   0.02481  -0.1109  0.4594  1.0000  -2.6838   0.0000   0.0000   0.0000   0.3154
   9.500   1.4621   0.03329   0.02531  -0.1080  0.4165  1.0000  -2.9921   0.0000   0.0000   0.0000   0.3102
  10.000   1.4868   0.03517   0.02721  -0.1033  0.3761  1.0000  -3.2437   0.0000   0.0000   0.0000   0.3050


