xflr5 v6.61

 Calculated polar for: peg24_40_revT

 1 1 Reynolds number fixed          Mach number fixed         

 xtrf =   1.000 (top)        1.000 (bottom)
 Mach =   0.000     Re =     0.150 e 6     Ncrit =   9.000

  alpha     CL        CD       CDp       Cm    Top Xtr Bot Xtr   Cpmin    Chinge    XCp    
 ------- -------- --------- --------- -------- ------- ------- -------- --------- ---------
   0.000   0.3863   0.01532   0.00949  -0.0926  0.8109  0.9360  -0.6649   0.0000   0.0000   0.0000   0.4890
   0.500   0.4678   0.01515   0.00924  -0.0980  0.7942  1.0000  -0.7290   0.0000   0.0000   0.0000   0.4580
   1.000   0.5292   0.01490   0.00877  -0.0987  0.7828  1.0000  -0.7868   0.0000   0.0000   0.0000   0.4344
   1.500   0.5808   0.01505   0.00884  -0.0984  0.7637  1.0000  -0.8413   0.0000   0.0000   0.0000   0.4167
   2.000   0.6390   0.01498   0.00866  -0.0984  0.7481  1.0000  -0.9050   0.0000   0.0000   0.0000   0.4007
   2.500   0.6980   0.01472   0.00829  -0.0982  0.7313  1.0000  -0.9767   0.0000   0.0000   0.0000   0.3869
   3.000   0.7521   0.01471   0.00826  -0.0975  0.7104  1.0000  -1.0495   0.0000   0.0000   0.0000   0.3753
   3.500   0.8079   0.01462   0.00814  -0.0969  0.6896  1.0000  -1.1353   0.0000   0.0000   0.0000   0.3651
   4.000   0.8640   0.01450   0.00797  -0.0963  0.6670  1.0000  -1.2322   0.0000   0.0000   0.0000   0.3560
   4.500   0.9186   0.01443   0.00788  -0.0954  0.6405  1.0000  -1.3464   0.0000   0.0000   0.0000   0.3479
   5.000   0.9717   0.01447   0.00790  -0.0943  0.6100  1.0000  -1.4722   0.0000   0.0000   0.0000   0.3406
   5.500   1.0241   0.01463   0.00796  -0.0931  0.5760  1.0000  -1.6270   0.0000   0.0000   0.0000   0.3339
   6.000   1.0735   0.01504   0.00832  -0.0917  0.5373  1.0000  -1.8094   0.0000   0.0000   0.0000   0.3277
   6.500   1.1210   0.01564   0.00874  -0.0900  0.4952  1.0000  -2.0615   0.0000   0.0000   0.0000   0.3219
   7.000   1.1651   0.01643   0.00951  -0.0879  0.4509  1.0000  -2.3768   0.0000   0.0000   0.0000   0.3165
   7.500   1.2069   0.01741   0.01037  -0.0857  0.4071  1.0000  -2.6982   0.0000   0.0000   0.0000   0.3113
   8.000   1.2446   0.01861   0.01138  -0.0829  0.3624  1.0000  -3.0182   0.0000   0.0000   0.0000   0.3063
   8.500   1.2788   0.01987   0.01264  -0.0798  0.3174  1.0000  -3.3347   0.0000   0.0000   0.0000   0.3014
   9.000   1.3082   0.02138   0.01408  -0.0762  0.2736  1.0000  -3.6417   0.0000   0.0000   0.0000   0.2965
   9.500   1.3287   0.02322   0.01579  -0.0715  0.2324  1.0000  -3.9210   0.0000   0.0000   0.0000   0.2913
  10.000   1.3431   0.02550   0.01796  -0.0666  0.1931  1.0000  -4.1780   0.0000   0.0000   0.0000   0.2863


