xflr5 v6.61

 Calculated polar for: peg24_95_revT

 1 1 Reynolds number fixed          Mach number fixed         

 xtrf =   1.000 (top)        1.000 (bottom)
 Mach =   0.000     Re =     0.320 e 6     Ncrit =   9.000

  alpha     CL        CD       CDp       Cm    Top Xtr Bot Xtr   Cpmin    Chinge    XCp    
 ------- -------- --------- --------- -------- ------- ------- -------- --------- ---------
   0.000   0.6918   0.01169   0.00602  -0.1631  0.7472  0.5771  -0.9014   0.0000   0.0000   0.0000   0.4845
   0.500   0.7483   0.01145   0.00598  -0.1628  0.7384  0.6588  -0.9503   0.0000   0.0000   0.0000   0.4656
   1.000   0.8053   0.01127   0.00590  -0.1625  0.7303  0.7383  -1.0027   0.0000   0.0000   0.0000   0.4490
   1.500   0.8556   0.01119   0.00604  -0.1610  0.7204  0.8089  -1.0570   0.0000   0.0000   0.0000   0.4347
   2.000   0.9029   0.01083   0.00583  -0.1584  0.7098  0.8888  -1.1147   0.0000   0.0000   0.0000   0.4214
   2.500   0.9604   0.01066   0.00563  -0.1583  0.6995  1.0000  -1.1816   0.0000   0.0000   0.0000   0.4101
   3.000   1.0175   0.01065   0.00559  -0.1586  0.6860  1.0000  -1.2513   0.0000   0.0000   0.0000   0.4005
   3.500   1.0762   0.01067   0.00550  -0.1590  0.6732  1.0000  -1.3322   0.0000   0.0000   0.0000   0.3917
   4.000   1.1308   0.01073   0.00558  -0.1588  0.6573  1.0000  -1.4132   0.0000   0.0000   0.0000   0.3837
   4.500   1.1855   0.01084   0.00565  -0.1584  0.6392  1.0000  -1.5101   0.0000   0.0000   0.0000   0.3763
   5.000   1.2387   0.01099   0.00574  -0.1579  0.6174  1.0000  -1.6129   0.0000   0.0000   0.0000   0.3694
   5.500   1.2896   0.01127   0.00597  -0.1569  0.5915  1.0000  -1.7263   0.0000   0.0000   0.0000   0.3629
   6.000   1.3370   0.01170   0.00632  -0.1554  0.5582  1.0000  -1.8439   0.0000   0.0000   0.0000   0.3567
   6.500   1.3809   0.01236   0.00683  -0.1533  0.5219  1.0000  -1.9728   0.0000   0.0000   0.0000   0.3508
   7.000   1.4206   0.01320   0.00753  -0.1506  0.4820  1.0000  -2.1134   0.0000   0.0000   0.0000   0.3450
   7.500   1.4537   0.01431   0.00844  -0.1469  0.4410  1.0000  -2.2489   0.0000   0.0000   0.0000   0.3393
   8.000   1.4817   0.01549   0.00950  -0.1425  0.4033  1.0000  -2.3894   0.0000   0.0000   0.0000   0.3336
   8.500   1.5037   0.01701   0.01090  -0.1374  0.3664  1.0000  -2.5273   0.0000   0.0000   0.0000   0.3281
   9.000   1.5226   0.01887   0.01262  -0.1324  0.3326  1.0000  -2.6781   0.0000   0.0000   0.0000   0.3228
   9.500   1.5441   0.02079   0.01449  -0.1283  0.3016  1.0000  -2.8565   0.0000   0.0000   0.0000   0.3181
  10.000   1.5639   0.02298   0.01664  -0.1243  0.2732  1.0000  -3.0523   0.0000   0.0000   0.0000   0.3136


