xflr5 v6.61

 Calculated polar for: peg24_95_revT

 1 1 Reynolds number fixed          Mach number fixed         

 xtrf =   1.000 (top)        1.000 (bottom)
 Mach =   0.000     Re =     0.090 e 6     Ncrit =   9.000

  alpha     CL        CD       CDp       Cm    Top Xtr Bot Xtr   Cpmin    Chinge    XCp    
 ------- -------- --------- --------- -------- ------- ------- -------- --------- ---------
   0.000   0.4200   0.03828   0.03095  -0.1415  0.8163  0.6684  -0.6825   0.0000   0.0000   0.0000   0.5874
   0.500   0.4524   0.03912   0.03208  -0.1371  0.8006  0.7823  -0.7101   0.0000   0.0000   0.0000   0.5524
   1.000   0.4999   0.03879   0.03184  -0.1344  0.7870  1.0000  -0.7510   0.0000   0.0000   0.0000   0.5173
   2.000   0.6351   0.04053   0.03298  -0.1398  0.7577  1.0000  -0.8663   0.0000   0.0000   0.0000   0.4667
   3.500   0.7945   0.04285   0.03498  -0.1392  0.7056  1.0000  -1.0379   0.0000   0.0000   0.0000   0.4196
   4.500   0.8897   0.04435   0.03646  -0.1367  0.6676  1.0000  -1.1664   0.0000   0.0000   0.0000   0.3967
   5.000   0.9609   0.04302   0.03517  -0.1369  0.6538  1.0000  -1.2650   0.0000   0.0000   0.0000   0.3847
   5.500   1.0560   0.03951   0.03172  -0.1382  0.6484  1.0000  -1.4077   0.0000   0.0000   0.0000   0.3725
   6.500   1.2153   0.03397   0.02641  -0.1389  0.6230  1.0000  -1.6992   0.0000   0.0000   0.0000   0.3545
   7.000   1.2635   0.03300   0.02555  -0.1360  0.5996  1.0000  -1.8244   0.0000   0.0000   0.0000   0.3471
   7.500   1.3279   0.03120   0.02388  -0.1349  0.5760  1.0000  -1.9935   0.0000   0.0000   0.0000   0.3403
   8.000   1.4071   0.02882   0.02150  -0.1357  0.5484  1.0000  -2.2054   0.0000   0.0000   0.0000   0.3343
   8.500   1.4619   0.02831   0.02097  -0.1340  0.5134  1.0000  -2.3936   0.0000   0.0000   0.0000   0.3287
   9.000   1.4984   0.02890   0.02151  -0.1302  0.4746  1.0000  -2.5695   0.0000   0.0000   0.0000   0.3231
   9.500   1.5404   0.02967   0.02205  -0.1274  0.4355  1.0000  -2.7837   0.0000   0.0000   0.0000   0.3180
  10.000   1.5554   0.03155   0.02396  -0.1214  0.3987  1.0000  -2.9544   0.0000   0.0000   0.0000   0.3125


