xflr5 v6.61

 Calculated polar for: peg24_25_revT

 1 1 Reynolds number fixed          Mach number fixed         

 xtrf =   1.000 (top)        1.000 (bottom)
 Mach =   0.000     Re =     0.185 e 6     Ncrit =   9.000

  alpha     CL        CD       CDp       Cm    Top Xtr Bot Xtr   Cpmin    Chinge    XCp    
 ------- -------- --------- --------- -------- ------- ------- -------- --------- ---------
   0.000   0.3325   0.01212   0.00666  -0.0755  0.7971  0.9200  -0.6285   0.0000   0.0000   0.0000   0.4764
   0.500   0.4052   0.01181   0.00622  -0.0776  0.7841  0.9669  -0.6900   0.0000   0.0000   0.0000   0.4398
   1.000   0.4954   0.01162   0.00595  -0.0847  0.7662  1.0000  -0.7655   0.0000   0.0000   0.0000   0.4187
   1.500   0.5403   0.01161   0.00581  -0.0829  0.7487  1.0000  -0.8167   0.0000   0.0000   0.0000   0.4007
   2.000   0.5932   0.01155   0.00560  -0.0822  0.7299  1.0000  -0.8793   0.0000   0.0000   0.0000   0.3853
   2.500   0.6462   0.01159   0.00558  -0.0816  0.7077  1.0000  -0.9468   0.0000   0.0000   0.0000   0.3725
   3.500   0.7543   0.01172   0.00558  -0.0803  0.6593  1.0000  -1.1117   0.0000   0.0000   0.0000   0.3518
   4.000   0.8079   0.01182   0.00562  -0.0796  0.6308  1.0000  -1.2203   0.0000   0.0000   0.0000   0.3433
   4.500   0.8610   0.01203   0.00571  -0.0787  0.5995  1.0000  -1.3397   0.0000   0.0000   0.0000   0.3357
   5.000   0.9120   0.01236   0.00601  -0.0776  0.5628  1.0000  -1.4933   0.0000   0.0000   0.0000   0.3289
   5.500   0.9621   0.01283   0.00635  -0.0764  0.5237  1.0000  -1.6858   0.0000   0.0000   0.0000   0.3226
   6.000   1.0103   0.01342   0.00686  -0.0750  0.4802  1.0000  -2.0066   0.0000   0.0000   0.0000   0.3169
   6.500   1.0569   0.01418   0.00748  -0.0734  0.4376  1.0000  -2.3385   0.0000   0.0000   0.0000   0.3115
   7.000   1.1013   0.01505   0.00824  -0.0716  0.3919  1.0000  -2.6772   0.0000   0.0000   0.0000   0.3065
   7.500   1.1437   0.01601   0.00913  -0.0697  0.3447  1.0000  -3.0222   0.0000   0.0000   0.0000   0.3017
   8.000   1.1834   0.01715   0.01017  -0.0674  0.2974  1.0000  -3.3689   0.0000   0.0000   0.0000   0.2971
   8.500   1.2193   0.01851   0.01142  -0.0648  0.2488  1.0000  -3.7109   0.0000   0.0000   0.0000   0.2926
   9.000   1.2498   0.02018   0.01293  -0.0616  0.1993  1.0000  -4.0376   0.0000   0.0000   0.0000   0.2881
   9.500   1.2718   0.02223   0.01478  -0.0574  0.1530  1.0000  -4.3317   0.0000   0.0000   0.0000   0.2832
  10.000   1.2887   0.02468   0.01709  -0.0531  0.1148  1.0000  -4.6031   0.0000   0.0000   0.0000   0.2785


