xflr5 v6.61

 Calculated polar for: peg24_40_revT

 1 1 Reynolds number fixed          Mach number fixed         

 xtrf =   1.000 (top)        1.000 (bottom)
 Mach =   0.000     Re =     0.395 e 6     Ncrit =   9.000

  alpha     CL        CD       CDp       Cm    Top Xtr Bot Xtr   Cpmin    Chinge    XCp    
 ------- -------- --------- --------- -------- ------- ------- -------- --------- ---------
   0.000   0.4416   0.00807   0.00321  -0.1001  0.7406  0.7731  -0.7074   0.0000   0.0000   0.0000   0.4754
   0.500   0.4954   0.00806   0.00319  -0.0991  0.7274  0.8184  -0.7581   0.0000   0.0000   0.0000   0.4481
   1.000   0.5465   0.00795   0.00319  -0.0975  0.7131  0.8610  -0.8103   0.0000   0.0000   0.0000   0.4260
   1.500   0.5960   0.00789   0.00314  -0.0955  0.6978  0.9058  -0.8655   0.0000   0.0000   0.0000   0.4072
   2.000   0.6520   0.00774   0.00303  -0.0949  0.6801  0.9666  -0.9283   0.0000   0.0000   0.0000   0.3920
   2.500   0.7167   0.00779   0.00303  -0.0969  0.6599  1.0000  -1.0043   0.0000   0.0000   0.0000   0.3812
   3.000   0.7733   0.00795   0.00309  -0.0972  0.6379  1.0000  -1.0802   0.0000   0.0000   0.0000   0.3711
   3.500   0.8286   0.00816   0.00320  -0.0971  0.6112  1.0000  -1.1676   0.0000   0.0000   0.0000   0.3621
   4.000   0.8826   0.00844   0.00338  -0.0967  0.5809  1.0000  -1.2658   0.0000   0.0000   0.0000   0.3540
   4.500   0.9349   0.00885   0.00362  -0.0961  0.5453  1.0000  -1.3805   0.0000   0.0000   0.0000   0.3467
   5.000   0.9869   0.00929   0.00398  -0.0955  0.5084  1.0000  -1.5093   0.0000   0.0000   0.0000   0.3401
   5.500   1.0363   0.00992   0.00441  -0.0945  0.4655  1.0000  -1.6653   0.0000   0.0000   0.0000   0.3339
   6.000   1.0857   0.01055   0.00493  -0.0935  0.4243  1.0000  -1.8571   0.0000   0.0000   0.0000   0.3283
   6.500   1.1332   0.01131   0.00554  -0.0924  0.3826  1.0000  -2.1734   0.0000   0.0000   0.0000   0.3230
   7.000   1.1786   0.01220   0.00626  -0.0909  0.3386  1.0000  -2.5033   0.0000   0.0000   0.0000   0.3180
   7.500   1.2236   0.01309   0.00702  -0.0894  0.2965  1.0000  -2.8462   0.0000   0.0000   0.0000   0.3134
   8.000   1.2656   0.01415   0.00792  -0.0876  0.2550  1.0000  -3.1924   0.0000   0.0000   0.0000   0.3088
   8.500   1.3038   0.01540   0.00899  -0.0853  0.2126  1.0000  -3.5371   0.0000   0.0000   0.0000   0.3043
   9.000   1.3386   0.01677   0.01017  -0.0826  0.1703  1.0000  -3.8795   0.0000   0.0000   0.0000   0.2999
   9.500   1.3674   0.01831   0.01154  -0.0790  0.1323  1.0000  -4.2072   0.0000   0.0000   0.0000   0.2952
  10.000   1.3927   0.02010   0.01321  -0.0753  0.1022  1.0000  -4.5266   0.0000   0.0000   0.0000   0.2907


