xflr5 v6.61

 Calculated polar for: peg24_25_revT

 1 1 Reynolds number fixed          Mach number fixed         

 xtrf =   1.000 (top)        1.000 (bottom)
 Mach =   0.000     Re =     0.400 e 6     Ncrit =   9.000

  alpha     CL        CD       CDp       Cm    Top Xtr Bot Xtr   Cpmin    Chinge    XCp    
 ------- -------- --------- --------- -------- ------- ------- -------- --------- ---------
   0.000   0.3697   0.00765   0.00290  -0.0821  0.7396  0.8042  -0.6551   0.0000   0.0000   0.0000   0.4708
   0.500   0.4225   0.00765   0.00289  -0.0808  0.7246  0.8426  -0.7056   0.0000   0.0000   0.0000   0.4395
   1.000   0.4737   0.00759   0.00286  -0.0793  0.7077  0.8795  -0.7582   0.0000   0.0000   0.0000   0.4149
   1.500   0.5226   0.00753   0.00285  -0.0771  0.6893  0.9193  -0.8119   0.0000   0.0000   0.0000   0.3946
   2.000   0.5807   0.00749   0.00278  -0.0770  0.6695  0.9658  -0.8778   0.0000   0.0000   0.0000   0.3792
   2.500   0.6514   0.00755   0.00275  -0.0803  0.6457  1.0000  -0.9583   0.0000   0.0000   0.0000   0.3694
   3.000   0.7062   0.00773   0.00282  -0.0802  0.6188  1.0000  -1.0382   0.0000   0.0000   0.0000   0.3593
   3.500   0.7605   0.00797   0.00297  -0.0800  0.5882  1.0000  -1.1260   0.0000   0.0000   0.0000   0.3504
   4.000   0.8139   0.00831   0.00317  -0.0796  0.5540  1.0000  -1.2360   0.0000   0.0000   0.0000   0.3425
   4.500   0.8661   0.00874   0.00345  -0.0790  0.5172  1.0000  -1.3555   0.0000   0.0000   0.0000   0.3355
   5.000   0.9176   0.00922   0.00381  -0.0784  0.4759  1.0000  -1.5145   0.0000   0.0000   0.0000   0.3291
   5.500   0.9682   0.00980   0.00425  -0.0776  0.4352  1.0000  -1.7542   0.0000   0.0000   0.0000   0.3233
   6.000   1.0177   0.01046   0.00477  -0.0767  0.3931  1.0000  -2.0870   0.0000   0.0000   0.0000   0.3179
   6.500   1.0663   0.01119   0.00535  -0.0757  0.3479  1.0000  -2.4338   0.0000   0.0000   0.0000   0.3130
   7.000   1.1135   0.01203   0.00604  -0.0746  0.3033  1.0000  -2.7913   0.0000   0.0000   0.0000   0.3084
   7.500   1.1586   0.01301   0.00683  -0.0732  0.2561  1.0000  -3.1563   0.0000   0.0000   0.0000   0.3040
   8.000   1.2011   0.01416   0.00776  -0.0716  0.2054  1.0000  -3.5251   0.0000   0.0000   0.0000   0.2997
   8.500   1.2405   0.01552   0.00887  -0.0696  0.1552  1.0000  -3.8928   0.0000   0.0000   0.0000   0.2956
   9.000   1.2763   0.01706   0.01017  -0.0672  0.1118  1.0000  -4.2553   0.0000   0.0000   0.0000   0.2914
   9.500   1.3099   0.01858   0.01156  -0.0644  0.0826  1.0000  -4.6313   0.0000   0.0000   0.0000   0.2872
  10.000   1.3370   0.02032   0.01323  -0.0608  0.0617  1.0000  -4.9848   0.0000   0.0000   0.0000   0.2828


