xflr5 v6.61

 Calculated polar for: peg24_15_revT

 1 1 Reynolds number fixed          Mach number fixed         

 xtrf =   1.000 (top)        1.000 (bottom)
 Mach =   0.000     Re =     0.090 e 6     Ncrit =   9.000

  alpha     CL        CD       CDp       Cm    Top Xtr Bot Xtr   Cpmin    Chinge    XCp    
 ------- -------- --------- --------- -------- ------- ------- -------- --------- ---------
   0.000   0.2794   0.02028   0.01302  -0.0751  0.8702  1.0000  -0.5716   0.0000   0.0000   0.0000   0.5184
   0.500   0.3336   0.02057   0.01315  -0.0755  0.8468  1.0000  -0.6184   0.0000   0.0000   0.0000   0.4749
   1.000   0.3935   0.02084   0.01328  -0.0763  0.8254  1.0000  -0.6735   0.0000   0.0000   0.0000   0.4419
   1.500   0.4705   0.02048   0.01282  -0.0785  0.8100  1.0000  -0.7465   0.0000   0.0000   0.0000   0.4144
   2.000   0.5218   0.02062   0.01291  -0.0772  0.7852  1.0000  -0.8060   0.0000   0.0000   0.0000   0.3950
   2.500   0.5752   0.02068   0.01296  -0.0759  0.7606  1.0000  -0.8729   0.0000   0.0000   0.0000   0.3786
   3.000   0.6301   0.02060   0.01288  -0.0746  0.7357  1.0000  -0.9506   0.0000   0.0000   0.0000   0.3645
   3.500   0.6856   0.02043   0.01273  -0.0731  0.7103  1.0000  -1.0401   0.0000   0.0000   0.0000   0.3523
   4.000   0.7413   0.02018   0.01251  -0.0716  0.6835  1.0000  -1.1509   0.0000   0.0000   0.0000   0.3418
   4.500   0.7974   0.01987   0.01222  -0.0700  0.6549  1.0000  -1.2817   0.0000   0.0000   0.0000   0.3326
   5.000   0.8548   0.01954   0.01185  -0.0686  0.6244  1.0000  -1.4594   0.0000   0.0000   0.0000   0.3244
   5.500   0.9039   0.01973   0.01213  -0.0665  0.5864  1.0000  -1.6897   0.0000   0.0000   0.0000   0.3173
   6.000   0.9581   0.01973   0.01203  -0.0648  0.5479  1.0000  -2.0339   0.0000   0.0000   0.0000   0.3108
   6.500   1.0049   0.02019   0.01251  -0.0625  0.5023  1.0000  -2.3678   0.0000   0.0000   0.0000   0.3048
   7.000   1.0507   0.02086   0.01312  -0.0602  0.4550  1.0000  -2.7123   0.0000   0.0000   0.0000   0.2992
   7.500   1.0932   0.02173   0.01394  -0.0576  0.4047  1.0000  -3.0575   0.0000   0.0000   0.0000   0.2940
   8.000   1.1306   0.02282   0.01494  -0.0545  0.3502  1.0000  -3.3938   0.0000   0.0000   0.0000   0.2888
   8.500   1.1622   0.02429   0.01624  -0.0508  0.2926  1.0000  -3.7131   0.0000   0.0000   0.0000   0.2837
   9.000   1.1863   0.02642   0.01819  -0.0466  0.2325  1.0000  -3.9961   0.0000   0.0000   0.0000   0.2785
   9.500   1.2043   0.02916   0.02071  -0.0420  0.1787  1.0000  -4.2400   0.0000   0.0000   0.0000   0.2734
  10.000   1.2211   0.03248   0.02386  -0.0375  0.1392  1.0000  -4.4548   0.0000   0.0000   0.0000   0.2685


