xflr5 v6.61

 Calculated polar for: peg24_60_revT

 1 1 Reynolds number fixed          Mach number fixed         

 xtrf =   1.000 (top)        1.000 (bottom)
 Mach =   0.000     Re =     0.305 e 6     Ncrit =   9.000

  alpha     CL        CD       CDp       Cm    Top Xtr Bot Xtr   Cpmin    Chinge    XCp    
 ------- -------- --------- --------- -------- ------- ------- -------- --------- ---------
   0.000   0.5312   0.01012   0.00483  -0.1233  0.7557  0.7490  -0.7746   0.0000   0.0000   0.0000   0.4808
   0.500   0.5824   0.01002   0.00490  -0.1218  0.7442  0.8070  -0.8209   0.0000   0.0000   0.0000   0.4573
   1.000   0.6327   0.00981   0.00474  -0.1198  0.7329  0.8626  -0.8730   0.0000   0.0000   0.0000   0.4368
   1.500   0.6784   0.00964   0.00467  -0.1168  0.7202  0.9300  -0.9255   0.0000   0.0000   0.0000   0.4191
   2.000   0.7445   0.00946   0.00441  -0.1187  0.7063  1.0000  -0.9940   0.0000   0.0000   0.0000   0.4058
   2.500   0.8026   0.00954   0.00442  -0.1193  0.6904  1.0000  -1.0621   0.0000   0.0000   0.0000   0.3944
   3.000   0.8608   0.00960   0.00435  -0.1196  0.6740  1.0000  -1.1390   0.0000   0.0000   0.0000   0.3841
   3.500   0.9163   0.00968   0.00441  -0.1195  0.6543  1.0000  -1.2205   0.0000   0.0000   0.0000   0.3750
   4.000   0.9711   0.00982   0.00451  -0.1192  0.6309  1.0000  -1.3120   0.0000   0.0000   0.0000   0.3668
   4.500   1.0248   0.01003   0.00465  -0.1187  0.6041  1.0000  -1.4166   0.0000   0.0000   0.0000   0.3593
   5.000   1.0767   0.01038   0.00487  -0.1179  0.5725  1.0000  -1.5334   0.0000   0.0000   0.0000   0.3523
   5.500   1.1268   0.01083   0.00524  -0.1169  0.5362  1.0000  -1.6616   0.0000   0.0000   0.0000   0.3460
   6.000   1.1741   0.01148   0.00572  -0.1154  0.4958  1.0000  -1.8096   0.0000   0.0000   0.0000   0.3399
   6.500   1.2199   0.01221   0.00634  -0.1138  0.4537  1.0000  -1.9748   0.0000   0.0000   0.0000   0.3342
   7.000   1.2622   0.01314   0.00710  -0.1117  0.4120  1.0000  -2.1660   0.0000   0.0000   0.0000   0.3288
   7.500   1.3032   0.01411   0.00794  -0.1095  0.3703  1.0000  -2.4165   0.0000   0.0000   0.0000   0.3236
   8.000   1.3404   0.01524   0.00893  -0.1068  0.3307  1.0000  -2.7163   0.0000   0.0000   0.0000   0.3185
   8.500   1.3739   0.01645   0.01004  -0.1036  0.2928  1.0000  -3.0152   0.0000   0.0000   0.0000   0.3135
   9.000   1.4009   0.01790   0.01136  -0.0995  0.2576  1.0000  -3.3007   0.0000   0.0000   0.0000   0.3084
   9.500   1.4274   0.01947   0.01286  -0.0958  0.2237  1.0000  -3.5925   0.0000   0.0000   0.0000   0.3037
  10.000   1.4487   0.02148   0.01477  -0.0918  0.1915  1.0000  -3.8714   0.0000   0.0000   0.0000   0.2991


