xflr5 v6.61

 Calculated polar for: peg24_35_revT

 1 1 Reynolds number fixed          Mach number fixed         

 xtrf =   1.000 (top)        1.000 (bottom)
 Mach =   0.000     Re =     0.085 e 6     Ncrit =   9.000

  alpha     CL        CD       CDp       Cm    Top Xtr Bot Xtr   Cpmin    Chinge    XCp    
 ------- -------- --------- --------- -------- ------- ------- -------- --------- ---------
   0.000   0.2695   0.02459   0.01725  -0.0846  0.8581  1.0000  -0.5695   0.0000   0.0000   0.0000   0.5639
   0.500   0.3501   0.02496   0.01736  -0.0895  0.8419  1.0000  -0.6304   0.0000   0.0000   0.0000   0.5044
   1.000   0.4056   0.02566   0.01789  -0.0902  0.8198  1.0000  -0.6786   0.0000   0.0000   0.0000   0.4705
   1.500   0.4750   0.02604   0.01815  -0.0924  0.8020  1.0000  -0.7420   0.0000   0.0000   0.0000   0.4420
   2.000   0.5491   0.02581   0.01784  -0.0943  0.7855  1.0000  -0.8144   0.0000   0.0000   0.0000   0.4186
   2.500   0.6021   0.02622   0.01823  -0.0935  0.7623  1.0000  -0.8760   0.0000   0.0000   0.0000   0.4017
   3.000   0.6593   0.02634   0.01835  -0.0929  0.7405  1.0000  -0.9469   0.0000   0.0000   0.0000   0.3868
   4.000   0.7944   0.02464   0.01671  -0.0922  0.7034  1.0000  -1.1433   0.0000   0.0000   0.0000   0.3609
   4.500   0.8509   0.02422   0.01638  -0.0907  0.6785  1.0000  -1.2553   0.0000   0.0000   0.0000   0.3510
   5.000   0.9097   0.02359   0.01581  -0.0893  0.6527  1.0000  -1.3844   0.0000   0.0000   0.0000   0.3420
   5.500   0.9710   0.02276   0.01502  -0.0880  0.6250  1.0000  -1.5499   0.0000   0.0000   0.0000   0.3339
   6.000   1.0231   0.02260   0.01495  -0.0860  0.5906  1.0000  -1.7339   0.0000   0.0000   0.0000   0.3268
   6.500   1.0775   0.02234   0.01469  -0.0842  0.5527  1.0000  -1.9959   0.0000   0.0000   0.0000   0.3202
   7.000   1.1278   0.02255   0.01486  -0.0821  0.5108  1.0000  -2.3222   0.0000   0.0000   0.0000   0.3142
   7.500   1.1767   0.02302   0.01518  -0.0799  0.4657  1.0000  -2.6670   0.0000   0.0000   0.0000   0.3087
   8.000   1.2170   0.02399   0.01610  -0.0770  0.4180  1.0000  -2.9917   0.0000   0.0000   0.0000   0.3033
   8.500   1.2521   0.02526   0.01735  -0.0736  0.3688  1.0000  -3.3074   0.0000   0.0000   0.0000   0.2981
   9.000   1.2816   0.02684   0.01883  -0.0696  0.3189  1.0000  -3.6088   0.0000   0.0000   0.0000   0.2929
   9.500   1.3042   0.02883   0.02070  -0.0650  0.2697  1.0000  -3.8862   0.0000   0.0000   0.0000   0.2877
  10.000   1.3197   0.03131   0.02303  -0.0598  0.2241  1.0000  -4.1323   0.0000   0.0000   0.0000   0.2824


