xflr5 v6.61

 Calculated polar for: peg24_65_revT

 1 1 Reynolds number fixed          Mach number fixed         

 xtrf =   1.000 (top)        1.000 (bottom)
 Mach =   0.000     Re =     0.115 e 6     Ncrit =   9.000

  alpha     CL        CD       CDp       Cm    Top Xtr Bot Xtr   Cpmin    Chinge    XCp    
 ------- -------- --------- --------- -------- ------- ------- -------- --------- ---------
   0.000   0.4230   0.02377   0.01746  -0.1162  0.8130  0.9020  -0.6900   0.0000   0.0000   0.0000   0.5244
   0.500   0.4735   0.02447   0.01803  -0.1170  0.7942  1.0000  -0.7290   0.0000   0.0000   0.0000   0.4960
   1.000   0.5565   0.02394   0.01724  -0.1209  0.7861  1.0000  -0.7985   0.0000   0.0000   0.0000   0.4653
   2.000   0.6812   0.02393   0.01697  -0.1224  0.7587  1.0000  -0.9223   0.0000   0.0000   0.0000   0.4264
   2.500   0.7306   0.02441   0.01740  -0.1215  0.7396  1.0000  -0.9786   0.0000   0.0000   0.0000   0.4123
   3.000   0.8061   0.02317   0.01608  -0.1226  0.7308  1.0000  -1.0663   0.0000   0.0000   0.0000   0.3975
   3.500   0.8561   0.02335   0.01627  -0.1213  0.7106  1.0000  -1.1357   0.0000   0.0000   0.0000   0.3865
   4.500   0.9848   0.02157   0.01449  -0.1209  0.6793  1.0000  -1.3353   0.0000   0.0000   0.0000   0.3664
   5.000   1.0397   0.02119   0.01418  -0.1197  0.6574  1.0000  -1.4460   0.0000   0.0000   0.0000   0.3581
   5.500   1.0981   0.02053   0.01356  -0.1188  0.6341  1.0000  -1.5743   0.0000   0.0000   0.0000   0.3505
   6.000   1.1560   0.01995   0.01300  -0.1178  0.6072  1.0000  -1.7208   0.0000   0.0000   0.0000   0.3436
   6.500   1.2121   0.01956   0.01255  -0.1166  0.5757  1.0000  -1.8877   0.0000   0.0000   0.0000   0.3372
   7.000   1.2613   0.01975   0.01270  -0.1147  0.5384  1.0000  -2.0660   0.0000   0.0000   0.0000   0.3313
   7.500   1.3066   0.02026   0.01308  -0.1124  0.4971  1.0000  -2.2675   0.0000   0.0000   0.0000   0.3256
   8.000   1.3454   0.02122   0.01396  -0.1094  0.4539  1.0000  -2.4978   0.0000   0.0000   0.0000   0.3202
   8.500   1.3827   0.02241   0.01495  -0.1063  0.4120  1.0000  -2.7868   0.0000   0.0000   0.0000   0.3150
   9.000   1.4099   0.02387   0.01641  -0.1020  0.3705  1.0000  -3.0505   0.0000   0.0000   0.0000   0.3097
   9.500   1.4336   0.02558   0.01796  -0.0974  0.3319  1.0000  -3.3184   0.0000   0.0000   0.0000   0.3045
  10.000   1.4475   0.02753   0.01996  -0.0917  0.2956  1.0000  -3.5560   0.0000   0.0000   0.0000   0.2991


