xflr5 v6.61

 Calculated polar for: peg24_50_revT

 1 1 Reynolds number fixed          Mach number fixed         

 xtrf =   1.000 (top)        1.000 (bottom)
 Mach =   0.000     Re =     0.245 e 6     Ncrit =   9.000

  alpha     CL        CD       CDp       Cm    Top Xtr Bot Xtr   Cpmin    Chinge    XCp    
 ------- -------- --------- --------- -------- ------- ------- -------- --------- ---------
   0.000   0.4730   0.01119   0.00590  -0.1102  0.7709  0.8133  -0.7298   0.0000   0.0000   0.0000   0.4819
   0.500   0.5213   0.01096   0.00569  -0.1074  0.7594  0.8692  -0.7759   0.0000   0.0000   0.0000   0.4543
   1.000   0.5662   0.01080   0.00561  -0.1042  0.7464  0.9327  -0.8239   0.0000   0.0000   0.0000   0.4316
   1.500   0.6381   0.01052   0.00523  -0.1071  0.7328  1.0000  -0.8931   0.0000   0.0000   0.0000   0.4149
   2.000   0.6962   0.01059   0.00522  -0.1078  0.7172  1.0000  -0.9556   0.0000   0.0000   0.0000   0.4013
   2.500   0.7560   0.01057   0.00501  -0.1083  0.7016  1.0000  -1.0274   0.0000   0.0000   0.0000   0.3892
   3.000   0.8111   0.01059   0.00504  -0.1081  0.6822  1.0000  -1.1004   0.0000   0.0000   0.0000   0.3787
   3.500   0.8667   0.01067   0.00508  -0.1079  0.6616  1.0000  -1.1857   0.0000   0.0000   0.0000   0.3694
   4.000   0.9216   0.01077   0.00512  -0.1075  0.6378  1.0000  -1.2769   0.0000   0.0000   0.0000   0.3610
   4.500   0.9752   0.01094   0.00523  -0.1069  0.6099  1.0000  -1.3872   0.0000   0.0000   0.0000   0.3534
   5.000   1.0274   0.01122   0.00541  -0.1061  0.5778  1.0000  -1.5082   0.0000   0.0000   0.0000   0.3464
   5.500   1.0776   0.01167   0.00574  -0.1050  0.5414  1.0000  -1.6479   0.0000   0.0000   0.0000   0.3400
   6.000   1.1256   0.01226   0.00621  -0.1036  0.5006  1.0000  -1.8094   0.0000   0.0000   0.0000   0.3340
   6.500   1.1715   0.01300   0.00682  -0.1020  0.4584  1.0000  -1.9989   0.0000   0.0000   0.0000   0.3283
   7.000   1.2147   0.01391   0.00757  -0.1000  0.4158  1.0000  -2.2657   0.0000   0.0000   0.0000   0.3229
   7.500   1.2563   0.01486   0.00843  -0.0979  0.3731  1.0000  -2.5787   0.0000   0.0000   0.0000   0.3179
   8.000   1.2942   0.01601   0.00943  -0.0953  0.3318  1.0000  -2.8917   0.0000   0.0000   0.0000   0.3129
   8.500   1.3288   0.01726   0.01059  -0.0923  0.2911  1.0000  -3.2044   0.0000   0.0000   0.0000   0.3080
   9.000   1.3580   0.01865   0.01188  -0.0886  0.2531  1.0000  -3.5073   0.0000   0.0000   0.0000   0.3030
   9.500   1.3814   0.02037   0.01348  -0.0844  0.2163  1.0000  -3.7963   0.0000   0.0000   0.0000   0.2981
  10.000   1.4036   0.02232   0.01538  -0.0805  0.1819  1.0000  -4.0851   0.0000   0.0000   0.0000   0.2936


