xflr5 v6.61

 Calculated polar for: peg24_40_revT

 1 1 Reynolds number fixed          Mach number fixed         

 xtrf =   1.000 (top)        1.000 (bottom)
 Mach =   0.000     Re =     0.475 e 6     Ncrit =   9.000

  alpha     CL        CD       CDp       Cm    Top Xtr Bot Xtr   Cpmin    Chinge    XCp    
 ------- -------- --------- --------- -------- ------- ------- -------- --------- ---------
   0.000   0.4449   0.00744   0.00264  -0.1005  0.7283  0.7476  -0.7101   0.0000   0.0000   0.0000   0.4746
   0.500   0.4996   0.00736   0.00266  -0.0999  0.7153  0.7944  -0.7612   0.0000   0.0000   0.0000   0.4480
   1.000   0.5528   0.00735   0.00267  -0.0988  0.7008  0.8355  -0.8149   0.0000   0.0000   0.0000   0.4262
   2.000   0.6538   0.00722   0.00269  -0.0955  0.6673  0.9230  -0.9300   0.0000   0.0000   0.0000   0.3926
   2.500   0.7178   0.00718   0.00263  -0.0969  0.6466  1.0000  -1.0061   0.0000   0.0000   0.0000   0.3810
   3.000   0.7745   0.00737   0.00270  -0.0972  0.6224  1.0000  -1.0821   0.0000   0.0000   0.0000   0.3710
   3.500   0.8299   0.00761   0.00284  -0.0972  0.5942  1.0000  -1.1698   0.0000   0.0000   0.0000   0.3621
   4.000   0.8842   0.00791   0.00305  -0.0970  0.5624  1.0000  -1.2683   0.0000   0.0000   0.0000   0.3541
   4.500   0.9366   0.00834   0.00332  -0.0965  0.5246  1.0000  -1.3837   0.0000   0.0000   0.0000   0.3469
   5.000   0.9884   0.00883   0.00368  -0.0959  0.4867  1.0000  -1.5126   0.0000   0.0000   0.0000   0.3403
   5.500   1.0384   0.00945   0.00412  -0.0950  0.4437  1.0000  -1.6703   0.0000   0.0000   0.0000   0.3342
   6.000   1.0885   0.01007   0.00462  -0.0942  0.4038  1.0000  -1.8685   0.0000   0.0000   0.0000   0.3287
   6.500   1.1360   0.01086   0.00522  -0.0931  0.3608  1.0000  -2.1916   0.0000   0.0000   0.0000   0.3235
   7.000   1.1829   0.01167   0.00589  -0.0919  0.3178  1.0000  -2.5283   0.0000   0.0000   0.0000   0.3186
   7.500   1.2283   0.01257   0.00664  -0.0905  0.2762  1.0000  -2.8748   0.0000   0.0000   0.0000   0.3139
   8.000   1.2707   0.01363   0.00751  -0.0887  0.2340  1.0000  -3.2247   0.0000   0.0000   0.0000   0.3094
   8.500   1.3098   0.01487   0.00854  -0.0866  0.1901  1.0000  -3.5748   0.0000   0.0000   0.0000   0.3050
   9.000   1.3456   0.01623   0.00970  -0.0840  0.1485  1.0000  -3.9235   0.0000   0.0000   0.0000   0.3006
   9.500   1.3762   0.01768   0.01098  -0.0806  0.1145  1.0000  -4.2611   0.0000   0.0000   0.0000   0.2960
  10.000   1.4028   0.01936   0.01255  -0.0769  0.0886  1.0000  -4.5938   0.0000   0.0000   0.0000   0.2915


