xflr5 v6.61

 Calculated polar for: peg24_65_revT

 1 1 Reynolds number fixed          Mach number fixed         

 xtrf =   1.000 (top)        1.000 (bottom)
 Mach =   0.000     Re =     0.435 e 6     Ncrit =   9.000

  alpha     CL        CD       CDp       Cm    Top Xtr Bot Xtr   Cpmin    Chinge    XCp    
 ------- -------- --------- --------- -------- ------- ------- -------- --------- ---------
   0.000   0.5628   0.00839   0.00331  -0.1297  0.7336  0.6716  -0.7999   0.0000   0.0000   0.0000   0.4791
   0.500   0.6180   0.00836   0.00342  -0.1292  0.7235  0.7407  -0.8484   0.0000   0.0000   0.0000   0.4571
   1.000   0.6724   0.00825   0.00341  -0.1285  0.7115  0.7955  -0.9029   0.0000   0.0000   0.0000   0.4385
   1.500   0.7252   0.00821   0.00343  -0.1274  0.6995  0.8464  -0.9606   0.0000   0.0000   0.0000   0.4224
   2.500   0.8316   0.00793   0.00331  -0.1253  0.6703  1.0000  -1.0860   0.0000   0.0000   0.0000   0.3964
   3.000   0.8892   0.00805   0.00333  -0.1257  0.6526  1.0000  -1.1623   0.0000   0.0000   0.0000   0.3865
   3.500   0.9455   0.00820   0.00345  -0.1258  0.6319  1.0000  -1.2431   0.0000   0.0000   0.0000   0.3776
   4.000   1.0003   0.00842   0.00359  -0.1257  0.6070  1.0000  -1.3355   0.0000   0.0000   0.0000   0.3695
   4.500   1.0537   0.00874   0.00380  -0.1252  0.5783  1.0000  -1.4375   0.0000   0.0000   0.0000   0.3622
   5.000   1.1047   0.00919   0.00410  -0.1244  0.5427  1.0000  -1.5514   0.0000   0.0000   0.0000   0.3553
   5.500   1.1549   0.00972   0.00452  -0.1235  0.5055  1.0000  -1.6775   0.0000   0.0000   0.0000   0.3490
   6.000   1.2017   0.01044   0.00505  -0.1221  0.4628  1.0000  -1.8204   0.0000   0.0000   0.0000   0.3430
   6.500   1.2478   0.01120   0.00566  -0.1206  0.4214  1.0000  -1.9790   0.0000   0.0000   0.0000   0.3374
   7.000   1.2914   0.01208   0.00639  -0.1188  0.3811  1.0000  -2.1619   0.0000   0.0000   0.0000   0.3321
   7.500   1.3322   0.01308   0.00722  -0.1166  0.3399  1.0000  -2.3650   0.0000   0.0000   0.0000   0.3269
   8.000   1.3714   0.01411   0.00812  -0.1142  0.3032  1.0000  -2.6661   0.0000   0.0000   0.0000   0.3219
   8.500   1.4053   0.01526   0.00915  -0.1110  0.2675  1.0000  -2.9633   0.0000   0.0000   0.0000   0.3169
   9.000   1.4342   0.01663   0.01039  -0.1072  0.2336  1.0000  -3.2531   0.0000   0.0000   0.0000   0.3119
   9.500   1.4628   0.01809   0.01177  -0.1036  0.2028  1.0000  -3.5504   0.0000   0.0000   0.0000   0.3072
  10.000   1.4873   0.01990   0.01348  -0.0999  0.1729  1.0000  -3.8404   0.0000   0.0000   0.0000   0.3027


