xflr5 v6.61

 Calculated polar for: peg24_55_revT

 1 1 Reynolds number fixed          Mach number fixed         

 xtrf =   1.000 (top)        1.000 (bottom)
 Mach =   0.000     Re =     0.050 e 6     Ncrit =   9.000

  alpha     CL        CD       CDp       Cm    Top Xtr Bot Xtr   Cpmin    Chinge    XCp    
 ------- -------- --------- --------- -------- ------- ------- -------- --------- ---------
   0.000   0.0704   0.03367   0.02515  -0.0688  0.9766  1.0000  -0.8292   0.0000   0.0000   0.0000   1.2335
   0.500   0.1604   0.03644   0.02726  -0.0786  0.9526  1.0000  -0.6098   0.0000   0.0000   0.0000   0.7404
   1.000   0.2333   0.03890   0.02930  -0.0847  0.9284  1.0000  -0.5468   0.0000   0.0000   0.0000   0.6118
   1.500   0.3001   0.04131   0.03141  -0.0894  0.9025  1.0000  -0.5951   0.0000   0.0000   0.0000   0.5454
   2.000   0.3637   0.04371   0.03359  -0.0931  0.8754  1.0000  -0.6443   0.0000   0.0000   0.0000   0.5028
   2.500   0.4240   0.04609   0.03583  -0.0960  0.8478  1.0000  -0.6951   0.0000   0.0000   0.0000   0.4726
   3.000   0.4833   0.04841   0.03807  -0.0984  0.8191  1.0000  -0.7491   0.0000   0.0000   0.0000   0.4491
   3.500   0.5413   0.05065   0.04027  -0.1002  0.7901  1.0000  -0.8072   0.0000   0.0000   0.0000   0.4302
   4.000   0.5992   0.05276   0.04238  -0.1016  0.7610  1.0000  -0.8704   0.0000   0.0000   0.0000   0.4141
   4.500   0.6588   0.05462   0.04430  -0.1027  0.7320  1.0000  -0.9428   0.0000   0.0000   0.0000   0.3999
   5.000   0.7190   0.05620   0.04597  -0.1033  0.7036  1.0000  -1.0263   0.0000   0.0000   0.0000   0.3871
   5.500   0.7798   0.05742   0.04733  -0.1033  0.6758  1.0000  -1.1191   0.0000   0.0000   0.0000   0.3755
   6.000   0.7957   0.06071   0.05074  -0.1004  0.6425  1.0000  -1.1660   0.0000   0.0000   0.0000   0.3686
   6.500   0.8322   0.06312   0.05332  -0.0988  0.6118  1.0000  -1.2453   0.0000   0.0000   0.0000   0.3605
   7.000   0.8763   0.06488   0.05528  -0.0972  0.5817  1.0000  -1.3459   0.0000   0.0000   0.0000   0.3521
   7.500   0.9284   0.06571   0.05634  -0.0954  0.5525  1.0000  -1.4787   0.0000   0.0000   0.0000   0.3433
   8.000   0.9846   0.06564   0.05656  -0.0929  0.5241  1.0000  -1.6431   0.0000   0.0000   0.0000   0.3342
   8.500   1.0609   0.06224   0.05349  -0.0892  0.4967  1.0000  -1.8930   0.0000   0.0000   0.0000   0.3232
   9.000   1.2631   0.04557   0.03728  -0.0881  0.4642  1.0000  -2.6753   0.0000   0.0000   0.0000   0.3082
   9.500   1.3544   0.04235   0.03401  -0.0871  0.4135  1.0000  -3.1679   0.0000   0.0000   0.0000   0.3018
  10.000   1.3701   0.04484   0.03670  -0.0813  0.3701  1.0000  -3.3901   0.0000   0.0000   0.0000   0.2961


