xflr5 v6.61

 Calculated polar for: peg24_05_revT

 1 1 Reynolds number fixed          Mach number fixed         

 xtrf =   1.000 (top)        1.000 (bottom)
 Mach =   0.000     Re =     0.080 e 6     Ncrit =   9.000

  alpha     CL        CD       CDp       Cm    Top Xtr Bot Xtr   Cpmin    Chinge    XCp    
 ------- -------- --------- --------- -------- ------- ------- -------- --------- ---------
   0.000   0.1860   0.02209   0.01448  -0.0567  0.8822  1.0000  -0.5079   0.0000   0.0000   0.0000   0.5547
   0.500   0.3033   0.02191   0.01412  -0.0677  0.8671  1.0000  -0.5933   0.0000   0.0000   0.0000   0.4720
   1.000   0.3543   0.02202   0.01411  -0.0672  0.8414  1.0000  -0.6420   0.0000   0.0000   0.0000   0.4378
   1.500   0.4078   0.02217   0.01418  -0.0666  0.8161  1.0000  -0.6973   0.0000   0.0000   0.0000   0.4109
   2.000   0.4639   0.02226   0.01423  -0.0660  0.7909  1.0000  -0.7602   0.0000   0.0000   0.0000   0.3894
   2.500   0.5212   0.02223   0.01419  -0.0652  0.7656  1.0000  -0.8305   0.0000   0.0000   0.0000   0.3717
   3.000   0.5785   0.02208   0.01405  -0.0640  0.7396  1.0000  -0.9106   0.0000   0.0000   0.0000   0.3568
   3.500   0.6347   0.02187   0.01388  -0.0624  0.7126  1.0000  -1.0064   0.0000   0.0000   0.0000   0.3442
   4.000   0.6909   0.02161   0.01367  -0.0607  0.6843  1.0000  -1.1196   0.0000   0.0000   0.0000   0.3333
   4.500   0.7479   0.02126   0.01335  -0.0590  0.6544  1.0000  -1.2735   0.0000   0.0000   0.0000   0.3239
   5.000   0.8065   0.02090   0.01297  -0.0575  0.6228  1.0000  -1.4731   0.0000   0.0000   0.0000   0.3157
   5.500   0.8512   0.02117   0.01336  -0.0545  0.5833  1.0000  -1.7758   0.0000   0.0000   0.0000   0.3080
   6.000   0.9057   0.02113   0.01323  -0.0526  0.5441  1.0000  -2.1310   0.0000   0.0000   0.0000   0.3015
   6.500   0.9517   0.02145   0.01353  -0.0497  0.4979  1.0000  -2.4723   0.0000   0.0000   0.0000   0.2951
   7.000   0.9937   0.02207   0.01414  -0.0465  0.4490  1.0000  -2.8110   0.0000   0.0000   0.0000   0.2891
   7.500   1.0323   0.02282   0.01484  -0.0429  0.3962  1.0000  -3.1491   0.0000   0.0000   0.0000   0.2832
   8.000   1.0656   0.02388   0.01567  -0.0388  0.3389  1.0000  -3.4751   0.0000   0.0000   0.0000   0.2774
   8.500   1.0877   0.02539   0.01713  -0.0334  0.2763  1.0000  -3.7515   0.0000   0.0000   0.0000   0.2710
   9.000   1.1049   0.02770   0.01904  -0.0279  0.2151  1.0000  -3.9986   0.0000   0.0000   0.0000   0.2648
   9.500   1.1196   0.03063   0.02181  -0.0224  0.1650  1.0000  -4.2039   0.0000   0.0000   0.0000   0.2589
  10.000   1.1418   0.03429   0.02514  -0.0184  0.1281  1.0000  -4.4131   0.0000   0.0000   0.0000   0.2544


