xflr5 v6.61

 Calculated polar for: peg24_30_revT

 1 1 Reynolds number fixed          Mach number fixed         

 xtrf =   1.000 (top)        1.000 (bottom)
 Mach =   0.000     Re =     0.060 e 6     Ncrit =   9.000

  alpha     CL        CD       CDp       Cm    Top Xtr Bot Xtr   Cpmin    Chinge    XCp    
 ------- -------- --------- --------- -------- ------- ------- -------- --------- ---------
   0.000   0.1439   0.02841   0.01979  -0.0672  0.9259  1.0000  -0.5319   0.0000   0.0000   0.0000   0.7180
   0.500   0.2116   0.02982   0.02088  -0.0715  0.9024  1.0000  -0.5298   0.0000   0.0000   0.0000   0.5872
   1.000   0.2788   0.03129   0.02211  -0.0753  0.8779  1.0000  -0.5808   0.0000   0.0000   0.0000   0.5183
   1.500   0.3459   0.03273   0.02339  -0.0787  0.8527  1.0000  -0.6356   0.0000   0.0000   0.0000   0.4749
   2.000   0.4120   0.03410   0.02467  -0.0814  0.8273  1.0000  -0.6933   0.0000   0.0000   0.0000   0.4445
   2.500   0.4776   0.03531   0.02584  -0.0836  0.8011  1.0000  -0.7566   0.0000   0.0000   0.0000   0.4214
   3.000   0.5415   0.03637   0.02690  -0.0851  0.7746  1.0000  -0.8262   0.0000   0.0000   0.0000   0.4030
   3.500   0.6029   0.03725   0.02784  -0.0858  0.7475  1.0000  -0.9002   0.0000   0.0000   0.0000   0.3877
   4.000   0.6627   0.03791   0.02860  -0.0857  0.7195  1.0000  -0.9835   0.0000   0.0000   0.0000   0.3744
   4.500   0.7231   0.03827   0.02909  -0.0853  0.6918  1.0000  -1.0814   0.0000   0.0000   0.0000   0.3624
   5.000   0.7837   0.03822   0.02921  -0.0841  0.6642  1.0000  -1.1977   0.0000   0.0000   0.0000   0.3513
   5.500   0.8465   0.03757   0.02877  -0.0824  0.6369  1.0000  -1.3372   0.0000   0.0000   0.0000   0.3409
   6.000   0.9151   0.03607   0.02750  -0.0806  0.6093  1.0000  -1.5270   0.0000   0.0000   0.0000   0.3310
   6.500   0.9885   0.03393   0.02557  -0.0786  0.5798  1.0000  -1.7717   0.0000   0.0000   0.0000   0.3220
   7.000   1.0723   0.03100   0.02272  -0.0774  0.5467  1.0000  -2.2032   0.0000   0.0000   0.0000   0.3140
   7.500   1.1195   0.03107   0.02296  -0.0741  0.5019  1.0000  -2.5292   0.0000   0.0000   0.0000   0.3074
   8.000   1.1712   0.03099   0.02286  -0.0712  0.4535  1.0000  -2.8922   0.0000   0.0000   0.0000   0.3012
   8.500   1.2159   0.03161   0.02339  -0.0679  0.4011  1.0000  -3.2392   0.0000   0.0000   0.0000   0.2955
   9.000   1.2528   0.03281   0.02446  -0.0639  0.3455  1.0000  -3.5633   0.0000   0.0000   0.0000   0.2900
   9.500   1.2829   0.03468   0.02604  -0.0597  0.2898  1.0000  -3.8613   0.0000   0.0000   0.0000   0.2847
  10.000   1.3074   0.03749   0.02851  -0.0553  0.2379  1.0000  -4.1257   0.0000   0.0000   0.0000   0.2797


