xflr5 v6.61

 Calculated polar for: peg24_80_revT

 1 1 Reynolds number fixed          Mach number fixed         

 xtrf =   1.000 (top)        1.000 (bottom)
 Mach =   0.000     Re =     0.470 e 6     Ncrit =   9.000

  alpha     CL        CD       CDp       Cm    Top Xtr Bot Xtr   Cpmin    Chinge    XCp    
 ------- -------- --------- --------- -------- ------- ------- -------- --------- ---------
   0.000   0.6347   0.00869   0.00340  -0.1469  0.7278  0.5876  -0.8559   0.0000   0.0000   0.0000   0.4801
   0.500   0.6906   0.00849   0.00347  -0.1468  0.7193  0.6676  -0.9052   0.0000   0.0000   0.0000   0.4605
   1.000   0.7465   0.00836   0.00346  -0.1464  0.7088  0.7369  -0.9588   0.0000   0.0000   0.0000   0.4434
   1.500   0.8012   0.00835   0.00354  -0.1459  0.6983  0.7962  -1.0172   0.0000   0.0000   0.0000   0.4287
   2.000   0.8533   0.00821   0.00355  -0.1447  0.6855  0.8521  -1.0786   0.0000   0.0000   0.0000   0.4155
   2.500   0.9002   0.00803   0.00349  -0.1421  0.6726  0.9411  -1.1373   0.0000   0.0000   0.0000   0.4033
   3.000   0.9601   0.00805   0.00349  -0.1430  0.6568  1.0000  -1.2137   0.0000   0.0000   0.0000   0.3937
   3.500   1.0168   0.00822   0.00360  -0.1432  0.6400  1.0000  -1.2926   0.0000   0.0000   0.0000   0.3850
   4.000   1.0719   0.00842   0.00371  -0.1431  0.6183  1.0000  -1.3827   0.0000   0.0000   0.0000   0.3771
   4.500   1.1256   0.00870   0.00391  -0.1427  0.5932  1.0000  -1.4785   0.0000   0.0000   0.0000   0.3697
   5.000   1.1773   0.00908   0.00419  -0.1420  0.5605  1.0000  -1.5885   0.0000   0.0000   0.0000   0.3629
   5.500   1.2264   0.00962   0.00457  -0.1409  0.5242  1.0000  -1.7051   0.0000   0.0000   0.0000   0.3565
   6.000   1.2732   0.01029   0.00510  -0.1394  0.4846  1.0000  -1.8333   0.0000   0.0000   0.0000   0.3505
   6.500   1.3168   0.01113   0.00574  -0.1375  0.4421  1.0000  -1.9771   0.0000   0.0000   0.0000   0.3447
   7.000   1.3593   0.01200   0.00647  -0.1355  0.4022  1.0000  -2.1308   0.0000   0.0000   0.0000   0.3392
   7.500   1.3967   0.01307   0.00735  -0.1327  0.3621  1.0000  -2.2914   0.0000   0.0000   0.0000   0.3338
   8.000   1.4319   0.01411   0.00829  -0.1295  0.3257  1.0000  -2.4761   0.0000   0.0000   0.0000   0.3285
   8.500   1.4624   0.01533   0.00939  -0.1257  0.2925  1.0000  -2.6732   0.0000   0.0000   0.0000   0.3233
   9.000   1.4887   0.01682   0.01074  -0.1217  0.2609  1.0000  -2.9007   0.0000   0.0000   0.0000   0.3182
   9.500   1.5148   0.01845   0.01229  -0.1179  0.2317  1.0000  -3.1628   0.0000   0.0000   0.0000   0.3135
  10.000   1.5397   0.02028   0.01406  -0.1144  0.2039  1.0000  -3.4353   0.0000   0.0000   0.0000   0.3091


