xflr5 v6.61

 Calculated polar for: peg24_60_revT

 1 1 Reynolds number fixed          Mach number fixed         

 xtrf =   1.000 (top)        1.000 (bottom)
 Mach =   0.000     Re =     0.275 e 6     Ncrit =   9.000

  alpha     CL        CD       CDp       Cm    Top Xtr Bot Xtr   Cpmin    Chinge    XCp    
 ------- -------- --------- --------- -------- ------- ------- -------- --------- ---------
   0.000   0.5270   0.01078   0.00546  -0.1230  0.7618  0.7650  -0.7709   0.0000   0.0000   0.0000   0.4822
   0.500   0.5782   0.01073   0.00548  -0.1212  0.7513  0.8234  -0.8175   0.0000   0.0000   0.0000   0.4579
   1.000   0.6245   0.01051   0.00540  -0.1184  0.7388  0.8820  -0.8667   0.0000   0.0000   0.0000   0.4372
   1.500   0.6794   0.01021   0.00508  -0.1171  0.7273  0.9674  -0.9254   0.0000   0.0000   0.0000   0.4194
   2.000   0.7417   0.01017   0.00500  -0.1187  0.7124  1.0000  -0.9907   0.0000   0.0000   0.0000   0.4064
   2.500   0.8010   0.01019   0.00489  -0.1193  0.6978  1.0000  -1.0598   0.0000   0.0000   0.0000   0.3947
   3.000   0.8579   0.01020   0.00483  -0.1194  0.6805  1.0000  -1.1355   0.0000   0.0000   0.0000   0.3844
   3.500   0.9137   0.01029   0.00490  -0.1193  0.6614  1.0000  -1.2169   0.0000   0.0000   0.0000   0.3752
   4.000   0.9689   0.01040   0.00495  -0.1190  0.6396  1.0000  -1.3089   0.0000   0.0000   0.0000   0.3669
   4.500   1.0228   0.01056   0.00505  -0.1185  0.6134  1.0000  -1.4132   0.0000   0.0000   0.0000   0.3593
   5.000   1.0750   0.01084   0.00525  -0.1177  0.5830  1.0000  -1.5301   0.0000   0.0000   0.0000   0.3524
   5.500   1.1250   0.01128   0.00554  -0.1166  0.5472  1.0000  -1.6579   0.0000   0.0000   0.0000   0.3459
   6.000   1.1732   0.01185   0.00602  -0.1152  0.5085  1.0000  -1.8066   0.0000   0.0000   0.0000   0.3399
   6.500   1.2178   0.01264   0.00662  -0.1134  0.4659  1.0000  -1.9693   0.0000   0.0000   0.0000   0.3341
   7.000   1.2613   0.01348   0.00736  -0.1115  0.4239  1.0000  -2.1619   0.0000   0.0000   0.0000   0.3287
   7.500   1.3012   0.01451   0.00824  -0.1091  0.3828  1.0000  -2.4038   0.0000   0.0000   0.0000   0.3234
   8.000   1.3380   0.01563   0.00923  -0.1063  0.3417  1.0000  -2.7018   0.0000   0.0000   0.0000   0.3183
   8.500   1.3709   0.01688   0.01038  -0.1030  0.3042  1.0000  -2.9973   0.0000   0.0000   0.0000   0.3132
   9.000   1.3983   0.01828   0.01168  -0.0989  0.2680  1.0000  -3.2836   0.0000   0.0000   0.0000   0.3081
   9.500   1.4211   0.02003   0.01331  -0.0947  0.2339  1.0000  -3.5604   0.0000   0.0000   0.0000   0.3032
  10.000   1.4446   0.02191   0.01516  -0.0910  0.2013  1.0000  -3.8461   0.0000   0.0000   0.0000   0.2988


