xflr5 v6.61

 Calculated polar for: peg24_50_revT

 1 1 Reynolds number fixed          Mach number fixed         

 xtrf =   1.000 (top)        1.000 (bottom)
 Mach =   0.000     Re =     0.390 e 6     Ncrit =   9.000

  alpha     CL        CD       CDp       Cm    Top Xtr Bot Xtr   Cpmin    Chinge    XCp    
 ------- -------- --------- --------- -------- ------- ------- -------- --------- ---------
   0.000   0.4892   0.00841   0.00346  -0.1120  0.7409  0.7462  -0.7431   0.0000   0.0000   0.0000   0.4776
   0.500   0.5437   0.00839   0.00343  -0.1111  0.7290  0.7980  -0.7930   0.0000   0.0000   0.0000   0.4524
   1.000   0.5954   0.00828   0.00346  -0.1097  0.7160  0.8455  -0.8454   0.0000   0.0000   0.0000   0.4318
   1.500   0.6452   0.00819   0.00339  -0.1077  0.7020  0.8936  -0.9017   0.0000   0.0000   0.0000   0.4139
   2.000   0.6984   0.00798   0.00330  -0.1066  0.6860  0.9641  -0.9616   0.0000   0.0000   0.0000   0.3990
   2.500   0.7617   0.00805   0.00326  -0.1082  0.6687  1.0000  -1.0358   0.0000   0.0000   0.0000   0.3879
   3.000   0.8188   0.00820   0.00329  -0.1085  0.6488  1.0000  -1.1107   0.0000   0.0000   0.0000   0.3778
   3.500   0.8743   0.00836   0.00338  -0.1084  0.6248  1.0000  -1.1970   0.0000   0.0000   0.0000   0.3688
   4.000   0.9286   0.00862   0.00354  -0.1081  0.5971  1.0000  -1.2890   0.0000   0.0000   0.0000   0.3607
   4.500   0.9818   0.00894   0.00379  -0.1077  0.5650  1.0000  -1.3999   0.0000   0.0000   0.0000   0.3533
   5.000   1.0332   0.00939   0.00411  -0.1069  0.5276  1.0000  -1.5206   0.0000   0.0000   0.0000   0.3466
   5.500   1.0829   0.00997   0.00454  -0.1059  0.4881  1.0000  -1.6615   0.0000   0.0000   0.0000   0.3403
   6.000   1.1310   0.01065   0.00507  -0.1047  0.4455  1.0000  -1.8249   0.0000   0.0000   0.0000   0.3345
   6.500   1.1782   0.01139   0.00567  -0.1035  0.4047  1.0000  -2.0215   0.0000   0.0000   0.0000   0.3291
   7.000   1.2222   0.01232   0.00641  -0.1018  0.3618  1.0000  -2.3180   0.0000   0.0000   0.0000   0.3239
   7.500   1.2661   0.01321   0.00719  -0.1001  0.3208  1.0000  -2.6431   0.0000   0.0000   0.0000   0.3190
   8.000   1.3066   0.01428   0.00811  -0.0980  0.2808  1.0000  -2.9696   0.0000   0.0000   0.0000   0.3142
   8.500   1.3441   0.01546   0.00915  -0.0955  0.2416  1.0000  -3.2980   0.0000   0.0000   0.0000   0.3095
   9.000   1.3770   0.01672   0.01030  -0.0923  0.2061  1.0000  -3.6204   0.0000   0.0000   0.0000   0.3048
   9.500   1.4041   0.01831   0.01171  -0.0885  0.1699  1.0000  -3.9297   0.0000   0.0000   0.0000   0.3000
  10.000   1.4292   0.02007   0.01338  -0.0848  0.1369  1.0000  -4.2384   0.0000   0.0000   0.0000   0.2956


