xflr5 v6.61

 Calculated polar for: peg24_50_revT

 1 1 Reynolds number fixed          Mach number fixed         

 xtrf =   1.000 (top)        1.000 (bottom)
 Mach =   0.000     Re =     0.110 e 6     Ncrit =   9.000

  alpha     CL        CD       CDp       Cm    Top Xtr Bot Xtr   Cpmin    Chinge    XCp    
 ------- -------- --------- --------- -------- ------- ------- -------- --------- ---------
   0.000   0.3686   0.02226   0.01584  -0.1019  0.8212  1.0000  -0.6461   0.0000   0.0000   0.0000   0.5260
   0.500   0.4535   0.02195   0.01524  -0.1067  0.8124  1.0000  -0.7114   0.0000   0.0000   0.0000   0.4841
   1.000   0.5039   0.02256   0.01569  -0.1068  0.7924  1.0000  -0.7583   0.0000   0.0000   0.0000   0.4599
   1.500   0.5816   0.02194   0.01490  -0.1091  0.7836  1.0000  -0.8311   0.0000   0.0000   0.0000   0.4348
   2.000   0.6305   0.02242   0.01532  -0.1082  0.7627  1.0000  -0.8836   0.0000   0.0000   0.0000   0.4183
   2.500   0.6899   0.02233   0.01517  -0.1080  0.7466  1.0000  -0.9513   0.0000   0.0000   0.0000   0.4027
   3.000   0.7562   0.02159   0.01438  -0.1081  0.7321  1.0000  -1.0332   0.0000   0.0000   0.0000   0.3886
   3.500   0.8099   0.02151   0.01432  -0.1070  0.7113  1.0000  -1.1096   0.0000   0.0000   0.0000   0.3772
   4.000   0.8702   0.02098   0.01380  -0.1063  0.6929  1.0000  -1.2046   0.0000   0.0000   0.0000   0.3667
   4.500   0.9382   0.01990   0.01267  -0.1063  0.6759  1.0000  -1.3238   0.0000   0.0000   0.0000   0.3573
   5.000   0.9938   0.01951   0.01232  -0.1051  0.6508  1.0000  -1.4443   0.0000   0.0000   0.0000   0.3492
   5.500   1.0509   0.01907   0.01188  -0.1041  0.6235  1.0000  -1.5851   0.0000   0.0000   0.0000   0.3418
   6.000   1.1002   0.01912   0.01200  -0.1022  0.5895  1.0000  -1.7385   0.0000   0.0000   0.0000   0.3350
   6.500   1.1518   0.01912   0.01196  -0.1005  0.5524  1.0000  -1.9275   0.0000   0.0000   0.0000   0.3288
   7.000   1.2003   0.01953   0.01229  -0.0986  0.5118  1.0000  -2.1529   0.0000   0.0000   0.0000   0.3230
   7.500   1.2455   0.02022   0.01280  -0.0963  0.4682  1.0000  -2.4605   0.0000   0.0000   0.0000   0.3175
   8.000   1.2834   0.02128   0.01385  -0.0933  0.4235  1.0000  -2.7614   0.0000   0.0000   0.0000   0.3121
   8.500   1.3189   0.02257   0.01505  -0.0901  0.3795  1.0000  -3.0679   0.0000   0.0000   0.0000   0.3070
   9.000   1.3496   0.02411   0.01637  -0.0864  0.3361  1.0000  -3.3676   0.0000   0.0000   0.0000   0.3019
   9.500   1.3711   0.02582   0.01814  -0.0816  0.2939  1.0000  -3.6378   0.0000   0.0000   0.0000   0.2967
  10.000   1.3859   0.02793   0.02014  -0.0762  0.2554  1.0000  -3.8880   0.0000   0.0000   0.0000   0.2913


