xflr5 v6.61

 Calculated polar for: peg24_40_revT

 1 1 Reynolds number fixed          Mach number fixed         

 xtrf =   1.000 (top)        1.000 (bottom)
 Mach =   0.000     Re =     0.280 e 6     Ncrit =   9.000

  alpha     CL        CD       CDp       Cm    Top Xtr Bot Xtr   Cpmin    Chinge    XCp    
 ------- -------- --------- --------- -------- ------- ------- -------- --------- ---------
   0.000   0.4320   0.00977   0.00463  -0.0988  0.7634  0.8204  -0.6999   0.0000   0.0000   0.0000   0.4775
   0.500   0.4808   0.00971   0.00460  -0.0964  0.7513  0.8684  -0.7472   0.0000   0.0000   0.0000   0.4487
   1.000   0.5269   0.00949   0.00444  -0.0934  0.7364  0.9202  -0.7959   0.0000   0.0000   0.0000   0.4248
   1.500   0.5949   0.00932   0.00424  -0.0953  0.7219  0.9827  -0.8626   0.0000   0.0000   0.0000   0.4073
   2.000   0.6570   0.00929   0.00407  -0.0967  0.7047  1.0000  -0.9293   0.0000   0.0000   0.0000   0.3938
   2.500   0.7135   0.00937   0.00410  -0.0970  0.6855  1.0000  -0.9993   0.0000   0.0000   0.0000   0.3820
   3.000   0.7697   0.00947   0.00412  -0.0970  0.6649  1.0000  -1.0748   0.0000   0.0000   0.0000   0.3716
   3.500   0.8250   0.00960   0.00417  -0.0968  0.6415  1.0000  -1.1617   0.0000   0.0000   0.0000   0.3623
   4.000   0.8791   0.00978   0.00428  -0.0963  0.6135  1.0000  -1.2593   0.0000   0.0000   0.0000   0.3541
   4.500   0.9321   0.01006   0.00447  -0.0957  0.5819  1.0000  -1.3740   0.0000   0.0000   0.0000   0.3466
   5.500   1.0334   0.01099   0.00516  -0.0938  0.5066  1.0000  -1.6567   0.0000   0.0000   0.0000   0.3336
   6.000   1.0812   0.01167   0.00568  -0.0925  0.4641  1.0000  -1.8422   0.0000   0.0000   0.0000   0.3277
   6.500   1.1281   0.01241   0.00630  -0.0911  0.4217  1.0000  -2.1365   0.0000   0.0000   0.0000   0.3223
   7.000   1.1730   0.01327   0.00705  -0.0895  0.3787  1.0000  -2.4613   0.0000   0.0000   0.0000   0.3172
   7.500   1.2149   0.01429   0.00790  -0.0875  0.3352  1.0000  -2.7903   0.0000   0.0000   0.0000   0.3123
   8.000   1.2555   0.01537   0.00885  -0.0855  0.2920  1.0000  -3.1272   0.0000   0.0000   0.0000   0.3077
   8.500   1.2931   0.01658   0.00997  -0.0830  0.2504  1.0000  -3.4646   0.0000   0.0000   0.0000   0.3031
   9.000   1.3250   0.01802   0.01126  -0.0798  0.2100  1.0000  -3.7906   0.0000   0.0000   0.0000   0.2984
   9.500   1.3506   0.01971   0.01278  -0.0759  0.1702  1.0000  -4.0998   0.0000   0.0000   0.0000   0.2936
  10.000   1.3736   0.02166   0.01462  -0.0721  0.1333  1.0000  -4.4034   0.0000   0.0000   0.0000   0.2892


