xflr5 v6.61

 Calculated polar for: peg24_15_revT

 1 1 Reynolds number fixed          Mach number fixed         

 xtrf =   1.000 (top)        1.000 (bottom)
 Mach =   0.000     Re =     0.125 e 6     Ncrit =   9.000

  alpha     CL        CD       CDp       Cm    Top Xtr Bot Xtr   Cpmin    Chinge    XCp    
 ------- -------- --------- --------- -------- ------- ------- -------- --------- ---------
   0.000   0.3726   0.01510   0.00878  -0.0835  0.8428  0.9968  -0.6392   0.0000   0.0000   0.0000   0.4732
   0.500   0.4143   0.01513   0.00871  -0.0817  0.8205  1.0000  -0.6814   0.0000   0.0000   0.0000   0.4458
   1.000   0.4527   0.01519   0.00866  -0.0787  0.7996  1.0000  -0.7253   0.0000   0.0000   0.0000   0.4218
   1.500   0.5022   0.01502   0.00834  -0.0768  0.7812  1.0000  -0.7815   0.0000   0.0000   0.0000   0.4003
   2.000   0.5495   0.01502   0.00826  -0.0749  0.7580  1.0000  -0.8406   0.0000   0.0000   0.0000   0.3832
   2.500   0.6003   0.01502   0.00820  -0.0734  0.7340  1.0000  -0.9076   0.0000   0.0000   0.0000   0.3688
   3.000   0.6530   0.01500   0.00813  -0.0722  0.7093  1.0000  -0.9856   0.0000   0.0000   0.0000   0.3566
   3.500   0.7064   0.01497   0.00806  -0.0710  0.6831  1.0000  -1.0771   0.0000   0.0000   0.0000   0.3460
   4.000   0.7602   0.01495   0.00799  -0.0698  0.6547  1.0000  -1.1890   0.0000   0.0000   0.0000   0.3369
   4.500   0.8141   0.01498   0.00793  -0.0686  0.6242  1.0000  -1.3247   0.0000   0.0000   0.0000   0.3289
   5.000   0.8643   0.01523   0.00820  -0.0671  0.5875  1.0000  -1.4962   0.0000   0.0000   0.0000   0.3217
   5.500   0.9154   0.01552   0.00839  -0.0656  0.5493  1.0000  -1.7785   0.0000   0.0000   0.0000   0.3153
   6.000   0.9634   0.01603   0.00888  -0.0639  0.5059  1.0000  -2.1069   0.0000   0.0000   0.0000   0.3093
   6.500   1.0105   0.01670   0.00944  -0.0621  0.4614  1.0000  -2.4481   0.0000   0.0000   0.0000   0.3039
   7.000   1.0552   0.01754   0.01016  -0.0601  0.4149  1.0000  -2.7955   0.0000   0.0000   0.0000   0.2988
   7.500   1.0961   0.01852   0.01104  -0.0577  0.3645  1.0000  -3.1419   0.0000   0.0000   0.0000   0.2938
   8.000   1.1336   0.01971   0.01216  -0.0550  0.3119  1.0000  -3.4841   0.0000   0.0000   0.0000   0.2891
   8.500   1.1667   0.02117   0.01359  -0.0520  0.2551  1.0000  -3.8141   0.0000   0.0000   0.0000   0.2844
   9.000   1.1917   0.02324   0.01541  -0.0481  0.1969  1.0000  -4.1117   0.0000   0.0000   0.0000   0.2795
   9.500   1.2084   0.02602   0.01786  -0.0435  0.1477  1.0000  -4.3627   0.0000   0.0000   0.0000   0.2744
  10.000   1.2224   0.02886   0.02065  -0.0388  0.1133  1.0000  -4.5900   0.0000   0.0000   0.0000   0.2695


