xflr5 v6.61

 Calculated polar for: peg24_0_revT

 1 1 Reynolds number fixed          Mach number fixed         

 xtrf =   1.000 (top)        1.000 (bottom)
 Mach =   0.000     Re =     0.340 e 6     Ncrit =   9.000

  alpha     CL        CD       CDp       Cm    Top Xtr Bot Xtr   Cpmin    Chinge    XCp    
 ------- -------- --------- --------- -------- ------- ------- -------- --------- ---------
   0.000   0.2429   0.00782   0.00299  -0.0501  0.7512  0.8594  -0.5678   0.0000   0.0000   0.0000   0.4552
   0.500   0.2924   0.00782   0.00296  -0.0480  0.7304  0.8917  -0.6158   0.0000   0.0000   0.0000   0.4124
   1.000   0.3428   0.00782   0.00295  -0.0461  0.7092  0.9228  -0.6658   0.0000   0.0000   0.0000   0.3820
   1.500   0.4042   0.00788   0.00295  -0.0465  0.6846  0.9500  -0.7307   0.0000   0.0000   0.0000   0.3623
   2.000   0.4779   0.00801   0.00297  -0.0500  0.6588  0.9692  -0.8073   0.0000   0.0000   0.0000   0.3514
   2.500   0.5572   0.00813   0.00303  -0.0549  0.6269  0.9819  -0.9014   0.0000   0.0000   0.0000   0.3449
   3.000   0.6350   0.00829   0.00306  -0.0597  0.5921  0.9951  -1.0149   0.0000   0.0000   0.0000   0.3400
   3.500   0.6855   0.00849   0.00313  -0.0592  0.5569  1.0000  -1.1197   0.0000   0.0000   0.0000   0.3319
   4.000   0.7202   0.00877   0.00328  -0.0553  0.5223  1.0000  -1.2425   0.0000   0.0000   0.0000   0.3219
   4.500   0.7614   0.00917   0.00356  -0.0525  0.4838  1.0000  -1.4084   0.0000   0.0000   0.0000   0.3136
   5.000   0.8056   0.00965   0.00388  -0.0503  0.4461  1.0000  -1.6732   0.0000   0.0000   0.0000   0.3067
   5.500   0.8509   0.01016   0.00427  -0.0484  0.4033  1.0000  -2.0232   0.0000   0.0000   0.0000   0.3006
   6.000   0.8934   0.01087   0.00475  -0.0461  0.3454  1.0000  -2.3827   0.0000   0.0000   0.0000   0.2948
   6.500   0.9349   0.01172   0.00531  -0.0439  0.2831  1.0000  -2.7559   0.0000   0.0000   0.0000   0.2896
   7.000   0.9764   0.01260   0.00598  -0.0417  0.2328  1.0000  -3.1448   0.0000   0.0000   0.0000   0.2848
   7.500   1.0160   0.01362   0.00681  -0.0393  0.1811  1.0000  -3.5403   0.0000   0.0000   0.0000   0.2802
   8.000   1.0516   0.01488   0.00776  -0.0364  0.1252  1.0000  -3.9300   0.0000   0.0000   0.0000   0.2755
   8.500   1.0864   0.01610   0.00881  -0.0333  0.0897  1.0000  -4.3246   0.0000   0.0000   0.0000   0.2710
   9.000   1.1195   0.01730   0.00992  -0.0300  0.0650  1.0000  -4.7147   0.0000   0.0000   0.0000   0.2665
   9.500   1.1460   0.01859   0.01113  -0.0257  0.0450  1.0000  -5.0640   0.0000   0.0000   0.0000   0.2614
  10.000   1.1561   0.02060   0.01301  -0.0190  0.0202  1.0000  -5.2537   0.0000   0.0000   0.0000   0.2548


