xflr5 v6.61

 Calculated polar for: peg24_45_revT

 1 1 Reynolds number fixed          Mach number fixed         

 xtrf =   1.000 (top)        1.000 (bottom)
 Mach =   0.000     Re =     0.405 e 6     Ncrit =   9.000

  alpha     CL        CD       CDp       Cm    Top Xtr Bot Xtr   Cpmin    Chinge    XCp    
 ------- -------- --------- --------- -------- ------- ------- -------- --------- ---------
   0.000   0.4660   0.00809   0.00321  -0.1061  0.7388  0.7563  -0.7255   0.0000   0.0000   0.0000   0.4764
   0.500   0.5201   0.00808   0.00321  -0.1052  0.7264  0.8041  -0.7760   0.0000   0.0000   0.0000   0.4503
   1.000   0.5726   0.00799   0.00322  -0.1040  0.7126  0.8492  -0.8289   0.0000   0.0000   0.0000   0.4291
   1.500   0.6221   0.00791   0.00318  -0.1020  0.6980  0.8948  -0.8846   0.0000   0.0000   0.0000   0.4109
   2.000   0.6741   0.00775   0.00308  -0.1005  0.6811  0.9563  -0.9443   0.0000   0.0000   0.0000   0.3955
   2.500   0.7394   0.00779   0.00307  -0.1026  0.6620  1.0000  -1.0204   0.0000   0.0000   0.0000   0.3846
   3.000   0.7963   0.00794   0.00313  -0.1029  0.6413  1.0000  -1.0958   0.0000   0.0000   0.0000   0.3746
   3.500   0.8518   0.00814   0.00323  -0.1028  0.6157  1.0000  -1.1828   0.0000   0.0000   0.0000   0.3656
   4.000   0.9061   0.00841   0.00340  -0.1025  0.5865  1.0000  -1.2781   0.0000   0.0000   0.0000   0.3575
   4.500   0.9587   0.00879   0.00364  -0.1019  0.5514  1.0000  -1.3909   0.0000   0.0000   0.0000   0.3501
   5.000   1.0102   0.00926   0.00398  -0.1012  0.5150  1.0000  -1.5141   0.0000   0.0000   0.0000   0.3434
   5.500   1.0599   0.00985   0.00442  -0.1003  0.4723  1.0000  -1.6630   0.0000   0.0000   0.0000   0.3372
   6.000   1.1089   0.01051   0.00494  -0.0993  0.4316  1.0000  -1.8405   0.0000   0.0000   0.0000   0.3315
   6.500   1.1556   0.01130   0.00556  -0.0979  0.3896  1.0000  -2.0906   0.0000   0.0000   0.0000   0.3261
   7.000   1.2018   0.01211   0.00625  -0.0966  0.3470  1.0000  -2.4164   0.0000   0.0000   0.0000   0.3211
   7.500   1.2455   0.01307   0.00704  -0.0949  0.3058  1.0000  -2.7481   0.0000   0.0000   0.0000   0.3163
   8.000   1.2866   0.01415   0.00795  -0.0930  0.2640  1.0000  -3.0843   0.0000   0.0000   0.0000   0.3116
   8.500   1.3262   0.01526   0.00895  -0.0908  0.2252  1.0000  -3.4276   0.0000   0.0000   0.0000   0.3072
   9.000   1.3596   0.01661   0.01013  -0.0877  0.1862  1.0000  -3.7586   0.0000   0.0000   0.0000   0.3025
   9.500   1.3870   0.01820   0.01152  -0.0840  0.1477  1.0000  -4.0759   0.0000   0.0000   0.0000   0.2978
  10.000   1.4127   0.01994   0.01316  -0.0803  0.1160  1.0000  -4.3926   0.0000   0.0000   0.0000   0.2933


