xflr5 v6.61

 Calculated polar for: peg24_15_revT

 1 1 Reynolds number fixed          Mach number fixed         

 xtrf =   1.000 (top)        1.000 (bottom)
 Mach =   0.000     Re =     0.345 e 6     Ncrit =   9.000

  alpha     CL        CD       CDp       Cm    Top Xtr Bot Xtr   Cpmin    Chinge    XCp    
 ------- -------- --------- --------- -------- ------- ------- -------- --------- ---------
   0.000   0.3182   0.00804   0.00319  -0.0692  0.7505  0.8390  -0.6190   0.0000   0.0000   0.0000   0.4665
   0.500   0.3691   0.00800   0.00314  -0.0675  0.7332  0.8754  -0.6675   0.0000   0.0000   0.0000   0.4311
   1.000   0.4176   0.00794   0.00312  -0.0652  0.7150  0.9109  -0.7185   0.0000   0.0000   0.0000   0.4037
   1.500   0.4696   0.00790   0.00304  -0.0636  0.6953  0.9503  -0.7748   0.0000   0.0000   0.0000   0.3825
   2.000   0.5437   0.00790   0.00295  -0.0671  0.6728  0.9818  -0.8522   0.0000   0.0000   0.0000   0.3702
   2.500   0.6126   0.00796   0.00292  -0.0701  0.6469  1.0000  -0.9328   0.0000   0.0000   0.0000   0.3608
   3.000   0.6634   0.00813   0.00300  -0.0694  0.6184  1.0000  -1.0107   0.0000   0.0000   0.0000   0.3504
   3.500   0.7162   0.00838   0.00314  -0.0689  0.5866  1.0000  -1.1048   0.0000   0.0000   0.0000   0.3416
   4.000   0.7685   0.00872   0.00334  -0.0683  0.5516  1.0000  -1.2162   0.0000   0.0000   0.0000   0.3337
   4.500   0.8205   0.00913   0.00363  -0.0676  0.5148  1.0000  -1.3552   0.0000   0.0000   0.0000   0.3268
   5.000   0.8713   0.00963   0.00399  -0.0668  0.4726  1.0000  -1.5575   0.0000   0.0000   0.0000   0.3206
   5.500   0.9220   0.01018   0.00443  -0.0660  0.4325  1.0000  -1.8895   0.0000   0.0000   0.0000   0.3150
   6.000   0.9710   0.01086   0.00496  -0.0650  0.3883  1.0000  -2.2336   0.0000   0.0000   0.0000   0.3098
   6.500   1.0192   0.01161   0.00556  -0.0640  0.3416  1.0000  -2.5919   0.0000   0.0000   0.0000   0.3051
   7.000   1.0666   0.01244   0.00627  -0.0629  0.2946  1.0000  -2.9623   0.0000   0.0000   0.0000   0.3007
   7.500   1.1108   0.01352   0.00711  -0.0615  0.2409  1.0000  -3.3354   0.0000   0.0000   0.0000   0.2964
   8.000   1.1534   0.01473   0.00809  -0.0599  0.1860  1.0000  -3.7141   0.0000   0.0000   0.0000   0.2924
   8.500   1.1917   0.01627   0.00933  -0.0579  0.1305  1.0000  -4.0848   0.0000   0.0000   0.0000   0.2884
   9.000   1.2280   0.01788   0.01073  -0.0557  0.0906  1.0000  -4.4675   0.0000   0.0000   0.0000   0.2844
   9.500   1.2619   0.01953   0.01228  -0.0531  0.0652  1.0000  -4.8487   0.0000   0.0000   0.0000   0.2805
  10.000   1.2904   0.02127   0.01402  -0.0497  0.0477  1.0000  -5.2022   0.0000   0.0000   0.0000   0.2762


