xflr5 v6.61

 Calculated polar for: peg24_90_revT

 1 1 Reynolds number fixed          Mach number fixed         

 xtrf =   1.000 (top)        1.000 (bottom)
 Mach =   0.000     Re =     0.115 e 6     Ncrit =   9.000

  alpha     CL        CD       CDp       Cm    Top Xtr Bot Xtr   Cpmin    Chinge    XCp    
 ------- -------- --------- --------- -------- ------- ------- -------- --------- ---------
   0.500   0.5519   0.02986   0.02337  -0.1422  0.7852  0.8294  -0.7896   0.0000   0.0000   0.0000   0.5065
   1.500   0.6583   0.03020   0.02349  -0.1412  0.7586  1.0000  -0.8850   0.0000   0.0000   0.0000   0.4617
   4.000   0.9876   0.02771   0.02057  -0.1443  0.7014  1.0000  -1.2605   0.0000   0.0000   0.0000   0.3899
   4.500   1.0293   0.02800   0.02092  -0.1419  0.6803  1.0000  -1.3318   0.0000   0.0000   0.0000   0.3809
   5.500   1.1652   0.02521   0.01821  -0.1421  0.6527  1.0000  -1.5652   0.0000   0.0000   0.0000   0.3636
   6.000   1.2180   0.02461   0.01769  -0.1405  0.6313  1.0000  -1.6836   0.0000   0.0000   0.0000   0.3563
   6.500   1.2793   0.02352   0.01666  -0.1398  0.6092  1.0000  -1.8254   0.0000   0.0000   0.0000   0.3495
   7.000   1.3387   0.02264   0.01581  -0.1389  0.5824  1.0000  -1.9875   0.0000   0.0000   0.0000   0.3432
   7.500   1.3939   0.02214   0.01522  -0.1375  0.5497  1.0000  -2.1569   0.0000   0.0000   0.0000   0.3373
   8.000   1.4390   0.02247   0.01544  -0.1351  0.5123  1.0000  -2.3256   0.0000   0.0000   0.0000   0.3318
   8.500   1.4744   0.02332   0.01621  -0.1314  0.4716  1.0000  -2.4969   0.0000   0.0000   0.0000   0.3262
   9.000   1.5046   0.02458   0.01732  -0.1272  0.4322  1.0000  -2.6789   0.0000   0.0000   0.0000   0.3208
   9.500   1.5236   0.02621   0.01886  -0.1217  0.3949  1.0000  -2.8568   0.0000   0.0000   0.0000   0.3153
  10.000   1.5451   0.02808   0.02051  -0.1168  0.3593  1.0000  -3.0613   0.0000   0.0000   0.0000   0.3102


