xflr5 v6.61

 Calculated polar for: peg24_70_revT

 1 1 Reynolds number fixed          Mach number fixed         

 xtrf =   1.000 (top)        1.000 (bottom)
 Mach =   0.000     Re =     0.270 e 6     Ncrit =   9.000

  alpha     CL        CD       CDp       Cm    Top Xtr Bot Xtr   Cpmin    Chinge    XCp    
 ------- -------- --------- --------- -------- ------- ------- -------- --------- ---------
   0.000   0.5728   0.01146   0.00603  -0.1347  0.7614  0.7280  -0.8058   0.0000   0.0000   0.0000   0.4840
   0.500   0.6253   0.01142   0.00607  -0.1333  0.7514  0.7948  -0.8526   0.0000   0.0000   0.0000   0.4614
   1.000   0.6727   0.01122   0.00603  -0.1308  0.7397  0.8573  -0.9019   0.0000   0.0000   0.0000   0.4420
   1.500   0.7207   0.01084   0.00567  -0.1279  0.7293  0.9410  -0.9558   0.0000   0.0000   0.0000   0.4243
   2.000   0.7838   0.01080   0.00561  -0.1296  0.7156  1.0000  -1.0226   0.0000   0.0000   0.0000   0.4116
   2.500   0.8452   0.01072   0.00536  -0.1305  0.7028  1.0000  -1.0922   0.0000   0.0000   0.0000   0.4000
   3.000   0.9009   0.01077   0.00542  -0.1305  0.6864  1.0000  -1.1656   0.0000   0.0000   0.0000   0.3899
   3.500   0.9583   0.01080   0.00536  -0.1305  0.6702  1.0000  -1.2453   0.0000   0.0000   0.0000   0.3807
   4.000   1.0143   0.01084   0.00533  -0.1304  0.6511  1.0000  -1.3378   0.0000   0.0000   0.0000   0.3724
   4.500   1.0678   0.01095   0.00543  -0.1298  0.6273  1.0000  -1.4347   0.0000   0.0000   0.0000   0.3648
   5.000   1.1205   0.01118   0.00559  -0.1291  0.6003  1.0000  -1.5481   0.0000   0.0000   0.0000   0.3578
   5.500   1.1708   0.01153   0.00586  -0.1280  0.5676  1.0000  -1.6704   0.0000   0.0000   0.0000   0.3513
   6.000   1.2189   0.01204   0.00628  -0.1266  0.5306  1.0000  -1.8090   0.0000   0.0000   0.0000   0.3452
   6.500   1.2635   0.01278   0.00683  -0.1247  0.4899  1.0000  -1.9589   0.0000   0.0000   0.0000   0.3393
   7.000   1.3056   0.01363   0.00757  -0.1225  0.4476  1.0000  -2.1219   0.0000   0.0000   0.0000   0.3337
   7.500   1.3442   0.01466   0.00845  -0.1198  0.4066  1.0000  -2.3084   0.0000   0.0000   0.0000   0.3283
   8.000   1.3786   0.01583   0.00947  -0.1165  0.3662  1.0000  -2.5085   0.0000   0.0000   0.0000   0.3230
   8.500   1.4078   0.01711   0.01066  -0.1125  0.3294  1.0000  -2.7721   0.0000   0.0000   0.0000   0.3177
   9.000   1.4337   0.01857   0.01203  -0.1083  0.2946  1.0000  -3.0381   0.0000   0.0000   0.0000   0.3125
   9.500   1.4549   0.02040   0.01374  -0.1039  0.2617  1.0000  -3.2983   0.0000   0.0000   0.0000   0.3076
  10.000   1.4760   0.02242   0.01573  -0.1000  0.2306  1.0000  -3.5640   0.0000   0.0000   0.0000   0.3031


