xflr5 v6.61

 Calculated polar for: peg24_85_revT

 1 1 Reynolds number fixed          Mach number fixed         

 xtrf =   1.000 (top)        1.000 (bottom)
 Mach =   0.000     Re =     0.055 e 6     Ncrit =   9.000

  alpha     CL        CD       CDp       Cm    Top Xtr Bot Xtr   Cpmin    Chinge    XCp    
 ------- -------- --------- --------- -------- ------- ------- -------- --------- ---------
   0.000   0.1601   0.04344   0.03527  -0.1027  0.9599  0.6869  -0.8978   0.0000   0.0000   0.0000   0.8952
   0.500   0.1904   0.04357   0.03597  -0.0966  0.9408  0.9060  -0.7696   0.0000   0.0000   0.0000   0.7586
   1.000   0.2741   0.04604   0.03764  -0.1071  0.9133  1.0000  -0.5804   0.0000   0.0000   0.0000   0.6401
   1.500   0.3454   0.04869   0.03980  -0.1125  0.8852  1.0000  -0.6237   0.0000   0.0000   0.0000   0.5739
   2.000   0.4104   0.05125   0.04201  -0.1163  0.8578  1.0000  -0.6732   0.0000   0.0000   0.0000   0.5304
   2.500   0.4717   0.05366   0.04418  -0.1190  0.8299  1.0000  -0.7233   0.0000   0.0000   0.0000   0.4984
   3.000   0.5307   0.05604   0.04639  -0.1211  0.8033  1.0000  -0.7765   0.0000   0.0000   0.0000   0.4736
   3.500   0.5864   0.05825   0.04848  -0.1224  0.7761  1.0000  -0.8288   0.0000   0.0000   0.0000   0.4535
   4.000   0.6393   0.06039   0.05055  -0.1231  0.7493  1.0000  -0.8843   0.0000   0.0000   0.0000   0.4367
   4.500   0.6909   0.06247   0.05262  -0.1234  0.7231  1.0000  -0.9444   0.0000   0.0000   0.0000   0.4222
   5.000   0.7387   0.06446   0.05462  -0.1231  0.6962  1.0000  -1.0037   0.0000   0.0000   0.0000   0.4096
   5.500   0.7861   0.06637   0.05658  -0.1226  0.6699  1.0000  -1.0707   0.0000   0.0000   0.0000   0.3983
   6.000   0.8306   0.06831   0.05859  -0.1217  0.6437  1.0000  -1.1414   0.0000   0.0000   0.0000   0.3881
   6.500   0.8729   0.07021   0.06060  -0.1204  0.6171  1.0000  -1.2151   0.0000   0.0000   0.0000   0.3789
   7.000   0.9161   0.07205   0.06257  -0.1191  0.5916  1.0000  -1.2984   0.0000   0.0000   0.0000   0.3702
   7.500   0.9536   0.07405   0.06472  -0.1172  0.5647  1.0000  -1.3805   0.0000   0.0000   0.0000   0.3624
   8.000   0.9938   0.07576   0.06660  -0.1152  0.5390  1.0000  -1.4769   0.0000   0.0000   0.0000   0.3547
   8.500   1.0842   0.07168   0.06279  -0.1133  0.5195  1.0000  -1.6828   0.0000   0.0000   0.0000   0.3425
   9.000   1.1246   0.07226   0.06357  -0.1102  0.4936  1.0000  -1.8124   0.0000   0.0000   0.0000   0.3352
   9.500   1.1655   0.07234   0.06389  -0.1067  0.4677  1.0000  -1.9578   0.0000   0.0000   0.0000   0.3279
  10.000   1.2137   0.07104   0.06282  -0.1027  0.4425  1.0000  -2.1404   0.0000   0.0000   0.0000   0.3201


