xflr5 v6.61

 Calculated polar for: peg24_100_revT

 1 1 Reynolds number fixed          Mach number fixed         

 xtrf =   1.000 (top)        1.000 (bottom)
 Mach =   0.000     Re =     0.055 e 6     Ncrit =   9.000

  alpha     CL        CD       CDp       Cm    Top Xtr Bot Xtr   Cpmin    Chinge    XCp    
 ------- -------- --------- --------- -------- ------- ------- -------- --------- ---------
   0.000   0.1024   0.04683   0.03818  -0.1042  1.0000  0.4849  -1.1078   0.0000   0.0000   0.0000   1.2760
   0.500   0.1470   0.04859   0.04022  -0.1042  1.0000  0.5958  -0.9560   0.0000   0.0000   0.0000   0.9622
   1.000   0.1848   0.05034   0.04240  -0.1022  1.0000  0.7290  -0.8159   0.0000   0.0000   0.0000   0.8037
   1.500   0.1985   0.05039   0.04286  -0.0974  0.9972  1.0000  -0.7240   0.0000   0.0000   0.0000   0.7397
   2.500   0.4459   0.05961   0.05053  -0.1261  0.8586  1.0000  -0.6953   0.0000   0.0000   0.0000   0.5292
   3.000   0.5110   0.06187   0.05252  -0.1288  0.8202  1.0000  -0.7508   0.0000   0.0000   0.0000   0.4976
   3.500   0.5935   0.06407   0.05447  -0.1330  0.7859  1.0000  -0.8259   0.0000   0.0000   0.0000   0.4688
   4.000   0.6519   0.06622   0.05651  -0.1342  0.7577  1.0000  -0.8837   0.0000   0.0000   0.0000   0.4499
   4.500   0.7047   0.06825   0.05847  -0.1346  0.7305  1.0000  -0.9411   0.0000   0.0000   0.0000   0.4343
   5.000   0.7509   0.07032   0.06052  -0.1342  0.7041  1.0000  -0.9987   0.0000   0.0000   0.0000   0.4213
   5.500   0.7954   0.07236   0.06258  -0.1335  0.6778  1.0000  -1.0566   0.0000   0.0000   0.0000   0.4098
   6.000   0.8390   0.07432   0.06458  -0.1325  0.6517  1.0000  -1.1214   0.0000   0.0000   0.0000   0.3992
   6.500   0.8773   0.07657   0.06692  -0.1312  0.6261  1.0000  -1.1859   0.0000   0.0000   0.0000   0.3901
   7.000   0.9169   0.07862   0.06906  -0.1298  0.6003  1.0000  -1.2569   0.0000   0.0000   0.0000   0.3813
   7.500   0.9494   0.08128   0.07183  -0.1280  0.5748  1.0000  -1.3223   0.0000   0.0000   0.0000   0.3739
   8.000   0.9835   0.08364   0.07433  -0.1261  0.5491  1.0000  -1.3999   0.0000   0.0000   0.0000   0.3665
   8.500   1.0122   0.08660   0.07744  -0.1241  0.5235  1.0000  -1.4709   0.0000   0.0000   0.0000   0.3602
   9.000   1.0371   0.08997   0.08098  -0.1220  0.4980  1.0000  -1.5424   0.0000   0.0000   0.0000   0.3544


