xflr5 v6.61

 Calculated polar for: peg24_20_revT

 1 1 Reynolds number fixed          Mach number fixed         

 xtrf =   1.000 (top)        1.000 (bottom)
 Mach =   0.000     Re =     0.325 e 6     Ncrit =   9.000

  alpha     CL        CD       CDp       Cm    Top Xtr Bot Xtr   Cpmin    Chinge    XCp    
 ------- -------- --------- --------- -------- ------- ------- -------- --------- ---------
   0.000   0.3408   0.00842   0.00347  -0.0750  0.7550  0.8389  -0.6348   0.0000   0.0000   0.0000   0.4690
   0.500   0.3907   0.00834   0.00344  -0.0731  0.7385  0.8776  -0.6829   0.0000   0.0000   0.0000   0.4353
   1.000   0.4387   0.00828   0.00338  -0.0706  0.7219  0.9161  -0.7336   0.0000   0.0000   0.0000   0.4085
   1.500   0.4954   0.00819   0.00323  -0.0699  0.7029  0.9570  -0.7925   0.0000   0.0000   0.0000   0.3883
   2.000   0.5735   0.00814   0.00314  -0.0745  0.6810  0.9923  -0.8723   0.0000   0.0000   0.0000   0.3765
   2.500   0.6307   0.00822   0.00314  -0.0751  0.6570  1.0000  -0.9437   0.0000   0.0000   0.0000   0.3654
   3.000   0.6840   0.00839   0.00320  -0.0748  0.6305  1.0000  -1.0230   0.0000   0.0000   0.0000   0.3551
   3.500   0.7375   0.00864   0.00331  -0.0743  0.6004  1.0000  -1.1130   0.0000   0.0000   0.0000   0.3461
   4.000   0.7904   0.00895   0.00352  -0.0738  0.5675  1.0000  -1.2244   0.0000   0.0000   0.0000   0.3382
   4.500   0.8425   0.00933   0.00379  -0.0732  0.5300  1.0000  -1.3516   0.0000   0.0000   0.0000   0.3312
   5.000   0.8934   0.00984   0.00415  -0.0723  0.4905  1.0000  -1.5210   0.0000   0.0000   0.0000   0.3248
   5.500   0.9436   0.01040   0.00459  -0.0714  0.4481  1.0000  -1.8096   0.0000   0.0000   0.0000   0.3190
   6.000   0.9931   0.01103   0.00512  -0.0705  0.4069  1.0000  -2.1477   0.0000   0.0000   0.0000   0.3137
   6.500   1.0406   0.01181   0.00574  -0.0693  0.3607  1.0000  -2.4955   0.0000   0.0000   0.0000   0.3088
   7.000   1.0868   0.01269   0.00646  -0.0681  0.3141  1.0000  -2.8545   0.0000   0.0000   0.0000   0.3042
   7.500   1.1320   0.01365   0.00727  -0.0667  0.2667  1.0000  -3.2237   0.0000   0.0000   0.0000   0.2998
   8.000   1.1737   0.01486   0.00825  -0.0650  0.2145  1.0000  -3.5925   0.0000   0.0000   0.0000   0.2956
   8.500   1.2130   0.01623   0.00941  -0.0630  0.1608  1.0000  -3.9618   0.0000   0.0000   0.0000   0.2915
   9.000   1.2475   0.01790   0.01081  -0.0605  0.1132  1.0000  -4.3196   0.0000   0.0000   0.0000   0.2874
   9.500   1.2790   0.01961   0.01237  -0.0576  0.0816  1.0000  -4.6851   0.0000   0.0000   0.0000   0.2832
  10.000   1.3048   0.02149   0.01420  -0.0539  0.0610  1.0000  -5.0272   0.0000   0.0000   0.0000   0.2788


