xflr5 v6.61

 Calculated polar for: peg24_85_revT

 1 1 Reynolds number fixed          Mach number fixed         

 xtrf =   1.000 (top)        1.000 (bottom)
 Mach =   0.000     Re =     0.075 e 6     Ncrit =   9.000

  alpha     CL        CD       CDp       Cm    Top Xtr Bot Xtr   Cpmin    Chinge    XCp    
 ------- -------- --------- --------- -------- ------- ------- -------- --------- ---------
   0.000   0.3199   0.03929   0.03186  -0.1231  0.8522  0.7473  -0.6386   0.0000   0.0000   0.0000   0.6360
   0.500   0.3801   0.03925   0.03200  -0.1216  0.8391  1.0000  -0.6570   0.0000   0.0000   0.0000   0.5695
   1.000   0.4224   0.04067   0.03302  -0.1229  0.8176  1.0000  -0.6861   0.0000   0.0000   0.0000   0.5395
   1.500   0.4772   0.04231   0.03435  -0.1245  0.7977  1.0000  -0.7296   0.0000   0.0000   0.0000   0.5085
   2.000   0.5684   0.04314   0.03489  -0.1298  0.7839  1.0000  -0.8074   0.0000   0.0000   0.0000   0.4751
   2.500   0.6035   0.04474   0.03637  -0.1281  0.7606  1.0000  -0.8446   0.0000   0.0000   0.0000   0.4584
   3.000   0.6476   0.04633   0.03786  -0.1274  0.7385  1.0000  -0.8909   0.0000   0.0000   0.0000   0.4421
   4.000   0.7848   0.04701   0.03844  -0.1297  0.7039  1.0000  -1.0440   0.0000   0.0000   0.0000   0.4093
   5.500   0.9718   0.04603   0.03760  -0.1283  0.6491  1.0000  -1.3171   0.0000   0.0000   0.0000   0.3740
   6.500   1.0567   0.04665   0.03845  -0.1232  0.6012  1.0000  -1.5015   0.0000   0.0000   0.0000   0.3571
   7.000   1.1799   0.03944   0.03144  -0.1246  0.5966  1.0000  -1.7358   0.0000   0.0000   0.0000   0.3455
   7.500   1.2452   0.03723   0.02940  -0.1230  0.5733  1.0000  -1.9088   0.0000   0.0000   0.0000   0.3379
   8.000   1.3333   0.03378   0.02608  -0.1236  0.5476  1.0000  -2.1424   0.0000   0.0000   0.0000   0.3311
   8.500   1.3984   0.03236   0.02468  -0.1224  0.5137  1.0000  -2.3633   0.0000   0.0000   0.0000   0.3251
   9.000   1.4464   0.03230   0.02465  -0.1198  0.4745  1.0000  -2.5811   0.0000   0.0000   0.0000   0.3195
   9.500   1.4953   0.03270   0.02488  -0.1175  0.4339  1.0000  -2.8375   0.0000   0.0000   0.0000   0.3144
  10.000   1.5205   0.03424   0.02641  -0.1126  0.3947  1.0000  -3.0542   0.0000   0.0000   0.0000   0.3091


