xflr5 v6.61

 Calculated polar for: peg24_75_revT

 1 1 Reynolds number fixed          Mach number fixed         

 xtrf =   1.000 (top)        1.000 (bottom)
 Mach =   0.000     Re =     0.040 e 6     Ncrit =   9.000

  alpha     CL        CD       CDp       Cm    Top Xtr Bot Xtr   Cpmin    Chinge    XCp    
 ------- -------- --------- --------- -------- ------- ------- -------- --------- ---------
   0.000   0.0311   0.03978   0.03122  -0.0671  1.0000  0.8287  -1.0113   0.0000   0.0000   0.0000   2.4299
   0.500   0.0751   0.03979   0.03072  -0.0722  1.0000  1.0000  -0.8849   0.0000   0.0000   0.0000   1.2168
   1.000   0.1281   0.04233   0.03253  -0.0769  1.0000  1.0000  -0.7267   0.0000   0.0000   0.0000   0.8498
   1.500   0.1717   0.04499   0.03473  -0.0793  1.0000  1.0000  -0.5942   0.0000   0.0000   0.0000   0.7097
   2.000   0.2113   0.04786   0.03726  -0.0811  1.0000  1.0000  -0.5366   0.0000   0.0000   0.0000   0.6304
   2.500   0.2482   0.05096   0.04011  -0.0826  1.0000  1.0000  -0.5607   0.0000   0.0000   0.0000   0.5786
   3.000   0.2829   0.05433   0.04329  -0.0841  1.0000  1.0000  -0.5851   0.0000   0.0000   0.0000   0.5420
   3.500   0.3157   0.05797   0.04680  -0.0855  1.0000  1.0000  -0.6074   0.0000   0.0000   0.0000   0.5149
   4.000   0.3466   0.06188   0.05064  -0.0869  1.0000  1.0000  -0.6296   0.0000   0.0000   0.0000   0.4942
   4.500   0.4315   0.06950   0.05817  -0.0986  0.9713  1.0000  -0.6922   0.0000   0.0000   0.0000   0.4715
   5.000   0.5581   0.07362   0.06224  -0.1094  0.8244  1.0000  -0.8080   0.0000   0.0000   0.0000   0.4390
   5.500   0.6220   0.07682   0.06545  -0.1116  0.7700  1.0000  -0.8797   0.0000   0.0000   0.0000   0.4219
   6.000   0.6989   0.08003   0.06872  -0.1147  0.7263  1.0000  -0.9754   0.0000   0.0000   0.0000   0.4060
   6.500   0.7205   0.08378   0.07258  -0.1132  0.6952  1.0000  -1.0105   0.0000   0.0000   0.0000   0.3985
   7.000   0.7496   0.08773   0.07666  -0.1126  0.6640  1.0000  -1.0583   0.0000   0.0000   0.0000   0.3910
   7.500   0.7850   0.09165   0.08073  -0.1123  0.6327  1.0000  -1.1219   0.0000   0.0000   0.0000   0.3832
   8.000   0.8243   0.09564   0.08489  -0.1121  0.6028  1.0000  -1.1947   0.0000   0.0000   0.0000   0.3757
   8.500   0.8838   0.09830   0.08776  -0.1118  0.5698  1.0000  -1.3123   0.0000   0.0000   0.0000   0.3655
   9.000   0.9029   0.10346   0.09312  -0.1108  0.5433  1.0000  -1.3668   0.0000   0.0000   0.0000   0.3610
   9.500   0.9156   0.10898   0.09882  -0.1095  0.5158  1.0000  -1.4148   0.0000   0.0000   0.0000   0.3573
  10.000   0.9344   0.11455   0.10460  -0.1086  0.4895  1.0000  -1.4756   0.0000   0.0000   0.0000   0.3533


