xflr5 v6.61

 Calculated polar for: peg24_0_revT

 1 1 Reynolds number fixed          Mach number fixed         

 xtrf =   1.000 (top)        1.000 (bottom)
 Mach =   0.000     Re =     0.070 e 6     Ncrit =   9.000

  alpha     CL        CD       CDp       Cm    Top Xtr Bot Xtr   Cpmin    Chinge    XCp    
 ------- -------- --------- --------- -------- ------- ------- -------- --------- ---------
   0.000   0.1167   0.02345   0.01534  -0.0447  0.9042  1.0000  -0.4613   0.0000   0.0000   0.0000   0.6334
   0.500   0.1884   0.02397   0.01565  -0.0487  0.8789  1.0000  -0.5167   0.0000   0.0000   0.0000   0.5073
   1.000   0.2632   0.02439   0.01592  -0.0527  0.8539  1.0000  -0.5762   0.0000   0.0000   0.0000   0.4480
   2.000   0.4194   0.02460   0.01606  -0.0598  0.8049  1.0000  -0.7217   0.0000   0.0000   0.0000   0.3897
   2.500   0.4899   0.02446   0.01593  -0.0611  0.7796  1.0000  -0.8018   0.0000   0.0000   0.0000   0.3715
   3.000   0.5564   0.02419   0.01572  -0.0612  0.7538  1.0000  -0.8906   0.0000   0.0000   0.0000   0.3563
   3.500   0.6047   0.02437   0.01593  -0.0587  0.7232  1.0000  -0.9829   0.0000   0.0000   0.0000   0.3430
   4.000   0.6568   0.02437   0.01600  -0.0565  0.6922  1.0000  -1.0893   0.0000   0.0000   0.0000   0.3315
   4.500   0.7183   0.02382   0.01556  -0.0550  0.6620  1.0000  -1.2595   0.0000   0.0000   0.0000   0.3216
   5.000   0.7719   0.02368   0.01547  -0.0527  0.6283  1.0000  -1.4467   0.0000   0.0000   0.0000   0.3129
   5.500   0.8259   0.02344   0.01527  -0.0503  0.5911  1.0000  -1.7534   0.0000   0.0000   0.0000   0.3051
   6.000   0.8752   0.02356   0.01550  -0.0476  0.5499  1.0000  -2.0603   0.0000   0.0000   0.0000   0.2980
   6.500   0.9244   0.02363   0.01553  -0.0447  0.5039  1.0000  -2.3894   0.0000   0.0000   0.0000   0.2914
   7.000   0.9692   0.02403   0.01587  -0.0414  0.4542  1.0000  -2.7590   0.0000   0.0000   0.0000   0.2852
   7.500   1.0104   0.02461   0.01628  -0.0378  0.3998  1.0000  -3.1292   0.0000   0.0000   0.0000   0.2793
   8.000   1.0405   0.02562   0.01727  -0.0331  0.3388  1.0000  -3.4594   0.0000   0.0000   0.0000   0.2730
   8.500   1.0652   0.02724   0.01858  -0.0279  0.2740  1.0000  -3.7634   0.0000   0.0000   0.0000   0.2667
   9.000   1.0804   0.02953   0.02057  -0.0220  0.2116  1.0000  -4.0126   0.0000   0.0000   0.0000   0.2602
  10.000   1.1241   0.03683   0.02769  -0.0133  0.1296  1.0000  -4.4426   0.0000   0.0000   0.0000   0.2503


