xflr5 v6.61

 Calculated polar for: peg24_75_revT

 1 1 Reynolds number fixed          Mach number fixed         

 xtrf =   1.000 (top)        1.000 (bottom)
 Mach =   0.000     Re =     0.345 e 6     Ncrit =   9.000

  alpha     CL        CD       CDp       Cm    Top Xtr Bot Xtr   Cpmin    Chinge    XCp    
 ------- -------- --------- --------- -------- ------- ------- -------- --------- ---------
   0.000   0.6040   0.01004   0.00472  -0.1409  0.7461  0.6640  -0.8310   0.0000   0.0000   0.0000   0.4821
   0.500   0.6594   0.00986   0.00467  -0.1403  0.7361  0.7391  -0.8799   0.0000   0.0000   0.0000   0.4608
   1.000   0.7130   0.00982   0.00471  -0.1393  0.7264  0.8012  -0.9327   0.0000   0.0000   0.0000   0.4427
   1.500   0.7624   0.00962   0.00468  -0.1373  0.7144  0.8613  -0.9873   0.0000   0.0000   0.0000   0.4269
   2.000   0.8121   0.00932   0.00443  -0.1351  0.7030  0.9572  -1.0468   0.0000   0.0000   0.0000   0.4126
   2.500   0.8725   0.00933   0.00442  -0.1362  0.6886  1.0000  -1.1146   0.0000   0.0000   0.0000   0.4017
   3.000   0.9313   0.00940   0.00435  -0.1367  0.6742  1.0000  -1.1906   0.0000   0.0000   0.0000   0.3917
   3.500   0.9870   0.00947   0.00443  -0.1367  0.6569  1.0000  -1.2681   0.0000   0.0000   0.0000   0.3828
   4.000   1.0424   0.00961   0.00453  -0.1365  0.6369  1.0000  -1.3597   0.0000   0.0000   0.0000   0.3747
   4.500   1.0964   0.00980   0.00465  -0.1361  0.6129  1.0000  -1.4563   0.0000   0.0000   0.0000   0.3673
   5.000   1.1487   0.01010   0.00487  -0.1354  0.5849  1.0000  -1.5682   0.0000   0.0000   0.0000   0.3604
   5.500   1.1982   0.01055   0.00518  -0.1343  0.5496  1.0000  -1.6876   0.0000   0.0000   0.0000   0.3539
   6.000   1.2459   0.01114   0.00565  -0.1329  0.5128  1.0000  -1.8206   0.0000   0.0000   0.0000   0.3478
   6.500   1.2897   0.01193   0.00626  -0.1309  0.4702  1.0000  -1.9655   0.0000   0.0000   0.0000   0.3420
   7.000   1.3318   0.01280   0.00701  -0.1288  0.4296  1.0000  -2.1228   0.0000   0.0000   0.0000   0.3364
   7.500   1.3688   0.01389   0.00790  -0.1259  0.3883  1.0000  -2.2951   0.0000   0.0000   0.0000   0.3310
   8.000   1.4044   0.01498   0.00888  -0.1229  0.3497  1.0000  -2.4876   0.0000   0.0000   0.0000   0.3258
   8.500   1.4321   0.01629   0.01007  -0.1186  0.3141  1.0000  -2.6998   0.0000   0.0000   0.0000   0.3203
   9.000   1.4580   0.01779   0.01147  -0.1145  0.2814  1.0000  -2.9570   0.0000   0.0000   0.0000   0.3153
   9.500   1.4836   0.01944   0.01305  -0.1107  0.2505  1.0000  -3.2265   0.0000   0.0000   0.0000   0.3105
  10.000   1.5057   0.02143   0.01497  -0.1069  0.2200  1.0000  -3.4933   0.0000   0.0000   0.0000   0.3061


