xflr5 v6.61

 Calculated polar for: peg24_45_revT

 1 1 Reynolds number fixed          Mach number fixed         

 xtrf =   1.000 (top)        1.000 (bottom)
 Mach =   0.000     Re =     0.345 e 6     Ncrit =   9.000

  alpha     CL        CD       CDp       Cm    Top Xtr Bot Xtr   Cpmin    Chinge    XCp    
 ------- -------- --------- --------- -------- ------- ------- -------- --------- ---------
   0.000   0.4625   0.00885   0.00384  -0.1056  0.7494  0.7785  -0.7226   0.0000   0.0000   0.0000   0.4773
   0.500   0.5151   0.00874   0.00379  -0.1044  0.7366  0.8265  -0.7721   0.0000   0.0000   0.0000   0.4507
   1.000   0.5654   0.00868   0.00377  -0.1025  0.7236  0.8736  -0.8235   0.0000   0.0000   0.0000   0.4288
   2.000   0.6799   0.00837   0.00351  -0.1020  0.6921  1.0000  -0.9473   0.0000   0.0000   0.0000   0.3964
   2.500   0.7383   0.00848   0.00347  -0.1026  0.6743  1.0000  -1.0186   0.0000   0.0000   0.0000   0.3849
   3.000   0.7946   0.00858   0.00352  -0.1027  0.6534  1.0000  -1.0936   0.0000   0.0000   0.0000   0.3747
   3.500   0.8500   0.00874   0.00361  -0.1026  0.6291  1.0000  -1.1802   0.0000   0.0000   0.0000   0.3656
   4.000   0.9042   0.00898   0.00375  -0.1022  0.6011  1.0000  -1.2751   0.0000   0.0000   0.0000   0.3574
   4.500   0.9571   0.00932   0.00398  -0.1017  0.5693  1.0000  -1.3879   0.0000   0.0000   0.0000   0.3500
   5.000   1.0087   0.00973   0.00430  -0.1009  0.5321  1.0000  -1.5109   0.0000   0.0000   0.0000   0.3433
   5.500   1.0580   0.01033   0.00472  -0.0998  0.4923  1.0000  -1.6586   0.0000   0.0000   0.0000   0.3370
   6.000   1.1067   0.01097   0.00525  -0.0987  0.4499  1.0000  -1.8347   0.0000   0.0000   0.0000   0.3313
   6.500   1.1536   0.01173   0.00587  -0.0974  0.4088  1.0000  -2.0759   0.0000   0.0000   0.0000   0.3258
   7.000   1.1980   0.01263   0.00660  -0.0958  0.3653  1.0000  -2.3945   0.0000   0.0000   0.0000   0.3207
   7.500   1.2418   0.01355   0.00740  -0.0941  0.3233  1.0000  -2.7249   0.0000   0.0000   0.0000   0.3159
   8.000   1.2820   0.01465   0.00834  -0.0919  0.2820  1.0000  -3.0561   0.0000   0.0000   0.0000   0.3111
   8.500   1.3197   0.01585   0.00941  -0.0895  0.2415  1.0000  -3.3905   0.0000   0.0000   0.0000   0.3065
   9.000   1.3531   0.01714   0.01059  -0.0864  0.2039  1.0000  -3.7194   0.0000   0.0000   0.0000   0.3019
   9.500   1.3795   0.01879   0.01206  -0.0826  0.1659  1.0000  -4.0299   0.0000   0.0000   0.0000   0.2971
  10.000   1.4036   0.02065   0.01379  -0.0788  0.1310  1.0000  -4.3375   0.0000   0.0000   0.0000   0.2926


