xflr5 v6.61

 Calculated polar for: peg24_70_revT

 1 1 Reynolds number fixed          Mach number fixed         

 xtrf =   1.000 (top)        1.000 (bottom)
 Mach =   0.000     Re =     0.420 e 6     Ncrit =   9.000

  alpha     CL        CD       CDp       Cm    Top Xtr Bot Xtr   Cpmin    Chinge    XCp    
 ------- -------- --------- --------- -------- ------- ------- -------- --------- ---------
   0.000   0.5857   0.00872   0.00355  -0.1354  0.7352  0.6541  -0.8175   0.0000   0.0000   0.0000   0.4799
   0.500   0.6411   0.00868   0.00367  -0.1350  0.7256  0.7285  -0.8660   0.0000   0.0000   0.0000   0.4586
   1.000   0.6952   0.00855   0.00368  -0.1342  0.7141  0.7870  -0.9200   0.0000   0.0000   0.0000   0.4404
   1.500   0.7485   0.00850   0.00365  -0.1331  0.7024  0.8403  -0.9779   0.0000   0.0000   0.0000   0.4246
   2.000   0.7967   0.00832   0.00365  -0.1310  0.6892  0.9007  -1.0356   0.0000   0.0000   0.0000   0.4106
   2.500   0.8544   0.00821   0.00350  -0.1310  0.6748  1.0000  -1.1028   0.0000   0.0000   0.0000   0.3989
   3.000   0.9117   0.00829   0.00357  -0.1314  0.6580  1.0000  -1.1782   0.0000   0.0000   0.0000   0.3891
   3.500   0.9681   0.00844   0.00366  -0.1315  0.6396  1.0000  -1.2574   0.0000   0.0000   0.0000   0.3802
   4.000   1.0231   0.00864   0.00378  -0.1313  0.6164  1.0000  -1.3500   0.0000   0.0000   0.0000   0.3722
   4.500   1.0768   0.00892   0.00398  -0.1309  0.5897  1.0000  -1.4487   0.0000   0.0000   0.0000   0.3648
   5.000   1.1283   0.00932   0.00425  -0.1301  0.5553  1.0000  -1.5610   0.0000   0.0000   0.0000   0.3579
   6.000   1.2250   0.01053   0.00516  -0.1277  0.4774  1.0000  -1.8234   0.0000   0.0000   0.0000   0.3455
   6.500   1.2696   0.01134   0.00580  -0.1260  0.4365  1.0000  -1.9746   0.0000   0.0000   0.0000   0.3398
   7.000   1.3127   0.01222   0.00653  -0.1241  0.3948  1.0000  -2.1422   0.0000   0.0000   0.0000   0.3344
   7.500   1.3527   0.01322   0.00737  -0.1217  0.3551  1.0000  -2.3346   0.0000   0.0000   0.0000   0.3292
   8.000   1.3899   0.01430   0.00831  -0.1190  0.3170  1.0000  -2.5589   0.0000   0.0000   0.0000   0.3241
   8.500   1.4209   0.01552   0.00940  -0.1153  0.2824  1.0000  -2.8358   0.0000   0.0000   0.0000   0.3188
   9.000   1.4512   0.01681   0.01062  -0.1117  0.2501  1.0000  -3.1231   0.0000   0.0000   0.0000   0.3139
   9.500   1.4769   0.01844   0.01213  -0.1078  0.2184  1.0000  -3.4036   0.0000   0.0000   0.0000   0.3092
  10.000   1.4995   0.02038   0.01396  -0.1040  0.1887  1.0000  -3.6800   0.0000   0.0000   0.0000   0.3047


