xflr5 v6.61

 Calculated polar for: peg24_70_revT

 1 1 Reynolds number fixed          Mach number fixed         

 xtrf =   1.000 (top)        1.000 (bottom)
 Mach =   0.000     Re =     0.140 e 6     Ncrit =   9.000

  alpha     CL        CD       CDp       Cm    Top Xtr Bot Xtr   Cpmin    Chinge    XCp    
 ------- -------- --------- --------- -------- ------- ------- -------- --------- ---------
   0.000   0.4908   0.02100   0.01495  -0.1280  0.7947  0.8275  -0.7394   0.0000   0.0000   0.0000   0.5103
   0.500   0.5376   0.02013   0.01418  -0.1235  0.7865  0.9482  -0.7835   0.0000   0.0000   0.0000   0.4783
   1.000   0.5998   0.02056   0.01443  -0.1259  0.7716  1.0000  -0.8367   0.0000   0.0000   0.0000   0.4577
   1.500   0.6687   0.02012   0.01381  -0.1276  0.7613  1.0000  -0.9018   0.0000   0.0000   0.0000   0.4379
   2.000   0.7304   0.02006   0.01363  -0.1282  0.7498  1.0000  -0.9672   0.0000   0.0000   0.0000   0.4220
   2.500   0.7900   0.01977   0.01327  -0.1282  0.7352  1.0000  -1.0334   0.0000   0.0000   0.0000   0.4082
   3.000   0.8516   0.01943   0.01286  -0.1283  0.7227  1.0000  -1.1093   0.0000   0.0000   0.0000   0.3960
   3.500   0.9118   0.01890   0.01229  -0.1281  0.7071  1.0000  -1.1899   0.0000   0.0000   0.0000   0.3852
   4.000   0.9670   0.01873   0.01214  -0.1274  0.6892  1.0000  -1.2769   0.0000   0.0000   0.0000   0.3758
   4.500   1.0357   0.01778   0.01108  -0.1280  0.6755  1.0000  -1.3871   0.0000   0.0000   0.0000   0.3671
   5.000   1.0879   0.01758   0.01095  -0.1268  0.6526  1.0000  -1.4958   0.0000   0.0000   0.0000   0.3594
   5.500   1.1421   0.01731   0.01069  -0.1257  0.6275  1.0000  -1.6190   0.0000   0.0000   0.0000   0.3522
   6.000   1.1966   0.01712   0.01046  -0.1246  0.5994  1.0000  -1.7593   0.0000   0.0000   0.0000   0.3456
   6.500   1.2450   0.01730   0.01062  -0.1228  0.5645  1.0000  -1.9107   0.0000   0.0000   0.0000   0.3394
   7.000   1.2913   0.01771   0.01097  -0.1207  0.5258  1.0000  -2.0774   0.0000   0.0000   0.0000   0.3336
   7.500   1.3335   0.01846   0.01158  -0.1182  0.4842  1.0000  -2.2631   0.0000   0.0000   0.0000   0.3280
   8.000   1.3715   0.01949   0.01242  -0.1152  0.4420  1.0000  -2.4656   0.0000   0.0000   0.0000   0.3226
   8.500   1.4032   0.02076   0.01367  -0.1114  0.4006  1.0000  -2.7145   0.0000   0.0000   0.0000   0.3173
   9.000   1.4303   0.02229   0.01499  -0.1072  0.3617  1.0000  -2.9765   0.0000   0.0000   0.0000   0.3120
   9.500   1.4488   0.02395   0.01666  -0.1018  0.3254  1.0000  -3.2177   0.0000   0.0000   0.0000   0.3065
  10.000   1.4639   0.02600   0.01866  -0.0966  0.2911  1.0000  -3.4575   0.0000   0.0000   0.0000   0.3014


