xflr5 v6.61

 Calculated polar for: peg24_75_revT

 1 1 Reynolds number fixed          Mach number fixed         

 xtrf =   1.000 (top)        1.000 (bottom)
 Mach =   0.000     Re =     0.335 e 6     Ncrit =   9.000

  alpha     CL        CD       CDp       Cm    Top Xtr Bot Xtr   Cpmin    Chinge    XCp    
 ------- -------- --------- --------- -------- ------- ------- -------- --------- ---------
   0.000   0.6033   0.01023   0.00489  -0.1409  0.7479  0.6693  -0.8303   0.0000   0.0000   0.0000   0.4823
   0.500   0.6580   0.01005   0.00485  -0.1401  0.7377  0.7431  -0.8787   0.0000   0.0000   0.0000   0.4610
   1.000   0.7120   0.01000   0.00486  -0.1391  0.7280  0.8056  -0.9319   0.0000   0.0000   0.0000   0.4428
   1.500   0.7604   0.00980   0.00484  -0.1370  0.7162  0.8672  -0.9857   0.0000   0.0000   0.0000   0.4269
   2.000   0.8132   0.00943   0.00453  -0.1355  0.7047  1.0000  -1.0473   0.0000   0.0000   0.0000   0.4127
   2.500   0.8717   0.00951   0.00456  -0.1362  0.6905  1.0000  -1.1138   0.0000   0.0000   0.0000   0.4017
   3.000   0.9308   0.00955   0.00445  -0.1367  0.6760  1.0000  -1.1900   0.0000   0.0000   0.0000   0.3918
   3.500   0.9862   0.00963   0.00456  -0.1366  0.6588  1.0000  -1.2671   0.0000   0.0000   0.0000   0.3829
   4.000   1.0417   0.00976   0.00464  -0.1365  0.6393  1.0000  -1.3588   0.0000   0.0000   0.0000   0.3747
   4.500   1.0958   0.00994   0.00475  -0.1360  0.6155  1.0000  -1.4555   0.0000   0.0000   0.0000   0.3673
   5.000   1.1481   0.01023   0.00496  -0.1354  0.5879  1.0000  -1.5673   0.0000   0.0000   0.0000   0.3604
   5.500   1.1979   0.01065   0.00527  -0.1342  0.5529  1.0000  -1.6868   0.0000   0.0000   0.0000   0.3539
   6.000   1.2452   0.01126   0.00572  -0.1328  0.5162  1.0000  -1.8193   0.0000   0.0000   0.0000   0.3478
   6.500   1.2896   0.01200   0.00633  -0.1309  0.4739  1.0000  -1.9649   0.0000   0.0000   0.0000   0.3420
   7.000   1.3311   0.01291   0.00708  -0.1286  0.4333  1.0000  -2.1212   0.0000   0.0000   0.0000   0.3364
   7.500   1.3688   0.01395   0.00796  -0.1259  0.3918  1.0000  -2.2947   0.0000   0.0000   0.0000   0.3310
   8.000   1.4035   0.01509   0.00896  -0.1227  0.3532  1.0000  -2.4851   0.0000   0.0000   0.0000   0.3257
   8.500   1.4318   0.01636   0.01014  -0.1185  0.3173  1.0000  -2.6978   0.0000   0.0000   0.0000   0.3203
   9.000   1.4561   0.01794   0.01158  -0.1142  0.2841  1.0000  -2.9498   0.0000   0.0000   0.0000   0.3151
   9.500   1.4816   0.01959   0.01318  -0.1104  0.2534  1.0000  -3.2182   0.0000   0.0000   0.0000   0.3104
  10.000   1.5042   0.02156   0.01509  -0.1066  0.2229  1.0000  -3.4861   0.0000   0.0000   0.0000   0.3060


