xflr5 v6.61

 Calculated polar for: peg24_10_revT

 1 1 Reynolds number fixed          Mach number fixed         

 xtrf =   1.000 (top)        1.000 (bottom)
 Mach =   0.000     Re =     0.070 e 6     Ncrit =   9.000

  alpha     CL        CD       CDp       Cm    Top Xtr Bot Xtr   Cpmin    Chinge    XCp    
 ------- -------- --------- --------- -------- ------- ------- -------- --------- ---------
   0.000   0.1570   0.02339   0.01519  -0.0569  0.9045  1.0000  -0.4888   0.0000   0.0000   0.0000   0.6126
   0.500   0.2311   0.02423   0.01581  -0.0615  0.8805  1.0000  -0.5442   0.0000   0.0000   0.0000   0.5149
   1.000   0.3074   0.02495   0.01639  -0.0658  0.8565  1.0000  -0.6055   0.0000   0.0000   0.0000   0.4622
   1.500   0.3942   0.02532   0.01669  -0.0710  0.8354  1.0000  -0.6803   0.0000   0.0000   0.0000   0.4275
   2.000   0.4653   0.02550   0.01685  -0.0728  0.8112  1.0000  -0.7519   0.0000   0.0000   0.0000   0.4036
   2.500   0.5248   0.02578   0.01713  -0.0727  0.7845  1.0000  -0.8210   0.0000   0.0000   0.0000   0.3851
   3.000   0.5839   0.02589   0.01729  -0.0720  0.7578  1.0000  -0.8996   0.0000   0.0000   0.0000   0.3695
   3.500   0.6427   0.02579   0.01726  -0.0708  0.7308  1.0000  -0.9907   0.0000   0.0000   0.0000   0.3559
   4.000   0.7016   0.02550   0.01706  -0.0692  0.7036  1.0000  -1.1036   0.0000   0.0000   0.0000   0.3440
   4.500   0.7614   0.02499   0.01663  -0.0675  0.6755  1.0000  -1.2416   0.0000   0.0000   0.0000   0.3335
   5.000   0.8083   0.02526   0.01706  -0.0649  0.6398  1.0000  -1.3988   0.0000   0.0000   0.0000   0.3247
   5.500   0.8656   0.02476   0.01665  -0.0627  0.6056  1.0000  -1.6493   0.0000   0.0000   0.0000   0.3164
   6.000   0.9242   0.02424   0.01614  -0.0606  0.5692  1.0000  -2.0088   0.0000   0.0000   0.0000   0.3090
   6.500   0.9749   0.02427   0.01622  -0.0581  0.5250  1.0000  -2.3565   0.0000   0.0000   0.0000   0.3024
   7.000   1.0223   0.02461   0.01655  -0.0553  0.4760  1.0000  -2.7076   0.0000   0.0000   0.0000   0.2963
   7.500   1.0671   0.02522   0.01712  -0.0523  0.4233  1.0000  -3.0611   0.0000   0.0000   0.0000   0.2906
   8.000   1.1078   0.02612   0.01777  -0.0490  0.3652  1.0000  -3.4111   0.0000   0.0000   0.0000   0.2851
   8.500   1.1364   0.02770   0.01930  -0.0447  0.3006  1.0000  -3.7079   0.0000   0.0000   0.0000   0.2795
   9.000   1.1611   0.03004   0.02130  -0.0403  0.2363  1.0000  -3.9813   0.0000   0.0000   0.0000   0.2742
   9.500   1.1818   0.03321   0.02431  -0.0359  0.1820  1.0000  -4.2058   0.0000   0.0000   0.0000   0.2691
  10.000   1.2065   0.03713   0.02807  -0.0323  0.1431  1.0000  -4.4136   0.0000   0.0000   0.0000   0.2648


