xflr5 v6.61

 Calculated polar for: peg24_80_revT

 1 1 Reynolds number fixed          Mach number fixed         

 xtrf =   1.000 (top)        1.000 (bottom)
 Mach =   0.000     Re =     0.150 e 6     Ncrit =   9.000

  alpha     CL        CD       CDp       Cm    Top Xtr Bot Xtr   Cpmin    Chinge    XCp    
 ------- -------- --------- --------- -------- ------- ------- -------- --------- ---------
   0.000   0.5532   0.02085   0.01474  -0.1421  0.7886  0.7640  -0.7858   0.0000   0.0000   0.0000   0.5062
   0.500   0.6035   0.02021   0.01420  -0.1383  0.7827  0.8568  -0.8332   0.0000   0.0000   0.0000   0.4776
   1.000   0.6393   0.02055   0.01464  -0.1351  0.7648  1.0000  -0.8689   0.0000   0.0000   0.0000   0.4590
   1.500   0.7149   0.01984   0.01370  -0.1377  0.7581  1.0000  -0.9394   0.0000   0.0000   0.0000   0.4397
   2.000   0.7660   0.02041   0.01419  -0.1375  0.7423  1.0000  -0.9950   0.0000   0.0000   0.0000   0.4259
   2.500   0.8349   0.01960   0.01325  -0.1386  0.7331  1.0000  -1.0692   0.0000   0.0000   0.0000   0.4117
   3.000   0.8895   0.01968   0.01330  -0.1381  0.7184  1.0000  -1.1364   0.0000   0.0000   0.0000   0.4004
   3.500   0.9552   0.01885   0.01241  -0.1386  0.7065  1.0000  -1.2228   0.0000   0.0000   0.0000   0.3896
   4.000   1.0095   0.01876   0.01233  -0.1378  0.6896  1.0000  -1.3039   0.0000   0.0000   0.0000   0.3804
   4.500   1.0778   0.01779   0.01127  -0.1386  0.6767  1.0000  -1.4134   0.0000   0.0000   0.0000   0.3718
   5.000   1.1289   0.01769   0.01124  -0.1373  0.6554  1.0000  -1.5141   0.0000   0.0000   0.0000   0.3642
   5.500   1.1833   0.01739   0.01096  -0.1363  0.6326  1.0000  -1.6326   0.0000   0.0000   0.0000   0.3570
   6.000   1.2369   0.01718   0.01075  -0.1352  0.6065  1.0000  -1.7634   0.0000   0.0000   0.0000   0.3505
   6.500   1.2891   0.01710   0.01058  -0.1338  0.5753  1.0000  -1.9136   0.0000   0.0000   0.0000   0.3443
   7.000   1.3354   0.01747   0.01090  -0.1318  0.5389  1.0000  -2.0678   0.0000   0.0000   0.0000   0.3384
   7.500   1.3769   0.01815   0.01145  -0.1291  0.4983  1.0000  -2.2303   0.0000   0.0000   0.0000   0.3327
   8.000   1.4132   0.01916   0.01233  -0.1258  0.4569  1.0000  -2.4072   0.0000   0.0000   0.0000   0.3272
   8.500   1.4441   0.02043   0.01345  -0.1219  0.4164  1.0000  -2.5970   0.0000   0.0000   0.0000   0.3218
   9.000   1.4670   0.02191   0.01485  -0.1169  0.3786  1.0000  -2.7892   0.0000   0.0000   0.0000   0.3163
   9.500   1.4850   0.02368   0.01653  -0.1115  0.3429  1.0000  -3.0091   0.0000   0.0000   0.0000   0.3109
  10.000   1.4997   0.02583   0.01855  -0.1063  0.3101  1.0000  -3.2340   0.0000   0.0000   0.0000   0.3058


