xflr5 v6.61

 Calculated polar for: peg24_85_revT

 1 1 Reynolds number fixed          Mach number fixed         

 xtrf =   1.000 (top)        1.000 (bottom)
 Mach =   0.000     Re =     0.265 e 6     Ncrit =   9.000

  alpha     CL        CD       CDp       Cm    Top Xtr Bot Xtr   Cpmin    Chinge    XCp    
 ------- -------- --------- --------- -------- ------- ------- -------- --------- ---------
   0.000   0.6408   0.01255   0.00687  -0.1519  0.7596  0.6572  -0.8585   0.0000   0.0000   0.0000   0.4859
   0.500   0.6938   0.01256   0.00706  -0.1509  0.7506  0.7374  -0.9060   0.0000   0.0000   0.0000   0.4656
   1.000   0.7438   0.01235   0.00704  -0.1490  0.7397  0.8090  -0.9543   0.0000   0.0000   0.0000   0.4478
   1.500   0.7920   0.01196   0.00671  -0.1463  0.7310  0.8856  -1.0084   0.0000   0.0000   0.0000   0.4315
   2.000   0.8465   0.01180   0.00662  -0.1457  0.7188  1.0000  -1.0699   0.0000   0.0000   0.0000   0.4183
   2.500   0.9081   0.01165   0.00634  -0.1467  0.7072  1.0000  -1.1388   0.0000   0.0000   0.0000   0.4070
   3.000   0.9655   0.01170   0.00633  -0.1469  0.6937  1.0000  -1.2103   0.0000   0.0000   0.0000   0.3970
   3.500   1.0239   0.01159   0.00614  -0.1472  0.6794  1.0000  -1.2914   0.0000   0.0000   0.0000   0.3879
   4.000   1.0787   0.01168   0.00624  -0.1469  0.6626  1.0000  -1.3763   0.0000   0.0000   0.0000   0.3797
   4.500   1.1345   0.01169   0.00619  -0.1466  0.6443  1.0000  -1.4736   0.0000   0.0000   0.0000   0.3722
   5.000   1.1882   0.01178   0.00621  -0.1460  0.6215  1.0000  -1.5804   0.0000   0.0000   0.0000   0.3651
   5.500   1.2390   0.01203   0.00642  -0.1450  0.5944  1.0000  -1.6957   0.0000   0.0000   0.0000   0.3586
   6.000   1.2867   0.01242   0.00676  -0.1435  0.5605  1.0000  -1.8196   0.0000   0.0000   0.0000   0.3523
   6.500   1.3318   0.01302   0.00722  -0.1415  0.5236  1.0000  -1.9599   0.0000   0.0000   0.0000   0.3464
   7.000   1.3727   0.01385   0.00791  -0.1390  0.4830  1.0000  -2.1040   0.0000   0.0000   0.0000   0.3407
   7.500   1.4085   0.01490   0.00878  -0.1358  0.4417  1.0000  -2.2545   0.0000   0.0000   0.0000   0.3351
   8.000   1.4403   0.01606   0.00982  -0.1320  0.4022  1.0000  -2.4150   0.0000   0.0000   0.0000   0.3296
   8.500   1.4636   0.01747   0.01111  -0.1270  0.3650  1.0000  -2.5793   0.0000   0.0000   0.0000   0.3239
   9.000   1.4847   0.01914   0.01267  -0.1222  0.3308  1.0000  -2.7583   0.0000   0.0000   0.0000   0.3186
   9.500   1.5062   0.02099   0.01446  -0.1179  0.2987  1.0000  -2.9580   0.0000   0.0000   0.0000   0.3138
  10.000   1.5251   0.02315   0.01658  -0.1137  0.2686  1.0000  -3.1829   0.0000   0.0000   0.0000   0.3092


