xflr5 v6.61

 Calculated polar for: peg24_60_revT

 1 1 Reynolds number fixed          Mach number fixed         

 xtrf =   1.000 (top)        1.000 (bottom)
 Mach =   0.000     Re =     0.090 e 6     Ncrit =   9.000

  alpha     CL        CD       CDp       Cm    Top Xtr Bot Xtr   Cpmin    Chinge    XCp    
 ------- -------- --------- --------- -------- ------- ------- -------- --------- ---------
   0.000   0.3479   0.02802   0.02112  -0.1074  0.8393  1.0000  -0.6307   0.0000   0.0000   0.0000   0.5587
   0.500   0.3942   0.02907   0.02186  -0.1082  0.8183  1.0000  -0.6653   0.0000   0.0000   0.0000   0.5235
   1.500   0.5325   0.03006   0.02243  -0.1132  0.7869  1.0000  -0.7824   0.0000   0.0000   0.0000   0.4601
   2.500   0.6713   0.03009   0.02226  -0.1162  0.7570  1.0000  -0.9210   0.0000   0.0000   0.0000   0.4192
   3.000   0.7164   0.03084   0.02299  -0.1147  0.7342  1.0000  -0.9774   0.0000   0.0000   0.0000   0.4056
   4.000   0.8545   0.02910   0.02128  -0.1149  0.7040  1.0000  -1.1594   0.0000   0.0000   0.0000   0.3789
   4.500   0.9056   0.02901   0.02127  -0.1132  0.6814  1.0000  -1.2456   0.0000   0.0000   0.0000   0.3688
   5.000   0.9635   0.02839   0.02074  -0.1119  0.6604  1.0000  -1.3547   0.0000   0.0000   0.0000   0.3594
   5.500   1.0347   0.02672   0.01915  -0.1116  0.6425  1.0000  -1.4968   0.0000   0.0000   0.0000   0.3505
   6.000   1.1098   0.02475   0.01720  -0.1117  0.6215  1.0000  -1.6675   0.0000   0.0000   0.0000   0.3426
   6.500   1.1613   0.02435   0.01691  -0.1097  0.5900  1.0000  -1.8260   0.0000   0.0000   0.0000   0.3357
   7.000   1.2176   0.02376   0.01635  -0.1080  0.5550  1.0000  -2.0214   0.0000   0.0000   0.0000   0.3293
   7.500   1.2748   0.02351   0.01595  -0.1067  0.5170  1.0000  -2.2518   0.0000   0.0000   0.0000   0.3236
   8.000   1.3155   0.02421   0.01662  -0.1037  0.4731  1.0000  -2.5231   0.0000   0.0000   0.0000   0.3179
   8.500   1.3545   0.02526   0.01761  -0.1006  0.4294  1.0000  -2.8182   0.0000   0.0000   0.0000   0.3126
   9.000   1.3914   0.02656   0.01868  -0.0973  0.3861  1.0000  -3.1212   0.0000   0.0000   0.0000   0.3076
   9.500   1.4142   0.02828   0.02043  -0.0925  0.3438  1.0000  -3.3856   0.0000   0.0000   0.0000   0.3022
  10.000   1.4353   0.03029   0.02233  -0.0877  0.3039  1.0000  -3.6499   0.0000   0.0000   0.0000   0.2971


