xflr5 v6.61

 Calculated polar for: peg24_20_revT

 1 1 Reynolds number fixed          Mach number fixed         

 xtrf =   1.000 (top)        1.000 (bottom)
 Mach =   0.000     Re =     0.335 e 6     Ncrit =   9.000

  alpha     CL        CD       CDp       Cm    Top Xtr Bot Xtr   Cpmin    Chinge    XCp    
 ------- -------- --------- --------- -------- ------- ------- -------- --------- ---------
   0.000   0.3415   0.00828   0.00337  -0.0752  0.7529  0.8348  -0.6353   0.0000   0.0000   0.0000   0.4690
   0.500   0.3919   0.00821   0.00333  -0.0733  0.7363  0.8735  -0.6838   0.0000   0.0000   0.0000   0.4354
   1.000   0.4403   0.00815   0.00329  -0.0710  0.7194  0.9112  -0.7346   0.0000   0.0000   0.0000   0.4088
   1.500   0.4940   0.00809   0.00316  -0.0697  0.7006  0.9525  -0.7917   0.0000   0.0000   0.0000   0.3882
   2.000   0.5700   0.00803   0.00306  -0.0737  0.6789  0.9888  -0.8701   0.0000   0.0000   0.0000   0.3760
   2.500   0.6308   0.00811   0.00306  -0.0751  0.6546  1.0000  -0.9440   0.0000   0.0000   0.0000   0.3653
   3.000   0.6841   0.00829   0.00312  -0.0748  0.6278  1.0000  -1.0233   0.0000   0.0000   0.0000   0.3551
   3.500   0.7375   0.00855   0.00324  -0.0743  0.5976  1.0000  -1.1132   0.0000   0.0000   0.0000   0.3461
   4.000   0.7906   0.00883   0.00346  -0.0739  0.5643  1.0000  -1.2248   0.0000   0.0000   0.0000   0.3382
   4.500   0.8426   0.00924   0.00373  -0.0732  0.5267  1.0000  -1.3520   0.0000   0.0000   0.0000   0.3312
   5.000   0.8937   0.00973   0.00409  -0.0724  0.4870  1.0000  -1.5220   0.0000   0.0000   0.0000   0.3248
   5.500   0.9436   0.01032   0.00453  -0.0715  0.4447  1.0000  -1.8115   0.0000   0.0000   0.0000   0.3190
   6.000   0.9935   0.01093   0.00506  -0.0706  0.4033  1.0000  -2.1510   0.0000   0.0000   0.0000   0.3138
   6.500   1.0413   0.01170   0.00567  -0.0695  0.3573  1.0000  -2.5002   0.0000   0.0000   0.0000   0.3089
   7.000   1.0876   0.01258   0.00639  -0.0682  0.3111  1.0000  -2.8597   0.0000   0.0000   0.0000   0.3043
   7.500   1.1323   0.01358   0.00721  -0.0668  0.2628  1.0000  -3.2276   0.0000   0.0000   0.0000   0.2999
   8.000   1.1748   0.01473   0.00816  -0.0652  0.2108  1.0000  -3.6001   0.0000   0.0000   0.0000   0.2958
   8.500   1.2137   0.01615   0.00934  -0.0632  0.1567  1.0000  -3.9684   0.0000   0.0000   0.0000   0.2917
   9.000   1.2481   0.01783   0.01074  -0.0607  0.1100  1.0000  -4.3263   0.0000   0.0000   0.0000   0.2875
   9.500   1.2804   0.01950   0.01227  -0.0578  0.0796  1.0000  -4.6975   0.0000   0.0000   0.0000   0.2834
  10.000   1.3075   0.02128   0.01403  -0.0543  0.0597  1.0000  -5.0468   0.0000   0.0000   0.0000   0.2790


