xflr5 v6.61

 Calculated polar for: peg24_100_revT

 1 1 Reynolds number fixed          Mach number fixed         

 xtrf =   1.000 (top)        1.000 (bottom)
 Mach =   0.000     Re =     0.145 e 6     Ncrit =   9.000

  alpha     CL        CD       CDp       Cm    Top Xtr Bot Xtr   Cpmin    Chinge    XCp    
 ------- -------- --------- --------- -------- ------- ------- -------- --------- ---------
   0.000   0.6226   0.02505   0.01848  -0.1632  0.7837  0.6462  -0.8408   0.0000   0.0000   0.0000   0.5116
   0.500   0.6440   0.02648   0.02021  -0.1584  0.7645  0.7258  -0.8621   0.0000   0.0000   0.0000   0.4946
   1.000   0.7021   0.02534   0.01925  -0.1560  0.7594  0.8383  -0.9162   0.0000   0.0000   0.0000   0.4699
   2.500   0.8837   0.02417   0.01780  -0.1563  0.7308  1.0000  -1.1030   0.0000   0.0000   0.0000   0.4224
   3.000   0.9242   0.02507   0.01868  -0.1544  0.7125  1.0000  -1.1546   0.0000   0.0000   0.0000   0.4119
   3.500   1.0009   0.02357   0.01709  -0.1561  0.7063  1.0000  -1.2442   0.0000   0.0000   0.0000   0.4001
   4.500   1.1231   0.02221   0.01571  -0.1559  0.6809  1.0000  -1.4207   0.0000   0.0000   0.0000   0.3816
   5.000   1.1785   0.02183   0.01536  -0.1551  0.6653  1.0000  -1.5196   0.0000   0.0000   0.0000   0.3736
   5.500   1.2495   0.02047   0.01397  -0.1561  0.6522  1.0000  -1.6459   0.0000   0.0000   0.0000   0.3663
   6.000   1.2997   0.02015   0.01372  -0.1545  0.6305  1.0000  -1.7614   0.0000   0.0000   0.0000   0.3594
   6.500   1.3529   0.01974   0.01332  -0.1532  0.6069  1.0000  -1.8899   0.0000   0.0000   0.0000   0.3530
   7.000   1.4041   0.01947   0.01304  -0.1515  0.5785  1.0000  -2.0335   0.0000   0.0000   0.0000   0.3470
   7.500   1.4548   0.01945   0.01286  -0.1499  0.5454  1.0000  -2.1953   0.0000   0.0000   0.0000   0.3413
   8.000   1.4880   0.02027   0.01364  -0.1460  0.5070  1.0000  -2.3339   0.0000   0.0000   0.0000   0.3355
   8.500   1.5200   0.02126   0.01445  -0.1419  0.4677  1.0000  -2.4837   0.0000   0.0000   0.0000   0.3300
   9.000   1.5399   0.02274   0.01585  -0.1363  0.4299  1.0000  -2.6226   0.0000   0.0000   0.0000   0.3243
   9.500   1.5565   0.02457   0.01755  -0.1308  0.3938  1.0000  -2.7717   0.0000   0.0000   0.0000   0.3189
  10.000   1.5714   0.02672   0.01954  -0.1254  0.3601  1.0000  -2.9370   0.0000   0.0000   0.0000   0.3138


