xflr5 v6.61

 Calculated polar for: peg24_65_revT

 1 1 Reynolds number fixed          Mach number fixed         

 xtrf =   1.000 (top)        1.000 (bottom)
 Mach =   0.000     Re =     0.475 e 6     Ncrit =   9.000

  alpha     CL        CD       CDp       Cm    Top Xtr Bot Xtr   Cpmin    Chinge    XCp    
 ------- -------- --------- --------- -------- ------- ------- -------- --------- ---------
   0.000   0.5644   0.00812   0.00306  -0.1299  0.7280  0.6558  -0.8012   0.0000   0.0000   0.0000   0.4787
   0.500   0.6195   0.00797   0.00312  -0.1294  0.7181  0.7279  -0.8497   0.0000   0.0000   0.0000   0.4569
   1.000   0.6745   0.00789   0.00311  -0.1288  0.7065  0.7829  -0.9047   0.0000   0.0000   0.0000   0.4383
   1.500   0.7279   0.00785   0.00318  -0.1279  0.6942  0.8324  -0.9628   0.0000   0.0000   0.0000   0.4225
   2.000   0.7786   0.00774   0.00314  -0.1263  0.6797  0.8846  -1.0219   0.0000   0.0000   0.0000   0.4084
   2.500   0.8328   0.00758   0.00309  -0.1255  0.6643  1.0000  -1.0873   0.0000   0.0000   0.0000   0.3963
   3.000   0.8905   0.00774   0.00313  -0.1259  0.6469  1.0000  -1.1638   0.0000   0.0000   0.0000   0.3865
   3.500   0.9465   0.00791   0.00322  -0.1260  0.6249  1.0000  -1.2447   0.0000   0.0000   0.0000   0.3776
   4.000   1.0013   0.00816   0.00339  -0.1258  0.5992  1.0000  -1.3369   0.0000   0.0000   0.0000   0.3695
   4.500   1.0545   0.00850   0.00363  -0.1254  0.5694  1.0000  -1.4389   0.0000   0.0000   0.0000   0.3622
   5.000   1.1062   0.00893   0.00395  -0.1247  0.5327  1.0000  -1.5537   0.0000   0.0000   0.0000   0.3554
   5.500   1.1552   0.00954   0.00438  -0.1236  0.4942  1.0000  -1.6785   0.0000   0.0000   0.0000   0.3490
   6.000   1.2033   0.01021   0.00490  -0.1224  0.4519  1.0000  -1.8234   0.0000   0.0000   0.0000   0.3431
   6.500   1.2488   0.01102   0.00553  -0.1209  0.4109  1.0000  -1.9814   0.0000   0.0000   0.0000   0.3375
   7.000   1.2932   0.01186   0.00623  -0.1192  0.3702  1.0000  -2.1665   0.0000   0.0000   0.0000   0.3322
   7.500   1.3348   0.01283   0.00704  -0.1171  0.3306  1.0000  -2.3753   0.0000   0.0000   0.0000   0.3271
   8.000   1.3744   0.01385   0.00793  -0.1148  0.2933  1.0000  -2.6800   0.0000   0.0000   0.0000   0.3222
   8.500   1.4081   0.01502   0.00895  -0.1116  0.2579  1.0000  -2.9772   0.0000   0.0000   0.0000   0.3171
   9.000   1.4400   0.01625   0.01009  -0.1082  0.2253  1.0000  -3.2782   0.0000   0.0000   0.0000   0.3123
   9.500   1.4670   0.01779   0.01149  -0.1044  0.1941  1.0000  -3.5710   0.0000   0.0000   0.0000   0.3075
  10.000   1.4916   0.01958   0.01318  -0.1006  0.1646  1.0000  -3.8623   0.0000   0.0000   0.0000   0.3030


