xflr5 v6.61

 Calculated polar for: peg24_05_revT

 1 1 Reynolds number fixed          Mach number fixed         

 xtrf =   1.000 (top)        1.000 (bottom)
 Mach =   0.000     Re =     0.140 e 6     Ncrit =   9.000

  alpha     CL        CD       CDp       Cm    Top Xtr Bot Xtr   Cpmin    Chinge    XCp    
 ------- -------- --------- --------- -------- ------- ------- -------- --------- ---------
   0.000   0.3287   0.01392   0.00786  -0.0692  0.8358  0.9672  -0.6116   0.0000   0.0000   0.0000   0.4597
   0.500   0.4351   0.01352   0.00734  -0.0790  0.8159  0.9910  -0.6951   0.0000   0.0000   0.0000   0.4302
   1.000   0.4969   0.01322   0.00696  -0.0808  0.7920  1.0000  -0.7569   0.0000   0.0000   0.0000   0.4106
   1.500   0.5294   0.01313   0.00679  -0.0766  0.7670  1.0000  -0.8046   0.0000   0.0000   0.0000   0.3922
   2.000   0.5628   0.01308   0.00666  -0.0723  0.7417  1.0000  -0.8567   0.0000   0.0000   0.0000   0.3755
   2.500   0.5987   0.01308   0.00658  -0.0683  0.7159  1.0000  -0.9175   0.0000   0.0000   0.0000   0.3607
   3.000   0.6389   0.01314   0.00656  -0.0649  0.6887  1.0000  -0.9897   0.0000   0.0000   0.0000   0.3478
   3.500   0.6829   0.01323   0.00657  -0.0622  0.6594  1.0000  -1.0860   0.0000   0.0000   0.0000   0.3367
   4.000   0.7298   0.01335   0.00660  -0.0599  0.6282  1.0000  -1.1991   0.0000   0.0000   0.0000   0.3273
   4.500   0.7774   0.01361   0.00676  -0.0578  0.5944  1.0000  -1.3583   0.0000   0.0000   0.0000   0.3191
   5.000   0.8234   0.01394   0.00707  -0.0556  0.5559  1.0000  -1.6106   0.0000   0.0000   0.0000   0.3118
   5.500   0.8700   0.01441   0.00741  -0.0535  0.5159  1.0000  -1.9334   0.0000   0.0000   0.0000   0.3052
   6.000   0.9142   0.01496   0.00789  -0.0511  0.4722  1.0000  -2.2641   0.0000   0.0000   0.0000   0.2991
   6.500   0.9567   0.01564   0.00855  -0.0486  0.4274  1.0000  -2.6023   0.0000   0.0000   0.0000   0.2934
   7.000   0.9964   0.01642   0.00924  -0.0457  0.3791  1.0000  -2.9442   0.0000   0.0000   0.0000   0.2879
   7.500   1.0331   0.01735   0.01011  -0.0425  0.3287  1.0000  -3.2847   0.0000   0.0000   0.0000   0.2826
   8.000   1.0652   0.01850   0.01115  -0.0387  0.2745  1.0000  -3.6151   0.0000   0.0000   0.0000   0.2772
   9.000   1.1069   0.02210   0.01430  -0.0287  0.1586  1.0000  -4.1798   0.0000   0.0000   0.0000   0.2654
   9.500   1.1150   0.02446   0.01643  -0.0221  0.1180  1.0000  -4.3958   0.0000   0.0000   0.0000   0.2587
  10.000   1.1213   0.02717   0.01896  -0.0163  0.0904  1.0000  -4.5971   0.0000   0.0000   0.0000   0.2527


