xflr5 v6.61

 Calculated polar for: peg24_85_revT

 1 1 Reynolds number fixed          Mach number fixed         

 xtrf =   1.000 (top)        1.000 (bottom)
 Mach =   0.000     Re =     0.490 e 6     Ncrit =   9.000

  alpha     CL        CD       CDp       Cm    Top Xtr Bot Xtr   Cpmin    Chinge    XCp    
 ------- -------- --------- --------- -------- ------- ------- -------- --------- ---------
   0.000   0.6583   0.00867   0.00337  -0.1525  0.7258  0.5578  -0.8748   0.0000   0.0000   0.0000   0.4803
   0.500   0.7149   0.00848   0.00342  -0.1525  0.7170  0.6361  -0.9247   0.0000   0.0000   0.0000   0.4612
   1.000   0.7714   0.00835   0.00340  -0.1523  0.7070  0.7101  -0.9777   0.0000   0.0000   0.0000   0.4447
   1.500   0.8263   0.00832   0.00353  -0.1519  0.6969  0.7747  -1.0360   0.0000   0.0000   0.0000   0.4304
   2.000   0.8795   0.00819   0.00353  -0.1509  0.6846  0.8322  -1.0986   0.0000   0.0000   0.0000   0.4176
   2.500   0.9285   0.00809   0.00354  -0.1490  0.6720  0.9023  -1.1591   0.0000   0.0000   0.0000   0.4058
   3.000   0.9841   0.00800   0.00349  -0.1488  0.6569  1.0000  -1.2312   0.0000   0.0000   0.0000   0.3959
   3.500   1.0410   0.00816   0.00361  -0.1490  0.6411  1.0000  -1.3108   0.0000   0.0000   0.0000   0.3873
   4.000   1.0961   0.00837   0.00371  -0.1489  0.6200  1.0000  -1.3986   0.0000   0.0000   0.0000   0.3793
   4.500   1.1497   0.00865   0.00391  -0.1485  0.5956  1.0000  -1.4938   0.0000   0.0000   0.0000   0.3720
   5.000   1.2015   0.00902   0.00419  -0.1478  0.5647  1.0000  -1.6016   0.0000   0.0000   0.0000   0.3652
   5.500   1.2509   0.00953   0.00458  -0.1468  0.5286  1.0000  -1.7155   0.0000   0.0000   0.0000   0.3588
   6.000   1.2968   0.01024   0.00510  -0.1452  0.4895  1.0000  -1.8399   0.0000   0.0000   0.0000   0.3527
   6.500   1.3408   0.01104   0.00574  -0.1433  0.4471  1.0000  -1.9811   0.0000   0.0000   0.0000   0.3470
   7.000   1.3817   0.01196   0.00649  -0.1410  0.4076  1.0000  -2.1270   0.0000   0.0000   0.0000   0.3414
   7.500   1.4195   0.01298   0.00734  -0.1382  0.3678  1.0000  -2.2818   0.0000   0.0000   0.0000   0.3360
   8.000   1.4511   0.01413   0.00835  -0.1345  0.3312  1.0000  -2.4464   0.0000   0.0000   0.0000   0.3305
   8.500   1.4815   0.01534   0.00946  -0.1307  0.2986  1.0000  -2.6298   0.0000   0.0000   0.0000   0.3253
   9.000   1.5086   0.01680   0.01081  -0.1268  0.2679  1.0000  -2.8315   0.0000   0.0000   0.0000   0.3203
   9.500   1.5335   0.01851   0.01242  -0.1229  0.2391  1.0000  -3.0549   0.0000   0.0000   0.0000   0.3156
  10.000   1.5560   0.02051   0.01433  -0.1191  0.2107  1.0000  -3.3071   0.0000   0.0000   0.0000   0.3111


