xflr5 v6.61

 Calculated polar for: peg24_65_revT

 1 1 Reynolds number fixed          Mach number fixed         

 xtrf =   1.000 (top)        1.000 (bottom)
 Mach =   0.000     Re =     0.110 e 6     Ncrit =   9.000

  alpha     CL        CD       CDp       Cm    Top Xtr Bot Xtr   Cpmin    Chinge    XCp    
 ------- -------- --------- --------- -------- ------- ------- -------- --------- ---------
   0.000   0.4026   0.02489   0.01854  -0.1139  0.8143  0.9154  -0.6752   0.0000   0.0000   0.0000   0.5328
   1.000   0.5414   0.02528   0.01846  -0.1200  0.7872  1.0000  -0.7856   0.0000   0.0000   0.0000   0.4697
   2.000   0.6681   0.02534   0.01825  -0.1218  0.7594  1.0000  -0.9098   0.0000   0.0000   0.0000   0.4290
   3.000   0.7943   0.02460   0.01738  -0.1221  0.7313  1.0000  -1.0536   0.0000   0.0000   0.0000   0.3991
   3.500   0.8440   0.02482   0.01762  -0.1207  0.7111  1.0000  -1.1225   0.0000   0.0000   0.0000   0.3879
   4.000   0.9238   0.02304   0.01579  -0.1219  0.7024  1.0000  -1.2332   0.0000   0.0000   0.0000   0.3762
   4.500   0.9745   0.02289   0.01571  -0.1203  0.6802  1.0000  -1.3216   0.0000   0.0000   0.0000   0.3671
   5.000   1.0301   0.02244   0.01533  -0.1191  0.6587  1.0000  -1.4321   0.0000   0.0000   0.0000   0.3587
   5.500   1.0901   0.02164   0.01458  -0.1183  0.6365  1.0000  -1.5614   0.0000   0.0000   0.0000   0.3509
   6.000   1.1493   0.02091   0.01388  -0.1174  0.6105  1.0000  -1.7080   0.0000   0.0000   0.0000   0.3439
   6.500   1.2059   0.02042   0.01337  -0.1162  0.5794  1.0000  -1.8744   0.0000   0.0000   0.0000   0.3374
   7.000   1.2617   0.02025   0.01306  -0.1150  0.5442  1.0000  -2.0645   0.0000   0.0000   0.0000   0.3315
   7.500   1.3029   0.02087   0.01369  -0.1121  0.5023  1.0000  -2.2559   0.0000   0.0000   0.0000   0.3257
   8.000   1.3451   0.02170   0.01435  -0.1095  0.4598  1.0000  -2.4919   0.0000   0.0000   0.0000   0.3203
   8.500   1.3809   0.02285   0.01540  -0.1061  0.4171  1.0000  -2.7756   0.0000   0.0000   0.0000   0.3150
   9.000   1.4098   0.02433   0.01683  -0.1021  0.3755  1.0000  -3.0443   0.0000   0.0000   0.0000   0.3097
   9.500   1.4355   0.02603   0.01830  -0.0977  0.3360  1.0000  -3.3190   0.0000   0.0000   0.0000   0.3046
  10.000   1.4489   0.02798   0.02033  -0.0918  0.2997  1.0000  -3.5535   0.0000   0.0000   0.0000   0.2991


