xflr5 v6.61

 Calculated polar for: peg24_0_revT

 1 1 Reynolds number fixed          Mach number fixed         

 xtrf =   1.000 (top)        1.000 (bottom)
 Mach =   0.000     Re =     0.050 e 6     Ncrit =   9.000

  alpha     CL        CD       CDp       Cm    Top Xtr Bot Xtr   Cpmin    Chinge    XCp    
 ------- -------- --------- --------- -------- ------- ------- -------- --------- ---------
   0.000  -0.0802   0.02498   0.01553  -0.0130  0.9848  1.0000  -0.6613   0.0000   0.0000   0.0000   0.0856
   0.500   0.0033   0.02698   0.01718  -0.0212  0.9559  1.0000  -0.4815   0.0000   0.0000   0.0000   6.6510
   1.000   0.0845   0.02887   0.01880  -0.0284  0.9254  1.0000  -0.4539   0.0000   0.0000   0.0000   0.5824
   1.500   0.1718   0.03077   0.02053  -0.0359  0.8954  1.0000  -0.5175   0.0000   0.0000   0.0000   0.4553
   2.000   0.2296   0.03222   0.02188  -0.0381  0.8634  1.0000  -0.5678   0.0000   0.0000   0.0000   0.4120
   2.500   0.2961   0.03370   0.02333  -0.0412  0.8311  1.0000  -0.6284   0.0000   0.0000   0.0000   0.3850
   3.000   0.3821   0.03492   0.02462  -0.0463  0.8006  1.0000  -0.7132   0.0000   0.0000   0.0000   0.3671
   3.500   0.4223   0.03649   0.02621  -0.0449  0.7660  1.0000  -0.7686   0.0000   0.0000   0.0000   0.3519
   4.000   0.4969   0.03729   0.02720  -0.0473  0.7334  1.0000  -0.8691   0.0000   0.0000   0.0000   0.3403
   4.500   0.5721   0.03777   0.02787  -0.0490  0.7016  1.0000  -0.9937   0.0000   0.0000   0.0000   0.3305
   5.000   0.6196   0.03887   0.02914  -0.0472  0.6659  1.0000  -1.1127   0.0000   0.0000   0.0000   0.3207
   5.500   0.7221   0.03694   0.02762  -0.0490  0.6352  1.0000  -1.3778   0.0000   0.0000   0.0000   0.3121
   6.000   0.7563   0.03828   0.02915  -0.0451  0.5963  1.0000  -1.5899   0.0000   0.0000   0.0000   0.3034
   6.500   0.8472   0.03578   0.02702  -0.0442  0.5580  1.0000  -2.0286   0.0000   0.0000   0.0000   0.2955
   7.000   0.9207   0.03398   0.02540  -0.0418  0.5107  1.0000  -2.4354   0.0000   0.0000   0.0000   0.2881
   7.500   0.9758   0.03325   0.02473  -0.0379  0.4543  1.0000  -2.8262   0.0000   0.0000   0.0000   0.2810
   8.000   1.0269   0.03298   0.02438  -0.0338  0.3900  1.0000  -3.2322   0.0000   0.0000   0.0000   0.2744
   8.500   1.0607   0.03382   0.02493  -0.0285  0.3188  1.0000  -3.5647   0.0000   0.0000   0.0000   0.2676
   9.000   1.0889   0.03620   0.02687  -0.0234  0.2518  1.0000  -3.8429   0.0000   0.0000   0.0000   0.2616
   9.500   1.1081   0.03979   0.03040  -0.0183  0.2011  1.0000  -4.0444   0.0000   0.0000   0.0000   0.2559
  10.000   1.1378   0.04426   0.03455  -0.0151  0.1611  1.0000  -4.2676   0.0000   0.0000   0.0000   0.2520


