xflr5 v6.61

 Calculated polar for: peg24_60_revT

 1 1 Reynolds number fixed          Mach number fixed         

 xtrf =   1.000 (top)        1.000 (bottom)
 Mach =   0.000     Re =     0.130 e 6     Ncrit =   9.000

  alpha     CL        CD       CDp       Cm    Top Xtr Bot Xtr   Cpmin    Chinge    XCp    
 ------- -------- --------- --------- -------- ------- ------- -------- --------- ---------
   0.000   0.4427   0.02013   0.01402  -0.1140  0.8106  0.8987  -0.7055   0.0000   0.0000   0.0000   0.5071
   0.500   0.4963   0.02045   0.01429  -0.1148  0.7923  1.0000  -0.7485   0.0000   0.0000   0.0000   0.4800
   1.000   0.5736   0.01987   0.01346  -0.1178  0.7844  1.0000  -0.8159   0.0000   0.0000   0.0000   0.4532
   1.500   0.6244   0.02041   0.01390  -0.1176  0.7661  1.0000  -0.8669   0.0000   0.0000   0.0000   0.4357
   2.000   0.6956   0.01970   0.01303  -0.1189  0.7572  1.0000  -0.9398   0.0000   0.0000   0.0000   0.4176
   2.500   0.7461   0.01999   0.01330  -0.1180  0.7381  1.0000  -0.9994   0.0000   0.0000   0.0000   0.4042
   3.000   0.8175   0.01905   0.01223  -0.1189  0.7287  1.0000  -1.0859   0.0000   0.0000   0.0000   0.3909
   3.500   0.8685   0.01905   0.01226  -0.1177  0.7078  1.0000  -1.1589   0.0000   0.0000   0.0000   0.3804
   4.000   0.9244   0.01883   0.01206  -0.1169  0.6887  1.0000  -1.2489   0.0000   0.0000   0.0000   0.3708
   4.500   0.9871   0.01816   0.01135  -0.1168  0.6713  1.0000  -1.3561   0.0000   0.0000   0.0000   0.3620
   5.000   1.0471   0.01760   0.01076  -0.1163  0.6496  1.0000  -1.4785   0.0000   0.0000   0.0000   0.3541
   5.500   1.1017   0.01736   0.01051  -0.1152  0.6227  1.0000  -1.6086   0.0000   0.0000   0.0000   0.3470
   6.000   1.1506   0.01745   0.01065  -0.1134  0.5899  1.0000  -1.7512   0.0000   0.0000   0.0000   0.3404
   6.500   1.2003   0.01759   0.01075  -0.1117  0.5532  1.0000  -1.9169   0.0000   0.0000   0.0000   0.3342
   7.000   1.2480   0.01806   0.01110  -0.1098  0.5137  1.0000  -2.1075   0.0000   0.0000   0.0000   0.3284
   7.500   1.2903   0.01884   0.01175  -0.1073  0.4704  1.0000  -2.3223   0.0000   0.0000   0.0000   0.3229
   8.000   1.3281   0.01991   0.01275  -0.1043  0.4273  1.0000  -2.6078   0.0000   0.0000   0.0000   0.3176
   8.500   1.3626   0.02122   0.01388  -0.1010  0.3856  1.0000  -2.8965   0.0000   0.0000   0.0000   0.3124
   9.000   1.3898   0.02267   0.01532  -0.0968  0.3443  1.0000  -3.1747   0.0000   0.0000   0.0000   0.3071
   9.500   1.4109   0.02441   0.01691  -0.0919  0.3067  1.0000  -3.4391   0.0000   0.0000   0.0000   0.3018
  10.000   1.4258   0.02640   0.01894  -0.0865  0.2705  1.0000  -3.6849   0.0000   0.0000   0.0000   0.2966


