xflr5 v6.61

 Calculated polar for: peg24_70_revT

 1 1 Reynolds number fixed          Mach number fixed         

 xtrf =   1.000 (top)        1.000 (bottom)
 Mach =   0.000     Re =     0.430 e 6     Ncrit =   9.000

  alpha     CL        CD       CDp       Cm    Top Xtr Bot Xtr   Cpmin    Chinge    XCp    
 ------- -------- --------- --------- -------- ------- ------- -------- --------- ---------
   0.000   0.5862   0.00862   0.00345  -0.1355  0.7339  0.6503  -0.8180   0.0000   0.0000   0.0000   0.4798
   0.500   0.6415   0.00857   0.00358  -0.1350  0.7243  0.7248  -0.8663   0.0000   0.0000   0.0000   0.4585
   1.000   0.6959   0.00844   0.00358  -0.1343  0.7127  0.7834  -0.9205   0.0000   0.0000   0.0000   0.4404
   1.500   0.7493   0.00841   0.00359  -0.1333  0.7011  0.8363  -0.9785   0.0000   0.0000   0.0000   0.4246
   2.000   0.7981   0.00822   0.00357  -0.1313  0.6877  0.8952  -1.0366   0.0000   0.0000   0.0000   0.4107
   2.500   0.8546   0.00811   0.00344  -0.1310  0.6735  1.0000  -1.1031   0.0000   0.0000   0.0000   0.3989
   3.000   0.9121   0.00819   0.00349  -0.1314  0.6565  1.0000  -1.1787   0.0000   0.0000   0.0000   0.3891
   3.500   0.9686   0.00835   0.00360  -0.1316  0.6378  1.0000  -1.2579   0.0000   0.0000   0.0000   0.3802
   4.000   1.0235   0.00855   0.00372  -0.1314  0.6144  1.0000  -1.3505   0.0000   0.0000   0.0000   0.3722
   4.500   1.0772   0.00884   0.00392  -0.1310  0.5874  1.0000  -1.4493   0.0000   0.0000   0.0000   0.3648
   5.000   1.1285   0.00925   0.00420  -0.1302  0.5525  1.0000  -1.5614   0.0000   0.0000   0.0000   0.3579
   5.500   1.1779   0.00981   0.00460  -0.1291  0.5164  1.0000  -1.6837   0.0000   0.0000   0.0000   0.3515
   6.000   1.2252   0.01047   0.00512  -0.1278  0.4743  1.0000  -1.8239   0.0000   0.0000   0.0000   0.3456
   6.500   1.2703   0.01126   0.00575  -0.1261  0.4338  1.0000  -1.9759   0.0000   0.0000   0.0000   0.3399
   7.000   1.3129   0.01217   0.00649  -0.1241  0.3918  1.0000  -2.1427   0.0000   0.0000   0.0000   0.3344
   7.500   1.3535   0.01314   0.00732  -0.1219  0.3523  1.0000  -2.3367   0.0000   0.0000   0.0000   0.3292
   8.000   1.3903   0.01425   0.00826  -0.1191  0.3143  1.0000  -2.5608   0.0000   0.0000   0.0000   0.3241
   8.500   1.4225   0.01541   0.00933  -0.1155  0.2802  1.0000  -2.8420   0.0000   0.0000   0.0000   0.3189
   9.000   1.4523   0.01673   0.01055  -0.1119  0.2475  1.0000  -3.1283   0.0000   0.0000   0.0000   0.3140
   9.500   1.4777   0.01837   0.01206  -0.1080  0.2160  1.0000  -3.4077   0.0000   0.0000   0.0000   0.3092
  10.000   1.5012   0.02025   0.01386  -0.1042  0.1867  1.0000  -3.6876   0.0000   0.0000   0.0000   0.3048


