xflr5 v6.61

 Calculated polar for: peg24_95_revT

 1 1 Reynolds number fixed          Mach number fixed         

 xtrf =   1.000 (top)        1.000 (bottom)
 Mach =   0.000     Re =     0.450 e 6     Ncrit =   9.000

  alpha     CL        CD       CDp       Cm    Top Xtr Bot Xtr   Cpmin    Chinge    XCp    
 ------- -------- --------- --------- -------- ------- ------- -------- --------- ---------
   0.000   0.7033   0.00947   0.00396  -0.1636  0.7290  0.5290  -0.9120   0.0000   0.0000   0.0000   0.4812
   0.500   0.7597   0.00928   0.00402  -0.1636  0.7213  0.6026  -0.9605   0.0000   0.0000   0.0000   0.4633
   1.000   0.8164   0.00911   0.00402  -0.1636  0.7122  0.6803  -1.0125   0.0000   0.0000   0.0000   0.4475
   1.500   0.8725   0.00907   0.00408  -0.1633  0.7019  0.7537  -1.0714   0.0000   0.0000   0.0000   0.4336
   2.000   0.9252   0.00894   0.00415  -0.1623  0.6920  0.8176  -1.1331   0.0000   0.0000   0.0000   0.4213
   2.500   0.9743   0.00872   0.00406  -0.1604  0.6801  0.8911  -1.1947   0.0000   0.0000   0.0000   0.4098
   3.000   1.0285   0.00864   0.00404  -0.1598  0.6672  1.0000  -1.2627   0.0000   0.0000   0.0000   0.3999
   3.500   1.0857   0.00875   0.00406  -0.1601  0.6526  1.0000  -1.3429   0.0000   0.0000   0.0000   0.3913
   4.000   1.1411   0.00890   0.00421  -0.1601  0.6352  1.0000  -1.4257   0.0000   0.0000   0.0000   0.3835
   4.500   1.1952   0.00912   0.00436  -0.1597  0.6139  1.0000  -1.5226   0.0000   0.0000   0.0000   0.3762
   5.000   1.2476   0.00942   0.00459  -0.1591  0.5894  1.0000  -1.6252   0.0000   0.0000   0.0000   0.3694
   5.500   1.2969   0.00987   0.00492  -0.1580  0.5556  1.0000  -1.7381   0.0000   0.0000   0.0000   0.3630
   6.000   1.3427   0.01051   0.00539  -0.1563  0.5197  1.0000  -1.8545   0.0000   0.0000   0.0000   0.3569
   6.500   1.3862   0.01127   0.00601  -0.1543  0.4799  1.0000  -1.9836   0.0000   0.0000   0.0000   0.3510
   7.000   1.4235   0.01228   0.00681  -0.1513  0.4382  1.0000  -2.1220   0.0000   0.0000   0.0000   0.3453
   7.500   1.4599   0.01327   0.00768  -0.1482  0.3998  1.0000  -2.2638   0.0000   0.0000   0.0000   0.3398
   8.000   1.4860   0.01456   0.00880  -0.1435  0.3622  1.0000  -2.4016   0.0000   0.0000   0.0000   0.3341
   8.500   1.5122   0.01596   0.01009  -0.1392  0.3283  1.0000  -2.5495   0.0000   0.0000   0.0000   0.3287
   9.000   1.5371   0.01758   0.01162  -0.1351  0.2967  1.0000  -2.7161   0.0000   0.0000   0.0000   0.3237
   9.500   1.5605   0.01942   0.01338  -0.1312  0.2684  1.0000  -2.9047   0.0000   0.0000   0.0000   0.3191
  10.000   1.5820   0.02152   0.01541  -0.1274  0.2412  1.0000  -3.1103   0.0000   0.0000   0.0000   0.3146


