xflr5 v6.61

 Calculated polar for: peg24_55_revT

 1 1 Reynolds number fixed          Mach number fixed         

 xtrf =   1.000 (top)        1.000 (bottom)
 Mach =   0.000     Re =     0.250 e 6     Ncrit =   9.000

  alpha     CL        CD       CDp       Cm    Top Xtr Bot Xtr   Cpmin    Chinge    XCp    
 ------- -------- --------- --------- -------- ------- ------- -------- --------- ---------
   0.000   0.4984   0.01132   0.00598  -0.1166  0.7685  0.7956  -0.7488   0.0000   0.0000   0.0000   0.4828
   0.500   0.5483   0.01108   0.00578  -0.1141  0.7578  0.8527  -0.7953   0.0000   0.0000   0.0000   0.4564
   1.000   0.5909   0.01094   0.00576  -0.1105  0.7449  0.9160  -0.8421   0.0000   0.0000   0.0000   0.4346
   1.500   0.6592   0.01059   0.00534  -0.1124  0.7322  1.0000  -0.9090   0.0000   0.0000   0.0000   0.4176
   2.000   0.7177   0.01068   0.00534  -0.1132  0.7173  1.0000  -0.9713   0.0000   0.0000   0.0000   0.4042
   2.500   0.7779   0.01062   0.00512  -0.1138  0.7024  1.0000  -1.0428   0.0000   0.0000   0.0000   0.3922
   3.000   0.8332   0.01066   0.00516  -0.1137  0.6838  1.0000  -1.1165   0.0000   0.0000   0.0000   0.3818
   3.500   0.8892   0.01073   0.00518  -0.1136  0.6644  1.0000  -1.2000   0.0000   0.0000   0.0000   0.3725
   4.000   0.9445   0.01081   0.00519  -0.1132  0.6421  1.0000  -1.2914   0.0000   0.0000   0.0000   0.3641
   4.500   0.9982   0.01096   0.00529  -0.1126  0.6154  1.0000  -1.3987   0.0000   0.0000   0.0000   0.3565
   5.000   1.0505   0.01123   0.00549  -0.1118  0.5843  1.0000  -1.5178   0.0000   0.0000   0.0000   0.3495
   5.500   1.1007   0.01164   0.00576  -0.1107  0.5482  1.0000  -1.6516   0.0000   0.0000   0.0000   0.3430
   6.000   1.1489   0.01221   0.00624  -0.1093  0.5092  1.0000  -1.8049   0.0000   0.0000   0.0000   0.3370
   7.000   1.2377   0.01382   0.00757  -0.1057  0.4242  1.0000  -2.1845   0.0000   0.0000   0.0000   0.3258
   7.500   1.2781   0.01484   0.00844  -0.1033  0.3825  1.0000  -2.4861   0.0000   0.0000   0.0000   0.3206
   8.000   1.3152   0.01598   0.00944  -0.1006  0.3408  1.0000  -2.7906   0.0000   0.0000   0.0000   0.3156
   8.500   1.3496   0.01721   0.01061  -0.0975  0.3019  1.0000  -3.0963   0.0000   0.0000   0.0000   0.3106
   9.000   1.3763   0.01866   0.01192  -0.0934  0.2645  1.0000  -3.3851   0.0000   0.0000   0.0000   0.3055
   9.500   1.4011   0.02030   0.01349  -0.0894  0.2293  1.0000  -3.6738   0.0000   0.0000   0.0000   0.3006
  10.000   1.4219   0.02231   0.01543  -0.0854  0.1954  1.0000  -3.9533   0.0000   0.0000   0.0000   0.2961


