xflr5 v6.61

 Calculated polar for: peg24_05_revT

 1 1 Reynolds number fixed          Mach number fixed         

 xtrf =   1.000 (top)        1.000 (bottom)
 Mach =   0.000     Re =     0.195 e 6     Ncrit =   9.000

  alpha     CL        CD       CDp       Cm    Top Xtr Bot Xtr   Cpmin    Chinge    XCp    
 ------- -------- --------- --------- -------- ------- ------- -------- --------- ---------
   0.000   0.2528   0.01096   0.00558  -0.0530  0.7982  0.9303  -0.5727   0.0000   0.0000   0.0000   0.4588
   0.500   0.3387   0.01093   0.00538  -0.0579  0.7815  0.9559  -0.6415   0.0000   0.0000   0.0000   0.4193
   1.000   0.4321   0.01083   0.00519  -0.0651  0.7598  0.9753  -0.7202   0.0000   0.0000   0.0000   0.3986
   1.500   0.5221   0.01067   0.00494  -0.0721  0.7359  0.9933  -0.8057   0.0000   0.0000   0.0000   0.3854
   2.000   0.5784   0.01055   0.00473  -0.0727  0.7103  1.0000  -0.8749   0.0000   0.0000   0.0000   0.3726
   2.500   0.6120   0.01054   0.00465  -0.0686  0.6841  1.0000  -0.9350   0.0000   0.0000   0.0000   0.3586
   3.000   0.6478   0.01063   0.00464  -0.0648  0.6563  1.0000  -1.0049   0.0000   0.0000   0.0000   0.3461
   3.500   0.6888   0.01080   0.00468  -0.0618  0.6263  1.0000  -1.0996   0.0000   0.0000   0.0000   0.3353
   4.000   0.7328   0.01107   0.00486  -0.0593  0.5933  1.0000  -1.2111   0.0000   0.0000   0.0000   0.3261
   4.500   0.7784   0.01140   0.00512  -0.0571  0.5566  1.0000  -1.3696   0.0000   0.0000   0.0000   0.3181
   5.000   0.8245   0.01187   0.00543  -0.0551  0.5187  1.0000  -1.6476   0.0000   0.0000   0.0000   0.3110
   5.500   0.8695   0.01236   0.00586  -0.0530  0.4759  1.0000  -1.9692   0.0000   0.0000   0.0000   0.3046
   6.000   0.9141   0.01298   0.00640  -0.0509  0.4346  1.0000  -2.3049   0.0000   0.0000   0.0000   0.2988
   6.500   0.9562   0.01370   0.00699  -0.0484  0.3885  1.0000  -2.6469   0.0000   0.0000   0.0000   0.2932
   7.000   0.9964   0.01452   0.00770  -0.0458  0.3409  1.0000  -2.9950   0.0000   0.0000   0.0000   0.2880
   7.500   1.0344   0.01546   0.00856  -0.0430  0.2915  1.0000  -3.3453   0.0000   0.0000   0.0000   0.2830
   8.000   1.0683   0.01662   0.00957  -0.0396  0.2381  1.0000  -3.6876   0.0000   0.0000   0.0000   0.2779
   8.500   1.0961   0.01811   0.01082  -0.0356  0.1771  1.0000  -4.0103   0.0000   0.0000   0.0000   0.2726
   9.000   1.1164   0.01999   0.01242  -0.0306  0.1222  1.0000  -4.3003   0.0000   0.0000   0.0000   0.2670
   9.500   1.1291   0.02201   0.01426  -0.0246  0.0887  1.0000  -4.5587   0.0000   0.0000   0.0000   0.2607
  10.000   1.1407   0.02427   0.01647  -0.0190  0.0678  1.0000  -4.8083   0.0000   0.0000   0.0000   0.2549


