xflr5 v6.61

 Calculated polar for: peg24_0_revT

 1 1 Reynolds number fixed          Mach number fixed         

 xtrf =   1.000 (top)        1.000 (bottom)
 Mach =   0.000     Re =     0.200 e 6     Ncrit =   9.000

  alpha     CL        CD       CDp       Cm    Top Xtr Bot Xtr   Cpmin    Chinge    XCp    
 ------- -------- --------- --------- -------- ------- ------- -------- --------- ---------
   0.000   0.2381   0.01063   0.00523  -0.0482  0.7992  0.9277  -0.5626   0.0000   0.0000   0.0000   0.4515
   0.500   0.3204   0.01067   0.00516  -0.0527  0.7790  0.9524  -0.6292   0.0000   0.0000   0.0000   0.4127
   1.000   0.4112   0.01063   0.00500  -0.0593  0.7562  0.9702  -0.7064   0.0000   0.0000   0.0000   0.3920
   1.500   0.4965   0.01056   0.00481  -0.0651  0.7315  0.9874  -0.7894   0.0000   0.0000   0.0000   0.3786
   2.000   0.5767   0.01040   0.00453  -0.0704  0.7038  1.0000  -0.8777   0.0000   0.0000   0.0000   0.3691
   2.500   0.6092   0.01037   0.00447  -0.0663  0.6757  1.0000  -0.9391   0.0000   0.0000   0.0000   0.3554
   3.000   0.6415   0.01043   0.00445  -0.0620  0.6450  1.0000  -1.0160   0.0000   0.0000   0.0000   0.3428
   3.500   0.6779   0.01060   0.00448  -0.0582  0.6143  1.0000  -1.1060   0.0000   0.0000   0.0000   0.3316
   4.000   0.7184   0.01088   0.00465  -0.0552  0.5805  1.0000  -1.2308   0.0000   0.0000   0.0000   0.3220
   4.500   0.7615   0.01124   0.00492  -0.0526  0.5438  1.0000  -1.3994   0.0000   0.0000   0.0000   0.3138
   5.000   0.8058   0.01168   0.00525  -0.0502  0.5040  1.0000  -1.6262   0.0000   0.0000   0.0000   0.3066
   5.500   0.8501   0.01222   0.00565  -0.0480  0.4634  1.0000  -1.9581   0.0000   0.0000   0.0000   0.3003
   6.000   0.8939   0.01284   0.00619  -0.0458  0.4218  1.0000  -2.3136   0.0000   0.0000   0.0000   0.2945
   6.500   0.9356   0.01353   0.00675  -0.0433  0.3747  1.0000  -2.6796   0.0000   0.0000   0.0000   0.2890
   7.000   0.9761   0.01431   0.00744  -0.0408  0.3277  1.0000  -3.0563   0.0000   0.0000   0.0000   0.2839
   7.500   1.0137   0.01527   0.00829  -0.0379  0.2778  1.0000  -3.4349   0.0000   0.0000   0.0000   0.2789
   8.000   1.0484   0.01638   0.00925  -0.0347  0.2212  1.0000  -3.8120   0.0000   0.0000   0.0000   0.2740
   8.500   1.0751   0.01794   0.01046  -0.0306  0.1565  1.0000  -4.1632   0.0000   0.0000   0.0000   0.2688
   9.000   1.0986   0.01968   0.01190  -0.0261  0.1056  1.0000  -4.5028   0.0000   0.0000   0.0000   0.2635
   9.500   1.1156   0.02141   0.01350  -0.0206  0.0780  1.0000  -4.8105   0.0000   0.0000   0.0000   0.2575
  10.000   1.1323   0.02322   0.01538  -0.0154  0.0597  1.0000  -5.1044   0.0000   0.0000   0.0000   0.2520


