xflr5 v6.61

 Calculated polar for: peg24_0_revT

 1 1 Reynolds number fixed          Mach number fixed         

 xtrf =   1.000 (top)        1.000 (bottom)
 Mach =   0.000     Re =     0.275 e 6     Ncrit =   9.000

  alpha     CL        CD       CDp       Cm    Top Xtr Bot Xtr   Cpmin    Chinge    XCp    
 ------- -------- --------- --------- -------- ------- ------- -------- --------- ---------
   0.500   0.2859   0.00873   0.00367  -0.0462  0.7492  0.9195  -0.6113   0.0000   0.0000   0.0000   0.4096
   1.000   0.3508   0.00878   0.00362  -0.0471  0.7283  0.9470  -0.6701   0.0000   0.0000   0.0000   0.3819
   1.500   0.4269   0.00885   0.00360  -0.0508  0.7036  0.9668  -0.7450   0.0000   0.0000   0.0000   0.3663
   2.000   0.5131   0.00890   0.00358  -0.0571  0.6763  0.9791  -0.8320   0.0000   0.0000   0.0000   0.3581
   2.500   0.5921   0.00894   0.00354  -0.0620  0.6444  0.9932  -0.9285   0.0000   0.0000   0.0000   0.3512
   3.000   0.6499   0.00903   0.00348  -0.0629  0.6121  1.0000  -1.0288   0.0000   0.0000   0.0000   0.3429
   3.500   0.6818   0.00919   0.00356  -0.0586  0.5804  1.0000  -1.1139   0.0000   0.0000   0.0000   0.3315
   4.000   0.7192   0.00949   0.00371  -0.0550  0.5451  1.0000  -1.2381   0.0000   0.0000   0.0000   0.3217
   4.500   0.7613   0.00988   0.00400  -0.0524  0.5086  1.0000  -1.4053   0.0000   0.0000   0.0000   0.3135
   5.000   0.8048   0.01037   0.00432  -0.0500  0.4675  1.0000  -1.6505   0.0000   0.0000   0.0000   0.3064
   5.500   0.8507   0.01085   0.00474  -0.0482  0.4302  1.0000  -1.9989   0.0000   0.0000   0.0000   0.3004
   6.000   0.8945   0.01146   0.00524  -0.0461  0.3840  1.0000  -2.3599   0.0000   0.0000   0.0000   0.2947
   6.500   0.9366   0.01220   0.00578  -0.0438  0.3325  1.0000  -2.7328   0.0000   0.0000   0.0000   0.2894
   7.000   0.9762   0.01311   0.00644  -0.0412  0.2745  1.0000  -3.1120   0.0000   0.0000   0.0000   0.2843
   7.500   1.0145   0.01414   0.00727  -0.0386  0.2170  1.0000  -3.4996   0.0000   0.0000   0.0000   0.2796
   8.000   1.0486   0.01543   0.00825  -0.0355  0.1590  1.0000  -3.8808   0.0000   0.0000   0.0000   0.2748
   8.500   1.0806   0.01681   0.00939  -0.0321  0.1106  1.0000  -4.2605   0.0000   0.0000   0.0000   0.2700
   9.000   1.1106   0.01819   0.01063  -0.0284  0.0801  1.0000  -4.6353   0.0000   0.0000   0.0000   0.2653
   9.500   1.1350   0.01954   0.01193  -0.0238  0.0593  1.0000  -4.9844   0.0000   0.0000   0.0000   0.2600
  10.000   1.1529   0.02118   0.01355  -0.0184  0.0406  1.0000  -5.2794   0.0000   0.0000   0.0000   0.2544


