xflr5 v6.61

 Calculated polar for: peg24_80_revT

 1 1 Reynolds number fixed          Mach number fixed         

 xtrf =   1.000 (top)        1.000 (bottom)
 Mach =   0.000     Re =     0.255 e 6     Ncrit =   9.000

  alpha     CL        CD       CDp       Cm    Top Xtr Bot Xtr   Cpmin    Chinge    XCp    
 ------- -------- --------- --------- -------- ------- ------- -------- --------- ---------
   0.000   0.6153   0.01262   0.00702  -0.1461  0.7623  0.6890  -0.8382   0.0000   0.0000   0.0000   0.4863
   0.500   0.6699   0.01254   0.00703  -0.1450  0.7540  0.7656  -0.8870   0.0000   0.0000   0.0000   0.4646
   1.000   0.7164   0.01239   0.00709  -0.1425  0.7422  0.8343  -0.9336   0.0000   0.0000   0.0000   0.4464
   1.500   0.7620   0.01192   0.00670  -0.1391  0.7327  0.9201  -0.9858   0.0000   0.0000   0.0000   0.4294
   2.000   0.8240   0.01186   0.00660  -0.1403  0.7206  1.0000  -1.0524   0.0000   0.0000   0.0000   0.4165
   2.500   0.8846   0.01173   0.00636  -0.1411  0.7081  1.0000  -1.1199   0.0000   0.0000   0.0000   0.4051
   3.000   0.9423   0.01176   0.00632  -0.1414  0.6944  1.0000  -1.1935   0.0000   0.0000   0.0000   0.3950
   3.500   1.0005   0.01165   0.00613  -0.1415  0.6793  1.0000  -1.2738   0.0000   0.0000   0.0000   0.3858
   4.000   1.0552   0.01173   0.00622  -0.1412  0.6618  1.0000  -1.3610   0.0000   0.0000   0.0000   0.3775
   4.500   1.1106   0.01176   0.00620  -0.1409  0.6423  1.0000  -1.4574   0.0000   0.0000   0.0000   0.3699
   5.000   1.1640   0.01186   0.00625  -0.1402  0.6185  1.0000  -1.5673   0.0000   0.0000   0.0000   0.3628
   5.500   1.2149   0.01211   0.00645  -0.1392  0.5901  1.0000  -1.6843   0.0000   0.0000   0.0000   0.3563
   6.000   1.2631   0.01251   0.00677  -0.1377  0.5553  1.0000  -1.8128   0.0000   0.0000   0.0000   0.3500
   6.500   1.3084   0.01315   0.00723  -0.1358  0.5181  1.0000  -1.9569   0.0000   0.0000   0.0000   0.3441
   7.000   1.3497   0.01395   0.00794  -0.1334  0.4763  1.0000  -2.1064   0.0000   0.0000   0.0000   0.3384
   7.500   1.3866   0.01500   0.00881  -0.1303  0.4356  1.0000  -2.2634   0.0000   0.0000   0.0000   0.3329
   8.000   1.4192   0.01616   0.00984  -0.1268  0.3950  1.0000  -2.4377   0.0000   0.0000   0.0000   0.3274
   8.500   1.4438   0.01756   0.01111  -0.1220  0.3583  1.0000  -2.6161   0.0000   0.0000   0.0000   0.3218
   9.000   1.4676   0.01909   0.01257  -0.1175  0.3233  1.0000  -2.8126   0.0000   0.0000   0.0000   0.3166
   9.500   1.4881   0.02096   0.01435  -0.1130  0.2910  1.0000  -3.0523   0.0000   0.0000   0.0000   0.3117
  10.000   1.5057   0.02318   0.01649  -0.1086  0.2606  1.0000  -3.2884   0.0000   0.0000   0.0000   0.3070


