xflr5 v6.61

 Calculated polar for: peg24_30_revT

 1 1 Reynolds number fixed          Mach number fixed         

 xtrf =   1.000 (top)        1.000 (bottom)
 Mach =   0.000     Re =     0.445 e 6     Ncrit =   9.000

  alpha     CL        CD       CDp       Cm    Top Xtr Bot Xtr   Cpmin    Chinge    XCp    
 ------- -------- --------- --------- -------- ------- ------- -------- --------- ---------
   0.000   0.3957   0.00739   0.00265  -0.0884  0.7325  0.7811  -0.6740   0.0000   0.0000   0.0000   0.4721
   0.500   0.4498   0.00737   0.00268  -0.0876  0.7179  0.8212  -0.7251   0.0000   0.0000   0.0000   0.4428
   1.500   0.5526   0.00729   0.00268  -0.0846  0.6839  0.8977  -0.8333   0.0000   0.0000   0.0000   0.4001
   2.000   0.6026   0.00723   0.00266  -0.0827  0.6650  0.9445  -0.8930   0.0000   0.0000   0.0000   0.3838
   2.500   0.6731   0.00725   0.00262  -0.0857  0.6422  1.0000  -0.9741   0.0000   0.0000   0.0000   0.3734
   3.000   0.7289   0.00744   0.00270  -0.0859  0.6158  1.0000  -1.0530   0.0000   0.0000   0.0000   0.3634
   3.500   0.7837   0.00770   0.00284  -0.0858  0.5855  1.0000  -1.1392   0.0000   0.0000   0.0000   0.3546
   4.000   0.8372   0.00804   0.00304  -0.0854  0.5513  1.0000  -1.2465   0.0000   0.0000   0.0000   0.3466
   4.500   0.8898   0.00846   0.00333  -0.0849  0.5147  1.0000  -1.3637   0.0000   0.0000   0.0000   0.3395
   5.000   0.9413   0.00897   0.00369  -0.0842  0.4733  1.0000  -1.5097   0.0000   0.0000   0.0000   0.3331
   5.500   0.9922   0.00954   0.00412  -0.0835  0.4327  1.0000  -1.6942   0.0000   0.0000   0.0000   0.3272
   6.000   1.0416   0.01022   0.00464  -0.0826  0.3910  1.0000  -2.0171   0.0000   0.0000   0.0000   0.3218
   6.500   1.0904   0.01093   0.00521  -0.0817  0.3467  1.0000  -2.3583   0.0000   0.0000   0.0000   0.3168
   7.000   1.1376   0.01176   0.00589  -0.0806  0.3030  1.0000  -2.7102   0.0000   0.0000   0.0000   0.3121
   7.500   1.1828   0.01273   0.00666  -0.0792  0.2577  1.0000  -3.0697   0.0000   0.0000   0.0000   0.3076
   8.000   1.2255   0.01385   0.00756  -0.0776  0.2093  1.0000  -3.4336   0.0000   0.0000   0.0000   0.3033
   8.500   1.2655   0.01513   0.00862  -0.0756  0.1623  1.0000  -3.7992   0.0000   0.0000   0.0000   0.2990
   9.000   1.3019   0.01658   0.00985  -0.0732  0.1199  1.0000  -4.1608   0.0000   0.0000   0.0000   0.2948
   9.500   1.3341   0.01810   0.01121  -0.0702  0.0891  1.0000  -4.5228   0.0000   0.0000   0.0000   0.2905
  10.000   1.3636   0.01965   0.01271  -0.0669  0.0684  1.0000  -4.8868   0.0000   0.0000   0.0000   0.2861


