xflr5 v6.61

 Calculated polar for: peg24_50_revT

 1 1 Reynolds number fixed          Mach number fixed         

 xtrf =   1.000 (top)        1.000 (bottom)
 Mach =   0.000     Re =     0.495 e 6     Ncrit =   9.000

  alpha     CL        CD       CDp       Cm    Top Xtr Bot Xtr   Cpmin    Chinge    XCp    
 ------- -------- --------- --------- -------- ------- ------- -------- --------- ---------
   0.000   0.4935   0.00754   0.00268  -0.1124  0.7265  0.7103  -0.7467   0.0000   0.0000   0.0000   0.4765
   0.500   0.5485   0.00743   0.00271  -0.1119  0.7142  0.7667  -0.7968   0.0000   0.0000   0.0000   0.4520
   1.000   0.6026   0.00743   0.00274  -0.1111  0.7009  0.8121  -0.8509   0.0000   0.0000   0.0000   0.4317
   1.500   0.6556   0.00734   0.00276  -0.1100  0.6861  0.8549  -0.9092   0.0000   0.0000   0.0000   0.4147
   2.000   0.7059   0.00730   0.00278  -0.1084  0.6704  0.9024  -0.9676   0.0000   0.0000   0.0000   0.3999
   2.500   0.7638   0.00719   0.00269  -0.1083  0.6512  1.0000  -1.0387   0.0000   0.0000   0.0000   0.3877
   3.000   0.8213   0.00734   0.00278  -0.1088  0.6299  1.0000  -1.1138   0.0000   0.0000   0.0000   0.3778
   3.500   0.8769   0.00757   0.00291  -0.1088  0.6037  1.0000  -1.2006   0.0000   0.0000   0.0000   0.3689
   4.000   0.9311   0.00789   0.00310  -0.1086  0.5740  1.0000  -1.2929   0.0000   0.0000   0.0000   0.3608
   4.500   0.9841   0.00828   0.00337  -0.1081  0.5385  1.0000  -1.4041   0.0000   0.0000   0.0000   0.3535
   5.000   1.0358   0.00877   0.00371  -0.1075  0.5012  1.0000  -1.5253   0.0000   0.0000   0.0000   0.3468
   5.500   1.0856   0.00937   0.00415  -0.1066  0.4586  1.0000  -1.6676   0.0000   0.0000   0.0000   0.3406
   6.000   1.1342   0.01007   0.00468  -0.1055  0.4169  1.0000  -1.8329   0.0000   0.0000   0.0000   0.3349
   6.500   1.1823   0.01078   0.00526  -0.1044  0.3768  1.0000  -2.0331   0.0000   0.0000   0.0000   0.3296
   7.000   1.2277   0.01166   0.00596  -0.1030  0.3344  1.0000  -2.3472   0.0000   0.0000   0.0000   0.3245
   7.500   1.2725   0.01254   0.00670  -0.1015  0.2945  1.0000  -2.6774   0.0000   0.0000   0.0000   0.3197
   8.000   1.3143   0.01356   0.00756  -0.0996  0.2552  1.0000  -3.0115   0.0000   0.0000   0.0000   0.3150
   8.500   1.3531   0.01471   0.00855  -0.0973  0.2170  1.0000  -3.3473   0.0000   0.0000   0.0000   0.3104
   9.000   1.3879   0.01593   0.00962  -0.0944  0.1804  1.0000  -3.6798   0.0000   0.0000   0.0000   0.3058
   9.500   1.4156   0.01748   0.01098  -0.0906  0.1440  1.0000  -3.9947   0.0000   0.0000   0.0000   0.3010
  10.000   1.4421   0.01913   0.01252  -0.0869  0.1146  1.0000  -4.3126   0.0000   0.0000   0.0000   0.2965


