xflr5 v6.61

 Calculated polar for: peg24_70_revT

 1 1 Reynolds number fixed          Mach number fixed         

 xtrf =   1.000 (top)        1.000 (bottom)
 Mach =   0.000     Re =     0.500 e 6     Ncrit =   9.000

  alpha     CL        CD       CDp       Cm    Top Xtr Bot Xtr   Cpmin    Chinge    XCp    
 ------- -------- --------- --------- -------- ------- ------- -------- --------- ---------
   0.000   0.5886   0.00808   0.00299  -0.1356  0.7255  0.6233  -0.8200   0.0000   0.0000   0.0000   0.4790
   0.500   0.6443   0.00791   0.00304  -0.1353  0.7154  0.7008  -0.8687   0.0000   0.0000   0.0000   0.4580
   1.000   0.6999   0.00786   0.00305  -0.1349  0.7040  0.7611  -0.9239   0.0000   0.0000   0.0000   0.4400
   1.500   0.7539   0.00779   0.00313  -0.1342  0.6924  0.8135  -0.9822   0.0000   0.0000   0.0000   0.4247
   2.000   0.8060   0.00772   0.00311  -0.1329  0.6784  0.8647  -1.0428   0.0000   0.0000   0.0000   0.4111
   2.500   0.8540   0.00754   0.00312  -0.1307  0.6638  0.9475  -1.1033   0.0000   0.0000   0.0000   0.3986
   3.000   0.9146   0.00765   0.00312  -0.1317  0.6470  1.0000  -1.1814   0.0000   0.0000   0.0000   0.3890
   3.500   0.9708   0.00782   0.00321  -0.1318  0.6259  1.0000  -1.2606   0.0000   0.0000   0.0000   0.3802
   4.000   1.0256   0.00806   0.00337  -0.1317  0.6009  1.0000  -1.3534   0.0000   0.0000   0.0000   0.3722
   4.500   1.0788   0.00841   0.00361  -0.1312  0.5718  1.0000  -1.4520   0.0000   0.0000   0.0000   0.3648
   5.000   1.1304   0.00884   0.00393  -0.1306  0.5359  1.0000  -1.5645   0.0000   0.0000   0.0000   0.3581
   5.500   1.1798   0.00942   0.00435  -0.1295  0.4980  1.0000  -1.6871   0.0000   0.0000   0.0000   0.3517
   6.000   1.2272   0.01011   0.00488  -0.1282  0.4557  1.0000  -1.8280   0.0000   0.0000   0.0000   0.3458
   7.000   1.3165   0.01177   0.00622  -0.1249  0.3746  1.0000  -2.1514   0.0000   0.0000   0.0000   0.3348
   7.500   1.3565   0.01280   0.00705  -0.1226  0.3341  1.0000  -2.3450   0.0000   0.0000   0.0000   0.3296
   8.000   1.3963   0.01376   0.00792  -0.1203  0.2987  1.0000  -2.5832   0.0000   0.0000   0.0000   0.3246
   8.500   1.4290   0.01493   0.00894  -0.1168  0.2643  1.0000  -2.8702   0.0000   0.0000   0.0000   0.3195
   9.000   1.4587   0.01625   0.01014  -0.1131  0.2320  1.0000  -3.1576   0.0000   0.0000   0.0000   0.3145
   9.500   1.4872   0.01771   0.01151  -0.1095  0.2023  1.0000  -3.4493   0.0000   0.0000   0.0000   0.3098
  10.000   1.5121   0.01948   0.01319  -0.1059  0.1735  1.0000  -3.7367   0.0000   0.0000   0.0000   0.3053


