xflr5 v6.61

 Calculated polar for: peg24_95_revT

 1 1 Reynolds number fixed          Mach number fixed         

 xtrf =   1.000 (top)        1.000 (bottom)
 Mach =   0.000     Re =     0.365 e 6     Ncrit =   9.000

  alpha     CL        CD       CDp       Cm    Top Xtr Bot Xtr   Cpmin    Chinge    XCp    
 ------- -------- --------- --------- -------- ------- ------- -------- --------- ---------
   0.000   0.6968   0.01065   0.00507  -0.1633  0.7400  0.5589  -0.9061   0.0000   0.0000   0.0000   0.4830
   0.500   0.7547   0.01041   0.00499  -0.1633  0.7321  0.6384  -0.9560   0.0000   0.0000   0.0000   0.4643
   1.000   0.8095   0.01039   0.00516  -0.1629  0.7234  0.7156  -1.0065   0.0000   0.0000   0.0000   0.4484
   1.500   0.8632   0.01020   0.00514  -0.1620  0.7131  0.7872  -1.0635   0.0000   0.0000   0.0000   0.4342
   2.000   0.9156   0.01001   0.00502  -0.1606  0.7033  0.8559  -1.1250   0.0000   0.0000   0.0000   0.4213
   2.500   0.9639   0.00974   0.00494  -0.1586  0.6916  1.0000  -1.1855   0.0000   0.0000   0.0000   0.4098
   3.000   1.0232   0.00973   0.00481  -0.1592  0.6792  1.0000  -1.2572   0.0000   0.0000   0.0000   0.4002
   3.500   1.0794   0.00984   0.00491  -0.1593  0.6648  1.0000  -1.3360   0.0000   0.0000   0.0000   0.3915
   4.000   1.1365   0.00993   0.00489  -0.1594  0.6496  1.0000  -1.4197   0.0000   0.0000   0.0000   0.3836
   4.500   1.1898   0.01006   0.00504  -0.1590  0.6295  1.0000  -1.5158   0.0000   0.0000   0.0000   0.3762
   5.000   1.2425   0.01030   0.00524  -0.1584  0.6066  1.0000  -1.6181   0.0000   0.0000   0.0000   0.3694
   5.500   1.2927   0.01064   0.00549  -0.1573  0.5780  1.0000  -1.7314   0.0000   0.0000   0.0000   0.3629
   6.000   1.3394   0.01119   0.00588  -0.1557  0.5440  1.0000  -1.8486   0.0000   0.0000   0.0000   0.3567
   6.500   1.3835   0.01186   0.00646  -0.1537  0.5063  1.0000  -1.9778   0.0000   0.0000   0.0000   0.3509
   7.500   1.4567   0.01383   0.00810  -0.1475  0.4255  1.0000  -2.2558   0.0000   0.0000   0.0000   0.3395
   8.000   1.4815   0.01515   0.00923  -0.1426  0.3872  1.0000  -2.3912   0.0000   0.0000   0.0000   0.3337
   8.500   1.5067   0.01657   0.01057  -0.1381  0.3521  1.0000  -2.5352   0.0000   0.0000   0.0000   0.3283
   9.000   1.5287   0.01830   0.01219  -0.1335  0.3186  1.0000  -2.6942   0.0000   0.0000   0.0000   0.3232
   9.500   1.5492   0.02031   0.01410  -0.1293  0.2882  1.0000  -2.8716   0.0000   0.0000   0.0000   0.3184
  10.000   1.5686   0.02254   0.01627  -0.1252  0.2604  1.0000  -3.0686   0.0000   0.0000   0.0000   0.3139


