xflr5 v6.61

 Calculated polar for: peg24_95_revT

 1 1 Reynolds number fixed          Mach number fixed         

 xtrf =   1.000 (top)        1.000 (bottom)
 Mach =   0.000     Re =     0.490 e 6     Ncrit =   9.000

  alpha     CL        CD       CDp       Cm    Top Xtr Bot Xtr   Cpmin    Chinge    XCp    
 ------- -------- --------- --------- -------- ------- ------- -------- --------- ---------
   0.000   0.7043   0.00903   0.00363  -0.1636  0.7253  0.5163  -0.9132   0.0000   0.0000   0.0000   0.4808
   0.500   0.7615   0.00885   0.00364  -0.1638  0.7168  0.5884  -0.9622   0.0000   0.0000   0.0000   0.4629
   1.000   0.8186   0.00868   0.00363  -0.1638  0.7079  0.6662  -1.0145   0.0000   0.0000   0.0000   0.4472
   1.500   0.8744   0.00866   0.00376  -0.1635  0.6982  0.7399  -1.0730   0.0000   0.0000   0.0000   0.4335
   2.000   0.9283   0.00853   0.00381  -0.1628  0.6872  0.8030  -1.1358   0.0000   0.0000   0.0000   0.4212
   2.500   0.9801   0.00845   0.00379  -0.1615  0.6749  0.8681  -1.1992   0.0000   0.0000   0.0000   0.4100
   3.000   1.0305   0.00824   0.00377  -0.1601  0.6620  1.0000  -1.2647   0.0000   0.0000   0.0000   0.3999
   3.500   1.0877   0.00841   0.00382  -0.1604  0.6476  1.0000  -1.3451   0.0000   0.0000   0.0000   0.3913
   4.000   1.1431   0.00856   0.00394  -0.1603  0.6290  1.0000  -1.4281   0.0000   0.0000   0.0000   0.3835
   4.500   1.1971   0.00879   0.00413  -0.1600  0.6068  1.0000  -1.5249   0.0000   0.0000   0.0000   0.3762
   5.000   1.2492   0.00913   0.00438  -0.1594  0.5807  1.0000  -1.6275   0.0000   0.0000   0.0000   0.3695
   5.500   1.2974   0.00966   0.00474  -0.1581  0.5457  1.0000  -1.7394   0.0000   0.0000   0.0000   0.3630
   6.000   1.3445   0.01026   0.00522  -0.1567  0.5099  1.0000  -1.8574   0.0000   0.0000   0.0000   0.3570
   6.500   1.3865   0.01110   0.00588  -0.1544  0.4683  1.0000  -1.9846   0.0000   0.0000   0.0000   0.3511
   7.000   1.4264   0.01201   0.00663  -0.1519  0.4283  1.0000  -2.1272   0.0000   0.0000   0.0000   0.3455
   7.500   1.4600   0.01312   0.00755  -0.1484  0.3886  1.0000  -2.2651   0.0000   0.0000   0.0000   0.3398
   8.000   1.4894   0.01429   0.00860  -0.1442  0.3528  1.0000  -2.4084   0.0000   0.0000   0.0000   0.3343
   8.500   1.5159   0.01568   0.00987  -0.1399  0.3185  1.0000  -2.5580   0.0000   0.0000   0.0000   0.3290
   9.000   1.5400   0.01733   0.01140  -0.1357  0.2876  1.0000  -2.7239   0.0000   0.0000   0.0000   0.3239
   9.500   1.5633   0.01919   0.01317  -0.1318  0.2596  1.0000  -2.9136   0.0000   0.0000   0.0000   0.3193
  10.000   1.5852   0.02127   0.01518  -0.1280  0.2327  1.0000  -3.1206   0.0000   0.0000   0.0000   0.3148


