xflr5 v6.61

 Calculated polar for: peg24_25_revT

 1 1 Reynolds number fixed          Mach number fixed         

 xtrf =   1.000 (top)        1.000 (bottom)
 Mach =   0.000     Re =     0.305 e 6     Ncrit =   9.000

  alpha     CL        CD       CDp       Cm    Top Xtr Bot Xtr   Cpmin    Chinge    XCp    
 ------- -------- --------- --------- -------- ------- ------- -------- --------- ---------
   0.000   0.3625   0.00880   0.00381  -0.0807  0.7594  0.8389  -0.6499   0.0000   0.0000   0.0000   0.4716
   0.500   0.4117   0.00876   0.00380  -0.0786  0.7439  0.8799  -0.6980   0.0000   0.0000   0.0000   0.4391
   1.000   0.4600   0.00867   0.00366  -0.0760  0.7283  0.9223  -0.7487   0.0000   0.0000   0.0000   0.4128
   1.500   0.5212   0.00851   0.00353  -0.0765  0.7098  0.9670  -0.8099   0.0000   0.0000   0.0000   0.3938
   2.000   0.5973   0.00848   0.00342  -0.0808  0.6894  1.0000  -0.8881   0.0000   0.0000   0.0000   0.3819
   2.500   0.6506   0.00859   0.00341  -0.0805  0.6677  1.0000  -0.9560   0.0000   0.0000   0.0000   0.3699
   3.000   0.7052   0.00873   0.00346  -0.0803  0.6430  1.0000  -1.0355   0.0000   0.0000   0.0000   0.3596
   3.500   0.7592   0.00893   0.00357  -0.0800  0.6142  1.0000  -1.1229   0.0000   0.0000   0.0000   0.3506
   4.000   0.8125   0.00920   0.00374  -0.0794  0.5821  1.0000  -1.2323   0.0000   0.0000   0.0000   0.3425
   4.500   0.8643   0.00961   0.00398  -0.0787  0.5462  1.0000  -1.3511   0.0000   0.0000   0.0000   0.3352
   5.000   0.9159   0.01004   0.00434  -0.0779  0.5079  1.0000  -1.5084   0.0000   0.0000   0.0000   0.3288
   5.500   0.9654   0.01064   0.00478  -0.0769  0.4654  1.0000  -1.7312   0.0000   0.0000   0.0000   0.3228
   6.000   1.0147   0.01126   0.00531  -0.0759  0.4239  1.0000  -2.0609   0.0000   0.0000   0.0000   0.3174
   6.500   1.0623   0.01202   0.00592  -0.0747  0.3796  1.0000  -2.4013   0.0000   0.0000   0.0000   0.3123
   7.000   1.1080   0.01290   0.00666  -0.0733  0.3341  1.0000  -2.7508   0.0000   0.0000   0.0000   0.3076
   7.500   1.1520   0.01390   0.00749  -0.0718  0.2881  1.0000  -3.1080   0.0000   0.0000   0.0000   0.3030
   8.000   1.1942   0.01501   0.00844  -0.0700  0.2409  1.0000  -3.4715   0.0000   0.0000   0.0000   0.2987
   8.500   1.2325   0.01637   0.00960  -0.0679  0.1909  1.0000  -3.8308   0.0000   0.0000   0.0000   0.2945
   9.000   1.2670   0.01793   0.01094  -0.0653  0.1410  1.0000  -4.1841   0.0000   0.0000   0.0000   0.2903
   9.500   1.2957   0.01970   0.01251  -0.0619  0.1023  1.0000  -4.5186   0.0000   0.0000   0.0000   0.2858
  10.000   1.3190   0.02173   0.01442  -0.0581  0.0762  1.0000  -4.8477   0.0000   0.0000   0.0000   0.2813


