xflr5 v6.61

 Calculated polar for: peg24_65_revT

 1 1 Reynolds number fixed          Mach number fixed         

 xtrf =   1.000 (top)        1.000 (bottom)
 Mach =   0.000     Re =     0.160 e 6     Ncrit =   9.000

  alpha     CL        CD       CDp       Cm    Top Xtr Bot Xtr   Cpmin    Chinge    XCp    
 ------- -------- --------- --------- -------- ------- ------- -------- --------- ---------
   0.000   0.5001   0.01747   0.01164  -0.1246  0.7919  0.8298  -0.7477   0.0000   0.0000   0.0000   0.4985
   0.500   0.5444   0.01683   0.01105  -0.1198  0.7840  0.9197  -0.7907   0.0000   0.0000   0.0000   0.4686
   1.000   0.6068   0.01696   0.01110  -0.1218  0.7682  1.0000  -0.8459   0.0000   0.0000   0.0000   0.4485
   1.500   0.6748   0.01654   0.01050  -0.1235  0.7588  1.0000  -0.9117   0.0000   0.0000   0.0000   0.4301
   2.000   0.7303   0.01674   0.01062  -0.1236  0.7433  1.0000  -0.9719   0.0000   0.0000   0.0000   0.4157
   2.500   0.7947   0.01623   0.00998  -0.1242  0.7318  1.0000  -1.0440   0.0000   0.0000   0.0000   0.4022
   3.000   0.8488   0.01630   0.01003  -0.1237  0.7145  1.0000  -1.1149   0.0000   0.0000   0.0000   0.3910
   3.500   0.9145   0.01569   0.00929  -0.1242  0.7020  1.0000  -1.2023   0.0000   0.0000   0.0000   0.3806
   4.000   0.9667   0.01565   0.00929  -0.1233  0.6813  1.0000  -1.2896   0.0000   0.0000   0.0000   0.3716
   4.500   1.0216   0.01554   0.00919  -0.1226  0.6606  1.0000  -1.3869   0.0000   0.0000   0.0000   0.3635
   5.000   1.0770   0.01535   0.00898  -0.1218  0.6371  1.0000  -1.5025   0.0000   0.0000   0.0000   0.3560
   5.500   1.1304   0.01528   0.00891  -0.1208  0.6097  1.0000  -1.6288   0.0000   0.0000   0.0000   0.3491
   6.000   1.1821   0.01536   0.00892  -0.1195  0.5773  1.0000  -1.7744   0.0000   0.0000   0.0000   0.3427
   6.500   1.2308   0.01575   0.00918  -0.1179  0.5406  1.0000  -1.9330   0.0000   0.0000   0.0000   0.3367
   7.000   1.2748   0.01640   0.00974  -0.1157  0.4990  1.0000  -2.1086   0.0000   0.0000   0.0000   0.3309
   7.500   1.3155   0.01730   0.01053  -0.1131  0.4565  1.0000  -2.3040   0.0000   0.0000   0.0000   0.3255
   8.000   1.3521   0.01845   0.01147  -0.1100  0.4147  1.0000  -2.5490   0.0000   0.0000   0.0000   0.3201
   8.500   1.3839   0.01972   0.01273  -0.1064  0.3736  1.0000  -2.8223   0.0000   0.0000   0.0000   0.3149
   9.000   1.4087   0.02128   0.01409  -0.1018  0.3356  1.0000  -3.0877   0.0000   0.0000   0.0000   0.3095
   9.500   1.4292   0.02292   0.01576  -0.0969  0.2997  1.0000  -3.3461   0.0000   0.0000   0.0000   0.3043
  10.000   1.4447   0.02501   0.01779  -0.0919  0.2657  1.0000  -3.5928   0.0000   0.0000   0.0000   0.2993


