xflr5 v6.61

 Calculated polar for: peg24_95_revT

 1 1 Reynolds number fixed          Mach number fixed         

 xtrf =   1.000 (top)        1.000 (bottom)
 Mach =   0.000     Re =     0.390 e 6     Ncrit =   9.000

  alpha     CL        CD       CDp       Cm    Top Xtr Bot Xtr   Cpmin    Chinge    XCp    
 ------- -------- --------- --------- -------- ------- ------- -------- --------- ---------
   0.000   0.6992   0.01018   0.00463  -0.1634  0.7368  0.5495  -0.9083   0.0000   0.0000   0.0000   0.4823
   0.500   0.7571   0.01011   0.00470  -0.1636  0.7282  0.6271  -0.9579   0.0000   0.0000   0.0000   0.4639
   1.000   0.8117   0.00996   0.00479  -0.1631  0.7198  0.7049  -1.0084   0.0000   0.0000   0.0000   0.4482
   1.500   0.8665   0.00975   0.00473  -0.1624  0.7098  0.7760  -1.0664   0.0000   0.0000   0.0000   0.4340
   2.000   0.9192   0.00968   0.00475  -0.1613  0.6999  0.8431  -1.1279   0.0000   0.0000   0.0000   0.4213
   2.500   0.9660   0.00931   0.00460  -0.1588  0.6878  1.0000  -1.1877   0.0000   0.0000   0.0000   0.4096
   3.000   1.0259   0.00939   0.00452  -0.1595  0.6753  1.0000  -1.2598   0.0000   0.0000   0.0000   0.4001
   3.500   1.0814   0.00945   0.00462  -0.1595  0.6608  1.0000  -1.3383   0.0000   0.0000   0.0000   0.3915
   4.000   1.1377   0.00959   0.00467  -0.1596  0.6455  1.0000  -1.4214   0.0000   0.0000   0.0000   0.3835
   4.500   1.1918   0.00974   0.00476  -0.1592  0.6248  1.0000  -1.5184   0.0000   0.0000   0.0000   0.3762
   5.000   1.2442   0.01000   0.00499  -0.1586  0.6013  1.0000  -1.6206   0.0000   0.0000   0.0000   0.3694
   5.500   1.2938   0.01040   0.00527  -0.1575  0.5712  1.0000  -1.7334   0.0000   0.0000   0.0000   0.3629
   6.000   1.3412   0.01092   0.00571  -0.1560  0.5371  1.0000  -1.8513   0.0000   0.0000   0.0000   0.3568
   6.500   1.3840   0.01167   0.00630  -0.1538  0.4977  1.0000  -1.9793   0.0000   0.0000   0.0000   0.3509
   7.000   1.4230   0.01259   0.00706  -0.1511  0.4570  1.0000  -2.1197   0.0000   0.0000   0.0000   0.3452
   7.500   1.4569   0.01368   0.00797  -0.1476  0.4171  1.0000  -2.2571   0.0000   0.0000   0.0000   0.3396
   8.000   1.4839   0.01491   0.00906  -0.1430  0.3798  1.0000  -2.3961   0.0000   0.0000   0.0000   0.3338
   8.500   1.5085   0.01636   0.01041  -0.1384  0.3442  1.0000  -2.5400   0.0000   0.0000   0.0000   0.3284
   9.000   1.5296   0.01815   0.01207  -0.1338  0.3113  1.0000  -2.6972   0.0000   0.0000   0.0000   0.3233
   9.500   1.5506   0.02015   0.01396  -0.1296  0.2816  1.0000  -2.8762   0.0000   0.0000   0.0000   0.3186
  10.000   1.5724   0.02224   0.01602  -0.1259  0.2545  1.0000  -3.0806   0.0000   0.0000   0.0000   0.3142


