xflr5 v6.61

 Calculated polar for: peg24_60_revT

 1 1 Reynolds number fixed          Mach number fixed         

 xtrf =   1.000 (top)        1.000 (bottom)
 Mach =   0.000     Re =     0.030 e 6     Ncrit =   9.000

  alpha     CL        CD       CDp       Cm    Top Xtr Bot Xtr   Cpmin    Chinge    XCp    
 ------- -------- --------- --------- -------- ------- ------- -------- --------- ---------
   0.000   0.0060   0.03639   0.02568  -0.0568  1.0000  1.0000  -0.9520   0.0000   0.0000   0.0000   9.8128
   0.500   0.0578   0.03833   0.02684  -0.0606  1.0000  1.0000  -0.7939   0.0000   0.0000   0.0000   1.3025
   1.000   0.1030   0.04047   0.02844  -0.0630  1.0000  1.0000  -0.6496   0.0000   0.0000   0.0000   0.8606
   1.500   0.1447   0.04283   0.03039  -0.0648  1.0000  1.0000  -0.5314   0.0000   0.0000   0.0000   0.6950
   2.000   0.1838   0.04543   0.03267  -0.0664  1.0000  1.0000  -0.5252   0.0000   0.0000   0.0000   0.6071
   2.500   0.2206   0.04827   0.03528  -0.0678  1.0000  1.0000  -0.5500   0.0000   0.0000   0.0000   0.5525
   3.000   0.2554   0.05138   0.03822  -0.0692  1.0000  1.0000  -0.5754   0.0000   0.0000   0.0000   0.5154
   3.500   0.2883   0.05476   0.04148  -0.0706  1.0000  1.0000  -0.5986   0.0000   0.0000   0.0000   0.4887
   4.000   0.3194   0.05843   0.04509  -0.0720  1.0000  1.0000  -0.6226   0.0000   0.0000   0.0000   0.4687
   4.500   0.3490   0.06239   0.04903  -0.0735  1.0000  1.0000  -0.6463   0.0000   0.0000   0.0000   0.4534
   5.000   0.3769   0.06665   0.05330  -0.0751  1.0000  1.0000  -0.6687   0.0000   0.0000   0.0000   0.4414
   5.500   0.4033   0.07120   0.05790  -0.0768  1.0000  1.0000  -0.6917   0.0000   0.0000   0.0000   0.4319
   6.000   0.4286   0.07606   0.06284  -0.0785  1.0000  1.0000  -0.7142   0.0000   0.0000   0.0000   0.4242
   6.500   0.4716   0.08264   0.06955  -0.0843  0.9861  1.0000  -0.7528   0.0000   0.0000   0.0000   0.4193
   7.000   0.5298   0.09056   0.07767  -0.0926  0.9376  1.0000  -0.8068   0.0000   0.0000   0.0000   0.4152
   7.500   0.6026   0.10127   0.08860  -0.1026  0.8953  1.0000  -0.8853   0.0000   0.0000   0.0000   0.4102
   8.000   0.6130   0.10493   0.09244  -0.1015  0.8597  1.0000  -0.9020   0.0000   0.0000   0.0000   0.4051
   8.500   0.6415   0.11097   0.09869  -0.1034  0.8223  1.0000  -0.9435   0.0000   0.0000   0.0000   0.4003
   9.000   0.6733   0.11802   0.10595  -0.1060  0.7899  1.0000  -0.9899   0.0000   0.0000   0.0000   0.3960
   9.500   0.7290   0.12911   0.11731  -0.1117  0.7551  1.0000  -1.0731   0.0000   0.0000   0.0000   0.3914
  10.000   0.7510   0.13626   0.12468  -0.1130  0.7283  1.0000  -1.1144   0.0000   0.0000   0.0000   0.3881


