xflr5 v6.61

 Calculated polar for: peg24_75_revT

 1 1 Reynolds number fixed          Mach number fixed         

 xtrf =   1.000 (top)        1.000 (bottom)
 Mach =   0.000     Re =     0.165 e 6     Ncrit =   9.000

  alpha     CL        CD       CDp       Cm    Top Xtr Bot Xtr   Cpmin    Chinge    XCp    
 ------- -------- --------- --------- -------- ------- ------- -------- --------- ---------
   0.000   0.5523   0.01803   0.01210  -0.1376  0.7876  0.7779  -0.7865   0.0000   0.0000   0.0000   0.4984
   0.500   0.5915   0.01804   0.01225  -0.1331  0.7767  0.8616  -0.8249   0.0000   0.0000   0.0000   0.4736
   1.000   0.6426   0.01759   0.01185  -0.1313  0.7640  1.0000  -0.8735   0.0000   0.0000   0.0000   0.4520
   1.500   0.7148   0.01708   0.01111  -0.1336  0.7568  1.0000  -0.9421   0.0000   0.0000   0.0000   0.4339
   2.000   0.7673   0.01746   0.01143  -0.1336  0.7406  1.0000  -1.0001   0.0000   0.0000   0.0000   0.4205
   2.500   0.8347   0.01682   0.01064  -0.1346  0.7312  1.0000  -1.0732   0.0000   0.0000   0.0000   0.4070
   3.000   0.8875   0.01698   0.01079  -0.1340  0.7147  1.0000  -1.1413   0.0000   0.0000   0.0000   0.3961
   3.500   0.9542   0.01625   0.00994  -0.1347  0.7033  1.0000  -1.2288   0.0000   0.0000   0.0000   0.3857
   4.000   1.0058   0.01627   0.01001  -0.1337  0.6841  1.0000  -1.3121   0.0000   0.0000   0.0000   0.3769
   4.500   1.0630   0.01603   0.00976  -0.1333  0.6665  1.0000  -1.4093   0.0000   0.0000   0.0000   0.3687
   5.000   1.1224   0.01563   0.00929  -0.1331  0.6470  1.0000  -1.5258   0.0000   0.0000   0.0000   0.3612
   5.500   1.1768   0.01548   0.00910  -0.1322  0.6221  1.0000  -1.6479   0.0000   0.0000   0.0000   0.3543
   6.000   1.2258   0.01561   0.00926  -0.1306  0.5918  1.0000  -1.7778   0.0000   0.0000   0.0000   0.3479
   6.500   1.2731   0.01589   0.00950  -0.1288  0.5559  1.0000  -1.9254   0.0000   0.0000   0.0000   0.3418
   7.000   1.3197   0.01642   0.00984  -0.1269  0.5180  1.0000  -2.0871   0.0000   0.0000   0.0000   0.3360
   7.500   1.3585   0.01727   0.01063  -0.1240  0.4753  1.0000  -2.2567   0.0000   0.0000   0.0000   0.3304
   8.000   1.3945   0.01838   0.01156  -0.1207  0.4343  1.0000  -2.4457   0.0000   0.0000   0.0000   0.3250
   8.500   1.4242   0.01968   0.01278  -0.1167  0.3936  1.0000  -2.6427   0.0000   0.0000   0.0000   0.3196
   9.000   1.4472   0.02120   0.01416  -0.1118  0.3568  1.0000  -2.8832   0.0000   0.0000   0.0000   0.3141
   9.500   1.4661   0.02294   0.01587  -0.1067  0.3215  1.0000  -3.1204   0.0000   0.0000   0.0000   0.3088
  10.000   1.4813   0.02508   0.01793  -0.1017  0.2888  1.0000  -3.3529   0.0000   0.0000   0.0000   0.3038


