xflr5 v6.61

 Calculated polar for: peg24_10_revT

 1 1 Reynolds number fixed          Mach number fixed         

 xtrf =   1.000 (top)        1.000 (bottom)
 Mach =   0.000     Re =     0.280 e 6     Ncrit =   9.000

  alpha     CL        CD       CDp       Cm    Top Xtr Bot Xtr   Cpmin    Chinge    XCp    
 ------- -------- --------- --------- -------- ------- ------- -------- --------- ---------
   0.000   0.2867   0.00885   0.00386  -0.0616  0.7665  0.8737  -0.5972   0.0000   0.0000   0.0000   0.4637
   0.500   0.3346   0.00880   0.00378  -0.0588  0.7493  0.9097  -0.6435   0.0000   0.0000   0.0000   0.4241
   1.000   0.3876   0.00872   0.00363  -0.0572  0.7304  0.9468  -0.6971   0.0000   0.0000   0.0000   0.3954
   1.500   0.4618   0.00866   0.00351  -0.0606  0.7085  0.9762  -0.7677   0.0000   0.0000   0.0000   0.3785
   2.000   0.5468   0.00862   0.00339  -0.0667  0.6843  0.9984  -0.8536   0.0000   0.0000   0.0000   0.3688
   2.500   0.5946   0.00871   0.00338  -0.0656  0.6586  1.0000  -0.9200   0.0000   0.0000   0.0000   0.3566
   3.000   0.6434   0.00887   0.00343  -0.0644  0.6304  1.0000  -0.9969   0.0000   0.0000   0.0000   0.3460
   3.500   0.6948   0.00912   0.00354  -0.0635  0.5993  1.0000  -1.0954   0.0000   0.0000   0.0000   0.3369
   4.000   0.7466   0.00943   0.00376  -0.0628  0.5650  1.0000  -1.2063   0.0000   0.0000   0.0000   0.3291
   4.500   0.7978   0.00982   0.00403  -0.0619  0.5273  1.0000  -1.3606   0.0000   0.0000   0.0000   0.3222
   5.000   0.8484   0.01030   0.00440  -0.0610  0.4868  1.0000  -1.6113   0.0000   0.0000   0.0000   0.3159
   5.500   0.8980   0.01088   0.00484  -0.0600  0.4449  1.0000  -1.9450   0.0000   0.0000   0.0000   0.3103
   6.000   0.9473   0.01150   0.00538  -0.0590  0.4012  1.0000  -2.2950   0.0000   0.0000   0.0000   0.3053
   6.500   0.9950   0.01225   0.00600  -0.0578  0.3542  1.0000  -2.6559   0.0000   0.0000   0.0000   0.3005
   7.000   1.0414   0.01312   0.00674  -0.0566  0.3066  1.0000  -3.0271   0.0000   0.0000   0.0000   0.2962
   7.500   1.0858   0.01415   0.00759  -0.0552  0.2530  1.0000  -3.4041   0.0000   0.0000   0.0000   0.2920
   8.000   1.1262   0.01551   0.00866  -0.0533  0.1933  1.0000  -3.7762   0.0000   0.0000   0.0000   0.2879
   8.500   1.1639   0.01710   0.00997  -0.0513  0.1333  1.0000  -4.1448   0.0000   0.0000   0.0000   0.2840
   9.000   1.1982   0.01891   0.01153  -0.0489  0.0900  1.0000  -4.5146   0.0000   0.0000   0.0000   0.2800
   9.500   1.2291   0.02084   0.01334  -0.0460  0.0637  1.0000  -4.8736   0.0000   0.0000   0.0000   0.2760
  10.000   1.2548   0.02282   0.01534  -0.0424  0.0461  1.0000  -5.1955   0.0000   0.0000   0.0000   0.2716


