xflr5 v6.61

 Calculated polar for: peg24_90_revT

 1 1 Reynolds number fixed          Mach number fixed         

 xtrf =   1.000 (top)        1.000 (bottom)
 Mach =   0.000     Re =     0.475 e 6     Ncrit =   9.000

  alpha     CL        CD       CDp       Cm    Top Xtr Bot Xtr   Cpmin    Chinge    XCp    
 ------- -------- --------- --------- -------- ------- ------- -------- --------- ---------
   0.000   0.6810   0.00900   0.00361  -0.1581  0.7269  0.5409  -0.8933   0.0000   0.0000   0.0000   0.4807
   0.500   0.7377   0.00881   0.00365  -0.1581  0.7186  0.6176  -0.9429   0.0000   0.0000   0.0000   0.4622
   1.000   0.7942   0.00864   0.00365  -0.1580  0.7092  0.6940  -0.9952   0.0000   0.0000   0.0000   0.4461
   1.500   0.8497   0.00863   0.00375  -0.1576  0.6991  0.7635  -1.0539   0.0000   0.0000   0.0000   0.4320
   2.000   0.9030   0.00850   0.00379  -0.1568  0.6877  0.8234  -1.1164   0.0000   0.0000   0.0000   0.4195
   2.500   0.9525   0.00838   0.00374  -0.1549  0.6751  0.8940  -1.1777   0.0000   0.0000   0.0000   0.4079
   3.000   1.0066   0.00825   0.00373  -0.1543  0.6615  1.0000  -1.2469   0.0000   0.0000   0.0000   0.3980
   3.500   1.0637   0.00841   0.00379  -0.1546  0.6466  1.0000  -1.3273   0.0000   0.0000   0.0000   0.3893
   4.000   1.1189   0.00857   0.00389  -0.1545  0.6268  1.0000  -1.4126   0.0000   0.0000   0.0000   0.3814
   4.500   1.1729   0.00881   0.00408  -0.1542  0.6037  1.0000  -1.5088   0.0000   0.0000   0.0000   0.3742
   5.000   1.2248   0.00917   0.00434  -0.1535  0.5758  1.0000  -1.6128   0.0000   0.0000   0.0000   0.3674
   5.500   1.2737   0.00968   0.00471  -0.1523  0.5411  1.0000  -1.7268   0.0000   0.0000   0.0000   0.3609
   6.000   1.3206   0.01030   0.00520  -0.1509  0.5035  1.0000  -1.8478   0.0000   0.0000   0.0000   0.3549
   6.500   1.3630   0.01115   0.00586  -0.1487  0.4621  1.0000  -1.9813   0.0000   0.0000   0.0000   0.3490
   7.000   1.4037   0.01205   0.00660  -0.1463  0.4217  1.0000  -2.1258   0.0000   0.0000   0.0000   0.3434
   7.500   1.4392   0.01313   0.00751  -0.1432  0.3822  1.0000  -2.2723   0.0000   0.0000   0.0000   0.3379
   8.000   1.4700   0.01426   0.00852  -0.1392  0.3455  1.0000  -2.4215   0.0000   0.0000   0.0000   0.3324
   8.500   1.4959   0.01567   0.00978  -0.1348  0.3111  1.0000  -2.5832   0.0000   0.0000   0.0000   0.3270
   9.000   1.5218   0.01722   0.01123  -0.1308  0.2810  1.0000  -2.7683   0.0000   0.0000   0.0000   0.3220
   9.500   1.5473   0.01893   0.01287  -0.1271  0.2528  1.0000  -2.9766   0.0000   0.0000   0.0000   0.3174
  10.000   1.5710   0.02087   0.01476  -0.1235  0.2262  1.0000  -3.1939   0.0000   0.0000   0.0000   0.3130


