xflr5 v6.61

 Calculated polar for: peg24_45_revT

 1 1 Reynolds number fixed          Mach number fixed         

 xtrf =   1.000 (top)        1.000 (bottom)
 Mach =   0.000     Re =     0.160 e 6     Ncrit =   9.000

  alpha     CL        CD       CDp       Cm    Top Xtr Bot Xtr   Cpmin    Chinge    XCp    
 ------- -------- --------- --------- -------- ------- ------- -------- --------- ---------
   0.000   0.4074   0.01522   0.00953  -0.0986  0.8013  0.9059  -0.6808   0.0000   0.0000   0.0000   0.4914
   1.000   0.5439   0.01470   0.00877  -0.1027  0.7750  1.0000  -0.7987   0.0000   0.0000   0.0000   0.4367
   1.500   0.6035   0.01454   0.00846  -0.1032  0.7603  1.0000  -0.8598   0.0000   0.0000   0.0000   0.4183
   2.000   0.6596   0.01460   0.00844  -0.1032  0.7435  1.0000  -0.9210   0.0000   0.0000   0.0000   0.4031
   2.500   0.7216   0.01428   0.00796  -0.1034  0.7294  1.0000  -0.9948   0.0000   0.0000   0.0000   0.3895
   3.000   0.7752   0.01427   0.00795  -0.1028  0.7087  1.0000  -1.0665   0.0000   0.0000   0.0000   0.3782
   3.500   0.8308   0.01422   0.00787  -0.1022  0.6884  1.0000  -1.1513   0.0000   0.0000   0.0000   0.3681
   4.000   0.8870   0.01411   0.00772  -0.1017  0.6667  1.0000  -1.2452   0.0000   0.0000   0.0000   0.3592
   4.500   0.9419   0.01404   0.00762  -0.1009  0.6412  1.0000  -1.3575   0.0000   0.0000   0.0000   0.3511
   5.000   0.9949   0.01409   0.00765  -0.0999  0.6115  1.0000  -1.4805   0.0000   0.0000   0.0000   0.3438
   5.500   1.0469   0.01426   0.00774  -0.0987  0.5778  1.0000  -1.6273   0.0000   0.0000   0.0000   0.3371
   6.000   1.0968   0.01466   0.00804  -0.0974  0.5402  1.0000  -1.7993   0.0000   0.0000   0.0000   0.3309
   6.500   1.1436   0.01526   0.00851  -0.0956  0.4979  1.0000  -1.9961   0.0000   0.0000   0.0000   0.3251
   7.000   1.1878   0.01606   0.00925  -0.0936  0.4544  1.0000  -2.2998   0.0000   0.0000   0.0000   0.3196
   7.500   1.2292   0.01706   0.01009  -0.0912  0.4114  1.0000  -2.6147   0.0000   0.0000   0.0000   0.3144
   8.000   1.2669   0.01819   0.01112  -0.0885  0.3671  1.0000  -2.9285   0.0000   0.0000   0.0000   0.3093
   8.500   1.3011   0.01947   0.01236  -0.0854  0.3239  1.0000  -3.2406   0.0000   0.0000   0.0000   0.3044
   9.000   1.3293   0.02102   0.01378  -0.0816  0.2824  1.0000  -3.5400   0.0000   0.0000   0.0000   0.2994
   9.500   1.3503   0.02273   0.01542  -0.0769  0.2423  1.0000  -3.8189   0.0000   0.0000   0.0000   0.2942
  10.000   1.3671   0.02489   0.01752  -0.0722  0.2046  1.0000  -4.0836   0.0000   0.0000   0.0000   0.2893


