xflr5 v6.61

 Calculated polar for: peg24_40_revT

 1 1 Reynolds number fixed          Mach number fixed         

 xtrf =   1.000 (top)        1.000 (bottom)
 Mach =   0.000     Re =     0.375 e 6     Ncrit =   9.000

  alpha     CL        CD       CDp       Cm    Top Xtr Bot Xtr   Cpmin    Chinge    XCp    
 ------- -------- --------- --------- -------- ------- ------- -------- --------- ---------
   0.000   0.4404   0.00829   0.00340  -0.0999  0.7441  0.7803  -0.7065   0.0000   0.0000   0.0000   0.4757
   0.500   0.4939   0.00824   0.00333  -0.0988  0.7309  0.8252  -0.7570   0.0000   0.0000   0.0000   0.4481
   1.000   0.5444   0.00816   0.00336  -0.0971  0.7166  0.8689  -0.8086   0.0000   0.0000   0.0000   0.4259
   1.500   0.5931   0.00808   0.00327  -0.0948  0.7013  0.9155  -0.8635   0.0000   0.0000   0.0000   0.4068
   2.000   0.6556   0.00791   0.00315  -0.0957  0.6835  0.9817  -0.9304   0.0000   0.0000   0.0000   0.3925
   2.500   0.7163   0.00800   0.00316  -0.0969  0.6640  1.0000  -1.0037   0.0000   0.0000   0.0000   0.3813
   3.000   0.7729   0.00815   0.00321  -0.0971  0.6424  1.0000  -1.0796   0.0000   0.0000   0.0000   0.3711
   3.500   0.8281   0.00834   0.00332  -0.0970  0.6161  1.0000  -1.1669   0.0000   0.0000   0.0000   0.3621
   4.000   0.8822   0.00861   0.00349  -0.0967  0.5862  1.0000  -1.2650   0.0000   0.0000   0.0000   0.3540
   4.500   0.9347   0.00899   0.00373  -0.0961  0.5509  1.0000  -1.3799   0.0000   0.0000   0.0000   0.3467
   5.000   0.9863   0.00946   0.00407  -0.0954  0.5143  1.0000  -1.5080   0.0000   0.0000   0.0000   0.3400
   5.500   1.0359   0.01005   0.00450  -0.0944  0.4713  1.0000  -1.6642   0.0000   0.0000   0.0000   0.3339
   6.000   1.0851   0.01069   0.00503  -0.0934  0.4305  1.0000  -1.8550   0.0000   0.0000   0.0000   0.3282
   6.500   1.1318   0.01149   0.00565  -0.0921  0.3882  1.0000  -2.1661   0.0000   0.0000   0.0000   0.3229
   7.000   1.1781   0.01231   0.00635  -0.0907  0.3447  1.0000  -2.4984   0.0000   0.0000   0.0000   0.3179
   7.500   1.2223   0.01325   0.00714  -0.0892  0.3026  1.0000  -2.8382   0.0000   0.0000   0.0000   0.3132
   8.000   1.2633   0.01436   0.00807  -0.0872  0.2601  1.0000  -3.1801   0.0000   0.0000   0.0000   0.3086
   8.500   1.3026   0.01553   0.00911  -0.0850  0.2187  1.0000  -3.5279   0.0000   0.0000   0.0000   0.3042
   9.000   1.3375   0.01688   0.01029  -0.0823  0.1770  1.0000  -3.8699   0.0000   0.0000   0.0000   0.2997
   9.500   1.3652   0.01848   0.01170  -0.0786  0.1380  1.0000  -4.1927   0.0000   0.0000   0.0000   0.2950
  10.000   1.3887   0.02039   0.01345  -0.0747  0.1058  1.0000  -4.5038   0.0000   0.0000   0.0000   0.2905


