xflr5 v6.61

 Calculated polar for: peg24_45_revT

 1 1 Reynolds number fixed          Mach number fixed         

 xtrf =   1.000 (top)        1.000 (bottom)
 Mach =   0.000     Re =     0.170 e 6     Ncrit =   9.000

  alpha     CL        CD       CDp       Cm    Top Xtr Bot Xtr   Cpmin    Chinge    XCp    
 ------- -------- --------- --------- -------- ------- ------- -------- --------- ---------
   0.000   0.4149   0.01447   0.00886  -0.0995  0.7966  0.8920  -0.6865   0.0000   0.0000   0.0000   0.4891
   0.500   0.4795   0.01389   0.00821  -0.0994  0.7857  0.9674  -0.7425   0.0000   0.0000   0.0000   0.4558
   1.000   0.5463   0.01394   0.00816  -0.1024  0.7702  1.0000  -0.8017   0.0000   0.0000   0.0000   0.4352
   1.500   0.6085   0.01370   0.00772  -0.1032  0.7575  1.0000  -0.8651   0.0000   0.0000   0.0000   0.4168
   2.000   0.6630   0.01380   0.00777  -0.1030  0.7395  1.0000  -0.9251   0.0000   0.0000   0.0000   0.4021
   2.500   0.7227   0.01364   0.00748  -0.1032  0.7245  1.0000  -0.9969   0.0000   0.0000   0.0000   0.3889
   3.000   0.7795   0.01350   0.00727  -0.1028  0.7055  1.0000  -1.0717   0.0000   0.0000   0.0000   0.3775
   3.500   0.8341   0.01350   0.00726  -0.1023  0.6842  1.0000  -1.1559   0.0000   0.0000   0.0000   0.3676
   4.000   0.8893   0.01347   0.00720  -0.1017  0.6617  1.0000  -1.2491   0.0000   0.0000   0.0000   0.3588
   4.500   0.9437   0.01345   0.00715  -0.1009  0.6356  1.0000  -1.3613   0.0000   0.0000   0.0000   0.3509
   5.000   0.9970   0.01353   0.00718  -0.1000  0.6058  1.0000  -1.4848   0.0000   0.0000   0.0000   0.3436
   5.500   1.0494   0.01376   0.00726  -0.0989  0.5722  1.0000  -1.6332   0.0000   0.0000   0.0000   0.3370
   6.000   1.0977   0.01422   0.00771  -0.0974  0.5328  1.0000  -1.8029   0.0000   0.0000   0.0000   0.3309
   6.500   1.1447   0.01487   0.00818  -0.0957  0.4911  1.0000  -2.0009   0.0000   0.0000   0.0000   0.3251
   7.000   1.1886   0.01568   0.00892  -0.0937  0.4472  1.0000  -2.3085   0.0000   0.0000   0.0000   0.3196
   7.500   1.2300   0.01665   0.00980  -0.0914  0.4040  1.0000  -2.6237   0.0000   0.0000   0.0000   0.3145
   8.000   1.2674   0.01784   0.01082  -0.0886  0.3606  1.0000  -2.9377   0.0000   0.0000   0.0000   0.3094
   8.500   1.3015   0.01911   0.01204  -0.0855  0.3173  1.0000  -3.2503   0.0000   0.0000   0.0000   0.3045
   9.000   1.3309   0.02058   0.01345  -0.0819  0.2758  1.0000  -3.5545   0.0000   0.0000   0.0000   0.2996
   9.500   1.3501   0.02243   0.01512  -0.0770  0.2369  1.0000  -3.8276   0.0000   0.0000   0.0000   0.2943
  10.000   1.3691   0.02447   0.01716  -0.0726  0.1988  1.0000  -4.1016   0.0000   0.0000   0.0000   0.2895


