xflr5 v6.61

 Calculated polar for: peg24_0_revT

 1 1 Reynolds number fixed          Mach number fixed         

 xtrf =   1.000 (top)        1.000 (bottom)
 Mach =   0.000     Re =     0.175 e 6     Ncrit =   9.000

  alpha     CL        CD       CDp       Cm    Top Xtr Bot Xtr   Cpmin    Chinge    XCp    
 ------- -------- --------- --------- -------- ------- ------- -------- --------- ---------
   0.000   0.2524   0.01172   0.00614  -0.0513  0.8108  0.9441  -0.5692   0.0000   0.0000   0.0000   0.4526
   0.500   0.3497   0.01172   0.00599  -0.0588  0.7923  0.9653  -0.6448   0.0000   0.0000   0.0000   0.4166
   1.000   0.4476   0.01152   0.00567  -0.0670  0.7692  0.9825  -0.7291   0.0000   0.0000   0.0000   0.3976
   1.500   0.5358   0.01128   0.00532  -0.0737  0.7433  0.9994  -0.8144   0.0000   0.0000   0.0000   0.3851
   2.000   0.5712   0.01115   0.00511  -0.0702  0.7157  1.0000  -0.8710   0.0000   0.0000   0.0000   0.3699
   2.500   0.6044   0.01114   0.00503  -0.0660  0.6886  1.0000  -0.9332   0.0000   0.0000   0.0000   0.3559
   3.000   0.6392   0.01121   0.00496  -0.0620  0.6599  1.0000  -1.0114   0.0000   0.0000   0.0000   0.3431
   3.500   0.6764   0.01138   0.00504  -0.0583  0.6285  1.0000  -1.1021   0.0000   0.0000   0.0000   0.3319
   4.000   0.7176   0.01163   0.00520  -0.0553  0.5948  1.0000  -1.2261   0.0000   0.0000   0.0000   0.3223
   4.500   0.7617   0.01198   0.00544  -0.0528  0.5592  1.0000  -1.3962   0.0000   0.0000   0.0000   0.3141
   5.000   0.8062   0.01240   0.00576  -0.0504  0.5201  1.0000  -1.6234   0.0000   0.0000   0.0000   0.3069
   5.500   0.8502   0.01290   0.00616  -0.0481  0.4772  1.0000  -1.9398   0.0000   0.0000   0.0000   0.3003
   6.000   0.8944   0.01352   0.00672  -0.0459  0.4372  1.0000  -2.2944   0.0000   0.0000   0.0000   0.2946
   6.500   0.9359   0.01419   0.00728  -0.0433  0.3900  1.0000  -2.6575   0.0000   0.0000   0.0000   0.2890
   7.000   0.9759   0.01498   0.00797  -0.0406  0.3429  1.0000  -3.0299   0.0000   0.0000   0.0000   0.2838
   7.500   1.0133   0.01590   0.00883  -0.0376  0.2925  1.0000  -3.4052   0.0000   0.0000   0.0000   0.2787
   8.000   1.0471   0.01704   0.00983  -0.0343  0.2400  1.0000  -3.7748   0.0000   0.0000   0.0000   0.2737
   8.500   1.0734   0.01857   0.01109  -0.0300  0.1791  1.0000  -4.1181   0.0000   0.0000   0.0000   0.2682
   9.000   1.0934   0.02044   0.01262  -0.0251  0.1225  1.0000  -4.4357   0.0000   0.0000   0.0000   0.2626
   9.500   1.1078   0.02233   0.01435  -0.0193  0.0890  1.0000  -4.7252   0.0000   0.0000   0.0000   0.2564
  10.000   1.1214   0.02436   0.01641  -0.0139  0.0674  1.0000  -5.0024   0.0000   0.0000   0.0000   0.2507


