xflr5 v6.61

 Calculated polar for: peg24_65_revT

 1 1 Reynolds number fixed          Mach number fixed         

 xtrf =   1.000 (top)        1.000 (bottom)
 Mach =   0.000     Re =     0.170 e 6     Ncrit =   9.000

  alpha     CL        CD       CDp       Cm    Top Xtr Bot Xtr   Cpmin    Chinge    XCp    
 ------- -------- --------- --------- -------- ------- ------- -------- --------- ---------
   0.000   0.5118   0.01638   0.01060  -0.1258  0.7894  0.8206  -0.7568   0.0000   0.0000   0.0000   0.4949
   0.500   0.5536   0.01604   0.01033  -0.1210  0.7807  0.9011  -0.7978   0.0000   0.0000   0.0000   0.4670
   1.000   0.6139   0.01586   0.01013  -0.1219  0.7655  1.0000  -0.8528   0.0000   0.0000   0.0000   0.4463
   1.500   0.6824   0.01549   0.00955  -0.1237  0.7568  1.0000  -0.9191   0.0000   0.0000   0.0000   0.4283
   2.000   0.7366   0.01570   0.00970  -0.1237  0.7403  1.0000  -0.9785   0.0000   0.0000   0.0000   0.4144
   2.500   0.8021   0.01523   0.00907  -0.1245  0.7298  1.0000  -1.0517   0.0000   0.0000   0.0000   0.4011
   3.000   0.8549   0.01530   0.00915  -0.1239  0.7116  1.0000  -1.1218   0.0000   0.0000   0.0000   0.3902
   3.500   0.9148   0.01504   0.00881  -0.1239  0.6967  1.0000  -1.2037   0.0000   0.0000   0.0000   0.3802
   4.000   0.9729   0.01475   0.00848  -0.1237  0.6786  1.0000  -1.2974   0.0000   0.0000   0.0000   0.3712
   4.500   1.0266   0.01471   0.00847  -0.1229  0.6569  1.0000  -1.3943   0.0000   0.0000   0.0000   0.3632
   5.000   1.0808   0.01462   0.00836  -0.1220  0.6325  1.0000  -1.5086   0.0000   0.0000   0.0000   0.3558
   5.500   1.1339   0.01463   0.00833  -0.1210  0.6045  1.0000  -1.6355   0.0000   0.0000   0.0000   0.3490
   6.000   1.1861   0.01478   0.00835  -0.1199  0.5718  1.0000  -1.7824   0.0000   0.0000   0.0000   0.3426
   6.500   1.2321   0.01527   0.00882  -0.1180  0.5332  1.0000  -1.9369   0.0000   0.0000   0.0000   0.3366
   7.000   1.2768   0.01598   0.00933  -0.1159  0.4922  1.0000  -2.1149   0.0000   0.0000   0.0000   0.3309
   7.500   1.3164   0.01690   0.01018  -0.1132  0.4491  1.0000  -2.3084   0.0000   0.0000   0.0000   0.3255
   8.000   1.3527   0.01804   0.01118  -0.1101  0.4077  1.0000  -2.5551   0.0000   0.0000   0.0000   0.3202
   8.500   1.3839   0.01935   0.01239  -0.1064  0.3669  1.0000  -2.8273   0.0000   0.0000   0.0000   0.3149
   9.000   1.4090   0.02083   0.01378  -0.1019  0.3294  1.0000  -3.0947   0.0000   0.0000   0.0000   0.3096
   9.500   1.4292   0.02254   0.01544  -0.0970  0.2937  1.0000  -3.3529   0.0000   0.0000   0.0000   0.3043
  10.000   1.4440   0.02473   0.01751  -0.0920  0.2605  1.0000  -3.5976   0.0000   0.0000   0.0000   0.2994


