xflr5 v6.61

 Calculated polar for: peg24_55_revT

 1 1 Reynolds number fixed          Mach number fixed         

 xtrf =   1.000 (top)        1.000 (bottom)
 Mach =   0.000     Re =     0.185 e 6     Ncrit =   9.000

  alpha     CL        CD       CDp       Cm    Top Xtr Bot Xtr   Cpmin    Chinge    XCp    
 ------- -------- --------- --------- -------- ------- ------- -------- --------- ---------
   0.000   0.4757   0.01420   0.00860  -0.1141  0.7886  0.8438  -0.7309   0.0000   0.0000   0.0000   0.4889
   0.500   0.5164   0.01398   0.00844  -0.1095  0.7769  0.9158  -0.7714   0.0000   0.0000   0.0000   0.4604
   1.000   0.5860   0.01365   0.00804  -0.1119  0.7634  1.0000  -0.8336   0.0000   0.0000   0.0000   0.4386
   1.500   0.6491   0.01357   0.00779  -0.1132  0.7520  1.0000  -0.8966   0.0000   0.0000   0.0000   0.4215
   2.000   0.7064   0.01352   0.00765  -0.1134  0.7359  1.0000  -0.9580   0.0000   0.0000   0.0000   0.4071
   2.500   0.7648   0.01348   0.00752  -0.1136  0.7211  1.0000  -1.0270   0.0000   0.0000   0.0000   0.3945
   3.000   0.8240   0.01325   0.00719  -0.1137  0.7048  1.0000  -1.1043   0.0000   0.0000   0.0000   0.3834
   3.500   0.8786   0.01327   0.00720  -0.1132  0.6850  1.0000  -1.1851   0.0000   0.0000   0.0000   0.3737
   4.000   0.9345   0.01323   0.00713  -0.1128  0.6646  1.0000  -1.2769   0.0000   0.0000   0.0000   0.3649
   4.500   0.9895   0.01319   0.00705  -0.1121  0.6409  1.0000  -1.3839   0.0000   0.0000   0.0000   0.3570
   5.000   1.0426   0.01326   0.00709  -0.1113  0.6129  1.0000  -1.5028   0.0000   0.0000   0.0000   0.3498
   5.500   1.0942   0.01346   0.00723  -0.1101  0.5801  1.0000  -1.6362   0.0000   0.0000   0.0000   0.3431
   6.000   1.1442   0.01386   0.00748  -0.1088  0.5438  1.0000  -1.7912   0.0000   0.0000   0.0000   0.3369
   6.500   1.1902   0.01447   0.00802  -0.1070  0.5021  1.0000  -1.9659   0.0000   0.0000   0.0000   0.3311
   7.000   1.2338   0.01529   0.00871  -0.1049  0.4596  1.0000  -2.1639   0.0000   0.0000   0.0000   0.3255
   7.500   1.2740   0.01630   0.00956  -0.1024  0.4168  1.0000  -2.4491   0.0000   0.0000   0.0000   0.3202
   8.000   1.3113   0.01741   0.01059  -0.0996  0.3745  1.0000  -2.7510   0.0000   0.0000   0.0000   0.3151
   8.500   1.3435   0.01876   0.01181  -0.0962  0.3340  1.0000  -3.0466   0.0000   0.0000   0.0000   0.3100
   9.000   1.3711   0.02016   0.01317  -0.0922  0.2950  1.0000  -3.3350   0.0000   0.0000   0.0000   0.3048
   9.500   1.3909   0.02197   0.01483  -0.0873  0.2590  1.0000  -3.6025   0.0000   0.0000   0.0000   0.2997
  10.000   1.4104   0.02395   0.01683  -0.0830  0.2234  1.0000  -3.8728   0.0000   0.0000   0.0000   0.2949


