xflr5 v6.61

 Calculated polar for: peg24_50_revT

 1 1 Reynolds number fixed          Mach number fixed         

 xtrf =   1.000 (top)        1.000 (bottom)
 Mach =   0.000     Re =     0.425 e 6     Ncrit =   9.000

  alpha     CL        CD       CDp       Cm    Top Xtr Bot Xtr   Cpmin    Chinge    XCp    
 ------- -------- --------- --------- -------- ------- ------- -------- --------- ---------
   0.000   0.4910   0.00803   0.00312  -0.1121  0.7358  0.7341  -0.7446   0.0000   0.0000   0.0000   0.4771
   0.500   0.5453   0.00801   0.00317  -0.1114  0.7239  0.7867  -0.7943   0.0000   0.0000   0.0000   0.4523
   1.000   0.5983   0.00791   0.00316  -0.1103  0.7105  0.8326  -0.8477   0.0000   0.0000   0.0000   0.4318
   1.500   0.6497   0.00787   0.00316  -0.1088  0.6966  0.8784  -0.9048   0.0000   0.0000   0.0000   0.4143
   2.000   0.6978   0.00771   0.00308  -0.1064  0.6804  0.9374  -0.9616   0.0000   0.0000   0.0000   0.3989
   2.500   0.7625   0.00770   0.00305  -0.1083  0.6622  1.0000  -1.0370   0.0000   0.0000   0.0000   0.3878
   3.000   0.8197   0.00785   0.00311  -0.1086  0.6424  1.0000  -1.1118   0.0000   0.0000   0.0000   0.3778
   3.500   0.8754   0.00805   0.00321  -0.1086  0.6178  1.0000  -1.1984   0.0000   0.0000   0.0000   0.3688
   4.000   0.9298   0.00831   0.00338  -0.1083  0.5894  1.0000  -1.2908   0.0000   0.0000   0.0000   0.3608
   4.500   0.9827   0.00867   0.00362  -0.1078  0.5552  1.0000  -1.4015   0.0000   0.0000   0.0000   0.3534
   5.000   1.0338   0.00917   0.00396  -0.1070  0.5184  1.0000  -1.5219   0.0000   0.0000   0.0000   0.3466
   5.500   1.0840   0.00973   0.00439  -0.1062  0.4769  1.0000  -1.6639   0.0000   0.0000   0.0000   0.3404
   6.000   1.1322   0.01042   0.00492  -0.1050  0.4359  1.0000  -1.8280   0.0000   0.0000   0.0000   0.3346
   6.500   1.1794   0.01118   0.00552  -0.1038  0.3943  1.0000  -2.0252   0.0000   0.0000   0.0000   0.3292
   7.000   1.2249   0.01202   0.00622  -0.1023  0.3525  1.0000  -2.3312   0.0000   0.0000   0.0000   0.3241
   7.500   1.2674   0.01302   0.00703  -0.1005  0.3107  1.0000  -2.6521   0.0000   0.0000   0.0000   0.3192
   8.000   1.3096   0.01400   0.00789  -0.0986  0.2712  1.0000  -2.9857   0.0000   0.0000   0.0000   0.3145
   8.500   1.3474   0.01517   0.00892  -0.0961  0.2331  1.0000  -3.3161   0.0000   0.0000   0.0000   0.3099
   9.000   1.3808   0.01643   0.01005  -0.0930  0.1967  1.0000  -3.6418   0.0000   0.0000   0.0000   0.3051
   9.500   1.4092   0.01794   0.01140  -0.0894  0.1612  1.0000  -3.9570   0.0000   0.0000   0.0000   0.3004
  10.000   1.4330   0.01978   0.01309  -0.0855  0.1279  1.0000  -4.2618   0.0000   0.0000   0.0000   0.2959


