xflr5 v6.61

 Calculated polar for: peg24_80_revT

 1 1 Reynolds number fixed          Mach number fixed         

 xtrf =   1.000 (top)        1.000 (bottom)
 Mach =   0.000     Re =     0.045 e 6     Ncrit =   9.000

  alpha     CL        CD       CDp       Cm    Top Xtr Bot Xtr   Cpmin    Chinge    XCp    
 ------- -------- --------- --------- -------- ------- ------- -------- --------- ---------
   0.000   0.0663   0.04154   0.03301  -0.0807  1.0000  0.7215  -1.0006   0.0000   0.0000   0.0000   1.4771
   1.000   0.1360   0.04303   0.03406  -0.0814  1.0000  1.0000  -0.7541   0.0000   0.0000   0.0000   0.8488
   1.500   0.1810   0.04581   0.03634  -0.0843  1.0000  1.0000  -0.6166   0.0000   0.0000   0.0000   0.7137
   2.000   0.2209   0.04878   0.03897  -0.0862  1.0000  1.0000  -0.5401   0.0000   0.0000   0.0000   0.6371
   2.500   0.2579   0.05199   0.04192  -0.0878  1.0000  1.0000  -0.5642   0.0000   0.0000   0.0000   0.5863
   3.000   0.2925   0.05545   0.04519  -0.0893  1.0000  1.0000  -0.5879   0.0000   0.0000   0.0000   0.5501
   3.500   0.3541   0.06045   0.05003  -0.0961  0.9801  1.0000  -0.6295   0.0000   0.0000   0.0000   0.5158
   4.000   0.4293   0.06608   0.05554  -0.1046  0.9343  1.0000  -0.6850   0.0000   0.0000   0.0000   0.4875
   4.500   0.6307   0.06832   0.05748  -0.1200  0.7824  1.0000  -0.8773   0.0000   0.0000   0.0000   0.4339
   5.000   0.6504   0.07091   0.06011  -0.1174  0.7500  1.0000  -0.9036   0.0000   0.0000   0.0000   0.4236
   5.500   0.6862   0.07395   0.06319  -0.1168  0.7184  1.0000  -0.9505   0.0000   0.0000   0.0000   0.4127
   6.000   0.7282   0.07692   0.06624  -0.1167  0.6869  1.0000  -1.0104   0.0000   0.0000   0.0000   0.4021
   6.500   0.7734   0.07987   0.06929  -0.1166  0.6569  1.0000  -1.0771   0.0000   0.0000   0.0000   0.3920
   7.000   0.8200   0.08270   0.07225  -0.1164  0.6280  1.0000  -1.1536   0.0000   0.0000   0.0000   0.3826
   7.500   0.8730   0.08490   0.07461  -0.1160  0.5992  1.0000  -1.2505   0.0000   0.0000   0.0000   0.3728
   8.000   0.9211   0.08720   0.07710  -0.1150  0.5717  1.0000  -1.3495   0.0000   0.0000   0.0000   0.3641
   8.500   0.9388   0.09148   0.08155  -0.1130  0.5428  1.0000  -1.4051   0.0000   0.0000   0.0000   0.3589
   9.000   0.9580   0.09611   0.08635  -0.1113  0.5158  1.0000  -1.4665   0.0000   0.0000   0.0000   0.3542
   9.500   0.9735   0.10107   0.09151  -0.1096  0.4883  1.0000  -1.5271   0.0000   0.0000   0.0000   0.3499
  10.000   0.9921   0.10599   0.09662  -0.1081  0.4618  1.0000  -1.5960   0.0000   0.0000   0.0000   0.3455


