xflr5 v6.61

 Calculated polar for: peg24_85_revT

 1 1 Reynolds number fixed          Mach number fixed         

 xtrf =   1.000 (top)        1.000 (bottom)
 Mach =   0.000     Re =     0.115 e 6     Ncrit =   9.000

  alpha     CL        CD       CDp       Cm    Top Xtr Bot Xtr   Cpmin    Chinge    XCp    
 ------- -------- --------- --------- -------- ------- ------- -------- --------- ---------
   0.500   0.5267   0.02864   0.02225  -0.1350  0.7863  0.8732  -0.7720   0.0000   0.0000   0.0000   0.5052
   1.500   0.6474   0.02908   0.02234  -0.1372  0.7599  1.0000  -0.8770   0.0000   0.0000   0.0000   0.4591
   2.000   0.7342   0.02806   0.02113  -0.1404  0.7554  1.0000  -0.9592   0.0000   0.0000   0.0000   0.4377
   3.000   0.8491   0.02798   0.02090  -0.1400  0.7272  1.0000  -1.0889   0.0000   0.0000   0.0000   0.4101
   3.500   0.8939   0.02841   0.02133  -0.1383  0.7074  1.0000  -1.1506   0.0000   0.0000   0.0000   0.3992
   4.000   0.9729   0.02670   0.01958  -0.1396  0.7001  1.0000  -1.2514   0.0000   0.0000   0.0000   0.3874
   4.500   1.0229   0.02651   0.01944  -0.1380  0.6808  1.0000  -1.3353   0.0000   0.0000   0.0000   0.3781
   5.500   1.1595   0.02379   0.01678  -0.1384  0.6518  1.0000  -1.5758   0.0000   0.0000   0.0000   0.3612
   6.000   1.2136   0.02314   0.01622  -0.1369  0.6290  1.0000  -1.6983   0.0000   0.0000   0.0000   0.3539
   6.500   1.2720   0.02232   0.01543  -0.1359  0.6045  1.0000  -1.8434   0.0000   0.0000   0.0000   0.3472
   7.000   1.3300   0.02162   0.01471  -0.1349  0.5754  1.0000  -2.0095   0.0000   0.0000   0.0000   0.3411
   7.500   1.3805   0.02156   0.01458  -0.1330  0.5405  1.0000  -2.1777   0.0000   0.0000   0.0000   0.3353
   8.000   1.4202   0.02215   0.01510  -0.1299  0.5007  1.0000  -2.3430   0.0000   0.0000   0.0000   0.3296
   8.500   1.4586   0.02305   0.01585  -0.1267  0.4600  1.0000  -2.5339   0.0000   0.0000   0.0000   0.3242
   9.000   1.4858   0.02439   0.01710  -0.1222  0.4198  1.0000  -2.7231   0.0000   0.0000   0.0000   0.3187
   9.500   1.5093   0.02600   0.01853  -0.1173  0.3826  1.0000  -2.9249   0.0000   0.0000   0.0000   0.3134
  10.000   1.5227   0.02800   0.02056  -0.1115  0.3475  1.0000  -3.1172   0.0000   0.0000   0.0000   0.3080


