xflr5 v6.61

 Calculated polar for: peg24_15_revT

 1 1 Reynolds number fixed          Mach number fixed         

 xtrf =   1.000 (top)        1.000 (bottom)
 Mach =   0.000     Re =     0.410 e 6     Ncrit =   9.000

  alpha     CL        CD       CDp       Cm    Top Xtr Bot Xtr   Cpmin    Chinge    XCp    
 ------- -------- --------- --------- -------- ------- ------- -------- --------- ---------
   0.000   0.3223   0.00738   0.00267  -0.0701  0.7370  0.8185  -0.6219   0.0000   0.0000   0.0000   0.4664
   0.500   0.3750   0.00738   0.00267  -0.0689  0.7202  0.8526  -0.6713   0.0000   0.0000   0.0000   0.4319
   1.000   0.4255   0.00738   0.00265  -0.0671  0.7014  0.8864  -0.7239   0.0000   0.0000   0.0000   0.4053
   1.500   0.4749   0.00733   0.00264  -0.0651  0.6809  0.9227  -0.7787   0.0000   0.0000   0.0000   0.3842
   2.000   0.5318   0.00732   0.00262  -0.0648  0.6582  0.9605  -0.8444   0.0000   0.0000   0.0000   0.3685
   2.500   0.6074   0.00738   0.00260  -0.0689  0.6314  0.9934  -0.9297   0.0000   0.0000   0.0000   0.3597
   3.000   0.6635   0.00758   0.00267  -0.0693  0.6016  1.0000  -1.0119   0.0000   0.0000   0.0000   0.3503
   3.500   0.7163   0.00787   0.00282  -0.0689  0.5695  1.0000  -1.1061   0.0000   0.0000   0.0000   0.3415
   4.000   0.7692   0.00820   0.00304  -0.0684  0.5334  1.0000  -1.2181   0.0000   0.0000   0.0000   0.3338
   4.500   0.8209   0.00866   0.00333  -0.0678  0.4953  1.0000  -1.3573   0.0000   0.0000   0.0000   0.3270
   5.000   0.8727   0.00913   0.00369  -0.0672  0.4535  1.0000  -1.5699   0.0000   0.0000   0.0000   0.3209
   5.500   0.9234   0.00971   0.00413  -0.0664  0.4139  1.0000  -1.9033   0.0000   0.0000   0.0000   0.3153
   6.000   0.9730   0.01037   0.00464  -0.0656  0.3677  1.0000  -2.2514   0.0000   0.0000   0.0000   0.3102
   6.500   1.0221   0.01109   0.00522  -0.0647  0.3219  1.0000  -2.6147   0.0000   0.0000   0.0000   0.3056
   7.000   1.0692   0.01198   0.00592  -0.0636  0.2709  1.0000  -2.9866   0.0000   0.0000   0.0000   0.3012
   7.500   1.1136   0.01310   0.00676  -0.0623  0.2151  1.0000  -3.3624   0.0000   0.0000   0.0000   0.2970
   8.000   1.1569   0.01430   0.00772  -0.0608  0.1617  1.0000  -3.7457   0.0000   0.0000   0.0000   0.2930
   8.500   1.1966   0.01575   0.00890  -0.0590  0.1128  1.0000  -4.1303   0.0000   0.0000   0.0000   0.2890
   9.000   1.2348   0.01723   0.01021  -0.0569  0.0793  1.0000  -4.5303   0.0000   0.0000   0.0000   0.2852
   9.500   1.2713   0.01871   0.01162  -0.0546  0.0570  1.0000  -4.9281   0.0000   0.0000   0.0000   0.2814
  10.000   1.3013   0.02041   0.01327  -0.0514  0.0403  1.0000  -5.2929   0.0000   0.0000   0.0000   0.2772


