xflr5 v6.61

 Calculated polar for: peg24_65_revT

 1 1 Reynolds number fixed          Mach number fixed         

 xtrf =   1.000 (top)        1.000 (bottom)
 Mach =   0.000     Re =     0.480 e 6     Ncrit =   9.000

  alpha     CL        CD       CDp       Cm    Top Xtr Bot Xtr   Cpmin    Chinge    XCp    
 ------- -------- --------- --------- -------- ------- ------- -------- --------- ---------
   0.000   0.5646   0.00808   0.00302  -0.1299  0.7276  0.6540  -0.8013   0.0000   0.0000   0.0000   0.4787
   0.500   0.6197   0.00792   0.00308  -0.1294  0.7175  0.7262  -0.8499   0.0000   0.0000   0.0000   0.4568
   1.000   0.6747   0.00785   0.00307  -0.1288  0.7059  0.7813  -0.9049   0.0000   0.0000   0.0000   0.4383
   1.500   0.7282   0.00781   0.00315  -0.1280  0.6935  0.8308  -0.9631   0.0000   0.0000   0.0000   0.4225
   2.000   0.7792   0.00771   0.00311  -0.1264  0.6790  0.8825  -1.0224   0.0000   0.0000   0.0000   0.4084
   2.500   0.8329   0.00754   0.00307  -0.1255  0.6636  1.0000  -1.0874   0.0000   0.0000   0.0000   0.3963
   3.000   0.8907   0.00770   0.00311  -0.1259  0.6462  1.0000  -1.1639   0.0000   0.0000   0.0000   0.3865
   3.500   0.9466   0.00788   0.00320  -0.1260  0.6241  1.0000  -1.2448   0.0000   0.0000   0.0000   0.3776
   4.000   1.0013   0.00813   0.00337  -0.1258  0.5982  1.0000  -1.3370   0.0000   0.0000   0.0000   0.3695
   4.500   1.0547   0.00846   0.00361  -0.1254  0.5684  1.0000  -1.4392   0.0000   0.0000   0.0000   0.3622
   5.000   1.1063   0.00891   0.00393  -0.1247  0.5314  1.0000  -1.5539   0.0000   0.0000   0.0000   0.3554
   6.000   1.2034   0.01018   0.00488  -0.1224  0.4506  1.0000  -1.8237   0.0000   0.0000   0.0000   0.3432
   6.500   1.2491   0.01098   0.00551  -0.1209  0.4097  1.0000  -1.9820   0.0000   0.0000   0.0000   0.3376
   7.000   1.2934   0.01184   0.00622  -0.1192  0.3689  1.0000  -2.1668   0.0000   0.0000   0.0000   0.3323
   7.500   1.3352   0.01279   0.00701  -0.1172  0.3294  1.0000  -2.3770   0.0000   0.0000   0.0000   0.3272
   8.000   1.3746   0.01382   0.00791  -0.1149  0.2921  1.0000  -2.6813   0.0000   0.0000   0.0000   0.3222
   8.500   1.4088   0.01498   0.00892  -0.1117  0.2570  1.0000  -2.9801   0.0000   0.0000   0.0000   0.3172
   9.000   1.4405   0.01622   0.01006  -0.1083  0.2242  1.0000  -3.2806   0.0000   0.0000   0.0000   0.3123
   9.500   1.4674   0.01776   0.01146  -0.1044  0.1930  1.0000  -3.5730   0.0000   0.0000   0.0000   0.3076
  10.000   1.4926   0.01951   0.01313  -0.1008  0.1639  1.0000  -3.8666   0.0000   0.0000   0.0000   0.3031


