xflr5 v6.61

 Calculated polar for: peg24_20_revT

 1 1 Reynolds number fixed          Mach number fixed         

 xtrf =   1.000 (top)        1.000 (bottom)
 Mach =   0.000     Re =     0.210 e 6     Ncrit =   9.000

  alpha     CL        CD       CDp       Cm    Top Xtr Bot Xtr   Cpmin    Chinge    XCp    
 ------- -------- --------- --------- -------- ------- ------- -------- --------- ---------
   0.000   0.3184   0.01084   0.00552  -0.0707  0.7886  0.9042  -0.6189   0.0000   0.0000   0.0000   0.4712
   0.500   0.3724   0.01073   0.00538  -0.0692  0.7730  0.9499  -0.6693   0.0000   0.0000   0.0000   0.4342
   1.000   0.4591   0.01049   0.00499  -0.0748  0.7568  0.9840  -0.7431   0.0000   0.0000   0.0000   0.4107
   1.500   0.5298   0.01039   0.00482  -0.0782  0.7367  1.0000  -0.8112   0.0000   0.0000   0.0000   0.3950
   2.000   0.5760   0.01043   0.00475  -0.0767  0.7158  1.0000  -0.8697   0.0000   0.0000   0.0000   0.3799
   2.500   0.6284   0.01048   0.00470  -0.0760  0.6941  1.0000  -0.9377   0.0000   0.0000   0.0000   0.3672
   3.000   0.6821   0.01057   0.00469  -0.0754  0.6699  1.0000  -1.0169   0.0000   0.0000   0.0000   0.3564
   3.500   0.7353   0.01070   0.00475  -0.0747  0.6424  1.0000  -1.1064   0.0000   0.0000   0.0000   0.3470
   4.000   0.7881   0.01089   0.00487  -0.0739  0.6112  1.0000  -1.2166   0.0000   0.0000   0.0000   0.3387
   4.500   0.8403   0.01118   0.00505  -0.0730  0.5771  1.0000  -1.3427   0.0000   0.0000   0.0000   0.3313
   5.000   0.8913   0.01159   0.00537  -0.0720  0.5397  1.0000  -1.5100   0.0000   0.0000   0.0000   0.3247
   5.500   0.9407   0.01212   0.00577  -0.0708  0.4981  1.0000  -1.7705   0.0000   0.0000   0.0000   0.3186
   6.000   0.9892   0.01274   0.00632  -0.0696  0.4552  1.0000  -2.1004   0.0000   0.0000   0.0000   0.3131
   6.500   1.0359   0.01351   0.00695  -0.0681  0.4119  1.0000  -2.4408   0.0000   0.0000   0.0000   0.3079
   7.000   1.0803   0.01440   0.00771  -0.0664  0.3647  1.0000  -2.7881   0.0000   0.0000   0.0000   0.3030
   7.500   1.1236   0.01536   0.00858  -0.0647  0.3171  1.0000  -3.1443   0.0000   0.0000   0.0000   0.2985
   8.000   1.1642   0.01651   0.00961  -0.0626  0.2683  1.0000  -3.5020   0.0000   0.0000   0.0000   0.2941
   8.500   1.2005   0.01795   0.01089  -0.0602  0.2174  1.0000  -3.8519   0.0000   0.0000   0.0000   0.2897
   9.000   1.2323   0.01967   0.01241  -0.0573  0.1638  1.0000  -4.1890   0.0000   0.0000   0.0000   0.2854
   9.500   1.2564   0.02174   0.01425  -0.0535  0.1170  1.0000  -4.4968   0.0000   0.0000   0.0000   0.2808
  10.000   1.2753   0.02413   0.01651  -0.0493  0.0866  1.0000  -4.7829   0.0000   0.0000   0.0000   0.2762


