xflr5 v6.61

 Calculated polar for: peg24_20_revT

 1 1 Reynolds number fixed          Mach number fixed         

 xtrf =   1.000 (top)        1.000 (bottom)
 Mach =   0.000     Re =     0.440 e 6     Ncrit =   9.000

  alpha     CL        CD       CDp       Cm    Top Xtr Bot Xtr   Cpmin    Chinge    XCp    
 ------- -------- --------- --------- -------- ------- ------- -------- --------- ---------
   0.000   0.3475   0.00724   0.00254  -0.0764  0.7325  0.8016  -0.6397   0.0000   0.0000   0.0000   0.4685
   0.500   0.4007   0.00721   0.00257  -0.0753  0.7163  0.8375  -0.6898   0.0000   0.0000   0.0000   0.4361
   1.000   0.4528   0.00723   0.00256  -0.0740  0.6986  0.8725  -0.7432   0.0000   0.0000   0.0000   0.4109
   1.500   0.5028   0.00719   0.00255  -0.0721  0.6787  0.9077  -0.7982   0.0000   0.0000   0.0000   0.3906
   2.000   0.5539   0.00716   0.00254  -0.0705  0.6571  0.9503  -0.8597   0.0000   0.0000   0.0000   0.3739
   3.000   0.6847   0.00741   0.00260  -0.0747  0.6024  1.0000  -1.0253   0.0000   0.0000   0.0000   0.3549
   3.500   0.7383   0.00770   0.00275  -0.0744  0.5707  1.0000  -1.1154   0.0000   0.0000   0.0000   0.3461
   4.000   0.7918   0.00803   0.00297  -0.0741  0.5349  1.0000  -1.2279   0.0000   0.0000   0.0000   0.3384
   4.500   0.8439   0.00848   0.00326  -0.0735  0.4971  1.0000  -1.3559   0.0000   0.0000   0.0000   0.3314
   5.000   0.8957   0.00896   0.00362  -0.0729  0.4553  1.0000  -1.5281   0.0000   0.0000   0.0000   0.3252
   5.500   0.9463   0.00956   0.00406  -0.0722  0.4152  1.0000  -1.8341   0.0000   0.0000   0.0000   0.3195
   6.000   0.9965   0.01019   0.00456  -0.0714  0.3709  1.0000  -2.1774   0.0000   0.0000   0.0000   0.3144
   6.500   1.0456   0.01091   0.00513  -0.0706  0.3258  1.0000  -2.5340   0.0000   0.0000   0.0000   0.3096
   7.000   1.0930   0.01177   0.00582  -0.0695  0.2778  1.0000  -2.9006   0.0000   0.0000   0.0000   0.3051
   7.500   1.1378   0.01284   0.00662  -0.0682  0.2237  1.0000  -3.2726   0.0000   0.0000   0.0000   0.3008
   8.000   1.1805   0.01405   0.00757  -0.0666  0.1727  1.0000  -3.6492   0.0000   0.0000   0.0000   0.2967
   8.500   1.2208   0.01541   0.00870  -0.0648  0.1245  1.0000  -4.0265   0.0000   0.0000   0.0000   0.2927
   9.000   1.2589   0.01685   0.00995  -0.0627  0.0888  1.0000  -4.4205   0.0000   0.0000   0.0000   0.2887
   9.500   1.2944   0.01836   0.01134  -0.0602  0.0645  1.0000  -4.8132   0.0000   0.0000   0.0000   0.2847
  10.000   1.3257   0.01987   0.01284  -0.0571  0.0477  1.0000  -5.1906   0.0000   0.0000   0.0000   0.2806


