xflr5 v6.61

 Calculated polar for: peg24_95_revT

 1 1 Reynolds number fixed          Mach number fixed         

 xtrf =   1.000 (top)        1.000 (bottom)
 Mach =   0.000     Re =     0.275 e 6     Ncrit =   9.000

  alpha     CL        CD       CDp       Cm    Top Xtr Bot Xtr   Cpmin    Chinge    XCp    
 ------- -------- --------- --------- -------- ------- ------- -------- --------- ---------
   0.000   0.6879   0.01298   0.00712  -0.1631  0.7560  0.5999  -0.8972   0.0000   0.0000   0.0000   0.4860
   0.500   0.7398   0.01294   0.00736  -0.1623  0.7465  0.6821  -0.9426   0.0000   0.0000   0.0000   0.4674
   1.000   0.7938   0.01266   0.00725  -0.1612  0.7371  0.7621  -0.9931   0.0000   0.0000   0.0000   0.4504
   1.500   0.8467   0.01240   0.00707  -0.1596  0.7292  0.8369  -1.0496   0.0000   0.0000   0.0000   0.4352
   2.000   0.8899   0.01205   0.00696  -0.1564  0.7174  1.0000  -1.1033   0.0000   0.0000   0.0000   0.4218
   2.500   0.9528   0.01189   0.00665  -0.1576  0.7071  1.0000  -1.1740   0.0000   0.0000   0.0000   0.4108
   3.000   1.0105   0.01194   0.00664  -0.1580  0.6947  1.0000  -1.2438   0.0000   0.0000   0.0000   0.4010
   3.500   1.0686   0.01182   0.00646  -0.1582  0.6812  1.0000  -1.3239   0.0000   0.0000   0.0000   0.3921
   4.000   1.1243   0.01189   0.00651  -0.1581  0.6663  1.0000  -1.4055   0.0000   0.0000   0.0000   0.3839
   4.500   1.1816   0.01184   0.00636  -0.1581  0.6502  1.0000  -1.5047   0.0000   0.0000   0.0000   0.3764
   5.000   1.2331   0.01194   0.00649  -0.1572  0.6285  1.0000  -1.6051   0.0000   0.0000   0.0000   0.3694
   5.500   1.2844   0.01215   0.00668  -0.1562  0.6042  1.0000  -1.7182   0.0000   0.0000   0.0000   0.3629
   6.000   1.3330   0.01248   0.00690  -0.1548  0.5738  1.0000  -1.8369   0.0000   0.0000   0.0000   0.3567
   6.500   1.3779   0.01303   0.00737  -0.1529  0.5396  1.0000  -1.9665   0.0000   0.0000   0.0000   0.3507
   7.000   1.4181   0.01381   0.00801  -0.1502  0.5001  1.0000  -2.1070   0.0000   0.0000   0.0000   0.3449
   7.500   1.4527   0.01484   0.00887  -0.1467  0.4598  1.0000  -2.2448   0.0000   0.0000   0.0000   0.3392
   8.000   1.4805   0.01603   0.00992  -0.1422  0.4206  1.0000  -2.3847   0.0000   0.0000   0.0000   0.3335
   8.500   1.5011   0.01757   0.01132  -0.1368  0.3838  1.0000  -2.5196   0.0000   0.0000   0.0000   0.3278
   9.000   1.5220   0.01927   0.01294  -0.1320  0.3491  1.0000  -2.6738   0.0000   0.0000   0.0000   0.3226
   9.500   1.5399   0.02133   0.01490  -0.1273  0.3165  1.0000  -2.8427   0.0000   0.0000   0.0000   0.3177
  10.000   1.5564   0.02368   0.01718  -0.1229  0.2868  1.0000  -3.0277   0.0000   0.0000   0.0000   0.3131


