xflr5 v6.61

 Calculated polar for: peg24_05_revT

 1 1 Reynolds number fixed          Mach number fixed         

 xtrf =   1.000 (top)        1.000 (bottom)
 Mach =   0.000     Re =     0.330 e 6     Ncrit =   9.000

  alpha     CL        CD       CDp       Cm    Top Xtr Bot Xtr   Cpmin    Chinge    XCp    
 ------- -------- --------- --------- -------- ------- ------- -------- --------- ---------
   0.000   0.2651   0.00802   0.00316  -0.0559  0.7534  0.8575  -0.5828   0.0000   0.0000   0.0000   0.4596
   0.500   0.3144   0.00798   0.00313  -0.0537  0.7342  0.8910  -0.6298   0.0000   0.0000   0.0000   0.4189
   1.000   0.3641   0.00797   0.00311  -0.0516  0.7140  0.9251  -0.6810   0.0000   0.0000   0.0000   0.3894
   1.500   0.4273   0.00800   0.00308  -0.0525  0.6916  0.9539  -0.7449   0.0000   0.0000   0.0000   0.3700
   2.000   0.5041   0.00809   0.00308  -0.0565  0.6663  0.9739  -0.8248   0.0000   0.0000   0.0000   0.3590
   2.500   0.5849   0.00820   0.00310  -0.0618  0.6366  0.9878  -0.9180   0.0000   0.0000   0.0000   0.3520
   3.000   0.6594   0.00833   0.00311  -0.0660  0.6029  1.0000  -1.0220   0.0000   0.0000   0.0000   0.3461
   3.500   0.6924   0.00855   0.00319  -0.0618  0.5716  1.0000  -1.1094   0.0000   0.0000   0.0000   0.3348
   4.000   0.7337   0.00884   0.00339  -0.0590  0.5368  1.0000  -1.2185   0.0000   0.0000   0.0000   0.3256
   4.500   0.7783   0.00926   0.00366  -0.0569  0.4992  1.0000  -1.3780   0.0000   0.0000   0.0000   0.3177
   5.000   0.8244   0.00972   0.00401  -0.0551  0.4588  1.0000  -1.6843   0.0000   0.0000   0.0000   0.3109
   5.500   0.8703   0.01027   0.00444  -0.0533  0.4193  1.0000  -2.0139   0.0000   0.0000   0.0000   0.3048
   6.000   0.9155   0.01088   0.00492  -0.0514  0.3734  1.0000  -2.3579   0.0000   0.0000   0.0000   0.2993
   6.500   0.9598   0.01158   0.00550  -0.0495  0.3283  1.0000  -2.7136   0.0000   0.0000   0.0000   0.2941
   7.000   1.0017   0.01242   0.00617  -0.0473  0.2776  1.0000  -3.0747   0.0000   0.0000   0.0000   0.2892
   7.500   1.0400   0.01350   0.00699  -0.0446  0.2199  1.0000  -3.4336   0.0000   0.0000   0.0000   0.2843
   8.000   1.0760   0.01472   0.00795  -0.0417  0.1629  1.0000  -3.7923   0.0000   0.0000   0.0000   0.2796
   8.500   1.1068   0.01621   0.00914  -0.0382  0.1108  1.0000  -4.1453   0.0000   0.0000   0.0000   0.2747
   9.000   1.1354   0.01771   0.01048  -0.0343  0.0775  1.0000  -4.5015   0.0000   0.0000   0.0000   0.2697
   9.500   1.1589   0.01911   0.01184  -0.0294  0.0569  1.0000  -4.8346   0.0000   0.0000   0.0000   0.2643
  10.000   1.1752   0.02090   0.01359  -0.0239  0.0400  1.0000  -5.1162   0.0000   0.0000   0.0000   0.2585


