xflr5 v6.61

 Calculated polar for: peg24_80_revT

 1 1 Reynolds number fixed          Mach number fixed         

 xtrf =   1.000 (top)        1.000 (bottom)
 Mach =   0.000     Re =     0.445 e 6     Ncrit =   9.000

  alpha     CL        CD       CDp       Cm    Top Xtr Bot Xtr   Cpmin    Chinge    XCp    
 ------- -------- --------- --------- -------- ------- ------- -------- --------- ---------
   0.000   0.6338   0.00886   0.00355  -0.1469  0.7312  0.5965  -0.8551   0.0000   0.0000   0.0000   0.4804
   0.500   0.6896   0.00876   0.00368  -0.1467  0.7224  0.6774  -0.9043   0.0000   0.0000   0.0000   0.4607
   1.000   0.7449   0.00861   0.00369  -0.1462  0.7118  0.7451  -0.9575   0.0000   0.0000   0.0000   0.4436
   1.500   0.7996   0.00859   0.00372  -0.1455  0.7009  0.8043  -1.0158   0.0000   0.0000   0.0000   0.4287
   2.000   0.8505   0.00843   0.00374  -0.1441  0.6888  0.8623  -1.0763   0.0000   0.0000   0.0000   0.4155
   2.500   0.9015   0.00822   0.00358  -0.1424  0.6753  1.0000  -1.1380   0.0000   0.0000   0.0000   0.4034
   3.000   0.9589   0.00828   0.00366  -0.1428  0.6602  1.0000  -1.2124   0.0000   0.0000   0.0000   0.3938
   3.500   1.0158   0.00844   0.00374  -0.1431  0.6440  1.0000  -1.2915   0.0000   0.0000   0.0000   0.3850
   4.000   1.0708   0.00863   0.00383  -0.1429  0.6223  1.0000  -1.3814   0.0000   0.0000   0.0000   0.3770
   4.500   1.1244   0.00890   0.00402  -0.1425  0.5975  1.0000  -1.4771   0.0000   0.0000   0.0000   0.3697
   5.000   1.1763   0.00926   0.00430  -0.1418  0.5668  1.0000  -1.5870   0.0000   0.0000   0.0000   0.3629
   5.500   1.2259   0.00975   0.00468  -0.1408  0.5307  1.0000  -1.7041   0.0000   0.0000   0.0000   0.3565
   6.000   1.2719   0.01046   0.00520  -0.1392  0.4912  1.0000  -1.8311   0.0000   0.0000   0.0000   0.3504
   6.500   1.3166   0.01123   0.00582  -0.1374  0.4491  1.0000  -1.9764   0.0000   0.0000   0.0000   0.3446
   7.000   1.3577   0.01216   0.00658  -0.1351  0.4090  1.0000  -2.1277   0.0000   0.0000   0.0000   0.3391
   7.500   1.3964   0.01316   0.00743  -0.1325  0.3690  1.0000  -2.2902   0.0000   0.0000   0.0000   0.3337
   8.000   1.4292   0.01431   0.00843  -0.1290  0.3317  1.0000  -2.4695   0.0000   0.0000   0.0000   0.3283
   8.500   1.4603   0.01549   0.00952  -0.1253  0.2986  1.0000  -2.6674   0.0000   0.0000   0.0000   0.3231
   9.000   1.4872   0.01695   0.01087  -0.1213  0.2667  1.0000  -2.8945   0.0000   0.0000   0.0000   0.3181
   9.500   1.5116   0.01868   0.01248  -0.1174  0.2368  1.0000  -3.1507   0.0000   0.0000   0.0000   0.3134
  10.000   1.5350   0.02061   0.01434  -0.1137  0.2084  1.0000  -3.4165   0.0000   0.0000   0.0000   0.3089


