xflr5 v6.61

 Calculated polar for: peg24_25_revT

 1 1 Reynolds number fixed          Mach number fixed         

 xtrf =   1.000 (top)        1.000 (bottom)
 Mach =   0.000     Re =     0.090 e 6     Ncrit =   9.000

  alpha     CL        CD       CDp       Cm    Top Xtr Bot Xtr   Cpmin    Chinge    XCp    
 ------- -------- --------- --------- -------- ------- ------- -------- --------- ---------
   0.000   0.2766   0.02193   0.01472  -0.0796  0.8596  1.0000  -0.5726   0.0000   0.0000   0.0000   0.5375
   0.500   0.3534   0.02202   0.01459  -0.0835  0.8423  1.0000  -0.6335   0.0000   0.0000   0.0000   0.4851
   1.000   0.4089   0.02247   0.01491  -0.0839  0.8201  1.0000  -0.6839   0.0000   0.0000   0.0000   0.4533
   1.500   0.4733   0.02267   0.01500  -0.0850  0.8014  1.0000  -0.7445   0.0000   0.0000   0.0000   0.4270
   2.000   0.5443   0.02226   0.01452  -0.0861  0.7845  1.0000  -0.8179   0.0000   0.0000   0.0000   0.4051
   2.500   0.5976   0.02243   0.01467  -0.0850  0.7608  1.0000  -0.8834   0.0000   0.0000   0.0000   0.3888
   3.000   0.6534   0.02241   0.01465  -0.0840  0.7377  1.0000  -0.9572   0.0000   0.0000   0.0000   0.3745
   3.500   0.7110   0.02216   0.01443  -0.0828  0.7148  1.0000  -1.0437   0.0000   0.0000   0.0000   0.3621
   4.000   0.7693   0.02175   0.01407  -0.0816  0.6910  1.0000  -1.1472   0.0000   0.0000   0.0000   0.3511
   4.500   0.8269   0.02132   0.01368  -0.0802  0.6648  1.0000  -1.2676   0.0000   0.0000   0.0000   0.3416
   5.000   0.8834   0.02090   0.01331  -0.0787  0.6354  1.0000  -1.4139   0.0000   0.0000   0.0000   0.3331
   5.500   0.9406   0.02048   0.01289  -0.0772  0.6035  1.0000  -1.6010   0.0000   0.0000   0.0000   0.3256
   6.000   0.9947   0.02040   0.01278  -0.0755  0.5672  1.0000  -1.8610   0.0000   0.0000   0.0000   0.3188
   6.500   1.0450   0.02061   0.01296  -0.0735  0.5253  1.0000  -2.1937   0.0000   0.0000   0.0000   0.3126
   7.000   1.0913   0.02117   0.01349  -0.0712  0.4794  1.0000  -2.5278   0.0000   0.0000   0.0000   0.3069
   7.500   1.1354   0.02198   0.01424  -0.0687  0.4323  1.0000  -2.8676   0.0000   0.0000   0.0000   0.3015
   8.000   1.1749   0.02304   0.01519  -0.0658  0.3824  1.0000  -3.2020   0.0000   0.0000   0.0000   0.2963
   8.500   1.2085   0.02438   0.01647  -0.0623  0.3298  1.0000  -3.5219   0.0000   0.0000   0.0000   0.2912
   9.000   1.2353   0.02613   0.01810  -0.0582  0.2758  1.0000  -3.8191   0.0000   0.0000   0.0000   0.2860
   9.500   1.2548   0.02840   0.02019  -0.0535  0.2236  1.0000  -4.0839   0.0000   0.0000   0.0000   0.2808
  10.000   1.2681   0.03122   0.02283  -0.0483  0.1789  1.0000  -4.3124   0.0000   0.0000   0.0000   0.2755


