xflr5 v6.61

 Calculated polar for: peg24_75_revT

 1 1 Reynolds number fixed          Mach number fixed         

 xtrf =   1.000 (top)        1.000 (bottom)
 Mach =   0.000     Re =     0.115 e 6     Ncrit =   9.000

  alpha     CL        CD       CDp       Cm    Top Xtr Bot Xtr   Cpmin    Chinge    XCp    
 ------- -------- --------- --------- -------- ------- ------- -------- --------- ---------
   0.000   0.4519   0.02669   0.02027  -0.1285  0.8034  0.8248  -0.7087   0.0000   0.0000   0.0000   0.5340
   0.500   0.4927   0.02635   0.02002  -0.1244  0.7892  1.0000  -0.7460   0.0000   0.0000   0.0000   0.5014
   1.000   0.5842   0.02579   0.01914  -0.1298  0.7838  1.0000  -0.8192   0.0000   0.0000   0.0000   0.4702
   1.500   0.6255   0.02690   0.02011  -0.1289  0.7630  1.0000  -0.8610   0.0000   0.0000   0.0000   0.4533
   2.000   0.7079   0.02590   0.01894  -0.1315  0.7570  1.0000  -0.9410   0.0000   0.0000   0.0000   0.4323
   3.000   0.8313   0.02529   0.01820  -0.1317  0.7300  1.0000  -1.0799   0.0000   0.0000   0.0000   0.4038
   3.500   0.8763   0.02577   0.01870  -0.1300  0.7094  1.0000  -1.1446   0.0000   0.0000   0.0000   0.3930
   4.000   0.9589   0.02382   0.01669  -0.1316  0.7024  1.0000  -1.2523   0.0000   0.0000   0.0000   0.3813
   4.500   1.0066   0.02382   0.01676  -0.1298  0.6809  1.0000  -1.3379   0.0000   0.0000   0.0000   0.3724
   5.000   1.0623   0.02335   0.01635  -0.1287  0.6615  1.0000  -1.4397   0.0000   0.0000   0.0000   0.3639
   5.500   1.1327   0.02194   0.01494  -0.1291  0.6452  1.0000  -1.5768   0.0000   0.0000   0.0000   0.3561
   6.000   1.1982   0.02081   0.01379  -0.1289  0.6230  1.0000  -1.7252   0.0000   0.0000   0.0000   0.3490
   6.500   1.2468   0.02067   0.01371  -0.1269  0.5925  1.0000  -1.8696   0.0000   0.0000   0.0000   0.3425
   7.000   1.2953   0.02062   0.01368  -0.1248  0.5572  1.0000  -2.0293   0.0000   0.0000   0.0000   0.3363
   7.500   1.3476   0.02071   0.01358  -0.1232  0.5198  1.0000  -2.2179   0.0000   0.0000   0.0000   0.3307
   8.000   1.3840   0.02159   0.01444  -0.1198  0.4774  1.0000  -2.4032   0.0000   0.0000   0.0000   0.3251
   8.500   1.4219   0.02266   0.01533  -0.1167  0.4361  1.0000  -2.6164   0.0000   0.0000   0.0000   0.3198
   9.000   1.4488   0.02409   0.01671  -0.1123  0.3954  1.0000  -2.8547   0.0000   0.0000   0.0000   0.3144
   9.500   1.4728   0.02575   0.01819  -0.1075  0.3577  1.0000  -3.1076   0.0000   0.0000   0.0000   0.3091
  10.000   1.4862   0.02772   0.02020  -0.1017  0.3222  1.0000  -3.3295   0.0000   0.0000   0.0000   0.3037


