xflr5 v6.61

 Calculated polar for: peg24_05_revT

 1 1 Reynolds number fixed          Mach number fixed         

 xtrf =   1.000 (top)        1.000 (bottom)
 Mach =   0.000     Re =     0.165 e 6     Ncrit =   9.000

  alpha     CL        CD       CDp       Cm    Top Xtr Bot Xtr   Cpmin    Chinge    XCp    
 ------- -------- --------- --------- -------- ------- ------- -------- --------- ---------
   0.000   0.2755   0.01235   0.00666  -0.0578  0.8152  0.9509  -0.5837   0.0000   0.0000   0.0000   0.4589
   0.500   0.3793   0.01226   0.00645  -0.0668  0.7968  0.9725  -0.6636   0.0000   0.0000   0.0000   0.4245
   1.000   0.4784   0.01197   0.00602  -0.0752  0.7764  0.9918  -0.7481   0.0000   0.0000   0.0000   0.4051
   1.500   0.5402   0.01173   0.00565  -0.0767  0.7529  1.0000  -0.8159   0.0000   0.0000   0.0000   0.3896
   2.000   0.5746   0.01164   0.00546  -0.0728  0.7279  1.0000  -0.8696   0.0000   0.0000   0.0000   0.3738
   2.500   0.6087   0.01165   0.00539  -0.0687  0.7018  1.0000  -0.9298   0.0000   0.0000   0.0000   0.3595
   3.000   0.6459   0.01174   0.00540  -0.0651  0.6740  1.0000  -1.0006   0.0000   0.0000   0.0000   0.3468
   3.500   0.6868   0.01189   0.00551  -0.0620  0.6435  1.0000  -1.0942   0.0000   0.0000   0.0000   0.3359
   4.000   0.7314   0.01210   0.00565  -0.0595  0.6104  1.0000  -1.2056   0.0000   0.0000   0.0000   0.3265
   4.500   0.7783   0.01239   0.00582  -0.0574  0.5757  1.0000  -1.3652   0.0000   0.0000   0.0000   0.3185
   5.000   0.8244   0.01280   0.00617  -0.0553  0.5376  1.0000  -1.6314   0.0000   0.0000   0.0000   0.3114
   5.500   0.8700   0.01331   0.00652  -0.0532  0.4961  1.0000  -1.9535   0.0000   0.0000   0.0000   0.3048
   6.000   0.9141   0.01388   0.00708  -0.0509  0.4530  1.0000  -2.2853   0.0000   0.0000   0.0000   0.2989
   6.500   0.9566   0.01458   0.00770  -0.0485  0.4081  1.0000  -2.6264   0.0000   0.0000   0.0000   0.2933
   7.000   0.9964   0.01539   0.00840  -0.0457  0.3602  1.0000  -2.9708   0.0000   0.0000   0.0000   0.2879
   7.500   1.0334   0.01635   0.00926  -0.0426  0.3105  1.0000  -3.3151   0.0000   0.0000   0.0000   0.2827
   8.000   1.0668   0.01748   0.01029  -0.0391  0.2566  1.0000  -3.6528   0.0000   0.0000   0.0000   0.2775
   8.500   1.0928   0.01901   0.01159  -0.0348  0.1979  1.0000  -3.9643   0.0000   0.0000   0.0000   0.2720
   9.000   1.1112   0.02097   0.01331  -0.0295  0.1412  1.0000  -4.2392   0.0000   0.0000   0.0000   0.2661
   9.500   1.1215   0.02313   0.01525  -0.0233  0.1023  1.0000  -4.4760   0.0000   0.0000   0.0000   0.2597
  10.000   1.1285   0.02570   0.01766  -0.0174  0.0784  1.0000  -4.6973   0.0000   0.0000   0.0000   0.2536


