xflr5 v6.61

 Calculated polar for: peg24_75_revT

 1 1 Reynolds number fixed          Mach number fixed         

 xtrf =   1.000 (top)        1.000 (bottom)
 Mach =   0.000     Re =     0.355 e 6     Ncrit =   9.000

  alpha     CL        CD       CDp       Cm    Top Xtr Bot Xtr   Cpmin    Chinge    XCp    
 ------- -------- --------- --------- -------- ------- ------- -------- --------- ---------
   0.000   0.6048   0.00986   0.00456  -0.1410  0.7443  0.6589  -0.8317   0.0000   0.0000   0.0000   0.4818
   0.500   0.6604   0.00968   0.00450  -0.1404  0.7347  0.7351  -0.8807   0.0000   0.0000   0.0000   0.4606
   1.000   0.7141   0.00965   0.00458  -0.1394  0.7247  0.7970  -0.9335   0.0000   0.0000   0.0000   0.4427
   1.500   0.7644   0.00945   0.00453  -0.1377  0.7128  0.8559  -0.9889   0.0000   0.0000   0.0000   0.4269
   2.000   0.8120   0.00922   0.00435  -0.1351  0.7013  0.9404  -1.0469   0.0000   0.0000   0.0000   0.4125
   2.500   0.8732   0.00916   0.00429  -0.1363  0.6869  1.0000  -1.1154   0.0000   0.0000   0.0000   0.4016
   3.000   0.9317   0.00924   0.00426  -0.1367  0.6724  1.0000  -1.1911   0.0000   0.0000   0.0000   0.3917
   3.500   0.9878   0.00932   0.00431  -0.1368  0.6551  1.0000  -1.2690   0.0000   0.0000   0.0000   0.3828
   4.000   1.0430   0.00947   0.00442  -0.1366  0.6346  1.0000  -1.3605   0.0000   0.0000   0.0000   0.3747
   4.500   1.0970   0.00967   0.00456  -0.1362  0.6104  1.0000  -1.4572   0.0000   0.0000   0.0000   0.3673
   5.000   1.1492   0.00998   0.00478  -0.1355  0.5819  1.0000  -1.5691   0.0000   0.0000   0.0000   0.3604
   5.500   1.1985   0.01046   0.00510  -0.1343  0.5466  1.0000  -1.6882   0.0000   0.0000   0.0000   0.3539
   6.000   1.2464   0.01104   0.00558  -0.1330  0.5093  1.0000  -1.8217   0.0000   0.0000   0.0000   0.3478
   6.500   1.2897   0.01186   0.00620  -0.1310  0.4666  1.0000  -1.9658   0.0000   0.0000   0.0000   0.3420
   7.000   1.3323   0.01271   0.00694  -0.1289  0.4260  1.0000  -2.1239   0.0000   0.0000   0.0000   0.3365
   7.500   1.3695   0.01380   0.00784  -0.1260  0.3853  1.0000  -2.2968   0.0000   0.0000   0.0000   0.3310
   8.000   1.4050   0.01488   0.00881  -0.1230  0.3464  1.0000  -2.4896   0.0000   0.0000   0.0000   0.3258
   8.500   1.4323   0.01622   0.01001  -0.1187  0.3110  1.0000  -2.7015   0.0000   0.0000   0.0000   0.3204
   9.000   1.4600   0.01764   0.01135  -0.1148  0.2787  1.0000  -2.9646   0.0000   0.0000   0.0000   0.3154
   9.500   1.4852   0.01930   0.01294  -0.1110  0.2475  1.0000  -3.2337   0.0000   0.0000   0.0000   0.3107
  10.000   1.5068   0.02132   0.01488  -0.1071  0.2173  1.0000  -3.4989   0.0000   0.0000   0.0000   0.3062


