xflr5 v6.61

 Calculated polar for: peg24_10_revT

 1 1 Reynolds number fixed          Mach number fixed         

 xtrf =   1.000 (top)        1.000 (bottom)
 Mach =   0.000     Re =     0.420 e 6     Ncrit =   9.000

  alpha     CL        CD       CDp       Cm    Top Xtr Bot Xtr   Cpmin    Chinge    XCp    
 ------- -------- --------- --------- -------- ------- ------- -------- --------- ---------
   0.000   0.2990   0.00723   0.00253  -0.0642  0.7346  0.8227  -0.6056   0.0000   0.0000   0.0000   0.4636
   0.500   0.3513   0.00721   0.00255  -0.0629  0.7167  0.8552  -0.6546   0.0000   0.0000   0.0000   0.4273
   1.000   0.4021   0.00722   0.00255  -0.0612  0.6970  0.8876  -0.7071   0.0000   0.0000   0.0000   0.3999
   1.500   0.4515   0.00724   0.00253  -0.0592  0.6754  0.9221  -0.7624   0.0000   0.0000   0.0000   0.3783
   2.000   0.5068   0.00724   0.00251  -0.0585  0.6513  0.9568  -0.8273   0.0000   0.0000   0.0000   0.3622
   2.500   0.5796   0.00734   0.00252  -0.0620  0.6232  0.9864  -0.9109   0.0000   0.0000   0.0000   0.3533
   3.000   0.6442   0.00749   0.00260  -0.0642  0.5915  1.0000  -1.0002   0.0000   0.0000   0.0000   0.3455
   3.500   0.6953   0.00777   0.00275  -0.0635  0.5581  1.0000  -1.0990   0.0000   0.0000   0.0000   0.3368
   4.000   0.7470   0.00816   0.00297  -0.0629  0.5214  1.0000  -1.2098   0.0000   0.0000   0.0000   0.3291
   4.500   0.7993   0.00856   0.00326  -0.0623  0.4829  1.0000  -1.3673   0.0000   0.0000   0.0000   0.3225
   5.000   0.8502   0.00909   0.00362  -0.0616  0.4413  1.0000  -1.6387   0.0000   0.0000   0.0000   0.3164
   5.500   0.9017   0.00960   0.00405  -0.0610  0.4009  1.0000  -1.9822   0.0000   0.0000   0.0000   0.3111
   6.000   0.9515   0.01026   0.00455  -0.0602  0.3542  1.0000  -2.3384   0.0000   0.0000   0.0000   0.3062
   6.500   1.0003   0.01102   0.00513  -0.0593  0.3060  1.0000  -2.7079   0.0000   0.0000   0.0000   0.3016
   7.000   1.0469   0.01198   0.00585  -0.0582  0.2480  1.0000  -3.0851   0.0000   0.0000   0.0000   0.2974
   7.500   1.0917   0.01311   0.00670  -0.0569  0.1930  1.0000  -3.4685   0.0000   0.0000   0.0000   0.2933
   8.000   1.1346   0.01439   0.00771  -0.0554  0.1371  1.0000  -3.8559   0.0000   0.0000   0.0000   0.2894
   8.500   1.1750   0.01584   0.00892  -0.0537  0.0931  1.0000  -4.2618   0.0000   0.0000   0.0000   0.2856
   9.000   1.2145   0.01727   0.01021  -0.0518  0.0650  1.0000  -4.6718   0.0000   0.0000   0.0000   0.2819
   9.500   1.2516   0.01877   0.01163  -0.0496  0.0450  1.0000  -5.0723   0.0000   0.0000   0.0000   0.2782
  10.000   1.2802   0.02070   0.01350  -0.0463  0.0282  1.0000  -5.4061   0.0000   0.0000   0.0000   0.2740


