xflr5 v6.61

 Calculated polar for: peg24_20_revT

 1 1 Reynolds number fixed          Mach number fixed         

 xtrf =   1.000 (top)        1.000 (bottom)
 Mach =   0.000     Re =     0.300 e 6     Ncrit =   9.000

  alpha     CL        CD       CDp       Cm    Top Xtr Bot Xtr   Cpmin    Chinge    XCp    
 ------- -------- --------- --------- -------- ------- ------- -------- --------- ---------
   0.000   0.3382   0.00876   0.00376  -0.0746  0.7608  0.8501  -0.6328   0.0000   0.0000   0.0000   0.4695
   0.500   0.3862   0.00870   0.00375  -0.0721  0.7448  0.8889  -0.6799   0.0000   0.0000   0.0000   0.4348
   1.000   0.4353   0.00863   0.00360  -0.0697  0.7282  0.9292  -0.7312   0.0000   0.0000   0.0000   0.4077
   1.500   0.4992   0.00850   0.00348  -0.0707  0.7087  0.9703  -0.7945   0.0000   0.0000   0.0000   0.3889
   2.000   0.5806   0.00845   0.00336  -0.0761  0.6870  1.0000  -0.8769   0.0000   0.0000   0.0000   0.3778
   2.500   0.6304   0.00856   0.00337  -0.0752  0.6639  1.0000  -0.9429   0.0000   0.0000   0.0000   0.3656
   3.000   0.6838   0.00872   0.00342  -0.0749  0.6379  1.0000  -1.0222   0.0000   0.0000   0.0000   0.3553
   3.500   0.7373   0.00893   0.00352  -0.0744  0.6081  1.0000  -1.1121   0.0000   0.0000   0.0000   0.3462
   4.000   0.7901   0.00923   0.00370  -0.0738  0.5754  1.0000  -1.2233   0.0000   0.0000   0.0000   0.3382
   4.500   0.8421   0.00961   0.00397  -0.0731  0.5390  1.0000  -1.3502   0.0000   0.0000   0.0000   0.3311
   5.000   0.8930   0.01010   0.00433  -0.0722  0.4993  1.0000  -1.5193   0.0000   0.0000   0.0000   0.3247
   5.500   0.9431   0.01065   0.00477  -0.0713  0.4573  1.0000  -1.8032   0.0000   0.0000   0.0000   0.3189
   6.500   1.0396   0.01207   0.00591  -0.0691  0.3695  1.0000  -2.4859   0.0000   0.0000   0.0000   0.3086
   7.000   1.0862   0.01291   0.00664  -0.0678  0.3235  1.0000  -2.8450   0.0000   0.0000   0.0000   0.3040
   7.500   1.1309   0.01388   0.00747  -0.0664  0.2770  1.0000  -3.2113   0.0000   0.0000   0.0000   0.2996
   8.000   1.1726   0.01506   0.00845  -0.0646  0.2256  1.0000  -3.5793   0.0000   0.0000   0.0000   0.2954
   8.500   1.2101   0.01654   0.00966  -0.0624  0.1712  1.0000  -3.9405   0.0000   0.0000   0.0000   0.2912
   9.000   1.2447   0.01818   0.01106  -0.0599  0.1217  1.0000  -4.2972   0.0000   0.0000   0.0000   0.2871
   9.500   1.2748   0.01997   0.01268  -0.0568  0.0871  1.0000  -4.6490   0.0000   0.0000   0.0000   0.2828
  10.000   1.2995   0.02193   0.01457  -0.0531  0.0649  1.0000  -4.9852   0.0000   0.0000   0.0000   0.2784


