xflr5 v6.61

 Calculated polar for: peg24_10_revT

 1 1 Reynolds number fixed          Mach number fixed         

 xtrf =   1.000 (top)        1.000 (bottom)
 Mach =   0.000     Re =     0.245 e 6     Ncrit =   9.000

  alpha     CL        CD       CDp       Cm    Top Xtr Bot Xtr   Cpmin    Chinge    XCp    
 ------- -------- --------- --------- -------- ------- ------- -------- --------- ---------
   0.000   0.2802   0.00957   0.00443  -0.0600  0.7785  0.8923  -0.5929   0.0000   0.0000   0.0000   0.4632
   0.500   0.3292   0.00945   0.00428  -0.0575  0.7601  0.9307  -0.6397   0.0000   0.0000   0.0000   0.4229
   1.000   0.3964   0.00938   0.00414  -0.0590  0.7408  0.9651  -0.7015   0.0000   0.0000   0.0000   0.3967
   1.500   0.4807   0.00930   0.00394  -0.0646  0.7198  0.9899  -0.7791   0.0000   0.0000   0.0000   0.3818
   2.000   0.5485   0.00925   0.00379  -0.0675  0.6964  1.0000  -0.8536   0.0000   0.0000   0.0000   0.3699
   2.500   0.5938   0.00934   0.00377  -0.0657  0.6715  1.0000  -0.9183   0.0000   0.0000   0.0000   0.3571
   3.000   0.6432   0.00948   0.00383  -0.0646  0.6438  1.0000  -0.9955   0.0000   0.0000   0.0000   0.3463
   3.500   0.6946   0.00969   0.00395  -0.0637  0.6125  1.0000  -1.0937   0.0000   0.0000   0.0000   0.3372
   4.000   0.7464   0.00997   0.00412  -0.0628  0.5786  1.0000  -1.2046   0.0000   0.0000   0.0000   0.3292
   4.500   0.7975   0.01036   0.00438  -0.0619  0.5422  1.0000  -1.3581   0.0000   0.0000   0.0000   0.3222
   5.000   0.8479   0.01082   0.00474  -0.0609  0.5018  1.0000  -1.6012   0.0000   0.0000   0.0000   0.3159
   5.500   0.8975   0.01137   0.00519  -0.0598  0.4597  1.0000  -1.9334   0.0000   0.0000   0.0000   0.3102
   6.000   0.9458   0.01206   0.00573  -0.0586  0.4170  1.0000  -2.2787   0.0000   0.0000   0.0000   0.3050
   6.500   0.9932   0.01278   0.00635  -0.0574  0.3692  1.0000  -2.6366   0.0000   0.0000   0.0000   0.3002
   7.000   1.0393   0.01363   0.00711  -0.0561  0.3211  1.0000  -3.0050   0.0000   0.0000   0.0000   0.2958
   7.500   1.0835   0.01465   0.00798  -0.0545  0.2706  1.0000  -3.3787   0.0000   0.0000   0.0000   0.2916
   8.000   1.1240   0.01594   0.00904  -0.0527  0.2132  1.0000  -3.7493   0.0000   0.0000   0.0000   0.2875
   8.500   1.1600   0.01761   0.01040  -0.0504  0.1502  1.0000  -4.1087   0.0000   0.0000   0.0000   0.2834
   9.000   1.1934   0.01947   0.01202  -0.0479  0.1009  1.0000  -4.4618   0.0000   0.0000   0.0000   0.2794
   9.500   1.2226   0.02150   0.01392  -0.0448  0.0715  1.0000  -4.8083   0.0000   0.0000   0.0000   0.2752
  10.000   1.2430   0.02383   0.01620  -0.0407  0.0525  1.0000  -5.1051   0.0000   0.0000   0.0000   0.2706


