xflr5 v6.61

 Calculated polar for: peg24_35_revT

 1 1 Reynolds number fixed          Mach number fixed         

 xtrf =   1.000 (top)        1.000 (bottom)
 Mach =   0.000     Re =     0.215 e 6     Ncrit =   9.000

  alpha     CL        CD       CDp       Cm    Top Xtr Bot Xtr   Cpmin    Chinge    XCp    
 ------- -------- --------- --------- -------- ------- ------- -------- --------- ---------
   0.000   0.3934   0.01134   0.00597  -0.0902  0.7844  0.8726  -0.6720   0.0000   0.0000   0.0000   0.4783
   0.500   0.4367   0.01123   0.00591  -0.0866  0.7692  0.9273  -0.7155   0.0000   0.0000   0.0000   0.4466
   1.000   0.5137   0.01091   0.00547  -0.0899  0.7563  0.9805  -0.7833   0.0000   0.0000   0.0000   0.4227
   1.500   0.5764   0.01087   0.00537  -0.0918  0.7385  1.0000  -0.8451   0.0000   0.0000   0.0000   0.4065
   2.000   0.6326   0.01089   0.00525  -0.0919  0.7218  1.0000  -0.9084   0.0000   0.0000   0.0000   0.3920
   2.500   0.6897   0.01086   0.00508  -0.0919  0.7031  1.0000  -0.9797   0.0000   0.0000   0.0000   0.3795
   3.000   0.7443   0.01091   0.00511  -0.0916  0.6812  1.0000  -1.0544   0.0000   0.0000   0.0000   0.3687
   3.500   0.7990   0.01100   0.00515  -0.0912  0.6576  1.0000  -1.1410   0.0000   0.0000   0.0000   0.3593
   4.000   0.8532   0.01111   0.00519  -0.0906  0.6306  1.0000  -1.2413   0.0000   0.0000   0.0000   0.3508
   4.500   0.9065   0.01132   0.00530  -0.0899  0.6004  1.0000  -1.3581   0.0000   0.0000   0.0000   0.3432
   5.000   0.9580   0.01166   0.00557  -0.0889  0.5652  1.0000  -1.4912   0.0000   0.0000   0.0000   0.3363
   5.500   1.0080   0.01212   0.00593  -0.0878  0.5264  1.0000  -1.6569   0.0000   0.0000   0.0000   0.3300
   6.000   1.0562   0.01273   0.00642  -0.0864  0.4841  1.0000  -1.8702   0.0000   0.0000   0.0000   0.3242
   6.500   1.1023   0.01352   0.00703  -0.0848  0.4416  1.0000  -2.1886   0.0000   0.0000   0.0000   0.3187
   7.000   1.1473   0.01433   0.00780  -0.0831  0.3977  1.0000  -2.5173   0.0000   0.0000   0.0000   0.3136
   7.500   1.1894   0.01532   0.00867  -0.0811  0.3530  1.0000  -2.8506   0.0000   0.0000   0.0000   0.3087
   8.000   1.2283   0.01649   0.00969  -0.0788  0.3088  1.0000  -3.1847   0.0000   0.0000   0.0000   0.3039
   8.500   1.2640   0.01779   0.01088  -0.0761  0.2642  1.0000  -3.5178   0.0000   0.0000   0.0000   0.2993
   9.000   1.2962   0.01926   0.01224  -0.0730  0.2203  1.0000  -3.8457   0.0000   0.0000   0.0000   0.2947
   9.500   1.3206   0.02100   0.01387  -0.0689  0.1787  1.0000  -4.1493   0.0000   0.0000   0.0000   0.2898
  10.000   1.3394   0.02322   0.01596  -0.0646  0.1405  1.0000  -4.4320   0.0000   0.0000   0.0000   0.2852


