xflr5 v6.61

 Calculated polar for: peg24_50_revT

 1 1 Reynolds number fixed          Mach number fixed         

 xtrf =   1.000 (top)        1.000 (bottom)
 Mach =   0.000     Re =     0.325 e 6     Ncrit =   9.000

  alpha     CL        CD       CDp       Cm    Top Xtr Bot Xtr   Cpmin    Chinge    XCp    
 ------- -------- --------- --------- -------- ------- ------- -------- --------- ---------
   0.000   0.4852   0.00934   0.00422  -0.1115  0.7529  0.7726  -0.7397   0.0000   0.0000   0.0000   0.4786
   0.500   0.5372   0.00924   0.00422  -0.1101  0.7405  0.8240  -0.7878   0.0000   0.0000   0.0000   0.4532
   1.000   0.5875   0.00915   0.00412  -0.1081  0.7281  0.8740  -0.8397   0.0000   0.0000   0.0000   0.4316
   1.500   0.6338   0.00892   0.00403  -0.1053  0.7139  0.9331  -0.8931   0.0000   0.0000   0.0000   0.4132
   2.000   0.7017   0.00881   0.00383  -0.1076  0.6988  1.0000  -0.9626   0.0000   0.0000   0.0000   0.3998
   2.500   0.7595   0.00886   0.00381  -0.1081  0.6812  1.0000  -1.0329   0.0000   0.0000   0.0000   0.3882
   3.000   0.8162   0.00897   0.00386  -0.1083  0.6618  1.0000  -1.1072   0.0000   0.0000   0.0000   0.3780
   3.500   0.8720   0.00911   0.00393  -0.1082  0.6400  1.0000  -1.1935   0.0000   0.0000   0.0000   0.3689
   4.000   0.9265   0.00930   0.00404  -0.1079  0.6136  1.0000  -1.2853   0.0000   0.0000   0.0000   0.3607
   4.500   0.9798   0.00958   0.00424  -0.1074  0.5835  1.0000  -1.3959   0.0000   0.0000   0.0000   0.3533
   5.000   1.0310   0.01001   0.00451  -0.1065  0.5477  1.0000  -1.5161   0.0000   0.0000   0.0000   0.3464
   5.500   1.0812   0.01051   0.00492  -0.1056  0.5100  1.0000  -1.6569   0.0000   0.0000   0.0000   0.3401
   6.500   1.1754   0.01194   0.00605  -0.1028  0.4254  1.0000  -2.0126   0.0000   0.0000   0.0000   0.3287
   7.000   1.2194   0.01284   0.00680  -0.1011  0.3836  1.0000  -2.2988   0.0000   0.0000   0.0000   0.3235
   7.500   1.2613   0.01382   0.00764  -0.0991  0.3409  1.0000  -2.6155   0.0000   0.0000   0.0000   0.3185
   8.000   1.3015   0.01487   0.00857  -0.0969  0.3008  1.0000  -2.9394   0.0000   0.0000   0.0000   0.3137
   9.000   1.3688   0.01742   0.01087  -0.0907  0.2241  1.0000  -3.5747   0.0000   0.0000   0.0000   0.3041
   9.500   1.3943   0.01908   0.01238  -0.0868  0.1888  1.0000  -3.8746   0.0000   0.0000   0.0000   0.2993
  10.000   1.4191   0.02088   0.01412  -0.0831  0.1552  1.0000  -4.1791   0.0000   0.0000   0.0000   0.2948


