xflr5 v6.61

 Calculated polar for: peg24_75_revT

 1 1 Reynolds number fixed          Mach number fixed         

 xtrf =   1.000 (top)        1.000 (bottom)
 Mach =   0.000     Re =     0.210 e 6     Ncrit =   9.000

  alpha     CL        CD       CDp       Cm    Top Xtr Bot Xtr   Cpmin    Chinge    XCp    
 ------- -------- --------- --------- -------- ------- ------- -------- --------- ---------
   0.000   0.5794   0.01452   0.00884  -0.1396  0.7747  0.7428  -0.8090   0.0000   0.0000   0.0000   0.4900
   0.500   0.6276   0.01431   0.00876  -0.1371  0.7639  0.8168  -0.8534   0.0000   0.0000   0.0000   0.4667
   1.000   0.6741   0.01384   0.00833  -0.1334  0.7557  0.8954  -0.9018   0.0000   0.0000   0.0000   0.4455
   1.500   0.7299   0.01375   0.00830  -0.1335  0.7419  1.0000  -0.9580   0.0000   0.0000   0.0000   0.4298
   2.000   0.7952   0.01344   0.00781  -0.1349  0.7316  1.0000  -1.0277   0.0000   0.0000   0.0000   0.4159
   2.500   0.8512   0.01357   0.00789  -0.1350  0.7173  1.0000  -1.0915   0.0000   0.0000   0.0000   0.4043
   3.000   0.9132   0.01325   0.00744  -0.1356  0.7046  1.0000  -1.1694   0.0000   0.0000   0.0000   0.3935
   3.500   0.9676   0.01330   0.00750  -0.1352  0.6876  1.0000  -1.2453   0.0000   0.0000   0.0000   0.3842
   4.000   1.0263   0.01315   0.00727  -0.1352  0.6719  1.0000  -1.3379   0.0000   0.0000   0.0000   0.3756
   4.500   1.0816   0.01307   0.00716  -0.1348  0.6520  1.0000  -1.4348   0.0000   0.0000   0.0000   0.3678
   5.000   1.1344   0.01310   0.00719  -0.1339  0.6279  1.0000  -1.5452   0.0000   0.0000   0.0000   0.3606
   5.500   1.1866   0.01324   0.00728  -0.1329  0.6007  1.0000  -1.6659   0.0000   0.0000   0.0000   0.3539
   6.000   1.2358   0.01355   0.00752  -0.1315  0.5673  1.0000  -1.7978   0.0000   0.0000   0.0000   0.3476
   6.500   1.2817   0.01408   0.00797  -0.1297  0.5296  1.0000  -1.9450   0.0000   0.0000   0.0000   0.3417
   7.000   1.3243   0.01486   0.00857  -0.1274  0.4889  1.0000  -2.1014   0.0000   0.0000   0.0000   0.3360
   7.500   1.3625   0.01582   0.00941  -0.1245  0.4467  1.0000  -2.2724   0.0000   0.0000   0.0000   0.3304
   8.000   1.3966   0.01699   0.01043  -0.1211  0.4063  1.0000  -2.4590   0.0000   0.0000   0.0000   0.3250
   8.500   1.4242   0.01831   0.01166  -0.1168  0.3674  1.0000  -2.6535   0.0000   0.0000   0.0000   0.3196
   9.000   1.4463   0.01989   0.01311  -0.1119  0.3319  1.0000  -2.8962   0.0000   0.0000   0.0000   0.3142
   9.500   1.4674   0.02164   0.01482  -0.1073  0.2982  1.0000  -3.1415   0.0000   0.0000   0.0000   0.3091
  10.000   1.4847   0.02378   0.01692  -0.1028  0.2664  1.0000  -3.3854   0.0000   0.0000   0.0000   0.3044


