xflr5 v6.61

 Calculated polar for: peg24_60_revT

 1 1 Reynolds number fixed          Mach number fixed         

 xtrf =   1.000 (top)        1.000 (bottom)
 Mach =   0.000     Re =     0.335 e 6     Ncrit =   9.000

  alpha     CL        CD       CDp       Cm    Top Xtr Bot Xtr   Cpmin    Chinge    XCp    
 ------- -------- --------- --------- -------- ------- ------- -------- --------- ---------
   0.000   0.5333   0.00956   0.00438  -0.1235  0.7497  0.7353  -0.7765   0.0000   0.0000   0.0000   0.4803
   0.500   0.5868   0.00944   0.00437  -0.1224  0.7385  0.7937  -0.8243   0.0000   0.0000   0.0000   0.4567
   1.000   0.6387   0.00936   0.00432  -0.1209  0.7272  0.8472  -0.8774   0.0000   0.0000   0.0000   0.4367
   1.500   0.6850   0.00915   0.00426  -0.1182  0.7140  0.9054  -0.9306   0.0000   0.0000   0.0000   0.4194
   2.000   0.7466   0.00896   0.00402  -0.1188  0.7005  1.0000  -0.9963   0.0000   0.0000   0.0000   0.4055
   2.500   0.8045   0.00899   0.00401  -0.1194  0.6842  1.0000  -1.0644   0.0000   0.0000   0.0000   0.3941
   3.000   0.8619   0.00909   0.00404  -0.1196  0.6671  1.0000  -1.1405   0.0000   0.0000   0.0000   0.3840
   3.500   0.9184   0.00922   0.00405  -0.1197  0.6478  1.0000  -1.2232   0.0000   0.0000   0.0000   0.3749
   4.000   0.9730   0.00938   0.00415  -0.1194  0.6237  1.0000  -1.3148   0.0000   0.0000   0.0000   0.3667
   4.500   1.0264   0.00964   0.00434  -0.1189  0.5962  1.0000  -1.4193   0.0000   0.0000   0.0000   0.3593
   5.000   1.0782   0.00998   0.00462  -0.1181  0.5626  1.0000  -1.5361   0.0000   0.0000   0.0000   0.3524
   5.500   1.1280   0.01049   0.00499  -0.1170  0.5256  1.0000  -1.6645   0.0000   0.0000   0.0000   0.3460
   6.000   1.1756   0.01114   0.00550  -0.1157  0.4846  1.0000  -1.8131   0.0000   0.0000   0.0000   0.3400
   6.500   1.2205   0.01194   0.00612  -0.1140  0.4425  1.0000  -1.9775   0.0000   0.0000   0.0000   0.3343
   7.000   1.2646   0.01278   0.00686  -0.1122  0.4011  1.0000  -2.1726   0.0000   0.0000   0.0000   0.3290
   7.500   1.3044   0.01384   0.00772  -0.1098  0.3597  1.0000  -2.4256   0.0000   0.0000   0.0000   0.3238
   8.000   1.3433   0.01488   0.00866  -0.1074  0.3202  1.0000  -2.7317   0.0000   0.0000   0.0000   0.3188
   8.500   1.3758   0.01614   0.00979  -0.1040  0.2831  1.0000  -3.0279   0.0000   0.0000   0.0000   0.3137
   9.000   1.4061   0.01744   0.01101  -0.1004  0.2478  1.0000  -3.3264   0.0000   0.0000   0.0000   0.3088
   9.500   1.4304   0.01914   0.01257  -0.0964  0.2142  1.0000  -3.6113   0.0000   0.0000   0.0000   0.3040
  10.000   1.4550   0.02096   0.01434  -0.0928  0.1833  1.0000  -3.9035   0.0000   0.0000   0.0000   0.2995


