xflr5 v6.61

 Calculated polar for: peg24_15_revT

 1 1 Reynolds number fixed          Mach number fixed         

 xtrf =   1.000 (top)        1.000 (bottom)
 Mach =   0.000     Re =     0.395 e 6     Ncrit =   9.000

  alpha     CL        CD       CDp       Cm    Top Xtr Bot Xtr   Cpmin    Chinge    XCp    
 ------- -------- --------- --------- -------- ------- ------- -------- --------- ---------
   0.000   0.3218   0.00751   0.00277  -0.0700  0.7398  0.8227  -0.6215   0.0000   0.0000   0.0000   0.4665
   0.500   0.3736   0.00750   0.00277  -0.0686  0.7232  0.8571  -0.6705   0.0000   0.0000   0.0000   0.4317
   1.000   0.4239   0.00748   0.00274  -0.0667  0.7044  0.8918  -0.7228   0.0000   0.0000   0.0000   0.4050
   1.500   0.4732   0.00744   0.00272  -0.0647  0.6838  0.9283  -0.7775   0.0000   0.0000   0.0000   0.3838
   2.000   0.5331   0.00743   0.00269  -0.0650  0.6614  0.9660  -0.8452   0.0000   0.0000   0.0000   0.3686
   2.500   0.6110   0.00749   0.00267  -0.0696  0.6345  0.9974  -0.9323   0.0000   0.0000   0.0000   0.3603
   3.000   0.6636   0.00769   0.00274  -0.0693  0.6052  1.0000  -1.0117   0.0000   0.0000   0.0000   0.3503
   3.500   0.7161   0.00798   0.00287  -0.0688  0.5730  1.0000  -1.1057   0.0000   0.0000   0.0000   0.3415
   4.000   0.7691   0.00831   0.00310  -0.0684  0.5376  1.0000  -1.2177   0.0000   0.0000   0.0000   0.3338
   4.500   0.8210   0.00874   0.00339  -0.0678  0.4995  1.0000  -1.3571   0.0000   0.0000   0.0000   0.3269
   5.000   0.8724   0.00923   0.00375  -0.0671  0.4578  1.0000  -1.5674   0.0000   0.0000   0.0000   0.3208
   5.500   0.9229   0.00982   0.00419  -0.0663  0.4176  1.0000  -1.8998   0.0000   0.0000   0.0000   0.3152
   6.000   0.9728   0.01045   0.00470  -0.0655  0.3723  1.0000  -2.2486   0.0000   0.0000   0.0000   0.3102
   6.500   1.0217   0.01118   0.00528  -0.0646  0.3264  1.0000  -2.6105   0.0000   0.0000   0.0000   0.3055
   7.000   1.0689   0.01206   0.00598  -0.0635  0.2767  1.0000  -2.9822   0.0000   0.0000   0.0000   0.3011
   7.500   1.1133   0.01316   0.00682  -0.0621  0.2204  1.0000  -3.3577   0.0000   0.0000   0.0000   0.2969
   8.000   1.1559   0.01440   0.00780  -0.0606  0.1668  1.0000  -3.7383   0.0000   0.0000   0.0000   0.2929
   8.500   1.1958   0.01584   0.00898  -0.0588  0.1166  1.0000  -4.1208   0.0000   0.0000   0.0000   0.2889
   9.000   1.2337   0.01734   0.01030  -0.0567  0.0818  1.0000  -4.5185   0.0000   0.0000   0.0000   0.2850
   9.500   1.2694   0.01888   0.01175  -0.0543  0.0588  1.0000  -4.9116   0.0000   0.0000   0.0000   0.2812
  10.000   1.2979   0.02066   0.01347  -0.0509  0.0416  1.0000  -5.2689   0.0000   0.0000   0.0000   0.2769


