xflr5 v6.61

 Calculated polar for: peg24_35_revT

 1 1 Reynolds number fixed          Mach number fixed         

 xtrf =   1.000 (top)        1.000 (bottom)
 Mach =   0.000     Re =     0.490 e 6     Ncrit =   9.000

  alpha     CL        CD       CDp       Cm    Top Xtr Bot Xtr   Cpmin    Chinge    XCp    
 ------- -------- --------- --------- -------- ------- ------- -------- --------- ---------
   0.000   0.4212   0.00721   0.00249  -0.0946  0.7264  0.7569  -0.6927   0.0000   0.0000   0.0000   0.4733
   0.500   0.4758   0.00714   0.00251  -0.0939  0.7123  0.8000  -0.7440   0.0000   0.0000   0.0000   0.4455
   1.000   0.5291   0.00714   0.00253  -0.0929  0.6973  0.8395  -0.7979   0.0000   0.0000   0.0000   0.4232
   1.500   0.5814   0.00711   0.00253  -0.0917  0.6796  0.8776  -0.8544   0.0000   0.0000   0.0000   0.4047
   2.000   0.6307   0.00705   0.00256  -0.0898  0.6611  0.9216  -0.9134   0.0000   0.0000   0.0000   0.3888
   2.500   0.6940   0.00702   0.00252  -0.0910  0.6396  0.9892  -0.9893   0.0000   0.0000   0.0000   0.3771
   3.000   0.7521   0.00721   0.00260  -0.0916  0.6136  1.0000  -1.0680   0.0000   0.0000   0.0000   0.3674
   3.500   0.8072   0.00747   0.00274  -0.0916  0.5837  1.0000  -1.1552   0.0000   0.0000   0.0000   0.3585
   4.000   0.8608   0.00783   0.00295  -0.0912  0.5496  1.0000  -1.2569   0.0000   0.0000   0.0000   0.3505
   4.500   0.9138   0.00824   0.00323  -0.0908  0.5131  1.0000  -1.3743   0.0000   0.0000   0.0000   0.3434
   5.000   0.9652   0.00877   0.00359  -0.0902  0.4717  1.0000  -1.5110   0.0000   0.0000   0.0000   0.3369
   5.500   1.0162   0.00933   0.00402  -0.0895  0.4312  1.0000  -1.6829   0.0000   0.0000   0.0000   0.3309
   6.500   1.1145   0.01073   0.00511  -0.0877  0.3464  1.0000  -2.2820   0.0000   0.0000   0.0000   0.3204
   7.000   1.1617   0.01155   0.00577  -0.0866  0.3039  1.0000  -2.6276   0.0000   0.0000   0.0000   0.3156
   7.500   1.2068   0.01250   0.00653  -0.0852  0.2599  1.0000  -2.9805   0.0000   0.0000   0.0000   0.3110
   8.000   1.2494   0.01361   0.00742  -0.0835  0.2132  1.0000  -3.3383   0.0000   0.0000   0.0000   0.3066
   8.500   1.2893   0.01485   0.00845  -0.0815  0.1682  1.0000  -3.6985   0.0000   0.0000   0.0000   0.3023
   9.000   1.3258   0.01624   0.00962  -0.0790  0.1272  1.0000  -4.0562   0.0000   0.0000   0.0000   0.2980
   9.500   1.3587   0.01764   0.01089  -0.0760  0.0970  1.0000  -4.4116   0.0000   0.0000   0.0000   0.2936
  10.000   1.3864   0.01927   0.01242  -0.0724  0.0742  1.0000  -4.7642   0.0000   0.0000   0.0000   0.2891


