xflr5 v6.61

 Calculated polar for: peg24_70_revT

 1 1 Reynolds number fixed          Mach number fixed         

 xtrf =   1.000 (top)        1.000 (bottom)
 Mach =   0.000     Re =     0.085 e 6     Ncrit =   9.000

  alpha     CL        CD       CDp       Cm    Top Xtr Bot Xtr   Cpmin    Chinge    XCp    
 ------- -------- --------- --------- -------- ------- ------- -------- --------- ---------
   0.000   0.3312   0.03147   0.02466  -0.1102  0.8401  0.9986  -0.6223   0.0000   0.0000   0.0000   0.5831
   0.500   0.3854   0.03269   0.02546  -0.1133  0.8197  1.0000  -0.6596   0.0000   0.0000   0.0000   0.5432
   1.000   0.4811   0.03327   0.02569  -0.1199  0.8096  1.0000  -0.7323   0.0000   0.0000   0.0000   0.4975
   1.500   0.5225   0.03435   0.02659  -0.1190  0.7875  1.0000  -0.7715   0.0000   0.0000   0.0000   0.4752
   2.500   0.6604   0.03511   0.02709  -0.1225  0.7567  1.0000  -0.9042   0.0000   0.0000   0.0000   0.4316
   4.000   0.8439   0.03494   0.02687  -0.1223  0.7035  1.0000  -1.1279   0.0000   0.0000   0.0000   0.3891
   4.500   0.8890   0.03531   0.02731  -0.1201  0.6802  1.0000  -1.2032   0.0000   0.0000   0.0000   0.3788
   5.500   1.0393   0.03147   0.02364  -0.1201  0.6509  1.0000  -1.4583   0.0000   0.0000   0.0000   0.3579
   6.000   1.0953   0.03057   0.02288  -0.1183  0.6276  1.0000  -1.5846   0.0000   0.0000   0.0000   0.3497
   6.500   1.1597   0.02903   0.02147  -0.1171  0.6039  1.0000  -1.7433   0.0000   0.0000   0.0000   0.3420
   7.000   1.2302   0.02722   0.01970  -0.1167  0.5772  1.0000  -1.9367   0.0000   0.0000   0.0000   0.3352
   7.500   1.3025   0.02568   0.01809  -0.1166  0.5449  1.0000  -2.1662   0.0000   0.0000   0.0000   0.3291
   8.000   1.3414   0.02624   0.01871  -0.1132  0.5040  1.0000  -2.3579   0.0000   0.0000   0.0000   0.3232
   8.500   1.3904   0.02662   0.01894  -0.1110  0.4622  1.0000  -2.6154   0.0000   0.0000   0.0000   0.3179
   9.000   1.4237   0.02782   0.02008  -0.1072  0.4193  1.0000  -2.8911   0.0000   0.0000   0.0000   0.3125
   9.500   1.4531   0.02941   0.02157  -0.1030  0.3779  1.0000  -3.1615   0.0000   0.0000   0.0000   0.3074
  10.000   1.4777   0.03119   0.02322  -0.0984  0.3382  1.0000  -3.4266   0.0000   0.0000   0.0000   0.3022


