xflr5 v6.61

 Calculated polar for: peg24_60_revT

 1 1 Reynolds number fixed          Mach number fixed         

 xtrf =   1.000 (top)        1.000 (bottom)
 Mach =   0.000     Re =     0.055 e 6     Ncrit =   9.000

  alpha     CL        CD       CDp       Cm    Top Xtr Bot Xtr   Cpmin    Chinge    XCp    
 ------- -------- --------- --------- -------- ------- ------- -------- --------- ---------
   0.000   0.1356   0.03503   0.02686  -0.0821  0.9416  1.0000  -0.7597   0.0000   0.0000   0.0000   0.8586
   0.500   0.2231   0.03748   0.02868  -0.0908  0.9198  1.0000  -0.5535   0.0000   0.0000   0.0000   0.6571
   1.000   0.2944   0.03956   0.03037  -0.0960  0.8975  1.0000  -0.5885   0.0000   0.0000   0.0000   0.5748
   1.500   0.3504   0.04147   0.03201  -0.0984  0.8727  1.0000  -0.6315   0.0000   0.0000   0.0000   0.5284
   2.000   0.4073   0.04352   0.03388  -0.1006  0.8472  1.0000  -0.6778   0.0000   0.0000   0.0000   0.4938
   2.500   0.4638   0.04562   0.03584  -0.1025  0.8214  1.0000  -0.7277   0.0000   0.0000   0.0000   0.4671
   3.000   0.5207   0.04764   0.03776  -0.1040  0.7946  1.0000  -0.7812   0.0000   0.0000   0.0000   0.4454
   3.500   0.5759   0.04958   0.03967  -0.1051  0.7675  1.0000  -0.8384   0.0000   0.0000   0.0000   0.4275
   4.000   0.6294   0.05144   0.04154  -0.1057  0.7402  1.0000  -0.8996   0.0000   0.0000   0.0000   0.4124
   4.500   0.6823   0.05314   0.04328  -0.1058  0.7125  1.0000  -0.9664   0.0000   0.0000   0.0000   0.3990
   5.000   0.7344   0.05472   0.04493  -0.1056  0.6849  1.0000  -1.0413   0.0000   0.0000   0.0000   0.3872
   5.500   0.7860   0.05612   0.04645  -0.1050  0.6575  1.0000  -1.1220   0.0000   0.0000   0.0000   0.3764
   6.000   0.8385   0.05720   0.04767  -0.1041  0.6301  1.0000  -1.2181   0.0000   0.0000   0.0000   0.3663
   7.000   0.9466   0.05813   0.04899  -0.1008  0.5763  1.0000  -1.4521   0.0000   0.0000   0.0000   0.3475
   8.000   1.0733   0.05488   0.04626  -0.0953  0.5245  1.0000  -1.8109   0.0000   0.0000   0.0000   0.3284
   8.500   1.1885   0.04708   0.03884  -0.0929  0.4994  1.0000  -2.1776   0.0000   0.0000   0.0000   0.3170
   9.000   1.3114   0.04066   0.03259  -0.0936  0.4597  1.0000  -2.7230   0.0000   0.0000   0.0000   0.3094
   9.500   1.3864   0.03915   0.03091  -0.0924  0.4117  1.0000  -3.1514   0.0000   0.0000   0.0000   0.3039
  10.000   1.4172   0.04069   0.03245  -0.0879  0.3663  1.0000  -3.4353   0.0000   0.0000   0.0000   0.2984


