xflr5 v6.61

 Calculated polar for: peg24_95_revT

 1 1 Reynolds number fixed          Mach number fixed         

 xtrf =   1.000 (top)        1.000 (bottom)
 Mach =   0.000     Re =     0.425 e 6     Ncrit =   9.000

  alpha     CL        CD       CDp       Cm    Top Xtr Bot Xtr   Cpmin    Chinge    XCp    
 ------- -------- --------- --------- -------- ------- ------- -------- --------- ---------
   0.000   0.7018   0.00967   0.00415  -0.1635  0.7326  0.5368  -0.9108   0.0000   0.0000   0.0000   0.4816
   0.500   0.7585   0.00959   0.00428  -0.1636  0.7243  0.6129  -0.9594   0.0000   0.0000   0.0000   0.4635
   1.000   0.8145   0.00943   0.00433  -0.1634  0.7152  0.6897  -1.0109   0.0000   0.0000   0.0000   0.4478
   1.500   0.8704   0.00928   0.00428  -0.1629  0.7055  0.7630  -1.0696   0.0000   0.0000   0.0000   0.4337
   2.000   0.9229   0.00923   0.00439  -0.1619  0.6953  0.8270  -1.1311   0.0000   0.0000   0.0000   0.4213
   2.500   0.9693   0.00893   0.00427  -0.1593  0.6832  0.9128  -1.1907   0.0000   0.0000   0.0000   0.4096
   3.000   1.0273   0.00893   0.00423  -0.1597  0.6707  1.0000  -1.2614   0.0000   0.0000   0.0000   0.4000
   3.500   1.0841   0.00900   0.00427  -0.1599  0.6559  1.0000  -1.3412   0.0000   0.0000   0.0000   0.3914
   4.000   1.1397   0.00917   0.00440  -0.1599  0.6395  1.0000  -1.4239   0.0000   0.0000   0.0000   0.3835
   4.500   1.1938   0.00936   0.00451  -0.1595  0.6185  1.0000  -1.5209   0.0000   0.0000   0.0000   0.3762
   5.000   1.2462   0.00965   0.00473  -0.1589  0.5945  1.0000  -1.6233   0.0000   0.0000   0.0000   0.3694
   5.500   1.2958   0.01006   0.00506  -0.1578  0.5623  1.0000  -1.7365   0.0000   0.0000   0.0000   0.3630
   6.000   1.3426   0.01064   0.00550  -0.1563  0.5267  1.0000  -1.8539   0.0000   0.0000   0.0000   0.3569
   6.500   1.3850   0.01144   0.00613  -0.1541  0.4873  1.0000  -1.9814   0.0000   0.0000   0.0000   0.3510
   7.000   1.4238   0.01237   0.00689  -0.1513  0.4455  1.0000  -2.1219   0.0000   0.0000   0.0000   0.3453
   7.500   1.4583   0.01344   0.00780  -0.1479  0.4071  1.0000  -2.2606   0.0000   0.0000   0.0000   0.3397
   8.000   1.4859   0.01465   0.00889  -0.1434  0.3692  1.0000  -2.4008   0.0000   0.0000   0.0000   0.3340
   9.000   1.5338   0.01782   0.01181  -0.1346  0.3027  1.0000  -2.7078   0.0000   0.0000   0.0000   0.3236
   9.500   1.5574   0.01965   0.01357  -0.1307  0.2741  1.0000  -2.8952   0.0000   0.0000   0.0000   0.3189
  10.000   1.5790   0.02175   0.01562  -0.1269  0.2467  1.0000  -3.1008   0.0000   0.0000   0.0000   0.3145


