xflr5 v6.61

 Calculated polar for: peg24_90_revT

 1 1 Reynolds number fixed          Mach number fixed         

 xtrf =   1.000 (top)        1.000 (bottom)
 Mach =   0.000     Re =     0.180 e 6     Ncrit =   9.000

  alpha     CL        CD       CDp       Cm    Top Xtr Bot Xtr   Cpmin    Chinge    XCp    
 ------- -------- --------- --------- -------- ------- ------- -------- --------- ---------
   0.000   0.6243   0.01866   0.01259  -0.1554  0.7773  0.6835  -0.8428   0.0000   0.0000   0.0000   0.4980
   0.500   0.6709   0.01864   0.01278  -0.1529  0.7657  0.7697  -0.8854   0.0000   0.0000   0.0000   0.4763
   1.000   0.7200   0.01789   0.01217  -0.1495  0.7588  0.8612  -0.9337   0.0000   0.0000   0.0000   0.4553
   1.500   0.7664   0.01790   0.01224  -0.1475  0.7463  1.0000  -0.9831   0.0000   0.0000   0.0000   0.4394
   2.000   0.8313   0.01760   0.01179  -0.1489  0.7361  1.0000  -1.0502   0.0000   0.0000   0.0000   0.4254
   2.500   0.9021   0.01694   0.01093  -0.1506  0.7289  1.0000  -1.1270   0.0000   0.0000   0.0000   0.4125
   3.000   0.9511   0.01723   0.01125  -0.1497  0.7125  1.0000  -1.1887   0.0000   0.0000   0.0000   0.4022
   3.500   1.0199   0.01644   0.01031  -0.1508  0.7031  1.0000  -1.2775   0.0000   0.0000   0.0000   0.3921
   4.000   1.0697   0.01655   0.01048  -0.1497  0.6855  1.0000  -1.3530   0.0000   0.0000   0.0000   0.3835
   4.500   1.1317   0.01609   0.00995  -0.1500  0.6719  1.0000  -1.4553   0.0000   0.0000   0.0000   0.3755
   5.000   1.1869   0.01583   0.00970  -0.1494  0.6533  1.0000  -1.5585   0.0000   0.0000   0.0000   0.3681
   5.500   1.2388   0.01573   0.00963  -0.1482  0.6307  1.0000  -1.6719   0.0000   0.0000   0.0000   0.3612
   6.000   1.2905   0.01570   0.00960  -0.1470  0.6054  1.0000  -1.7949   0.0000   0.0000   0.0000   0.3547
   6.500   1.3407   0.01578   0.00958  -0.1456  0.5745  1.0000  -1.9327   0.0000   0.0000   0.0000   0.3486
   7.000   1.3848   0.01626   0.00999  -0.1433  0.5388  1.0000  -2.0799   0.0000   0.0000   0.0000   0.3428
   7.500   1.4238   0.01702   0.01062  -0.1403  0.4989  1.0000  -2.2282   0.0000   0.0000   0.0000   0.3371
   8.000   1.4574   0.01809   0.01153  -0.1366  0.4585  1.0000  -2.3793   0.0000   0.0000   0.0000   0.3315
   8.500   1.4828   0.01939   0.01272  -0.1318  0.4192  1.0000  -2.5360   0.0000   0.0000   0.0000   0.3259
   9.000   1.5026   0.02102   0.01419  -0.1264  0.3828  1.0000  -2.6982   0.0000   0.0000   0.0000   0.3203
   9.500   1.5195   0.02289   0.01602  -0.1212  0.3482  1.0000  -2.8739   0.0000   0.0000   0.0000   0.3151
  10.000   1.5339   0.02513   0.01820  -0.1162  0.3159  1.0000  -3.0584   0.0000   0.0000   0.0000   0.3102


