xflr5 v6.61

 Calculated polar for: peg24_25_revT

 1 1 Reynolds number fixed          Mach number fixed         

 xtrf =   1.000 (top)        1.000 (bottom)
 Mach =   0.000     Re =     0.455 e 6     Ncrit =   9.000

  alpha     CL        CD       CDp       Cm    Top Xtr Bot Xtr   Cpmin    Chinge    XCp    
 ------- -------- --------- --------- -------- ------- ------- -------- --------- ---------
   0.000   0.3721   0.00724   0.00252  -0.0825  0.7305  0.7890  -0.6570   0.0000   0.0000   0.0000   0.4704
   0.500   0.4260   0.00720   0.00255  -0.0816  0.7152  0.8260  -0.7079   0.0000   0.0000   0.0000   0.4397
   1.000   0.4781   0.00719   0.00256  -0.0803  0.6984  0.8622  -0.7613   0.0000   0.0000   0.0000   0.4155
   1.500   0.5290   0.00716   0.00255  -0.0787  0.6793  0.8990  -0.8165   0.0000   0.0000   0.0000   0.3958
   2.000   0.5789   0.00711   0.00255  -0.0768  0.6588  0.9425  -0.8769   0.0000   0.0000   0.0000   0.3793
   2.500   0.6493   0.00714   0.00253  -0.0797  0.6347  0.9921  -0.9573   0.0000   0.0000   0.0000   0.3689
   3.000   0.7067   0.00733   0.00260  -0.0803  0.6065  1.0000  -1.0392   0.0000   0.0000   0.0000   0.3593
   3.500   0.7609   0.00762   0.00274  -0.0801  0.5752  1.0000  -1.1270   0.0000   0.0000   0.0000   0.3505
   4.000   0.8144   0.00797   0.00296  -0.0797  0.5404  1.0000  -1.2374   0.0000   0.0000   0.0000   0.3426
   4.500   0.8672   0.00838   0.00325  -0.0793  0.5031  1.0000  -1.3577   0.0000   0.0000   0.0000   0.3356
   5.000   0.9186   0.00890   0.00361  -0.0786  0.4612  1.0000  -1.5173   0.0000   0.0000   0.0000   0.3293
   5.500   0.9695   0.00948   0.00404  -0.0779  0.4205  1.0000  -1.7642   0.0000   0.0000   0.0000   0.3235
   6.000   1.0197   0.01011   0.00455  -0.0772  0.3784  1.0000  -2.1005   0.0000   0.0000   0.0000   0.3183
   6.500   1.0683   0.01087   0.00513  -0.0762  0.3333  1.0000  -2.4483   0.0000   0.0000   0.0000   0.3133
   7.000   1.1153   0.01174   0.00582  -0.0751  0.2874  1.0000  -2.8068   0.0000   0.0000   0.0000   0.3087
   7.500   1.1605   0.01274   0.00660  -0.0738  0.2371  1.0000  -3.1739   0.0000   0.0000   0.0000   0.3043
   8.000   1.2038   0.01387   0.00750  -0.0723  0.1882  1.0000  -3.5467   0.0000   0.0000   0.0000   0.3001
   8.500   1.2440   0.01518   0.00859  -0.0704  0.1400  1.0000  -3.9195   0.0000   0.0000   0.0000   0.2960
   9.000   1.2816   0.01661   0.00981  -0.0682  0.1016  1.0000  -4.2967   0.0000   0.0000   0.0000   0.2919
   9.500   1.3160   0.01813   0.01118  -0.0655  0.0745  1.0000  -4.6802   0.0000   0.0000   0.0000   0.2878
  10.000   1.3467   0.01961   0.01264  -0.0623  0.0564  1.0000  -5.0545   0.0000   0.0000   0.0000   0.2836


