xflr5 v6.61

 Calculated polar for: peg24_25_revT

 1 1 Reynolds number fixed          Mach number fixed         

 xtrf =   1.000 (top)        1.000 (bottom)
 Mach =   0.000     Re =     0.295 e 6     Ncrit =   9.000

  alpha     CL        CD       CDp       Cm    Top Xtr Bot Xtr   Cpmin    Chinge    XCp    
 ------- -------- --------- --------- -------- ------- ------- -------- --------- ---------
   0.000   0.3614   0.00897   0.00396  -0.0806  0.7617  0.8439  -0.6490   0.0000   0.0000   0.0000   0.4718
   0.500   0.4098   0.00892   0.00393  -0.0781  0.7466  0.8848  -0.6967   0.0000   0.0000   0.0000   0.4389
   1.000   0.4581   0.00879   0.00377  -0.0755  0.7307  0.9282  -0.7474   0.0000   0.0000   0.0000   0.4126
   1.500   0.5235   0.00867   0.00364  -0.0770  0.7123  0.9725  -0.8112   0.0000   0.0000   0.0000   0.3942
   2.000   0.5971   0.00864   0.00352  -0.0808  0.6922  1.0000  -0.8877   0.0000   0.0000   0.0000   0.3820
   2.500   0.6505   0.00874   0.00350  -0.0805  0.6706  1.0000  -0.9557   0.0000   0.0000   0.0000   0.3700
   3.000   0.7051   0.00889   0.00355  -0.0803  0.6461  1.0000  -1.0352   0.0000   0.0000   0.0000   0.3597
   3.500   0.7590   0.00907   0.00365  -0.0799  0.6176  1.0000  -1.1224   0.0000   0.0000   0.0000   0.3506
   4.000   0.8123   0.00933   0.00383  -0.0794  0.5856  1.0000  -1.2318   0.0000   0.0000   0.0000   0.3425
   4.500   0.8643   0.00971   0.00407  -0.0787  0.5496  1.0000  -1.3507   0.0000   0.0000   0.0000   0.3353
   5.000   0.9156   0.01017   0.00442  -0.0779  0.5119  1.0000  -1.5075   0.0000   0.0000   0.0000   0.3288
   5.500   0.9650   0.01077   0.00485  -0.0768  0.4689  1.0000  -1.7281   0.0000   0.0000   0.0000   0.3228
   6.000   1.0144   0.01137   0.00539  -0.0758  0.4277  1.0000  -2.0577   0.0000   0.0000   0.0000   0.3173
   6.500   1.0617   0.01214   0.00601  -0.0746  0.3836  1.0000  -2.3968   0.0000   0.0000   0.0000   0.3123
   7.000   1.1070   0.01304   0.00675  -0.0731  0.3376  1.0000  -2.7446   0.0000   0.0000   0.0000   0.3074
   7.500   1.1517   0.01399   0.00757  -0.0716  0.2918  1.0000  -3.1038   0.0000   0.0000   0.0000   0.3030
   8.000   1.1938   0.01509   0.00853  -0.0699  0.2452  1.0000  -3.4664   0.0000   0.0000   0.0000   0.2986
   8.500   1.2318   0.01646   0.00970  -0.0677  0.1951  1.0000  -3.8241   0.0000   0.0000   0.0000   0.2944
   9.000   1.2654   0.01808   0.01107  -0.0650  0.1448  1.0000  -4.1730   0.0000   0.0000   0.0000   0.2901
   9.500   1.2937   0.01987   0.01265  -0.0616  0.1050  1.0000  -4.5050   0.0000   0.0000   0.0000   0.2856
  10.000   1.3177   0.02185   0.01454  -0.0578  0.0785  1.0000  -4.8345   0.0000   0.0000   0.0000   0.2812


