xflr5 v6.61

 Calculated polar for: peg24_50_revT

 1 1 Reynolds number fixed          Mach number fixed         

 xtrf =   1.000 (top)        1.000 (bottom)
 Mach =   0.000     Re =     0.105 e 6     Ncrit =   9.000

  alpha     CL        CD       CDp       Cm    Top Xtr Bot Xtr   Cpmin    Chinge    XCp    
 ------- -------- --------- --------- -------- ------- ------- -------- --------- ---------
   0.000   0.3539   0.02329   0.01675  -0.1008  0.8244  1.0000  -0.6349   0.0000   0.0000   0.0000   0.5345
   0.500   0.4384   0.02312   0.01628  -0.1058  0.8141  1.0000  -0.6992   0.0000   0.0000   0.0000   0.4901
   1.000   0.4904   0.02378   0.01677  -0.1060  0.7946  1.0000  -0.7467   0.0000   0.0000   0.0000   0.4642
   1.500   0.5692   0.02320   0.01603  -0.1085  0.7848  1.0000  -0.8196   0.0000   0.0000   0.0000   0.4381
   2.000   0.6185   0.02376   0.01652  -0.1077  0.7641  1.0000  -0.8720   0.0000   0.0000   0.0000   0.4210
   2.500   0.6906   0.02304   0.01571  -0.1086  0.7530  1.0000  -0.9505   0.0000   0.0000   0.0000   0.4035
   3.000   0.7457   0.02293   0.01560  -0.1078  0.7331  1.0000  -1.0217   0.0000   0.0000   0.0000   0.3902
   3.500   0.8004   0.02283   0.01552  -0.1067  0.7126  1.0000  -1.0982   0.0000   0.0000   0.0000   0.3785
   4.000   0.8661   0.02195   0.01463  -0.1065  0.6968  1.0000  -1.1985   0.0000   0.0000   0.0000   0.3675
   4.500   0.9295   0.02108   0.01376  -0.1060  0.6773  1.0000  -1.3111   0.0000   0.0000   0.0000   0.3580
   5.000   0.9856   0.02064   0.01337  -0.1047  0.6528  1.0000  -1.4311   0.0000   0.0000   0.0000   0.3497
   5.500   1.0437   0.02007   0.01282  -0.1037  0.6261  1.0000  -1.5713   0.0000   0.0000   0.0000   0.3421
   6.000   1.0996   0.01974   0.01248  -0.1024  0.5954  1.0000  -1.7354   0.0000   0.0000   0.0000   0.3353
   6.500   1.1480   0.01986   0.01264  -0.1003  0.5573  1.0000  -1.9169   0.0000   0.0000   0.0000   0.3289
   7.000   1.2007   0.02004   0.01266  -0.0988  0.5183  1.0000  -2.1493   0.0000   0.0000   0.0000   0.3231
   7.500   1.2423   0.02078   0.01339  -0.0961  0.4736  1.0000  -2.4439   0.0000   0.0000   0.0000   0.3175
   8.000   1.2825   0.02180   0.01431  -0.0933  0.4293  1.0000  -2.7508   0.0000   0.0000   0.0000   0.3122
   8.500   1.3194   0.02305   0.01541  -0.0902  0.3852  1.0000  -3.0624   0.0000   0.0000   0.0000   0.3071
   9.000   1.3483   0.02454   0.01684  -0.0862  0.3410  1.0000  -3.3537   0.0000   0.0000   0.0000   0.3019
   9.500   1.3715   0.02632   0.01858  -0.0816  0.2985  1.0000  -3.6296   0.0000   0.0000   0.0000   0.2967
  10.000   1.3876   0.02844   0.02050  -0.0763  0.2594  1.0000  -3.8849   0.0000   0.0000   0.0000   0.2914


