xflr5 v6.61

 Calculated polar for: peg24_55_revT

 1 1 Reynolds number fixed          Mach number fixed         

 xtrf =   1.000 (top)        1.000 (bottom)
 Mach =   0.000     Re =     0.245 e 6     Ncrit =   9.000

  alpha     CL        CD       CDp       Cm    Top Xtr Bot Xtr   Cpmin    Chinge    XCp    
 ------- -------- --------- --------- -------- ------- ------- -------- --------- ---------
   0.000   0.4971   0.01148   0.00614  -0.1164  0.7699  0.7981  -0.7478   0.0000   0.0000   0.0000   0.4831
   0.500   0.5463   0.01123   0.00593  -0.1138  0.7589  0.8559  -0.7939   0.0000   0.0000   0.0000   0.4566
   1.000   0.5893   0.01109   0.00589  -0.1102  0.7464  0.9213  -0.8408   0.0000   0.0000   0.0000   0.4347
   1.500   0.6585   0.01076   0.00548  -0.1125  0.7333  1.0000  -0.9082   0.0000   0.0000   0.0000   0.4178
   2.000   0.7172   0.01084   0.00546  -0.1133  0.7187  1.0000  -0.9707   0.0000   0.0000   0.0000   0.4044
   2.500   0.7770   0.01076   0.00523  -0.1138  0.7035  1.0000  -1.0418   0.0000   0.0000   0.0000   0.3923
   3.000   0.8326   0.01081   0.00528  -0.1137  0.6851  1.0000  -1.1157   0.0000   0.0000   0.0000   0.3819
   3.500   0.8888   0.01087   0.00528  -0.1135  0.6659  1.0000  -1.1993   0.0000   0.0000   0.0000   0.3725
   4.000   0.9442   0.01094   0.00528  -0.1132  0.6440  1.0000  -1.2909   0.0000   0.0000   0.0000   0.3641
   4.500   0.9979   0.01108   0.00537  -0.1126  0.6174  1.0000  -1.3981   0.0000   0.0000   0.0000   0.3565
   5.000   1.0501   0.01134   0.00557  -0.1118  0.5865  1.0000  -1.5171   0.0000   0.0000   0.0000   0.3495
   5.500   1.1003   0.01174   0.00584  -0.1107  0.5503  1.0000  -1.6508   0.0000   0.0000   0.0000   0.3430
   6.000   1.1486   0.01230   0.00631  -0.1093  0.5117  1.0000  -1.8041   0.0000   0.0000   0.0000   0.3369
   6.500   1.1938   0.01306   0.00688  -0.1075  0.4687  1.0000  -1.9800   0.0000   0.0000   0.0000   0.3312
   7.000   1.2375   0.01390   0.00764  -0.1056  0.4267  1.0000  -2.1829   0.0000   0.0000   0.0000   0.3258
   7.500   1.2776   0.01494   0.00851  -0.1032  0.3848  1.0000  -2.4829   0.0000   0.0000   0.0000   0.3206
   8.000   1.3151   0.01605   0.00951  -0.1006  0.3430  1.0000  -2.7886   0.0000   0.0000   0.0000   0.3155
   8.500   1.3489   0.01731   0.01068  -0.0974  0.3041  1.0000  -3.0922   0.0000   0.0000   0.0000   0.3106
   9.000   1.3761   0.01873   0.01199  -0.0934  0.2665  1.0000  -3.3825   0.0000   0.0000   0.0000   0.3054
   9.500   1.3999   0.02042   0.01359  -0.0892  0.2314  1.0000  -3.6672   0.0000   0.0000   0.0000   0.3005
  10.000   1.4213   0.02240   0.01551  -0.0852  0.1972  1.0000  -3.9486   0.0000   0.0000   0.0000   0.2960


