xflr5 v6.61

 Calculated polar for: peg24_15_revT

 1 1 Reynolds number fixed          Mach number fixed         

 xtrf =   1.000 (top)        1.000 (bottom)
 Mach =   0.000     Re =     0.295 e 6     Ncrit =   9.000

  alpha     CL        CD       CDp       Cm    Top Xtr Bot Xtr   Cpmin    Chinge    XCp    
 ------- -------- --------- --------- -------- ------- ------- -------- --------- ---------
   0.000   0.3128   0.00870   0.00374  -0.0681  0.7622  0.8592  -0.6153   0.0000   0.0000   0.0000   0.4667
   0.500   0.3612   0.00867   0.00370  -0.0657  0.7455  0.8976  -0.6622   0.0000   0.0000   0.0000   0.4301
   1.000   0.4116   0.00860   0.00355  -0.0635  0.7281  0.9351  -0.7144   0.0000   0.0000   0.0000   0.4020
   1.500   0.4779   0.00849   0.00343  -0.0651  0.7074  0.9721  -0.7796   0.0000   0.0000   0.0000   0.3835
   2.000   0.5622   0.00846   0.00332  -0.0711  0.6844  0.9980  -0.8643   0.0000   0.0000   0.0000   0.3732
   2.500   0.6116   0.00855   0.00332  -0.0702  0.6599  1.0000  -0.9309   0.0000   0.0000   0.0000   0.3611
   3.000   0.6631   0.00871   0.00337  -0.0695  0.6326  1.0000  -1.0094   0.0000   0.0000   0.0000   0.3507
   3.500   0.7157   0.00895   0.00348  -0.0689  0.6020  1.0000  -1.1031   0.0000   0.0000   0.0000   0.3416
   4.000   0.7681   0.00927   0.00368  -0.0682  0.5687  1.0000  -1.2144   0.0000   0.0000   0.0000   0.3338
   4.500   0.8199   0.00964   0.00396  -0.0675  0.5311  1.0000  -1.3528   0.0000   0.0000   0.0000   0.3268
   5.000   0.8705   0.01015   0.00432  -0.0666  0.4913  1.0000  -1.5466   0.0000   0.0000   0.0000   0.3204
   5.500   0.9206   0.01070   0.00476  -0.0657  0.4489  1.0000  -1.8752   0.0000   0.0000   0.0000   0.3147
   6.000   0.9699   0.01133   0.00530  -0.0647  0.4070  1.0000  -2.2186   0.0000   0.0000   0.0000   0.3095
   6.500   1.0172   0.01211   0.00591  -0.0635  0.3602  1.0000  -2.5722   0.0000   0.0000   0.0000   0.3047
   7.000   1.0633   0.01300   0.00665  -0.0622  0.3129  1.0000  -2.9361   0.0000   0.0000   0.0000   0.3002
   7.500   1.1079   0.01400   0.00749  -0.0608  0.2633  1.0000  -3.3083   0.0000   0.0000   0.0000   0.2959
   8.000   1.1502   0.01518   0.00848  -0.0591  0.2084  1.0000  -3.6836   0.0000   0.0000   0.0000   0.2918
   8.500   1.1875   0.01675   0.00975  -0.0570  0.1502  1.0000  -4.0480   0.0000   0.0000   0.0000   0.2877
   9.000   1.2224   0.01844   0.01121  -0.0546  0.1035  1.0000  -4.4118   0.0000   0.0000   0.0000   0.2837
   9.500   1.2534   0.02028   0.01291  -0.0516  0.0738  1.0000  -4.7749   0.0000   0.0000   0.0000   0.2796
  10.000   1.2793   0.02219   0.01479  -0.0480  0.0546  1.0000  -5.1126   0.0000   0.0000   0.0000   0.2752


