xflr5 v6.61

 Calculated polar for: peg24_0_revT

 1 1 Reynolds number fixed          Mach number fixed         

 xtrf =   1.000 (top)        1.000 (bottom)
 Mach =   0.000     Re =     0.150 e 6     Ncrit =   9.000

  alpha     CL        CD       CDp       Cm    Top Xtr Bot Xtr   Cpmin    Chinge    XCp    
 ------- -------- --------- --------- -------- ------- ------- -------- --------- ---------
   0.000   0.3008   0.01311   0.00721  -0.0614  0.8291  0.9577  -0.5952   0.0000   0.0000   0.0000   0.4533
   0.500   0.4034   0.01287   0.00684  -0.0703  0.8091  0.9794  -0.6748   0.0000   0.0000   0.0000   0.4228
   1.000   0.4972   0.01247   0.00633  -0.0779  0.7849  0.9993  -0.7601   0.0000   0.0000   0.0000   0.4047
   1.500   0.5328   0.01232   0.00608  -0.0744  0.7589  1.0000  -0.8095   0.0000   0.0000   0.0000   0.3872
   2.000   0.5663   0.01221   0.00586  -0.0703  0.7321  1.0000  -0.8644   0.0000   0.0000   0.0000   0.3712
   2.500   0.6009   0.01221   0.00577  -0.0662  0.7055  1.0000  -0.9277   0.0000   0.0000   0.0000   0.3567
   3.000   0.6350   0.01232   0.00582  -0.0620  0.6762  1.0000  -1.0037   0.0000   0.0000   0.0000   0.3438
   3.500   0.6736   0.01245   0.00587  -0.0584  0.6441  1.0000  -1.0957   0.0000   0.0000   0.0000   0.3325
   4.000   0.7172   0.01266   0.00593  -0.0556  0.6124  1.0000  -1.2219   0.0000   0.0000   0.0000   0.3229
   4.500   0.7608   0.01297   0.00623  -0.0530  0.5758  1.0000  -1.3894   0.0000   0.0000   0.0000   0.3145
   5.000   0.8070   0.01339   0.00646  -0.0508  0.5390  1.0000  -1.6200   0.0000   0.0000   0.0000   0.3073
   5.500   0.8506   0.01384   0.00685  -0.0483  0.4957  1.0000  -1.9181   0.0000   0.0000   0.0000   0.3006
   6.000   0.8944   0.01444   0.00744  -0.0460  0.4539  1.0000  -2.2687   0.0000   0.0000   0.0000   0.2947
   6.500   0.9362   0.01510   0.00801  -0.0434  0.4081  1.0000  -2.6297   0.0000   0.0000   0.0000   0.2891
   7.000   0.9756   0.01588   0.00869  -0.0405  0.3596  1.0000  -2.9970   0.0000   0.0000   0.0000   0.2837
   7.500   1.0122   0.01681   0.00956  -0.0373  0.3096  1.0000  -3.3660   0.0000   0.0000   0.0000   0.2785
   8.000   1.0438   0.01800   0.01057  -0.0336  0.2557  1.0000  -3.7233   0.0000   0.0000   0.0000   0.2731
   8.500   1.0705   0.01950   0.01192  -0.0293  0.1967  1.0000  -4.0608   0.0000   0.0000   0.0000   0.2677
   9.000   1.0861   0.02159   0.01365  -0.0237  0.1411  1.0000  -4.3472   0.0000   0.0000   0.0000   0.2615
   9.500   1.0986   0.02361   0.01555  -0.0176  0.1038  1.0000  -4.6151   0.0000   0.0000   0.0000   0.2551
  10.000   1.1091   0.02585   0.01769  -0.0121  0.0787  1.0000  -4.8733   0.0000   0.0000   0.0000   0.2493


