xflr5 v6.61

 Calculated polar for: peg24_60_revT

 1 1 Reynolds number fixed          Mach number fixed         

 xtrf =   1.000 (top)        1.000 (bottom)
 Mach =   0.000     Re =     0.420 e 6     Ncrit =   9.000

  alpha     CL        CD       CDp       Cm    Top Xtr Bot Xtr   Cpmin    Chinge    XCp    
 ------- -------- --------- --------- -------- ------- ------- -------- --------- ---------
   0.000   0.5383   0.00837   0.00336  -0.1238  0.7359  0.6988  -0.7809   0.0000   0.0000   0.0000   0.4787
   0.500   0.5933   0.00836   0.00343  -0.1232  0.7253  0.7617  -0.8297   0.0000   0.0000   0.0000   0.4557
   1.000   0.6467   0.00824   0.00343  -0.1223  0.7129  0.8130  -0.8837   0.0000   0.0000   0.0000   0.4365
   1.500   0.6988   0.00819   0.00342  -0.1209  0.7003  0.8621  -0.9411   0.0000   0.0000   0.0000   0.4199
   2.000   0.7461   0.00800   0.00337  -0.1185  0.6855  0.9239  -0.9974   0.0000   0.0000   0.0000   0.4051
   2.500   0.8082   0.00796   0.00329  -0.1196  0.6699  1.0000  -1.0688   0.0000   0.0000   0.0000   0.3937
   3.000   0.8656   0.00809   0.00331  -0.1200  0.6514  1.0000  -1.1450   0.0000   0.0000   0.0000   0.3838
   3.500   0.9216   0.00824   0.00342  -0.1200  0.6296  1.0000  -1.2278   0.0000   0.0000   0.0000   0.3748
   4.000   0.9763   0.00848   0.00357  -0.1198  0.6036  1.0000  -1.3193   0.0000   0.0000   0.0000   0.3667
   4.500   1.0294   0.00881   0.00378  -0.1193  0.5738  1.0000  -1.4243   0.0000   0.0000   0.0000   0.3593
   5.000   1.0810   0.00924   0.00410  -0.1186  0.5378  1.0000  -1.5414   0.0000   0.0000   0.0000   0.3525
   5.500   1.1307   0.00980   0.00452  -0.1176  0.4994  1.0000  -1.6705   0.0000   0.0000   0.0000   0.3462
   6.000   1.1784   0.01048   0.00504  -0.1163  0.4571  1.0000  -1.8200   0.0000   0.0000   0.0000   0.3403
   6.500   1.2238   0.01130   0.00567  -0.1148  0.4152  1.0000  -1.9866   0.0000   0.0000   0.0000   0.3347
   7.000   1.2688   0.01212   0.00638  -0.1132  0.3747  1.0000  -2.1850   0.0000   0.0000   0.0000   0.3295
   7.500   1.3099   0.01313   0.00721  -0.1111  0.3338  1.0000  -2.4547   0.0000   0.0000   0.0000   0.3243
   8.000   1.3503   0.01414   0.00810  -0.1089  0.2958  1.0000  -2.7677   0.0000   0.0000   0.0000   0.3195
   8.500   1.3844   0.01536   0.00916  -0.1058  0.2587  1.0000  -3.0717   0.0000   0.0000   0.0000   0.3145
   9.000   1.4165   0.01658   0.01030  -0.1024  0.2250  1.0000  -3.3789   0.0000   0.0000   0.0000   0.3097
   9.500   1.4431   0.01816   0.01174  -0.0986  0.1925  1.0000  -3.6750   0.0000   0.0000   0.0000   0.3049
  10.000   1.4683   0.01992   0.01341  -0.0949  0.1624  1.0000  -3.9732   0.0000   0.0000   0.0000   0.3004


