xflr5 v6.61

 Calculated polar for: peg24_0_revT

 1 1 Reynolds number fixed          Mach number fixed         

 xtrf =   1.000 (top)        1.000 (bottom)
 Mach =   0.000     Re =     0.180 e 6     Ncrit =   9.000

  alpha     CL        CD       CDp       Cm    Top Xtr Bot Xtr   Cpmin    Chinge    XCp    
 ------- -------- --------- --------- -------- ------- ------- -------- --------- ---------
   0.000   0.2452   0.01147   0.00594  -0.0499  0.8078  0.9421  -0.5655   0.0000   0.0000   0.0000   0.4524
   0.500   0.3430   0.01150   0.00583  -0.0574  0.7890  0.9627  -0.6411   0.0000   0.0000   0.0000   0.4158
   1.000   0.4403   0.01133   0.00554  -0.0655  0.7660  0.9794  -0.7245   0.0000   0.0000   0.0000   0.3966
   1.500   0.5272   0.01112   0.00522  -0.0719  0.7404  0.9968  -0.8088   0.0000   0.0000   0.0000   0.3838
   2.000   0.5722   0.01098   0.00498  -0.0702  0.7129  1.0000  -0.8723   0.0000   0.0000   0.0000   0.3697
   2.500   0.6057   0.01096   0.00488  -0.0661  0.6861  1.0000  -0.9347   0.0000   0.0000   0.0000   0.3557
   3.000   0.6405   0.01104   0.00481  -0.0621  0.6575  1.0000  -1.0134   0.0000   0.0000   0.0000   0.3430
   3.500   0.6765   0.01121   0.00493  -0.0582  0.6251  1.0000  -1.1026   0.0000   0.0000   0.0000   0.3318
   4.000   0.7179   0.01146   0.00507  -0.0553  0.5919  1.0000  -1.2274   0.0000   0.0000   0.0000   0.3222
   4.500   0.7615   0.01181   0.00534  -0.0527  0.5557  1.0000  -1.3966   0.0000   0.0000   0.0000   0.3140
   5.000   0.8062   0.01225   0.00563  -0.0504  0.5171  1.0000  -1.6246   0.0000   0.0000   0.0000   0.3068
   5.500   0.8501   0.01275   0.00604  -0.0480  0.4741  1.0000  -1.9437   0.0000   0.0000   0.0000   0.3003
   6.000   0.8944   0.01335   0.00661  -0.0459  0.4338  1.0000  -2.2988   0.0000   0.0000   0.0000   0.2946
   6.500   0.9360   0.01403   0.00717  -0.0433  0.3865  1.0000  -2.6626   0.0000   0.0000   0.0000   0.2890
   7.000   0.9762   0.01482   0.00786  -0.0407  0.3396  1.0000  -3.0363   0.0000   0.0000   0.0000   0.2838
   7.500   1.0136   0.01575   0.00871  -0.0377  0.2892  1.0000  -3.4125   0.0000   0.0000   0.0000   0.2788
   8.000   1.0473   0.01690   0.00971  -0.0343  0.2367  1.0000  -3.7822   0.0000   0.0000   0.0000   0.2737
   8.500   1.0742   0.01840   0.01094  -0.0302  0.1745  1.0000  -4.1297   0.0000   0.0000   0.0000   0.2684
   9.000   1.0935   0.02031   0.01248  -0.0252  0.1189  1.0000  -4.4462   0.0000   0.0000   0.0000   0.2627
   9.500   1.1104   0.02208   0.01414  -0.0197  0.0863  1.0000  -4.7488   0.0000   0.0000   0.0000   0.2568
  10.000   1.1244   0.02407   0.01616  -0.0143  0.0657  1.0000  -5.0282   0.0000   0.0000   0.0000   0.2511


