xflr5 v6.61

 Calculated polar for: peg24_90_revT

 1 1 Reynolds number fixed          Mach number fixed         

 xtrf =   1.000 (top)        1.000 (bottom)
 Mach =   0.000     Re =     0.065 e 6     Ncrit =   9.000

  alpha     CL        CD       CDp       Cm    Top Xtr Bot Xtr   Cpmin    Chinge    XCp    
 ------- -------- --------- --------- -------- ------- ------- -------- --------- ---------
   0.000   0.2755   0.04370   0.03580  -0.1222  0.8884  0.6887  -0.7466   0.0000   0.0000   0.0000   0.6955
   0.500   0.3095   0.04397   0.03647  -0.1170  0.8721  0.8513  -0.6177   0.0000   0.0000   0.0000   0.6284
   1.000   0.3580   0.04515   0.03731  -0.1192  0.8506  1.0000  -0.6368   0.0000   0.0000   0.0000   0.5820
   1.500   0.4261   0.04722   0.03893  -0.1234  0.8285  1.0000  -0.6864   0.0000   0.0000   0.0000   0.5375
   2.000   0.5242   0.04921   0.04053  -0.1305  0.8106  1.0000  -0.7653   0.0000   0.0000   0.0000   0.4958
   2.500   0.5590   0.05075   0.04191  -0.1290  0.7861  1.0000  -0.7989   0.0000   0.0000   0.0000   0.4770
   3.000   0.6002   0.05267   0.04372  -0.1284  0.7622  1.0000  -0.8408   0.0000   0.0000   0.0000   0.4593
   3.500   0.6470   0.05452   0.04548  -0.1282  0.7383  1.0000  -0.8882   0.0000   0.0000   0.0000   0.4428
   4.000   0.6965   0.05624   0.04715  -0.1281  0.7149  1.0000  -0.9437   0.0000   0.0000   0.0000   0.4279
   4.500   0.7494   0.05774   0.04862  -0.1281  0.6925  1.0000  -1.0084   0.0000   0.0000   0.0000   0.4142
   5.000   0.8382   0.05712   0.04800  -0.1303  0.6763  1.0000  -1.1170   0.0000   0.0000   0.0000   0.3982
   5.500   0.8778   0.05848   0.04942  -0.1285  0.6513  1.0000  -1.1827   0.0000   0.0000   0.0000   0.3883
   6.000   0.9175   0.05986   0.05088  -0.1266  0.6265  1.0000  -1.2533   0.0000   0.0000   0.0000   0.3792
   8.000   1.1654   0.05464   0.04629  -0.1194  0.5458  1.0000  -1.7773   0.0000   0.0000   0.0000   0.3408
   8.500   1.2157   0.05336   0.04523  -0.1162  0.5218  1.0000  -1.9311   0.0000   0.0000   0.0000   0.3331
   9.000   1.2960   0.04886   0.04094  -0.1139  0.4991  1.0000  -2.1605   0.0000   0.0000   0.0000   0.3246
   9.500   1.4596   0.03896   0.03110  -0.1184  0.4686  1.0000  -2.6262   0.0000   0.0000   0.0000   0.3169
  10.000   1.4977   0.03968   0.03183  -0.1147  0.4307  1.0000  -2.8501   0.0000   0.0000   0.0000   0.3115


