xflr5 v6.61

 Calculated polar for: peg24_90_revT

 1 1 Reynolds number fixed          Mach number fixed         

 xtrf =   1.000 (top)        1.000 (bottom)
 Mach =   0.000     Re =     0.295 e 6     Ncrit =   9.000

  alpha     CL        CD       CDp       Cm    Top Xtr Bot Xtr   Cpmin    Chinge    XCp    
 ------- -------- --------- --------- -------- ------- ------- -------- --------- ---------
   0.000   0.6678   0.01204   0.00634  -0.1577  0.7531  0.6145  -0.8808   0.0000   0.0000   0.0000   0.4849
   0.500   0.7211   0.01189   0.00645  -0.1569  0.7432  0.6966  -0.9282   0.0000   0.0000   0.0000   0.4656
   1.000   0.7763   0.01162   0.00630  -0.1560  0.7344  0.7722  -0.9799   0.0000   0.0000   0.0000   0.4483
   1.500   0.8266   0.01151   0.00632  -0.1542  0.7251  0.8429  -1.0347   0.0000   0.0000   0.0000   0.4332
   2.000   0.8729   0.01107   0.00607  -0.1514  0.7134  1.0000  -1.0914   0.0000   0.0000   0.0000   0.4195
   2.500   0.9360   0.01101   0.00582  -0.1527  0.7029  1.0000  -1.1619   0.0000   0.0000   0.0000   0.4085
   3.000   0.9919   0.01105   0.00587  -0.1528  0.6889  1.0000  -1.2310   0.0000   0.0000   0.0000   0.3988
   3.500   1.0517   0.01101   0.00568  -0.1533  0.6757  1.0000  -1.3135   0.0000   0.0000   0.0000   0.3898
   4.000   1.1053   0.01109   0.00582  -0.1529  0.6592  1.0000  -1.3954   0.0000   0.0000   0.0000   0.3817
   4.500   1.1602   0.01117   0.00585  -0.1526  0.6407  1.0000  -1.4924   0.0000   0.0000   0.0000   0.3743
   5.000   1.2136   0.01130   0.00592  -0.1519  0.6184  1.0000  -1.5961   0.0000   0.0000   0.0000   0.3673
   5.500   1.2645   0.01156   0.00614  -0.1510  0.5917  1.0000  -1.7116   0.0000   0.0000   0.0000   0.3608
   6.000   1.3122   0.01198   0.00648  -0.1494  0.5580  1.0000  -1.8324   0.0000   0.0000   0.0000   0.3546
   7.000   1.3969   0.01346   0.00767  -0.1449  0.4810  1.0000  -2.1095   0.0000   0.0000   0.0000   0.3429
   7.500   1.4311   0.01455   0.00856  -0.1414  0.4399  1.0000  -2.2522   0.0000   0.0000   0.0000   0.3372
   8.000   1.4611   0.01570   0.00960  -0.1373  0.4013  1.0000  -2.3982   0.0000   0.0000   0.0000   0.3316
   8.500   1.4834   0.01719   0.01096  -0.1322  0.3644  1.0000  -2.5501   0.0000   0.0000   0.0000   0.3260
   9.000   1.5044   0.01891   0.01257  -0.1274  0.3306  1.0000  -2.7172   0.0000   0.0000   0.0000   0.3208
   9.500   1.5257   0.02080   0.01440  -0.1232  0.2991  1.0000  -2.9077   0.0000   0.0000   0.0000   0.3160
  10.000   1.5451   0.02298   0.01654  -0.1191  0.2699  1.0000  -3.1072   0.0000   0.0000   0.0000   0.3115


