xflr5 v6.61

 Calculated polar for: peg24_95_revT

 1 1 Reynolds number fixed          Mach number fixed         

 xtrf =   1.000 (top)        1.000 (bottom)
 Mach =   0.000     Re =     0.040 e 6     Ncrit =   9.000

  alpha     CL        CD       CDp       Cm    Top Xtr Bot Xtr   Cpmin    Chinge    XCp    
 ------- -------- --------- --------- -------- ------- ------- -------- --------- ---------
   0.000   0.0751   0.04735   0.03806  -0.0920  1.0000  0.5935  -1.0759   0.0000   0.0000   0.0000   1.4857
   0.500   0.1078   0.04808   0.03916  -0.0876  1.0000  0.7255  -0.9499   0.0000   0.0000   0.0000   1.0674
   1.000   0.1037   0.04645   0.03813  -0.0774  1.0000  0.9664  -0.8884   0.0000   0.0000   0.0000   0.9982
   1.500   0.1875   0.05003   0.04056  -0.0919  1.0000  1.0000  -0.7003   0.0000   0.0000   0.0000   0.7386
   2.000   0.2320   0.05320   0.04321  -0.0950  1.0000  1.0000  -0.5744   0.0000   0.0000   0.0000   0.6564
   2.500   0.2709   0.05654   0.04618  -0.0970  1.0000  1.0000  -0.5740   0.0000   0.0000   0.0000   0.6039
   3.000   0.3067   0.06010   0.04948  -0.0986  1.0000  1.0000  -0.5966   0.0000   0.0000   0.0000   0.5664
   3.500   0.3402   0.06391   0.05310  -0.1000  1.0000  1.0000  -0.6204   0.0000   0.0000   0.0000   0.5383
   4.500   0.4522   0.07492   0.06385  -0.1120  0.9561  1.0000  -0.6986   0.0000   0.0000   0.0000   0.4907
   5.000   0.5328   0.08338   0.07221  -0.1216  0.9230  1.0000  -0.7631   0.0000   0.0000   0.0000   0.4707
   5.500   0.5496   0.08592   0.07480  -0.1200  0.8856  1.0000  -0.7789   0.0000   0.0000   0.0000   0.4602
   6.000   0.5920   0.09100   0.07990  -0.1224  0.8493  1.0000  -0.8183   0.0000   0.0000   0.0000   0.4482
   6.500   0.6416   0.09692   0.08587  -0.1257  0.8153  1.0000  -0.8692   0.0000   0.0000   0.0000   0.4368
   7.000   0.7004   0.10441   0.09342  -0.1300  0.7821  1.0000  -0.9357   0.0000   0.0000   0.0000   0.4259
   7.500   0.7274   0.10956   0.09868  -0.1303  0.7546  1.0000  -0.9706   0.0000   0.0000   0.0000   0.4188
   8.000   0.7470   0.11434   0.10358  -0.1297  0.7269  1.0000  -0.9995   0.0000   0.0000   0.0000   0.4129
   8.500   0.8202   0.11072   0.10000  -0.1249  0.6121  1.0000  -1.1338   0.0000   0.0000   0.0000   0.3908
  10.000   0.8870   0.12661   0.11637  -0.1240  0.5340  1.0000  -1.2705   0.0000   0.0000   0.0000   0.3762


