xflr5 v6.61

 Calculated polar for: peg24_60_revT

 1 1 Reynolds number fixed          Mach number fixed         

 xtrf =   1.000 (top)        1.000 (bottom)
 Mach =   0.000     Re =     0.210 e 6     Ncrit =   9.000

  alpha     CL        CD       CDp       Cm    Top Xtr Bot Xtr   Cpmin    Chinge    XCp    
 ------- -------- --------- --------- -------- ------- ------- -------- --------- ---------
   0.000   0.5127   0.01320   0.00765  -0.1217  0.7806  0.8047  -0.7589   0.0000   0.0000   0.0000   0.4863
   0.500   0.5546   0.01305   0.00763  -0.1180  0.7666  0.8705  -0.7995   0.0000   0.0000   0.0000   0.4610
   1.000   0.6072   0.01255   0.00711  -0.1156  0.7570  0.9550  -0.8527   0.0000   0.0000   0.0000   0.4381
   1.500   0.6717   0.01258   0.00709  -0.1179  0.7423  1.0000  -0.9154   0.0000   0.0000   0.0000   0.4225
   2.000   0.7349   0.01238   0.00671  -0.1189  0.7304  1.0000  -0.9822   0.0000   0.0000   0.0000   0.4083
   2.500   0.7906   0.01246   0.00675  -0.1190  0.7139  1.0000  -1.0479   0.0000   0.0000   0.0000   0.3963
   3.000   0.8503   0.01233   0.00650  -0.1192  0.6992  1.0000  -1.1256   0.0000   0.0000   0.0000   0.3855
   3.500   0.9060   0.01228   0.00642  -0.1189  0.6803  1.0000  -1.2060   0.0000   0.0000   0.0000   0.3760
   4.000   0.9608   0.01232   0.00646  -0.1185  0.6597  1.0000  -1.2973   0.0000   0.0000   0.0000   0.3675
   4.500   1.0152   0.01235   0.00645  -0.1179  0.6359  1.0000  -1.4008   0.0000   0.0000   0.0000   0.3597
   5.000   1.0684   0.01247   0.00652  -0.1171  0.6083  1.0000  -1.5178   0.0000   0.0000   0.0000   0.3526
   5.500   1.1200   0.01272   0.00666  -0.1160  0.5759  1.0000  -1.6467   0.0000   0.0000   0.0000   0.3459
   6.000   1.1688   0.01317   0.00703  -0.1147  0.5391  1.0000  -1.7946   0.0000   0.0000   0.0000   0.3398
   6.500   1.2145   0.01383   0.00754  -0.1128  0.4978  1.0000  -1.9583   0.0000   0.0000   0.0000   0.3339
   7.000   1.2577   0.01466   0.00827  -0.1107  0.4555  1.0000  -2.1473   0.0000   0.0000   0.0000   0.3284
   7.500   1.2970   0.01571   0.00912  -0.1081  0.4134  1.0000  -2.3774   0.0000   0.0000   0.0000   0.3230
   8.000   1.3338   0.01680   0.01015  -0.1053  0.3718  1.0000  -2.6679   0.0000   0.0000   0.0000   0.3178
   8.500   1.3654   0.01814   0.01136  -0.1017  0.3325  1.0000  -2.9568   0.0000   0.0000   0.0000   0.3127
   9.000   1.3919   0.01953   0.01270  -0.0975  0.2953  1.0000  -3.2370   0.0000   0.0000   0.0000   0.3075
   9.500   1.4116   0.02138   0.01440  -0.0928  0.2604  1.0000  -3.5005   0.0000   0.0000   0.0000   0.3024
  10.000   1.4326   0.02332   0.01635  -0.0887  0.2266  1.0000  -3.7734   0.0000   0.0000   0.0000   0.2977


