xflr5 v6.61

 Calculated polar for: peg24_95_revT

 1 1 Reynolds number fixed          Mach number fixed         

 xtrf =   1.000 (top)        1.000 (bottom)
 Mach =   0.000     Re =     0.195 e 6     Ncrit =   9.000

  alpha     CL        CD       CDp       Cm    Top Xtr Bot Xtr   Cpmin    Chinge    XCp    
 ------- -------- --------- --------- -------- ------- ------- -------- --------- ---------
   0.000   0.6514   0.01799   0.01194  -0.1610  0.7701  0.6438  -0.8654   0.0000   0.0000   0.0000   0.4963
   0.500   0.7067   0.01757   0.01171  -0.1598  0.7622  0.7319  -0.9142   0.0000   0.0000   0.0000   0.4744
   1.000   0.7613   0.01704   0.01129  -0.1578  0.7561  0.8196  -0.9656   0.0000   0.0000   0.0000   0.4548
   1.500   0.7923   0.01701   0.01153  -0.1525  0.7417  0.9919  -1.0049   0.0000   0.0000   0.0000   0.4393
   2.000   0.8619   0.01655   0.01088  -0.1547  0.7337  1.0000  -1.0755   0.0000   0.0000   0.0000   0.4256
   2.500   0.9228   0.01647   0.01070  -0.1554  0.7232  1.0000  -1.1443   0.0000   0.0000   0.0000   0.4139
   3.000   0.9804   0.01631   0.01048  -0.1555  0.7103  1.0000  -1.2130   0.0000   0.0000   0.0000   0.4034
   3.500   1.0465   0.01578   0.00981  -0.1565  0.7005  1.0000  -1.2987   0.0000   0.0000   0.0000   0.3937
   4.000   1.0983   0.01576   0.00983  -0.1557  0.6840  1.0000  -1.3756   0.0000   0.0000   0.0000   0.3852
   4.500   1.1571   0.01549   0.00953  -0.1556  0.6698  1.0000  -1.4739   0.0000   0.0000   0.0000   0.3773
   5.000   1.2141   0.01519   0.00920  -0.1553  0.6525  1.0000  -1.5783   0.0000   0.0000   0.0000   0.3700
   5.500   1.2651   0.01516   0.00920  -0.1541  0.6303  1.0000  -1.6889   0.0000   0.0000   0.0000   0.3632
   6.000   1.3162   0.01518   0.00922  -0.1529  0.6055  1.0000  -1.8084   0.0000   0.0000   0.0000   0.3568
   6.500   1.3654   0.01532   0.00926  -0.1513  0.5749  1.0000  -1.9421   0.0000   0.0000   0.0000   0.3507
   7.000   1.4092   0.01582   0.00967  -0.1491  0.5401  1.0000  -2.0856   0.0000   0.0000   0.0000   0.3449
   7.500   1.4468   0.01661   0.01035  -0.1459  0.5006  1.0000  -2.2277   0.0000   0.0000   0.0000   0.3392
   8.000   1.4789   0.01770   0.01126  -0.1420  0.4606  1.0000  -2.3738   0.0000   0.0000   0.0000   0.3335
   8.500   1.5019   0.01903   0.01250  -0.1367  0.4219  1.0000  -2.5127   0.0000   0.0000   0.0000   0.3278
   9.500   1.5366   0.02270   0.01593  -0.1260  0.3517  1.0000  -2.8244   0.0000   0.0000   0.0000   0.3171
  10.000   1.5513   0.02497   0.01817  -0.1211  0.3195  1.0000  -3.0014   0.0000   0.0000   0.0000   0.3123


