xflr5 v6.61

 Calculated polar for: peg24_100_revT

 1 1 Reynolds number fixed          Mach number fixed         

 xtrf =   1.000 (top)        1.000 (bottom)
 Mach =   0.000     Re =     0.150 e 6     Ncrit =   9.000

  alpha     CL        CD       CDp       Cm    Top Xtr Bot Xtr   Cpmin    Chinge    XCp    
 ------- -------- --------- --------- -------- ------- ------- -------- --------- ---------
   0.000   0.6084   0.02535   0.01887  -0.1616  0.7756  0.6323  -0.8306   0.0000   0.0000   0.0000   0.5150
   0.500   0.6567   0.02535   0.01912  -0.1595  0.7644  0.7244  -0.8724   0.0000   0.0000   0.0000   0.4914
   1.000   0.7143   0.02425   0.01820  -0.1571  0.7592  0.8331  -0.9262   0.0000   0.0000   0.0000   0.4676
   2.000   0.8159   0.02424   0.01811  -0.1548  0.7354  1.0000  -1.0304   0.0000   0.0000   0.0000   0.4360
   2.500   0.8938   0.02306   0.01676  -0.1571  0.7308  1.0000  -1.1125   0.0000   0.0000   0.0000   0.4212
   3.000   0.9358   0.02387   0.01755  -0.1553  0.7129  1.0000  -1.1657   0.0000   0.0000   0.0000   0.4108
   3.500   1.0110   0.02248   0.01607  -0.1569  0.7064  1.0000  -1.2546   0.0000   0.0000   0.0000   0.3993
   4.000   1.0626   0.02247   0.01607  -0.1558  0.6913  1.0000  -1.3308   0.0000   0.0000   0.0000   0.3901
   4.500   1.1324   0.02121   0.01478  -0.1567  0.6807  1.0000  -1.4316   0.0000   0.0000   0.0000   0.3811
   5.000   1.1868   0.02091   0.01452  -0.1558  0.6646  1.0000  -1.5296   0.0000   0.0000   0.0000   0.3733
   5.500   1.2577   0.01963   0.01318  -0.1570  0.6514  1.0000  -1.6565   0.0000   0.0000   0.0000   0.3661
   6.000   1.3071   0.01937   0.01299  -0.1552  0.6291  1.0000  -1.7719   0.0000   0.0000   0.0000   0.3593
   6.500   1.3587   0.01909   0.01273  -0.1538  0.6049  1.0000  -1.8991   0.0000   0.0000   0.0000   0.3530
   7.000   1.4100   0.01887   0.01246  -0.1522  0.5757  1.0000  -2.0437   0.0000   0.0000   0.0000   0.3470
   7.500   1.4559   0.01911   0.01258  -0.1500  0.5417  1.0000  -2.1982   0.0000   0.0000   0.0000   0.3412
   8.000   1.4898   0.01991   0.01332  -0.1462  0.5029  1.0000  -2.3387   0.0000   0.0000   0.0000   0.3355
   8.500   1.5219   0.02095   0.01415  -0.1421  0.4638  1.0000  -2.4887   0.0000   0.0000   0.0000   0.3300
   9.000   1.5397   0.02248   0.01563  -0.1363  0.4259  1.0000  -2.6236   0.0000   0.0000   0.0000   0.3243
   9.500   1.5566   0.02432   0.01731  -0.1307  0.3902  1.0000  -2.7736   0.0000   0.0000   0.0000   0.3189
  10.000   1.5706   0.02652   0.01940  -0.1254  0.3568  1.0000  -2.9365   0.0000   0.0000   0.0000   0.3139


