xflr5 v6.61

 Calculated polar for: peg24_90_revT

 1 1 Reynolds number fixed          Mach number fixed         

 xtrf =   1.000 (top)        1.000 (bottom)
 Mach =   0.000     Re =     0.120 e 6     Ncrit =   9.000

  alpha     CL        CD       CDp       Cm    Top Xtr Bot Xtr   Cpmin    Chinge    XCp    
 ------- -------- --------- --------- -------- ------- ------- -------- --------- ---------
   0.000   0.5078   0.02932   0.02268  -0.1458  0.7896  0.7076  -0.7504   0.0000   0.0000   0.0000   0.5369
   0.500   0.5739   0.02839   0.02196  -0.1444  0.7846  0.8271  -0.8066   0.0000   0.0000   0.0000   0.5004
   1.500   0.6774   0.02858   0.02198  -0.1427  0.7584  1.0000  -0.9015   0.0000   0.0000   0.0000   0.4578
   4.000   1.0042   0.02592   0.01889  -0.1455  0.7021  1.0000  -1.2782   0.0000   0.0000   0.0000   0.3887
   4.500   1.0447   0.02628   0.01932  -0.1430  0.6807  1.0000  -1.3504   0.0000   0.0000   0.0000   0.3799
   5.500   1.1792   0.02371   0.01681  -0.1433  0.6524  1.0000  -1.5846   0.0000   0.0000   0.0000   0.3632
   6.000   1.2323   0.02312   0.01631  -0.1417  0.6305  1.0000  -1.7040   0.0000   0.0000   0.0000   0.3560
   6.500   1.2908   0.02228   0.01550  -0.1408  0.6072  1.0000  -1.8445   0.0000   0.0000   0.0000   0.3493
   7.000   1.3476   0.02161   0.01484  -0.1397  0.5791  1.0000  -2.0044   0.0000   0.0000   0.0000   0.3431
   7.500   1.4039   0.02123   0.01431  -0.1386  0.5460  1.0000  -2.1771   0.0000   0.0000   0.0000   0.3374
   8.000   1.4402   0.02194   0.01500  -0.1351  0.5069  1.0000  -2.3300   0.0000   0.0000   0.0000   0.3317
   8.500   1.4802   0.02272   0.01558  -0.1320  0.4666  1.0000  -2.5121   0.0000   0.0000   0.0000   0.3263
   9.000   1.5031   0.02414   0.01696  -0.1269  0.4272  1.0000  -2.6782   0.0000   0.0000   0.0000   0.3207
   9.500   1.5248   0.02575   0.01839  -0.1217  0.3903  1.0000  -2.8640   0.0000   0.0000   0.0000   0.3153
  10.000   1.5413   0.02775   0.02031  -0.1164  0.3555  1.0000  -3.0538   0.0000   0.0000   0.0000   0.3101


