xflr5 v6.61

 Calculated polar for: peg24_05_revT

 1 1 Reynolds number fixed          Mach number fixed         

 xtrf =   1.000 (top)        1.000 (bottom)
 Mach =   0.000     Re =     0.335 e 6     Ncrit =   9.000

  alpha     CL        CD       CDp       Cm    Top Xtr Bot Xtr   Cpmin    Chinge    XCp    
 ------- -------- --------- --------- -------- ------- ------- -------- --------- ---------
   0.000   0.2655   0.00796   0.00312  -0.0560  0.7522  0.8557  -0.5830   0.0000   0.0000   0.0000   0.4597
   0.500   0.3150   0.00792   0.00308  -0.0538  0.7330  0.8889  -0.6302   0.0000   0.0000   0.0000   0.4190
   1.000   0.3648   0.00791   0.00306  -0.0518  0.7126  0.9228  -0.6815   0.0000   0.0000   0.0000   0.3896
   1.500   0.4257   0.00794   0.00304  -0.0522  0.6903  0.9527  -0.7439   0.0000   0.0000   0.0000   0.3697
   2.000   0.5018   0.00803   0.00305  -0.0561  0.6650  0.9732  -0.8233   0.0000   0.0000   0.0000   0.3586
   2.500   0.5830   0.00814   0.00306  -0.0614  0.6353  0.9869  -0.9166   0.0000   0.0000   0.0000   0.3517
   3.000   0.6598   0.00829   0.00308  -0.0661  0.6014  1.0000  -1.0226   0.0000   0.0000   0.0000   0.3461
   3.500   0.6926   0.00849   0.00316  -0.0619  0.5701  1.0000  -1.1097   0.0000   0.0000   0.0000   0.3348
   4.000   0.7337   0.00879   0.00336  -0.0591  0.5351  1.0000  -1.2187   0.0000   0.0000   0.0000   0.3256
   4.500   0.7782   0.00922   0.00363  -0.0569  0.4976  1.0000  -1.3780   0.0000   0.0000   0.0000   0.3177
   5.000   0.8245   0.00967   0.00398  -0.0551  0.4571  1.0000  -1.6853   0.0000   0.0000   0.0000   0.3109
   5.500   0.8702   0.01024   0.00441  -0.0533  0.4176  1.0000  -2.0147   0.0000   0.0000   0.0000   0.3048
   6.000   0.9155   0.01084   0.00489  -0.0514  0.3717  1.0000  -2.3591   0.0000   0.0000   0.0000   0.2993
   6.500   0.9600   0.01153   0.00547  -0.0495  0.3265  1.0000  -2.7155   0.0000   0.0000   0.0000   0.2942
   7.000   1.0018   0.01238   0.00613  -0.0473  0.2752  1.0000  -3.0766   0.0000   0.0000   0.0000   0.2892
   7.500   1.0399   0.01347   0.00696  -0.0447  0.2177  1.0000  -3.4350   0.0000   0.0000   0.0000   0.2843
   8.000   1.0762   0.01468   0.00791  -0.0418  0.1605  1.0000  -3.7951   0.0000   0.0000   0.0000   0.2796
   8.500   1.1072   0.01617   0.00910  -0.0383  0.1094  1.0000  -4.1499   0.0000   0.0000   0.0000   0.2747
   9.000   1.1362   0.01764   0.01043  -0.0344  0.0767  1.0000  -4.5080   0.0000   0.0000   0.0000   0.2698
   9.500   1.1597   0.01904   0.01179  -0.0296  0.0561  1.0000  -4.8419   0.0000   0.0000   0.0000   0.2644
  10.000   1.1764   0.02081   0.01352  -0.0240  0.0393  1.0000  -5.1252   0.0000   0.0000   0.0000   0.2586


