xflr5 v6.61

 Calculated polar for: peg24_65_revT

 1 1 Reynolds number fixed          Mach number fixed         

 xtrf =   1.000 (top)        1.000 (bottom)
 Mach =   0.000     Re =     0.275 e 6     Ncrit =   9.000

  alpha     CL        CD       CDp       Cm    Top Xtr Bot Xtr   Cpmin    Chinge    XCp    
 ------- -------- --------- --------- -------- ------- ------- -------- --------- ---------
   0.000   0.5504   0.01103   0.00567  -0.1289  0.7612  0.7456  -0.7888   0.0000   0.0000   0.0000   0.4830
   0.500   0.6017   0.01098   0.00572  -0.1272  0.7508  0.8079  -0.8351   0.0000   0.0000   0.0000   0.4596
   1.000   0.6494   0.01078   0.00564  -0.1247  0.7388  0.8688  -0.8849   0.0000   0.0000   0.0000   0.4396
   2.000   0.7631   0.01040   0.00524  -0.1242  0.7135  1.0000  -1.0070   0.0000   0.0000   0.0000   0.4090
   2.500   0.8234   0.01040   0.00507  -0.1249  0.6999  1.0000  -1.0763   0.0000   0.0000   0.0000   0.3974
   3.000   0.8797   0.01040   0.00506  -0.1249  0.6830  1.0000  -1.1510   0.0000   0.0000   0.0000   0.3872
   3.500   0.9361   0.01048   0.00509  -0.1249  0.6652  1.0000  -1.2306   0.0000   0.0000   0.0000   0.3780
   4.000   0.9919   0.01056   0.00509  -0.1247  0.6452  1.0000  -1.3238   0.0000   0.0000   0.0000   0.3697
   4.500   1.0458   0.01070   0.00517  -0.1242  0.6203  1.0000  -1.4248   0.0000   0.0000   0.0000   0.3621
   5.000   1.0981   0.01096   0.00538  -0.1234  0.5915  1.0000  -1.5389   0.0000   0.0000   0.0000   0.3552
   5.500   1.1481   0.01134   0.00568  -0.1223  0.5562  1.0000  -1.6640   0.0000   0.0000   0.0000   0.3487
   6.500   1.2411   0.01264   0.00669  -0.1191  0.4764  1.0000  -1.9626   0.0000   0.0000   0.0000   0.3368
   7.000   1.2834   0.01354   0.00744  -0.1170  0.4352  1.0000  -2.1398   0.0000   0.0000   0.0000   0.3312
   7.500   1.3227   0.01455   0.00831  -0.1144  0.3932  1.0000  -2.3365   0.0000   0.0000   0.0000   0.3259
   8.000   1.3588   0.01568   0.00932  -0.1115  0.3533  1.0000  -2.6016   0.0000   0.0000   0.0000   0.3207
   8.500   1.3893   0.01695   0.01048  -0.1078  0.3155  1.0000  -2.8826   0.0000   0.0000   0.0000   0.3155
   9.000   1.4154   0.01842   0.01185  -0.1036  0.2809  1.0000  -3.1581   0.0000   0.0000   0.0000   0.3103
   9.500   1.4401   0.02007   0.01343  -0.0996  0.2472  1.0000  -3.4362   0.0000   0.0000   0.0000   0.3055
  10.000   1.4599   0.02215   0.01542  -0.0955  0.2151  1.0000  -3.7033   0.0000   0.0000   0.0000   0.3010


