xflr5 v6.61

 Calculated polar for: peg24_0_revT

 1 1 Reynolds number fixed          Mach number fixed         

 xtrf =   1.000 (top)        1.000 (bottom)
 Mach =   0.000     Re =     0.375 e 6     Ncrit =   9.000

  alpha     CL        CD       CDp       Cm    Top Xtr Bot Xtr   Cpmin    Chinge    XCp    
 ------- -------- --------- --------- -------- ------- ------- -------- --------- ---------
   0.000   0.2453   0.00745   0.00272  -0.0508  0.7422  0.8483  -0.5694   0.0000   0.0000   0.0000   0.4559
   0.500   0.2958   0.00745   0.00272  -0.0489  0.7221  0.8788  -0.6179   0.0000   0.0000   0.0000   0.4136
   1.000   0.3455   0.00748   0.00271  -0.0469  0.7009  0.9102  -0.6676   0.0000   0.0000   0.0000   0.3834
   1.500   0.3975   0.00752   0.00271  -0.0454  0.6764  0.9416  -0.7265   0.0000   0.0000   0.0000   0.3613
   2.000   0.4644   0.00762   0.00275  -0.0473  0.6507  0.9648  -0.7978   0.0000   0.0000   0.0000   0.3487
   2.500   0.5447   0.00778   0.00279  -0.0524  0.6181  0.9771  -0.8917   0.0000   0.0000   0.0000   0.3426
   3.000   0.6205   0.00800   0.00288  -0.0567  0.5844  0.9906  -1.0004   0.0000   0.0000   0.0000   0.3374
   3.500   0.6878   0.00821   0.00297  -0.0596  0.5456  1.0000  -1.1229   0.0000   0.0000   0.0000   0.3323
   4.000   0.7208   0.00850   0.00312  -0.0554  0.5120  1.0000  -1.2445   0.0000   0.0000   0.0000   0.3220
   4.500   0.7615   0.00890   0.00339  -0.0525  0.4720  1.0000  -1.4097   0.0000   0.0000   0.0000   0.3137
   5.000   0.8065   0.00933   0.00371  -0.0505  0.4360  1.0000  -1.6847   0.0000   0.0000   0.0000   0.3069
   5.500   0.8504   0.00992   0.00408  -0.0484  0.3838  1.0000  -2.0315   0.0000   0.0000   0.0000   0.3006
   6.000   0.8925   0.01069   0.00458  -0.0461  0.3216  1.0000  -2.3909   0.0000   0.0000   0.0000   0.2949
   6.500   0.9352   0.01151   0.00514  -0.0441  0.2640  1.0000  -2.7692   0.0000   0.0000   0.0000   0.2898
   7.000   0.9780   0.01234   0.00580  -0.0421  0.2189  1.0000  -3.1644   0.0000   0.0000   0.0000   0.2851
   7.500   1.0164   0.01346   0.00664  -0.0395  0.1624  1.0000  -3.5561   0.0000   0.0000   0.0000   0.2804
   8.000   1.0530   0.01466   0.00758  -0.0368  0.1127  1.0000  -3.9512   0.0000   0.0000   0.0000   0.2758
   8.500   1.0891   0.01581   0.00857  -0.0339  0.0808  1.0000  -4.3514   0.0000   0.0000   0.0000   0.2714
   9.000   1.1218   0.01703   0.00967  -0.0305  0.0559  1.0000  -4.7377   0.0000   0.0000   0.0000   0.2669
   9.500   1.1473   0.01838   0.01091  -0.0260  0.0333  1.0000  -5.0651   0.0000   0.0000   0.0000   0.2617
  10.000   1.1571   0.02039   0.01280  -0.0192  0.0146  1.0000  -5.2491   0.0000   0.0000   0.0000   0.2550


