xflr5 v6.61

 Calculated polar for: peg24_75_revT

 1 1 Reynolds number fixed          Mach number fixed         

 xtrf =   1.000 (top)        1.000 (bottom)
 Mach =   0.000     Re =     0.105 e 6     Ncrit =   9.000

  alpha     CL        CD       CDp       Cm    Top Xtr Bot Xtr   Cpmin    Chinge    XCp    
 ------- -------- --------- --------- -------- ------- ------- -------- --------- ---------
   0.000   0.4296   0.02837   0.02179  -0.1259  0.8131  0.8403  -0.6923   0.0000   0.0000   0.0000   0.5428
   1.000   0.5470   0.02877   0.02188  -0.1272  0.7855  1.0000  -0.7881   0.0000   0.0000   0.0000   0.4805
   2.000   0.6760   0.02910   0.02189  -0.1297  0.7581  1.0000  -0.9111   0.0000   0.0000   0.0000   0.4385
   3.000   0.8017   0.02863   0.02128  -0.1302  0.7305  1.0000  -1.0498   0.0000   0.0000   0.0000   0.4077
   3.500   0.8454   0.02928   0.02194  -0.1284  0.7092  1.0000  -1.1113   0.0000   0.0000   0.0000   0.3966
   4.000   0.9316   0.02707   0.01969  -0.1301  0.7028  1.0000  -1.2209   0.0000   0.0000   0.0000   0.3837
   4.500   0.9779   0.02719   0.01988  -0.1281  0.6810  1.0000  -1.3027   0.0000   0.0000   0.0000   0.3744
   5.000   1.0339   0.02665   0.01941  -0.1268  0.6620  1.0000  -1.4023   0.0000   0.0000   0.0000   0.3655
   5.500   1.1190   0.02417   0.01692  -0.1284  0.6505  1.0000  -1.5555   0.0000   0.0000   0.0000   0.3569
   6.000   1.1754   0.02338   0.01621  -0.1271  0.6263  1.0000  -1.6872   0.0000   0.0000   0.0000   0.3496
   6.500   1.2351   0.02250   0.01537  -0.1261  0.5999  1.0000  -1.8461   0.0000   0.0000   0.0000   0.3429
   7.000   1.2895   0.02208   0.01494  -0.1246  0.5677  1.0000  -2.0143   0.0000   0.0000   0.0000   0.3367
   7.500   1.3346   0.02229   0.01514  -0.1220  0.5294  1.0000  -2.1852   0.0000   0.0000   0.0000   0.3307
   8.000   1.3829   0.02268   0.01534  -0.1200  0.4894  1.0000  -2.3949   0.0000   0.0000   0.0000   0.3253
   8.500   1.4167   0.02374   0.01639  -0.1162  0.4469  1.0000  -2.5964   0.0000   0.0000   0.0000   0.3198
   9.000   1.4491   0.02509   0.01759  -0.1125  0.4062  1.0000  -2.8449   0.0000   0.0000   0.0000   0.3146
   9.500   1.4723   0.02670   0.01911  -0.1076  0.3671  1.0000  -3.0941   0.0000   0.0000   0.0000   0.3092
  10.000   1.4909   0.02863   0.02092  -0.1023  0.3309  1.0000  -3.3339   0.0000   0.0000   0.0000   0.3040


