xflr5 v6.61

 Calculated polar for: peg24_80_revT

 1 1 Reynolds number fixed          Mach number fixed         

 xtrf =   1.000 (top)        1.000 (bottom)
 Mach =   0.000     Re =     0.060 e 6     Ncrit =   9.000

  alpha     CL        CD       CDp       Cm    Top Xtr Bot Xtr   Cpmin    Chinge    XCp    
 ------- -------- --------- --------- -------- ------- ------- -------- --------- ---------
   0.000   0.2110   0.04098   0.03324  -0.1051  0.9142  0.7876  -0.7770   0.0000   0.0000   0.0000   0.7503
   1.000   0.3323   0.04359   0.03518  -0.1116  0.8732  1.0000  -0.6161   0.0000   0.0000   0.0000   0.5849
   1.500   0.3888   0.04567   0.03690  -0.1141  0.8497  1.0000  -0.6575   0.0000   0.0000   0.0000   0.5412
   2.000   0.4482   0.04780   0.03878  -0.1165  0.8262  1.0000  -0.7060   0.0000   0.0000   0.0000   0.5069
   2.500   0.5108   0.04983   0.04060  -0.1189  0.8025  1.0000  -0.7607   0.0000   0.0000   0.0000   0.4789
   3.000   0.5935   0.05155   0.04215  -0.1232  0.7816  1.0000  -0.8358   0.0000   0.0000   0.0000   0.4530
   3.500   0.6442   0.05309   0.04362  -0.1233  0.7568  1.0000  -0.8893   0.0000   0.0000   0.0000   0.4362
   4.000   0.6895   0.05476   0.04526  -0.1226  0.7311  1.0000  -0.9425   0.0000   0.0000   0.0000   0.4221
   4.500   0.7347   0.05646   0.04698  -0.1219  0.7056  1.0000  -0.9998   0.0000   0.0000   0.0000   0.4095
   5.000   0.7811   0.05801   0.04857  -0.1210  0.6799  1.0000  -1.0639   0.0000   0.0000   0.0000   0.3978
   5.500   0.8275   0.05946   0.05008  -0.1199  0.6544  1.0000  -1.1368   0.0000   0.0000   0.0000   0.3872
   6.000   0.8726   0.06087   0.05159  -0.1186  0.6289  1.0000  -1.2128   0.0000   0.0000   0.0000   0.3776
   6.500   0.9183   0.06208   0.05292  -0.1171  0.6035  1.0000  -1.2998   0.0000   0.0000   0.0000   0.3684
   8.000   1.1463   0.05412   0.04559  -0.1121  0.5450  1.0000  -1.8019   0.0000   0.0000   0.0000   0.3365
   8.500   1.1716   0.05579   0.04747  -0.1082  0.5153  1.0000  -1.9114   0.0000   0.0000   0.0000   0.3303
   9.000   1.3447   0.04272   0.03467  -0.1100  0.4947  1.0000  -2.3810   0.0000   0.0000   0.0000   0.3190
   9.500   1.4016   0.04181   0.03390  -0.1075  0.4575  1.0000  -2.6392   0.0000   0.0000   0.0000   0.3130
  10.000   1.4936   0.03954   0.03138  -0.1085  0.4117  1.0000  -3.0683   0.0000   0.0000   0.0000   0.3081


