xflr5 v6.61

 Calculated polar for: peg24_90_revT

 1 1 Reynolds number fixed          Mach number fixed         

 xtrf =   1.000 (top)        1.000 (bottom)
 Mach =   0.000     Re =     0.420 e 6     Ncrit =   9.000

  alpha     CL        CD       CDp       Cm    Top Xtr Bot Xtr   Cpmin    Chinge    XCp    
 ------- -------- --------- --------- -------- ------- ------- -------- --------- ---------
   0.000   0.6786   0.00952   0.00406  -0.1580  0.7337  0.5603  -0.8910   0.0000   0.0000   0.0000   0.4814
   0.500   0.7352   0.00944   0.00419  -0.1580  0.7251  0.6393  -0.9407   0.0000   0.0000   0.0000   0.4628
   1.000   0.7907   0.00929   0.00424  -0.1576  0.7156  0.7145  -0.9921   0.0000   0.0000   0.0000   0.4466
   1.500   0.8458   0.00915   0.00419  -0.1570  0.7056  0.7824  -1.0507   0.0000   0.0000   0.0000   0.4322
   2.000   0.8977   0.00908   0.00428  -0.1558  0.6950  0.8452  -1.1119   0.0000   0.0000   0.0000   0.4195
   2.500   0.9449   0.00873   0.00410  -0.1533  0.6824  0.9655  -1.1717   0.0000   0.0000   0.0000   0.4075
   3.000   1.0039   0.00883   0.00413  -0.1540  0.6692  1.0000  -1.2439   0.0000   0.0000   0.0000   0.3981
   3.500   1.0609   0.00892   0.00415  -0.1542  0.6540  1.0000  -1.3242   0.0000   0.0000   0.0000   0.3894
   4.000   1.1162   0.00908   0.00429  -0.1542  0.6360  1.0000  -1.4092   0.0000   0.0000   0.0000   0.3815
   4.500   1.1703   0.00929   0.00443  -0.1538  0.6141  1.0000  -1.5055   0.0000   0.0000   0.0000   0.3741
   5.000   1.2227   0.00959   0.00466  -0.1532  0.5887  1.0000  -1.6095   0.0000   0.0000   0.0000   0.3673
   5.500   1.2721   0.01003   0.00498  -0.1521  0.5546  1.0000  -1.7241   0.0000   0.0000   0.0000   0.3609
   6.500   1.3621   0.01142   0.00607  -0.1485  0.4780  1.0000  -1.9788   0.0000   0.0000   0.0000   0.3489
   7.000   1.4008   0.01240   0.00685  -0.1457  0.4369  1.0000  -2.1200   0.0000   0.0000   0.0000   0.3432
   7.500   1.4375   0.01340   0.00772  -0.1427  0.3972  1.0000  -2.2681   0.0000   0.0000   0.0000   0.3377
   8.500   1.4928   0.01598   0.01004  -0.1342  0.3254  1.0000  -2.5753   0.0000   0.0000   0.0000   0.3268
   9.000   1.5178   0.01757   0.01153  -0.1300  0.2937  1.0000  -2.7566   0.0000   0.0000   0.0000   0.3217
   9.500   1.5407   0.01942   0.01329  -0.1260  0.2645  1.0000  -2.9563   0.0000   0.0000   0.0000   0.3170
  10.000   1.5620   0.02153   0.01532  -0.1221  0.2368  1.0000  -3.1641   0.0000   0.0000   0.0000   0.3126


