xflr5 v6.59

 Calculated polar for: revR_30_revT

 1 1 Reynolds number fixed          Mach number fixed         

 xtrf =   1.000 (top)        1.000 (bottom)
 Mach =   0.000     Re =     0.170 e 6     Ncrit =   9.000

  alpha     CL        CD       CDp       Cm    Top Xtr Bot Xtr   Cpmin    Chinge    XCp    
 ------- -------- --------- --------- -------- ------- ------- -------- --------- ---------
  -5.000  -0.1640   0.01845   0.01081  -0.0932  0.9243  0.0823  -2.4360   0.0000   0.0000   0.0000  -0.3340
  -4.500  -0.1055   0.01690   0.00924  -0.0940  0.9127  0.1069  -2.1221   0.0000   0.0000   0.0000  -0.6626
  -4.000  -0.0445   0.01566   0.00819  -0.0952  0.9013  0.1665  -1.7927   0.0000   0.0000   0.0000  -1.9347
  -3.000   0.0663   0.01377   0.00718  -0.0954  0.8760  0.3996  -1.2300   0.0000   0.0000   0.0000   1.7102
  -2.500   0.1144   0.01319   0.00722  -0.0937  0.8615  0.5670  -1.0279   0.0000   0.0000   0.0000   1.0787
  -2.000   0.1660   0.01290   0.00723  -0.0913  0.8501  0.7020  -0.8245   0.0000   0.0000   0.0000   0.8050
  -1.500   0.2096   0.01296   0.00741  -0.0875  0.8334  0.7842  -0.6513   0.0000   0.0000   0.0000   0.6702
  -1.000   0.2546   0.01299   0.00742  -0.0836  0.8205  0.8478  -0.5746   0.0000   0.0000   0.0000   0.5796
  -0.500   0.2965   0.01287   0.00727  -0.0790  0.8055  0.9004  -0.6116   0.0000   0.0000   0.0000   0.5164
   0.000   0.3558   0.01275   0.00708  -0.0783  0.7900  0.9516  -0.6591   0.0000   0.0000   0.0000   0.4693
   0.500   0.4521   0.01241   0.00652  -0.0856  0.7772  0.9888  -0.7327   0.0000   0.0000   0.0000   0.4377
   1.000   0.5153   0.01234   0.00636  -0.0879  0.7587  1.0000  -0.7908   0.0000   0.0000   0.0000   0.4183
   1.500   0.5583   0.01241   0.00632  -0.0858  0.7395  1.0000  -0.8410   0.0000   0.0000   0.0000   0.4008
   2.000   0.6096   0.01247   0.00626  -0.0849  0.7207  1.0000  -0.8979   0.0000   0.0000   0.0000   0.3860
   2.500   0.6639   0.01251   0.00618  -0.0844  0.7014  1.0000  -0.9643   0.0000   0.0000   0.0000   0.3733
   3.000   0.7187   0.01256   0.00612  -0.0839  0.6804  1.0000  -1.0374   0.0000   0.0000   0.0000   0.3624
   3.500   0.7725   0.01265   0.00614  -0.0832  0.6569  1.0000  -1.1175   0.0000   0.0000   0.0000   0.3529
   4.000   0.8256   0.01280   0.00626  -0.0825  0.6317  1.0000  -1.2114   0.0000   0.0000   0.0000   0.3446
   4.500   0.8778   0.01301   0.00644  -0.0816  0.6032  1.0000  -1.3195   0.0000   0.0000   0.0000   0.3371
   5.000   0.9296   0.01328   0.00667  -0.0806  0.5726  1.0000  -1.4566   0.0000   0.0000   0.0000   0.3303
   5.500   0.9812   0.01368   0.00693  -0.0796  0.5409  1.0000  -1.6195   0.0000   0.0000   0.0000   0.3242
   6.000   1.0295   0.01417   0.00745  -0.0782  0.5041  1.0000  -1.9016   0.0000   0.0000   0.0000   0.3184
   6.500   1.0773   0.01481   0.00797  -0.0767  0.4670  1.0000  -2.2211   0.0000   0.0000   0.0000   0.3131
   7.000   1.1227   0.01553   0.00867  -0.0750  0.4271  1.0000  -2.5467   0.0000   0.0000   0.0000   0.3081
   7.500   1.1656   0.01638   0.00948  -0.0731  0.3846  1.0000  -2.8774   0.0000   0.0000   0.0000   0.3032
   8.000   1.2063   0.01740   0.01044  -0.0708  0.3432  1.0000  -3.2111   0.0000   0.0000   0.0000   0.2986
   8.500   1.2425   0.01861   0.01156  -0.0681  0.2984  1.0000  -3.5546   0.0000   0.0000   0.0000   0.2940
   9.000   1.2738   0.02006   0.01295  -0.0649  0.2514  1.0000  -3.8877   0.0000   0.0000   0.0000   0.2894
   9.500   1.2977   0.02183   0.01459  -0.0609  0.2038  1.0000  -4.1959   0.0000   0.0000   0.0000   0.2846
  10.000   1.3131   0.02415   0.01674  -0.0561  0.1586  1.0000  -4.4684   0.0000   0.0000   0.0000   0.2797
  10.500   1.3202   0.02730   0.01966  -0.0514  0.1197  1.0000  -4.7012   0.0000   0.0000   0.0000   0.2751
  11.000   1.3321   0.03046   0.02282  -0.0479  0.0910  1.0000  -4.9480   0.0000   0.0000   0.0000   0.2713
  11.500   1.3377   0.03439   0.02676  -0.0445  0.0721  1.0000  -5.1525   0.0000   0.0000   0.0000   0.2678
  12.000   1.3337   0.03948   0.03186  -0.0411  0.0581  1.0000  -5.2876   0.0000   0.0000   0.0000   0.2645
  12.500   1.3424   0.04370   0.03641  -0.0389  0.0495  1.0000  -5.4603   0.0000   0.0000   0.0000   0.2617
  13.000   1.3364   0.04957   0.04235  -0.0364  0.0421  1.0000  -5.5417   0.0000   0.0000   0.0000   0.2591
  13.500   1.3403   0.05489   0.04795  -0.0338  0.0382  1.0000  -5.6248   0.0000   0.0000   0.0000   0.2561
  14.000   1.3443   0.06033   0.05372  -0.0321  0.0356  1.0000  -5.7253   0.0000   0.0000   0.0000   0.2539
  14.500   1.3440   0.06652   0.06024  -0.0310  0.0338  1.0000  -5.8047   0.0000   0.0000   0.0000   0.2522
  15.000   1.3376   0.07374   0.06783  -0.0307  0.0326  1.0000  -5.8521   0.0000   0.0000   0.0000   0.2511


