xflr5 v6.59

 Calculated polar for: revR_100_revT

 1 1 Reynolds number fixed          Mach number fixed         

 xtrf =   1.000 (top)        1.000 (bottom)
 Mach =   0.000     Re =     0.105 e 6     Ncrit =   9.000

  alpha     CL        CD       CDp       Cm    Top Xtr Bot Xtr   Cpmin    Chinge    XCp    
 ------- -------- --------- --------- -------- ------- ------- -------- --------- ---------
  -5.000  -0.0928   0.04496   0.03844  -0.1256  0.8655  0.0876  -2.3025   0.0000   0.0000   0.0000  -1.1465
  -4.500  -0.0310   0.03926   0.03178  -0.1306  0.8560  0.0884  -2.2174   0.0000   0.0000   0.0000  -4.0823
  -4.000   0.0552   0.03482   0.02683  -0.1378  0.8497  0.1015  -2.0010   0.0000   0.0000   0.0000   2.8080
  -3.500   0.1522   0.03210   0.02371  -0.1451  0.8458  0.1262  -1.7740   0.0000   0.0000   0.0000   1.2237
  -2.500   0.2549   0.03090   0.02264  -0.1455  0.8219  0.2249  -1.4079   0.0000   0.0000   0.0000   0.8299
  -1.500   0.3619   0.03095   0.02336  -0.1463  0.7977  0.4287  -0.9973   0.0000   0.0000   0.0000   0.6584
  -1.000   0.4451   0.02994   0.02293  -0.1494  0.7931  0.6033  -0.7576   0.0000   0.0000   0.0000   0.5878
   1.000   0.6207   0.03156   0.02454  -0.1394  0.7412  1.0000  -0.8993   0.0000   0.0000   0.0000   0.4726
   4.000   0.9636   0.03273   0.02505  -0.1393  0.6640  1.0000  -1.2593   0.0000   0.0000   0.0000   0.3880
   5.000   1.0843   0.03168   0.02401  -0.1387  0.6388  1.0000  -1.4186   0.0000   0.0000   0.0000   0.3699
   6.000   1.2182   0.02937   0.02177  -0.1393  0.6127  1.0000  -1.6231   0.0000   0.0000   0.0000   0.3548
   6.500   1.2571   0.02998   0.02249  -0.1366  0.5928  1.0000  -1.7079   0.0000   0.0000   0.0000   0.3484
   7.000   1.3278   0.02882   0.02139  -0.1375  0.5783  1.0000  -1.8485   0.0000   0.0000   0.0000   0.3425
   7.500   1.4057   0.02713   0.01965  -0.1392  0.5602  1.0000  -2.0152   0.0000   0.0000   0.0000   0.3371
   8.000   1.4503   0.02736   0.01997  -0.1370  0.5368  1.0000  -2.1513   0.0000   0.0000   0.0000   0.3318
   8.500   1.4969   0.02756   0.02023  -0.1351  0.5121  1.0000  -2.3092   0.0000   0.0000   0.0000   0.3267
   9.000   1.5418   0.02788   0.02054  -0.1329  0.4856  1.0000  -2.4794   0.0000   0.0000   0.0000   0.3218
   9.500   1.5826   0.02856   0.02123  -0.1303  0.4585  1.0000  -2.6755   0.0000   0.0000   0.0000   0.3170
  10.000   1.6139   0.02955   0.02218  -0.1265  0.4299  1.0000  -2.8920   0.0000   0.0000   0.0000   0.3121
  10.500   1.6299   0.03112   0.02381  -0.1208  0.4026  1.0000  -3.0923   0.0000   0.0000   0.0000   0.3070
  11.000   1.6455   0.03298   0.02572  -0.1156  0.3763  1.0000  -3.3048   0.0000   0.0000   0.0000   0.3022
  11.500   1.6546   0.03525   0.02807  -0.1100  0.3498  1.0000  -3.5012   0.0000   0.0000   0.0000   0.2975
  12.000   1.6579   0.03800   0.03088  -0.1045  0.3234  1.0000  -3.6817   0.0000   0.0000   0.0000   0.2930
  12.500   1.6606   0.04114   0.03406  -0.0995  0.2980  1.0000  -3.8696   0.0000   0.0000   0.0000   0.2889
  13.000   1.6608   0.04473   0.03771  -0.0948  0.2734  1.0000  -4.0586   0.0000   0.0000   0.0000   0.2850
  13.500   1.6586   0.04877   0.04179  -0.0905  0.2495  1.0000  -4.2388   0.0000   0.0000   0.0000   0.2815
  14.000   1.6536   0.05327   0.04635  -0.0866  0.2265  1.0000  -4.4098   0.0000   0.0000   0.0000   0.2782
  14.500   1.6479   0.05813   0.05122  -0.0832  0.2047  1.0000  -4.5876   0.0000   0.0000   0.0000   0.2752
  15.000   1.6419   0.06328   0.05634  -0.0803  0.1834  1.0000  -4.7645   0.0000   0.0000   0.0000   0.2724


