xflr5 v6.59

 Calculated polar for: revR_85_revT

 1 1 Reynolds number fixed          Mach number fixed         

 xtrf =   1.000 (top)        1.000 (bottom)
 Mach =   0.000     Re =     0.340 e 6     Ncrit =   9.000

  alpha     CL        CD       CDp       Cm    Top Xtr Bot Xtr   Cpmin    Chinge    XCp    
 ------- -------- --------- --------- -------- ------- ------- -------- --------- ---------
  -5.000   0.0792   0.01440   0.00764  -0.1413  0.8027  0.0507  -2.2885   0.0000   0.0000   0.0000   2.0775
  -4.500   0.1350   0.01319   0.00631  -0.1416  0.7951  0.0628  -2.0417   0.0000   0.0000   0.0000   1.3215
  -4.000   0.1903   0.01247   0.00561  -0.1417  0.7870  0.0844  -1.7967   0.0000   0.0000   0.0000   1.0088
  -3.500   0.2469   0.01184   0.00506  -0.1421  0.7783  0.1244  -1.5489   0.0000   0.0000   0.0000   0.8348
  -2.500   0.3604   0.01109   0.00463  -0.1429  0.7620  0.2587  -1.0725   0.0000   0.0000   0.0000   0.6505
  -2.000   0.4172   0.01076   0.00449  -0.1432  0.7532  0.3349  -0.8575   0.0000   0.0000   0.0000   0.5958
  -1.500   0.4750   0.01042   0.00435  -0.1436  0.7440  0.4368  -0.7842   0.0000   0.0000   0.0000   0.5536
  -1.000   0.5302   0.01015   0.00440  -0.1436  0.7347  0.5429  -0.8244   0.0000   0.0000   0.0000   0.5210
  -0.500   0.5851   0.00987   0.00445  -0.1431  0.7253  0.6691  -0.8680   0.0000   0.0000   0.0000   0.4940
   0.000   0.6391   0.00984   0.00454  -0.1422  0.7154  0.7581  -0.9127   0.0000   0.0000   0.0000   0.4711
   0.500   0.6901   0.00975   0.00458  -0.1408  0.7042  0.8228  -0.9563   0.0000   0.0000   0.0000   0.4518
   1.000   0.7386   0.00966   0.00450  -0.1385  0.6935  0.8817  -1.0054   0.0000   0.0000   0.0000   0.4347
   1.500   0.7853   0.00951   0.00445  -0.1361  0.6818  0.9557  -1.0533   0.0000   0.0000   0.0000   0.4197
   2.000   0.8496   0.00951   0.00428  -0.1379  0.6686  1.0000  -1.1178   0.0000   0.0000   0.0000   0.4081
   2.500   0.9068   0.00963   0.00437  -0.1384  0.6543  1.0000  -1.1821   0.0000   0.0000   0.0000   0.3978
   3.000   0.9646   0.00979   0.00440  -0.1389  0.6403  1.0000  -1.2480   0.0000   0.0000   0.0000   0.3885
   3.500   1.0195   0.00992   0.00449  -0.1388  0.6224  1.0000  -1.3161   0.0000   0.0000   0.0000   0.3801
   4.000   1.0742   0.01016   0.00470  -0.1387  0.6051  1.0000  -1.3929   0.0000   0.0000   0.0000   0.3724
   4.500   1.1281   0.01044   0.00491  -0.1385  0.5865  1.0000  -1.4712   0.0000   0.0000   0.0000   0.3654
   5.000   1.1802   0.01079   0.00517  -0.1379  0.5646  1.0000  -1.5623   0.0000   0.0000   0.0000   0.3588
   5.500   1.2309   0.01121   0.00552  -0.1372  0.5413  1.0000  -1.6568   0.0000   0.0000   0.0000   0.3527
   6.000   1.2799   0.01170   0.00596  -0.1362  0.5165  1.0000  -1.7731   0.0000   0.0000   0.0000   0.3469
   6.500   1.3268   0.01227   0.00648  -0.1348  0.4895  1.0000  -1.8914   0.0000   0.0000   0.0000   0.3414
   7.000   1.3721   0.01292   0.00710  -0.1332  0.4629  1.0000  -2.0294   0.0000   0.0000   0.0000   0.3362
   7.500   1.4134   0.01368   0.00782  -0.1311  0.4314  1.0000  -2.1766   0.0000   0.0000   0.0000   0.3311
   8.000   1.4525   0.01455   0.00864  -0.1286  0.4036  1.0000  -2.3325   0.0000   0.0000   0.0000   0.3261
   8.500   1.4849   0.01558   0.00962  -0.1250  0.3749  1.0000  -2.5296   0.0000   0.0000   0.0000   0.3210
   9.000   1.5105   0.01691   0.01085  -0.1207  0.3436  1.0000  -2.7653   0.0000   0.0000   0.0000   0.3158
   9.500   1.5352   0.01843   0.01231  -0.1165  0.3166  1.0000  -3.0313   0.0000   0.0000   0.0000   0.3110
  10.000   1.5586   0.02017   0.01404  -0.1127  0.2898  1.0000  -3.3002   0.0000   0.0000   0.0000   0.3065
  10.500   1.5792   0.02224   0.01611  -0.1089  0.2620  1.0000  -3.5670   0.0000   0.0000   0.0000   0.3023
  11.000   1.5960   0.02473   0.01855  -0.1052  0.2335  1.0000  -3.8346   0.0000   0.0000   0.0000   0.2983
  11.500   1.6098   0.02759   0.02137  -0.1015  0.2066  1.0000  -4.0964   0.0000   0.0000   0.0000   0.2945
  12.000   1.6202   0.03087   0.02461  -0.0980  0.1803  1.0000  -4.3488   0.0000   0.0000   0.0000   0.2910
  12.500   1.6265   0.03463   0.02832  -0.0945  0.1557  1.0000  -4.5878   0.0000   0.0000   0.0000   0.2876
  13.000   1.6307   0.03875   0.03244  -0.0913  0.1335  1.0000  -4.8206   0.0000   0.0000   0.0000   0.2844
  13.500   1.6330   0.04327   0.03696  -0.0884  0.1139  1.0000  -5.0466   0.0000   0.0000   0.0000   0.2815
  14.000   1.6350   0.04809   0.04182  -0.0859  0.0976  1.0000  -5.2716   0.0000   0.0000   0.0000   0.2789
  14.500   1.6328   0.05362   0.04740  -0.0838  0.0838  1.0000  -5.4767   0.0000   0.0000   0.0000   0.2766
  15.000   1.6288   0.05957   0.05340  -0.0822  0.0722  1.0000  -5.6732   0.0000   0.0000   0.0000   0.2746


