xflr5 v6.59

 Calculated polar for: revR_45_revT

 1 1 Reynolds number fixed          Mach number fixed         

 xtrf =   1.000 (top)        1.000 (bottom)
 Mach =   0.000     Re =     0.075 e 6     Ncrit =   9.000

  alpha     CL        CD       CDp       Cm    Top Xtr Bot Xtr   Cpmin    Chinge    XCp    
 ------- -------- --------- --------- -------- ------- ------- -------- --------- ---------
  -5.000  -0.4084   0.04203   0.03516  -0.0587  0.9910  0.1074  -2.6270   0.0000   0.0000   0.0000   0.0993
  -4.500  -0.3282   0.03548   0.02724  -0.0664  0.9815  0.1139  -2.5107   0.0000   0.0000   0.0000   0.0395
  -4.000  -0.2437   0.03147   0.02258  -0.0735  0.9711  0.1307  -2.2589   0.0000   0.0000   0.0000  -0.0615
  -3.500  -0.1693   0.02925   0.01992  -0.0777  0.9588  0.1617  -2.0087   0.0000   0.0000   0.0000  -0.2219
  -3.000  -0.0842   0.02752   0.01848  -0.0841  0.9471  0.2418  -1.6880   0.0000   0.0000   0.0000  -0.7713
  -2.500  -0.0217   0.02650   0.01817  -0.0865  0.9326  0.3872  -1.4381   0.0000   0.0000   0.0000  -3.8101
  -2.000   0.0537   0.02599   0.01883  -0.0892  0.9203  0.6393  -1.1813   0.0000   0.0000   0.0000   1.9363
  -1.500   0.0772   0.02631   0.01956  -0.0808  0.9024  0.8173  -1.0274   0.0000   0.0000   0.0000   1.3099
  -1.000   0.1238   0.02641   0.01956  -0.0781  0.8834  1.0000  -0.8427   0.0000   0.0000   0.0000   0.8866
  -0.500   0.2027   0.02727   0.01986  -0.0845  0.8662  1.0000  -0.6176   0.0000   0.0000   0.0000   0.6691
   0.000   0.2857   0.02800   0.02018  -0.0904  0.8505  1.0000  -0.5990   0.0000   0.0000   0.0000   0.5666
   0.500   0.3414   0.02895   0.02086  -0.0917  0.8297  1.0000  -0.6404   0.0000   0.0000   0.0000   0.5178
   1.000   0.3985   0.02996   0.02165  -0.0930  0.8092  1.0000  -0.6863   0.0000   0.0000   0.0000   0.4816
   1.500   0.4582   0.03084   0.02239  -0.0942  0.7889  1.0000  -0.7389   0.0000   0.0000   0.0000   0.4531
   2.000   0.5244   0.03145   0.02289  -0.0959  0.7707  1.0000  -0.8010   0.0000   0.0000   0.0000   0.4297
   2.500   0.6016   0.03129   0.02267  -0.0981  0.7551  1.0000  -0.8763   0.0000   0.0000   0.0000   0.4093
   3.000   0.6545   0.03187   0.02323  -0.0974  0.7329  1.0000  -0.9367   0.0000   0.0000   0.0000   0.3945
   3.500   0.7074   0.03241   0.02379  -0.0965  0.7110  1.0000  -1.0035   0.0000   0.0000   0.0000   0.3816
   4.500   0.8185   0.03272   0.02423  -0.0944  0.6679  1.0000  -1.1632   0.0000   0.0000   0.0000   0.3595
   6.000   1.0161   0.02972   0.02156  -0.0918  0.6067  1.0000  -1.5677   0.0000   0.0000   0.0000   0.3328
   6.500   1.0709   0.02933   0.02133  -0.0900  0.5789  1.0000  -1.7332   0.0000   0.0000   0.0000   0.3259
   7.000   1.1302   0.02865   0.02076  -0.0886  0.5494  1.0000  -1.9724   0.0000   0.0000   0.0000   0.3195
   7.500   1.1957   0.02767   0.01977  -0.0877  0.5177  1.0000  -2.3412   0.0000   0.0000   0.0000   0.3137
   8.000   1.2395   0.02816   0.02037  -0.0849  0.4797  1.0000  -2.6508   0.0000   0.0000   0.0000   0.3082
   8.500   1.2908   0.02837   0.02047  -0.0829  0.4405  1.0000  -3.0011   0.0000   0.0000   0.0000   0.3031
   9.000   1.3306   0.02915   0.02125  -0.0797  0.3977  1.0000  -3.3228   0.0000   0.0000   0.0000   0.2981
   9.500   1.3589   0.03046   0.02258  -0.0754  0.3533  1.0000  -3.6202   0.0000   0.0000   0.0000   0.2928
  10.000   1.3808   0.03220   0.02429  -0.0705  0.3089  1.0000  -3.8964   0.0000   0.0000   0.0000   0.2876
  10.500   1.3935   0.03445   0.02646  -0.0648  0.2656  1.0000  -4.1363   0.0000   0.0000   0.0000   0.2823
  11.000   1.3973   0.03721   0.02902  -0.0586  0.2258  1.0000  -4.3388   0.0000   0.0000   0.0000   0.2768
  11.500   1.3945   0.04073   0.03260  -0.0527  0.1910  1.0000  -4.5008   0.0000   0.0000   0.0000   0.2718
  12.000   1.3986   0.04490   0.03656  -0.0483  0.1596  1.0000  -4.6773   0.0000   0.0000   0.0000   0.2677
  12.500   1.4020   0.04974   0.04152  -0.0444  0.1354  1.0000  -4.8190   0.0000   0.0000   0.0000   0.2640
  13.000   1.4049   0.05484   0.04664  -0.0411  0.1152  1.0000  -4.9583   0.0000   0.0000   0.0000   0.2607
  13.500   1.4001   0.06063   0.05283  -0.0381  0.1025  1.0000  -5.0335   0.0000   0.0000   0.0000   0.2577
  14.000   1.3959   0.06768   0.06016  -0.0358  0.0920  1.0000  -5.0952   0.0000   0.0000   0.0000   0.2553
  14.500   1.3716   0.07566   0.06865  -0.0346  0.0856  1.0000  -5.0809   0.0000   0.0000   0.0000   0.2539
  15.000   1.3548   0.08388   0.07717  -0.0343  0.0804  1.0000  -5.0983   0.0000   0.0000   0.0000   0.2531


