xflr5 v6.59

 Calculated polar for: revR_50_revT

 1 1 Reynolds number fixed          Mach number fixed         

 xtrf =   1.000 (top)        1.000 (bottom)
 Mach =   0.000     Re =     0.135 e 6     Ncrit =   9.000

  alpha     CL        CD       CDp       Cm    Top Xtr Bot Xtr   Cpmin    Chinge    XCp    
 ------- -------- --------- --------- -------- ------- ------- -------- --------- ---------
  -5.000  -0.1349   0.02421   0.01640  -0.1058  0.9086  0.0841  -2.4243   0.0000   0.0000   0.0000  -0.5564
  -4.500  -0.0600   0.02169   0.01365  -0.1096  0.9016  0.1025  -2.1208   0.0000   0.0000   0.0000  -1.6201
  -4.000   0.0004   0.02048   0.01235  -0.1106  0.8914  0.1370  -1.8318   0.0000   0.0000   0.0000  281.6343
  -3.500   0.0611   0.01910   0.01134  -0.1120  0.8798  0.2140  -1.5553   0.0000   0.0000   0.0000   2.1167
  -3.000   0.1274   0.01806   0.01076  -0.1141  0.8714  0.3359  -1.3059   0.0000   0.0000   0.0000   1.1587
  -2.500   0.1760   0.01753   0.01079  -0.1130  0.8567  0.4773  -1.0968   0.0000   0.0000   0.0000   0.9001
  -2.000   0.2342   0.01694   0.01073  -0.1120  0.8481  0.6413  -0.8766   0.0000   0.0000   0.0000   0.7328
  -1.500   0.2722   0.01715   0.01120  -0.1073  0.8320  0.7599  -0.7085   0.0000   0.0000   0.0000   0.6472
  -1.000   0.3125   0.01716   0.01124  -0.1021  0.8192  0.8448  -0.6299   0.0000   0.0000   0.0000   0.5783
  -0.500   0.3515   0.01695   0.01100  -0.0966  0.8058  0.9232  -0.6623   0.0000   0.0000   0.0000   0.5252
   0.000   0.4518   0.01658   0.01046  -0.1045  0.7953  1.0000  -0.7333   0.0000   0.0000   0.0000   0.4806
   0.500   0.5010   0.01652   0.01019  -0.1038  0.7804  1.0000  -0.7765   0.0000   0.0000   0.0000   0.4556
   1.000   0.5524   0.01676   0.01027  -0.1035  0.7633  1.0000  -0.8243   0.0000   0.0000   0.0000   0.4351
   1.500   0.6162   0.01652   0.00983  -0.1042  0.7519  1.0000  -0.8869   0.0000   0.0000   0.0000   0.4163
   2.000   0.6694   0.01667   0.00991  -0.1038  0.7338  1.0000  -0.9446   0.0000   0.0000   0.0000   0.4017
   2.500   0.7241   0.01674   0.00991  -0.1033  0.7156  1.0000  -1.0064   0.0000   0.0000   0.0000   0.3887
   3.000   0.7826   0.01665   0.00973  -0.1032  0.6997  1.0000  -1.0770   0.0000   0.0000   0.0000   0.3773
   3.500   0.8420   0.01642   0.00940  -0.1030  0.6822  1.0000  -1.1565   0.0000   0.0000   0.0000   0.3673
   4.000   0.8954   0.01646   0.00945  -0.1022  0.6607  1.0000  -1.2376   0.0000   0.0000   0.0000   0.3585
   4.500   0.9496   0.01649   0.00947  -0.1015  0.6385  1.0000  -1.3298   0.0000   0.0000   0.0000   0.3507
   5.000   1.0037   0.01655   0.00952  -0.1007  0.6149  1.0000  -1.4417   0.0000   0.0000   0.0000   0.3435
   5.500   1.0574   0.01664   0.00958  -0.0998  0.5891  1.0000  -1.5649   0.0000   0.0000   0.0000   0.3370
   6.000   1.1104   0.01687   0.00974  -0.0989  0.5612  1.0000  -1.7220   0.0000   0.0000   0.0000   0.3310
   6.500   1.1575   0.01734   0.01028  -0.0972  0.5289  1.0000  -1.8891   0.0000   0.0000   0.0000   0.3253
   7.000   1.2052   0.01785   0.01073  -0.0956  0.4952  1.0000  -2.1358   0.0000   0.0000   0.0000   0.3199
   7.500   1.2495   0.01857   0.01143  -0.0936  0.4595  1.0000  -2.4388   0.0000   0.0000   0.0000   0.3148
   8.000   1.2911   0.01944   0.01227  -0.0913  0.4232  1.0000  -2.7451   0.0000   0.0000   0.0000   0.3099
   8.500   1.3275   0.02047   0.01332  -0.0883  0.3842  1.0000  -3.0502   0.0000   0.0000   0.0000   0.3050
   9.000   1.3603   0.02174   0.01445  -0.0849  0.3462  1.0000  -3.3604   0.0000   0.0000   0.0000   0.3001
   9.500   1.3866   0.02317   0.01596  -0.0808  0.3084  1.0000  -3.6525   0.0000   0.0000   0.0000   0.2952
  10.000   1.4023   0.02496   0.01767  -0.0754  0.2710  1.0000  -3.9129   0.0000   0.0000   0.0000   0.2899
  10.500   1.4118   0.02727   0.01993  -0.0701  0.2333  1.0000  -4.1503   0.0000   0.0000   0.0000   0.2849
  11.000   1.4180   0.03022   0.02291  -0.0653  0.1973  1.0000  -4.3722   0.0000   0.0000   0.0000   0.2805
  11.500   1.4198   0.03392   0.02653  -0.0610  0.1647  1.0000  -4.5709   0.0000   0.0000   0.0000   0.2765
  12.000   1.4176   0.03839   0.03086  -0.0570  0.1362  1.0000  -4.7449   0.0000   0.0000   0.0000   0.2728
  12.500   1.4159   0.04317   0.03567  -0.0539  0.1126  1.0000  -4.9116   0.0000   0.0000   0.0000   0.2697
  13.000   1.4119   0.04846   0.04092  -0.0509  0.0938  1.0000  -5.0565   0.0000   0.0000   0.0000   0.2668
  13.500   1.4098   0.05382   0.04652  -0.0492  0.0801  1.0000  -5.2064   0.0000   0.0000   0.0000   0.2646
  14.000   1.4078   0.05952   0.05236  -0.0470  0.0688  1.0000  -5.3281   0.0000   0.0000   0.0000   0.2622
  14.500   1.4037   0.06568   0.05867  -0.0461  0.0603  1.0000  -5.4646   0.0000   0.0000   0.0000   0.2606
  15.000   1.4032   0.07178   0.06494  -0.0441  0.0532  1.0000  -5.5717   0.0000   0.0000   0.0000   0.2582


