xflr5 v6.59

 Calculated polar for: revR_55_revT

 1 1 Reynolds number fixed          Mach number fixed         

 xtrf =   1.000 (top)        1.000 (bottom)
 Mach =   0.000     Re =     0.480 e 6     Ncrit =   9.000

  alpha     CL        CD       CDp       Cm    Top Xtr Bot Xtr   Cpmin    Chinge    XCp    
 ------- -------- --------- --------- -------- ------- ------- -------- --------- ---------
  -5.000  -0.0468   0.01163   0.00520  -0.1123  0.8076  0.0459  -2.4372   0.0000   0.0000   0.0000  -2.2099
  -4.500   0.0083   0.01077   0.00423  -0.1123  0.7979  0.0612  -2.1060   0.0000   0.0000   0.0000  14.0861
  -4.000   0.0639   0.01019   0.00368  -0.1123  0.7881  0.0867  -1.7763   0.0000   0.0000   0.0000   2.0398
  -3.500   0.1200   0.00973   0.00329  -0.1125  0.7787  0.1339  -1.5224   0.0000   0.0000   0.0000   1.2020
  -3.000   0.1759   0.00928   0.00308  -0.1127  0.7695  0.2000  -1.2787   0.0000   0.0000   0.0000   0.8992
  -2.500   0.2319   0.00887   0.00285  -0.1129  0.7591  0.2746  -1.0438   0.0000   0.0000   0.0000   0.7415
  -2.000   0.2880   0.00852   0.00273  -0.1131  0.7489  0.3697  -0.8280   0.0000   0.0000   0.0000   0.6454
  -1.500   0.3437   0.00811   0.00265  -0.1132  0.7388  0.4820  -0.6615   0.0000   0.0000   0.0000   0.5805
  -1.000   0.3994   0.00786   0.00263  -0.1130  0.7276  0.5910  -0.7035   0.0000   0.0000   0.0000   0.5332
  -0.500   0.4534   0.00760   0.00269  -0.1124  0.7156  0.7034  -0.7450   0.0000   0.0000   0.0000   0.4972
   0.000   0.5082   0.00760   0.00273  -0.1118  0.7036  0.7641  -0.7900   0.0000   0.0000   0.0000   0.4685
   0.500   0.5619   0.00754   0.00279  -0.1110  0.6913  0.8133  -0.8380   0.0000   0.0000   0.0000   0.4454
   1.000   0.6145   0.00755   0.00280  -0.1099  0.6767  0.8546  -0.8874   0.0000   0.0000   0.0000   0.4261
   1.500   0.6650   0.00752   0.00282  -0.1083  0.6619  0.8955  -0.9421   0.0000   0.0000   0.0000   0.4096
   2.000   0.7132   0.00745   0.00280  -0.1061  0.6454  0.9484  -0.9975   0.0000   0.0000   0.0000   0.3950
   2.500   0.7788   0.00751   0.00279  -0.1083  0.6265  1.0000  -1.0686   0.0000   0.0000   0.0000   0.3846
   3.000   0.8354   0.00773   0.00289  -0.1086  0.6063  1.0000  -1.1376   0.0000   0.0000   0.0000   0.3751
   3.500   0.8908   0.00798   0.00304  -0.1087  0.5841  1.0000  -1.2132   0.0000   0.0000   0.0000   0.3665
   4.000   0.9452   0.00828   0.00325  -0.1086  0.5596  1.0000  -1.2960   0.0000   0.0000   0.0000   0.3588
   4.500   0.9988   0.00862   0.00352  -0.1083  0.5330  1.0000  -1.3866   0.0000   0.0000   0.0000   0.3518
   5.000   1.0514   0.00902   0.00384  -0.1079  0.5046  1.0000  -1.5000   0.0000   0.0000   0.0000   0.3454
   5.500   1.1029   0.00950   0.00423  -0.1073  0.4749  1.0000  -1.6170   0.0000   0.0000   0.0000   0.3395
   6.000   1.1518   0.01012   0.00470  -0.1063  0.4399  1.0000  -1.7714   0.0000   0.0000   0.0000   0.3339
   6.500   1.2017   0.01068   0.00522  -0.1055  0.4100  1.0000  -1.9403   0.0000   0.0000   0.0000   0.3287
   7.000   1.2475   0.01147   0.00585  -0.1042  0.3714  1.0000  -2.1681   0.0000   0.0000   0.0000   0.3237
   7.500   1.2935   0.01223   0.00653  -0.1029  0.3374  1.0000  -2.4809   0.0000   0.0000   0.0000   0.3191
   8.000   1.3364   0.01314   0.00734  -0.1011  0.3026  1.0000  -2.8056   0.0000   0.0000   0.0000   0.3145
   8.500   1.3754   0.01423   0.00826  -0.0989  0.2614  1.0000  -3.1305   0.0000   0.0000   0.0000   0.3100
   9.000   1.4092   0.01546   0.00933  -0.0958  0.2245  1.0000  -3.4483   0.0000   0.0000   0.0000   0.3053
   9.500   1.4385   0.01687   0.01059  -0.0923  0.1872  1.0000  -3.7592   0.0000   0.0000   0.0000   0.3007
  10.000   1.4634   0.01857   0.01214  -0.0884  0.1525  1.0000  -4.0610   0.0000   0.0000   0.0000   0.2962
  10.500   1.4852   0.02057   0.01405  -0.0846  0.1222  1.0000  -4.3567   0.0000   0.0000   0.0000   0.2919
  11.000   1.5038   0.02293   0.01631  -0.0809  0.0969  1.0000  -4.6442   0.0000   0.0000   0.0000   0.2879
  11.500   1.5216   0.02551   0.01885  -0.0776  0.0774  1.0000  -4.9315   0.0000   0.0000   0.0000   0.2842
  12.000   1.5386   0.02830   0.02166  -0.0746  0.0625  1.0000  -5.2185   0.0000   0.0000   0.0000   0.2808
  12.500   1.5518   0.03152   0.02493  -0.0717  0.0504  1.0000  -5.5014   0.0000   0.0000   0.0000   0.2775
  13.000   1.5538   0.03590   0.02930  -0.0684  0.0385  1.0000  -5.7234   0.0000   0.0000   0.0000   0.2744
  13.500   1.5673   0.03937   0.03297  -0.0663  0.0338  1.0000  -6.0115   0.0000   0.0000   0.0000   0.2717
  14.000   1.5594   0.04516   0.03884  -0.0637  0.0268  1.0000  -6.1688   0.0000   0.0000   0.0000   0.2692
  14.500   1.5619   0.05022   0.04410  -0.0621  0.0241  1.0000  -6.3819   0.0000   0.0000   0.0000   0.2670
  15.000   1.5610   0.05602   0.05008  -0.0610  0.0217  1.0000  -6.5759   0.0000   0.0000   0.0000   0.2653


