xflr5 v6.59

 Calculated polar for: revR_60_revT

 1 1 Reynolds number fixed          Mach number fixed         

 xtrf =   1.000 (top)        1.000 (bottom)
 Mach =   0.000     Re =     0.420 e 6     Ncrit =   9.000

  alpha     CL        CD       CDp       Cm    Top Xtr Bot Xtr   Cpmin    Chinge    XCp    
 ------- -------- --------- --------- -------- ------- ------- -------- --------- ---------
  -5.000  -0.0254   0.01215   0.00557  -0.1175  0.8115  0.0487  -2.4094   0.0000   0.0000   0.0000  -4.4946
  -4.500   0.0304   0.01152   0.00482  -0.1175  0.8024  0.0610  -2.0653   0.0000   0.0000   0.0000   4.1954
  -4.000   0.0856   0.01079   0.00413  -0.1175  0.7928  0.0901  -1.7780   0.0000   0.0000   0.0000   1.6490
  -3.500   0.1415   0.01024   0.00374  -0.1177  0.7835  0.1403  -1.5264   0.0000   0.0000   0.0000   1.0954
  -2.500   0.2535   0.00943   0.00332  -0.1182  0.7646  0.2859  -1.0465   0.0000   0.0000   0.0000   0.7209
  -2.000   0.3099   0.00908   0.00313  -0.1183  0.7540  0.3746  -0.8307   0.0000   0.0000   0.0000   0.6345
  -1.500   0.3654   0.00870   0.00310  -0.1184  0.7443  0.4887  -0.6802   0.0000   0.0000   0.0000   0.5754
  -1.000   0.4205   0.00834   0.00308  -0.1182  0.7339  0.6123  -0.7225   0.0000   0.0000   0.0000   0.5312
  -0.500   0.4747   0.00821   0.00316  -0.1175  0.7226  0.7116  -0.7647   0.0000   0.0000   0.0000   0.4968
   0.500   0.5818   0.00815   0.00323  -0.1156  0.6986  0.8264  -0.8569   0.0000   0.0000   0.0000   0.4467
   1.000   0.6329   0.00809   0.00322  -0.1141  0.6850  0.8692  -0.9047   0.0000   0.0000   0.0000   0.4276
   1.500   0.6804   0.00803   0.00322  -0.1118  0.6702  0.9164  -0.9574   0.0000   0.0000   0.0000   0.4110
   2.500   0.7998   0.00805   0.00313  -0.1133  0.6369  1.0000  -1.0859   0.0000   0.0000   0.0000   0.3872
   3.000   0.8565   0.00824   0.00324  -0.1136  0.6182  1.0000  -1.1547   0.0000   0.0000   0.0000   0.3777
   3.500   0.9120   0.00847   0.00339  -0.1137  0.5976  1.0000  -1.2278   0.0000   0.0000   0.0000   0.3691
   4.000   0.9665   0.00874   0.00358  -0.1135  0.5749  1.0000  -1.3094   0.0000   0.0000   0.0000   0.3613
   4.500   1.0199   0.00908   0.00384  -0.1132  0.5501  1.0000  -1.3993   0.0000   0.0000   0.0000   0.3543
   5.000   1.0721   0.00948   0.00415  -0.1127  0.5227  1.0000  -1.5060   0.0000   0.0000   0.0000   0.3478
   5.500   1.1230   0.00996   0.00454  -0.1120  0.4937  1.0000  -1.6226   0.0000   0.0000   0.0000   0.3418
   6.000   1.1722   0.01054   0.00501  -0.1111  0.4629  1.0000  -1.7609   0.0000   0.0000   0.0000   0.3361
   6.500   1.2209   0.01113   0.00554  -0.1101  0.4298  1.0000  -1.9206   0.0000   0.0000   0.0000   0.3309
   7.000   1.2679   0.01182   0.00615  -0.1089  0.3990  1.0000  -2.1127   0.0000   0.0000   0.0000   0.3259
   7.500   1.3111   0.01268   0.00687  -0.1071  0.3610  1.0000  -2.3562   0.0000   0.0000   0.0000   0.3210
   8.000   1.3536   0.01355   0.00769  -0.1053  0.3281  1.0000  -2.6664   0.0000   0.0000   0.0000   0.3164
   8.500   1.3914   0.01464   0.00864  -0.1028  0.2941  1.0000  -2.9763   0.0000   0.0000   0.0000   0.3117
   9.000   1.4243   0.01581   0.00970  -0.0995  0.2565  1.0000  -3.2813   0.0000   0.0000   0.0000   0.3070
   9.500   1.4524   0.01724   0.01102  -0.0958  0.2249  1.0000  -3.5779   0.0000   0.0000   0.0000   0.3023
  10.000   1.4786   0.01885   0.01257  -0.0922  0.1910  1.0000  -3.8757   0.0000   0.0000   0.0000   0.2979
  10.500   1.4966   0.02109   0.01464  -0.0880  0.1558  1.0000  -4.1517   0.0000   0.0000   0.0000   0.2935
  11.000   1.5160   0.02344   0.01690  -0.0845  0.1262  1.0000  -4.4456   0.0000   0.0000   0.0000   0.2896
  11.500   1.5316   0.02620   0.01959  -0.0811  0.1018  1.0000  -4.7281   0.0000   0.0000   0.0000   0.2858
  12.000   1.5453   0.02928   0.02264  -0.0779  0.0827  1.0000  -5.0052   0.0000   0.0000   0.0000   0.2824
  12.500   1.5565   0.03270   0.02608  -0.0748  0.0673  1.0000  -5.2734   0.0000   0.0000   0.0000   0.2791
  13.000   1.5595   0.03700   0.03041  -0.0717  0.0532  1.0000  -5.5005   0.0000   0.0000   0.0000   0.2760
  13.500   1.5683   0.04094   0.03446  -0.0694  0.0454  1.0000  -5.7633   0.0000   0.0000   0.0000   0.2733
  14.000   1.5622   0.04659   0.04021  -0.0668  0.0371  1.0000  -5.9439   0.0000   0.0000   0.0000   0.2708
  14.500   1.5684   0.05130   0.04510  -0.0654  0.0327  1.0000  -6.1971   0.0000   0.0000   0.0000   0.2686
  15.000   1.5581   0.05819   0.05209  -0.0642  0.0279  1.0000  -6.3487   0.0000   0.0000   0.0000   0.2670


