xflr5 v6.59

 Calculated polar for: revR_25_revT

 1 1 Reynolds number fixed          Mach number fixed         

 xtrf =   1.000 (top)        1.000 (bottom)
 Mach =   0.000     Re =     0.050 e 6     Ncrit =   9.000

  alpha     CL        CD       CDp       Cm    Top Xtr Bot Xtr   Cpmin    Chinge    XCp    
 ------- -------- --------- --------- -------- ------- ------- -------- --------- ---------
  -5.000  -0.4459   0.04167   0.03311  -0.0447  1.0000  0.1464  -2.5239   0.0000   0.0000   0.0000   0.1441
  -4.500  -0.3981   0.03559   0.02633  -0.0461  1.0000  0.1543  -2.4252   0.0000   0.0000   0.0000   0.1282
  -4.000  -0.3501   0.03249   0.02284  -0.0465  1.0000  0.1814  -2.2473   0.0000   0.0000   0.0000   0.1111
  -3.500  -0.2982   0.02977   0.01956  -0.0468  1.0000  0.2195  -2.0692   0.0000   0.0000   0.0000   0.0867
  -3.000  -0.2492   0.02749   0.01749  -0.0465  1.0000  0.2919  -1.8609   0.0000   0.0000   0.0000   0.0567
  -2.500  -0.2005   0.02565   0.01664  -0.0459  1.0000  0.4546  -1.6321   0.0000   0.0000   0.0000   0.0138
  -2.000  -0.1747   0.02486   0.01730  -0.0378  1.0000  0.7177  -1.4346   0.0000   0.0000   0.0000   0.0267
  -1.500  -0.1687   0.02411   0.01691  -0.0262  1.0000  1.0000  -1.3026   0.0000   0.0000   0.0000   0.0886
  -1.000  -0.1133   0.02489   0.01678  -0.0318  1.0000  1.0000  -1.1129   0.0000   0.0000   0.0000  -0.0378
  -0.500  -0.0296   0.02682   0.01797  -0.0409  0.9850  1.0000  -0.8651   0.0000   0.0000   0.0000  -1.1478
   0.000   0.0589   0.02897   0.01956  -0.0502  0.9612  1.0000  -0.6210   0.0000   0.0000   0.0000   1.1063
   0.500   0.1378   0.03097   0.02117  -0.0573  0.9363  1.0000  -0.4884   0.0000   0.0000   0.0000   0.6651
   1.000   0.2111   0.03291   0.02283  -0.0630  0.9099  1.0000  -0.5392   0.0000   0.0000   0.0000   0.5463
   1.500   0.2809   0.03481   0.02453  -0.0676  0.8823  1.0000  -0.5913   0.0000   0.0000   0.0000   0.4880
   2.000   0.3500   0.03669   0.02630  -0.0717  0.8548  1.0000  -0.6484   0.0000   0.0000   0.0000   0.4516
   2.500   0.4204   0.03851   0.02806  -0.0754  0.8275  1.0000  -0.7105   0.0000   0.0000   0.0000   0.4257
   3.000   0.4834   0.04026   0.02980  -0.0776  0.7988  1.0000  -0.7730   0.0000   0.0000   0.0000   0.4063
   3.500   0.5262   0.04223   0.03181  -0.0771  0.7676  1.0000  -0.8235   0.0000   0.0000   0.0000   0.3920
   4.000   0.5830   0.04391   0.03359  -0.0779  0.7379  1.0000  -0.8937   0.0000   0.0000   0.0000   0.3787
   4.500   0.6490   0.04505   0.03486  -0.0789  0.7094  1.0000  -0.9846   0.0000   0.0000   0.0000   0.3662
   5.000   0.7226   0.04540   0.03543  -0.0796  0.6825  1.0000  -1.1046   0.0000   0.0000   0.0000   0.3542
   5.500   0.7368   0.04880   0.03894  -0.0765  0.6467  1.0000  -1.1536   0.0000   0.0000   0.0000   0.3474
   6.000   0.7978   0.04931   0.03970  -0.0754  0.6173  1.0000  -1.2972   0.0000   0.0000   0.0000   0.3376
   6.500   0.8778   0.04755   0.03828  -0.0737  0.5901  1.0000  -1.5159   0.0000   0.0000   0.0000   0.3266
   7.000   0.9051   0.04996   0.04091  -0.0704  0.5552  1.0000  -1.6779   0.0000   0.0000   0.0000   0.3199
   7.500   0.9893   0.04655   0.03790  -0.0674  0.5238  1.0000  -2.1191   0.0000   0.0000   0.0000   0.3096
   8.000   1.0827   0.04196   0.03366  -0.0643  0.4861  1.0000  -2.6268   0.0000   0.0000   0.0000   0.3002
   8.500   1.1558   0.03942   0.03123  -0.0611  0.4378  1.0000  -3.0768   0.0000   0.0000   0.0000   0.2930
   9.000   1.2108   0.03850   0.03022  -0.0573  0.3808  1.0000  -3.4684   0.0000   0.0000   0.0000   0.2866
   9.500   1.2487   0.03922   0.03081  -0.0526  0.3202  1.0000  -3.7906   0.0000   0.0000   0.0000   0.2806
  10.000   1.2726   0.04163   0.03306  -0.0476  0.2634  1.0000  -4.0329   0.0000   0.0000   0.0000   0.2751
  10.500   1.2915   0.04497   0.03619  -0.0427  0.2148  1.0000  -4.2468   0.0000   0.0000   0.0000   0.2699
  11.000   1.3029   0.04954   0.04079  -0.0380  0.1793  1.0000  -4.4053   0.0000   0.0000   0.0000   0.2653
  11.500   1.3102   0.05536   0.04687  -0.0335  0.1559  1.0000  -4.5049   0.0000   0.0000   0.0000   0.2610
  12.000   1.3139   0.06165   0.05331  -0.0295  0.1383  1.0000  -4.5904   0.0000   0.0000   0.0000   0.2571
  12.500   1.2702   0.06956   0.06190  -0.0248  0.1332  1.0000  -4.4894   0.0000   0.0000   0.0000   0.2534
  13.000   1.2081   0.08145   0.07436  -0.0245  0.1337  1.0000  -4.2903   0.0000   0.0000   0.0000   0.2535
  13.500   1.1306   0.09932   0.09257  -0.0303  0.1391  1.0000  -3.9684   0.0000   0.0000   0.0000   0.2593
  14.500   0.9236   0.17063   0.16352  -0.0719  0.1845  1.0000  -2.4220   0.0000   0.0000   0.0000   0.3110


