xflr5 v6.59

 Calculated polar for: revR_90_revT

 1 1 Reynolds number fixed          Mach number fixed         

 xtrf =   1.000 (top)        1.000 (bottom)
 Mach =   0.000     Re =     0.180 e 6     Ncrit =   9.000

  alpha     CL        CD       CDp       Cm    Top Xtr Bot Xtr   Cpmin    Chinge    XCp    
 ------- -------- --------- --------- -------- ------- ------- -------- --------- ---------
  -5.000   0.0854   0.02148   0.01412  -0.1485  0.8453  0.0706  -2.1993   0.0000   0.0000   0.0000   2.0327
  -4.500   0.1342   0.01988   0.01234  -0.1477  0.8352  0.0805  -2.0146   0.0000   0.0000   0.0000   1.3761
  -4.000   0.1883   0.01885   0.01130  -0.1477  0.8260  0.1031  -1.7970   0.0000   0.0000   0.0000   1.0505
  -3.500   0.2491   0.01795   0.01036  -0.1484  0.8190  0.1448  -1.5614   0.0000   0.0000   0.0000   0.8562
  -3.000   0.3001   0.01748   0.01019  -0.1482  0.8083  0.2129  -1.3478   0.0000   0.0000   0.0000   0.7513
  -2.500   0.3566   0.01697   0.00988  -0.1485  0.7987  0.2973  -1.1216   0.0000   0.0000   0.0000   0.6715
  -2.000   0.4170   0.01644   0.00961  -0.1492  0.7920  0.4002  -0.8983   0.0000   0.0000   0.0000   0.6109
  -1.500   0.4664   0.01640   0.00995  -0.1484  0.7799  0.5123  -0.7758   0.0000   0.0000   0.0000   0.5700
  -1.000   0.5204   0.01597   0.00990  -0.1472  0.7706  0.6481  -0.8176   0.0000   0.0000   0.0000   0.5337
  -0.500   0.5710   0.01583   0.00994  -0.1448  0.7623  0.7657  -0.8590   0.0000   0.0000   0.0000   0.5035
   0.000   0.6076   0.01588   0.01015  -0.1402  0.7490  0.8514  -0.8910   0.0000   0.0000   0.0000   0.4797
   0.500   0.6541   0.01535   0.00959  -0.1365  0.7410  0.9526  -0.9315   0.0000   0.0000   0.0000   0.4569
   1.000   0.7168   0.01558   0.00970  -0.1386  0.7278  1.0000  -0.9851   0.0000   0.0000   0.0000   0.4408
   1.500   0.7813   0.01537   0.00927  -0.1401  0.7172  1.0000  -1.0456   0.0000   0.0000   0.0000   0.4260
   2.000   0.8387   0.01566   0.00945  -0.1407  0.7056  1.0000  -1.1018   0.0000   0.0000   0.0000   0.4138
   2.500   0.8979   0.01557   0.00925  -0.1411  0.6927  1.0000  -1.1678   0.0000   0.0000   0.0000   0.4025
   3.000   0.9548   0.01564   0.00924  -0.1412  0.6790  1.0000  -1.2355   0.0000   0.0000   0.0000   0.3926
   3.500   1.0140   0.01550   0.00901  -0.1416  0.6653  1.0000  -1.3064   0.0000   0.0000   0.0000   0.3836
   4.000   1.0672   0.01569   0.00920  -0.1411  0.6495  1.0000  -1.3737   0.0000   0.0000   0.0000   0.3756
   4.500   1.1281   0.01551   0.00888  -0.1416  0.6348  1.0000  -1.4621   0.0000   0.0000   0.0000   0.3682
   5.000   1.1789   0.01562   0.00903  -0.1406  0.6153  1.0000  -1.5421   0.0000   0.0000   0.0000   0.3612
   5.500   1.2303   0.01590   0.00935  -0.1399  0.5962  1.0000  -1.6371   0.0000   0.0000   0.0000   0.3549
   6.000   1.2822   0.01614   0.00957  -0.1391  0.5757  1.0000  -1.7402   0.0000   0.0000   0.0000   0.3490
   6.500   1.3317   0.01645   0.00985  -0.1379  0.5520  1.0000  -1.8643   0.0000   0.0000   0.0000   0.3433
   7.000   1.3790   0.01694   0.01031  -0.1365  0.5278  1.0000  -1.9905   0.0000   0.0000   0.0000   0.3380
   7.500   1.4222   0.01754   0.01091  -0.1344  0.5005  1.0000  -2.1394   0.0000   0.0000   0.0000   0.3327
   8.000   1.4621   0.01831   0.01167  -0.1318  0.4725  1.0000  -2.2899   0.0000   0.0000   0.0000   0.3276
   8.500   1.4978   0.01923   0.01258  -0.1287  0.4437  1.0000  -2.4470   0.0000   0.0000   0.0000   0.3226
   9.000   1.5266   0.02032   0.01363  -0.1246  0.4141  1.0000  -2.6445   0.0000   0.0000   0.0000   0.3174
   9.500   1.5506   0.02165   0.01493  -0.1199  0.3867  1.0000  -2.8721   0.0000   0.0000   0.0000   0.3123
  10.000   1.5692   0.02331   0.01658  -0.1149  0.3590  1.0000  -3.1146   0.0000   0.0000   0.0000   0.3073
  10.500   1.5828   0.02539   0.01860  -0.1098  0.3306  1.0000  -3.3461   0.0000   0.0000   0.0000   0.3025
  11.000   1.5952   0.02779   0.02102  -0.1051  0.3045  1.0000  -3.5767   0.0000   0.0000   0.0000   0.2982
  11.500   1.6055   0.03056   0.02383  -0.1008  0.2792  1.0000  -3.8034   0.0000   0.0000   0.0000   0.2941
  12.000   1.6118   0.03383   0.02713  -0.0966  0.2536  1.0000  -4.0256   0.0000   0.0000   0.0000   0.2902
  12.500   1.6140   0.03764   0.03102  -0.0927  0.2278  1.0000  -4.2349   0.0000   0.0000   0.0000   0.2867
  13.000   1.6135   0.04194   0.03535  -0.0891  0.2033  1.0000  -4.4346   0.0000   0.0000   0.0000   0.2835
  13.500   1.6105   0.04677   0.04020  -0.0859  0.1804  1.0000  -4.6241   0.0000   0.0000   0.0000   0.2805
  14.000   1.6053   0.05219   0.04562  -0.0832  0.1591  1.0000  -4.8027   0.0000   0.0000   0.0000   0.2779
  14.500   1.5991   0.05808   0.05156  -0.0811  0.1401  1.0000  -4.9747   0.0000   0.0000   0.0000   0.2757
  15.000   1.5950   0.06411   0.05773  -0.0796  0.1234  1.0000  -5.1525   0.0000   0.0000   0.0000   0.2738


