xflr5 v6.59

 Calculated polar for: revR_65_revT

 1 1 Reynolds number fixed          Mach number fixed         

 xtrf =   1.000 (top)        1.000 (bottom)
 Mach =   0.000     Re =     0.370 e 6     Ncrit =   9.000

  alpha     CL        CD       CDp       Cm    Top Xtr Bot Xtr   Cpmin    Chinge    XCp    
 ------- -------- --------- --------- -------- ------- ------- -------- --------- ---------
  -5.000  -0.0038   0.01303   0.00638  -0.1227  0.8153  0.0513  -2.3559   0.0000   0.0000   0.0000  -32.8610
  -4.500   0.0514   0.01206   0.00527  -0.1227  0.8066  0.0644  -2.0412   0.0000   0.0000   0.0000   2.6894
  -4.000   0.1072   0.01148   0.00470  -0.1228  0.7974  0.0925  -1.7765   0.0000   0.0000   0.0000   1.4169
  -3.500   0.1626   0.01090   0.00427  -0.1229  0.7877  0.1415  -1.5286   0.0000   0.0000   0.0000   1.0181
  -3.000   0.2190   0.01045   0.00397  -0.1232  0.7790  0.2071  -1.2795   0.0000   0.0000   0.0000   0.8198
  -2.500   0.2749   0.01009   0.00383  -0.1234  0.7697  0.2896  -1.0518   0.0000   0.0000   0.0000   0.7036
  -2.000   0.3310   0.00970   0.00365  -0.1236  0.7593  0.3762  -0.8335   0.0000   0.0000   0.0000   0.6260
  -1.500   0.3871   0.00935   0.00359  -0.1237  0.7493  0.4987  -0.7004   0.0000   0.0000   0.0000   0.5708
  -1.000   0.4415   0.00901   0.00363  -0.1233  0.7392  0.6208  -0.7404   0.0000   0.0000   0.0000   0.5296
  -0.500   0.4959   0.00885   0.00365  -0.1225  0.7286  0.7195  -0.7837   0.0000   0.0000   0.0000   0.4965
   0.000   0.5483   0.00880   0.00374  -0.1214  0.7167  0.7882  -0.8259   0.0000   0.0000   0.0000   0.4699
   0.500   0.6008   0.00876   0.00370  -0.1201  0.7050  0.8366  -0.8750   0.0000   0.0000   0.0000   0.4478
   1.000   0.6492   0.00871   0.00375  -0.1180  0.6925  0.8856  -0.9221   0.0000   0.0000   0.0000   0.4290
   1.500   0.6970   0.00861   0.00361  -0.1156  0.6786  0.9403  -0.9734   0.0000   0.0000   0.0000   0.4125
   2.000   0.7625   0.00854   0.00355  -0.1176  0.6632  1.0000  -1.0405   0.0000   0.0000   0.0000   0.4004
   2.500   0.8206   0.00870   0.00359  -0.1183  0.6477  1.0000  -1.1034   0.0000   0.0000   0.0000   0.3897
   3.000   0.8771   0.00886   0.00362  -0.1185  0.6288  1.0000  -1.1710   0.0000   0.0000   0.0000   0.3800
   3.500   0.9325   0.00905   0.00377  -0.1186  0.6100  1.0000  -1.2454   0.0000   0.0000   0.0000   0.3715
   4.000   0.9871   0.00930   0.00397  -0.1185  0.5887  1.0000  -1.3226   0.0000   0.0000   0.0000   0.3638
   4.500   1.0403   0.00961   0.00420  -0.1181  0.5644  1.0000  -1.4130   0.0000   0.0000   0.0000   0.3566
   5.000   1.0927   0.00999   0.00452  -0.1176  0.5399  1.0000  -1.5095   0.0000   0.0000   0.0000   0.3501
   5.500   1.1432   0.01047   0.00489  -0.1168  0.5116  1.0000  -1.6286   0.0000   0.0000   0.0000   0.3440
   6.000   1.1927   0.01102   0.00535  -0.1159  0.4834  1.0000  -1.7486   0.0000   0.0000   0.0000   0.3384
   6.500   1.2407   0.01159   0.00588  -0.1147  0.4511  1.0000  -1.9078   0.0000   0.0000   0.0000   0.3330
   7.000   1.2864   0.01230   0.00651  -0.1133  0.4189  1.0000  -2.0700   0.0000   0.0000   0.0000   0.3279
   8.000   1.3705   0.01403   0.00808  -0.1094  0.3511  1.0000  -2.5369   0.0000   0.0000   0.0000   0.3182
   8.500   1.4075   0.01509   0.00904  -0.1067  0.3193  1.0000  -2.8349   0.0000   0.0000   0.0000   0.3135
   9.000   1.4391   0.01625   0.01013  -0.1032  0.2878  1.0000  -3.1267   0.0000   0.0000   0.0000   0.3086
   9.500   1.4660   0.01770   0.01147  -0.0994  0.2522  1.0000  -3.4213   0.0000   0.0000   0.0000   0.3039
  10.000   1.4891   0.01947   0.01318  -0.0954  0.2216  1.0000  -3.7089   0.0000   0.0000   0.0000   0.2993
  10.500   1.5114   0.02145   0.01510  -0.0918  0.1911  1.0000  -4.0006   0.0000   0.0000   0.0000   0.2951
  11.000   1.5290   0.02392   0.01748  -0.0881  0.1599  1.0000  -4.2802   0.0000   0.0000   0.0000   0.2912
  11.500   1.5407   0.02699   0.02043  -0.0844  0.1307  1.0000  -4.5488   0.0000   0.0000   0.0000   0.2874
  12.000   1.5523   0.03024   0.02363  -0.0811  0.1063  1.0000  -4.8199   0.0000   0.0000   0.0000   0.2839
  12.500   1.5606   0.03395   0.02734  -0.0779  0.0865  1.0000  -5.0786   0.0000   0.0000   0.0000   0.2807
  13.000   1.5660   0.03803   0.03143  -0.0750  0.0713  1.0000  -5.3256   0.0000   0.0000   0.0000   0.2776
  13.500   1.5728   0.04219   0.03571  -0.0726  0.0602  1.0000  -5.5786   0.0000   0.0000   0.0000   0.2749
  14.000   1.5684   0.04768   0.04126  -0.0701  0.0495  1.0000  -5.7710   0.0000   0.0000   0.0000   0.2724
  14.500   1.5701   0.05292   0.04662  -0.0686  0.0426  1.0000  -5.9962   0.0000   0.0000   0.0000   0.2703
  15.000   1.5500   0.06098   0.05481  -0.0671  0.0356  1.0000  -6.0915   0.0000   0.0000   0.0000   0.2688


