xflr5 v6.59

 Calculated polar for: revR_10_revT

 1 1 Reynolds number fixed          Mach number fixed         

 xtrf =   1.000 (top)        1.000 (bottom)
 Mach =   0.000     Re =     0.210 e 6     Ncrit =   9.000

  alpha     CL        CD       CDp       Cm    Top Xtr Bot Xtr   Cpmin    Chinge    XCp    
 ------- -------- --------- --------- -------- ------- ------- -------- --------- ---------
  -5.000  -0.2584   0.01639   0.00904  -0.0692  0.9341  0.0736  -2.5897   0.0000   0.0000   0.0000  -0.0270
  -4.500  -0.1926   0.01444   0.00713  -0.0714  0.9239  0.1055  -2.2257   0.0000   0.0000   0.0000  -0.1315
  -4.000  -0.1319   0.01325   0.00624  -0.0727  0.9117  0.1794  -1.8525   0.0000   0.0000   0.0000  -0.3146
  -3.500  -0.0734   0.01218   0.00563  -0.0735  0.8982  0.2990  -1.5074   0.0000   0.0000   0.0000  -0.7716
  -3.000  -0.0245   0.01136   0.00532  -0.0722  0.8825  0.4432  -1.2263   0.0000   0.0000   0.0000  -2.7433
  -2.000   0.0746   0.01050   0.00524  -0.0678  0.8518  0.7229  -0.8256   0.0000   0.0000   0.0000   1.1688
  -1.500   0.1222   0.01053   0.00535  -0.0649  0.8358  0.7918  -0.6413   0.0000   0.0000   0.0000   0.7849
  -1.000   0.1725   0.01054   0.00530  -0.0623  0.8214  0.8403  -0.5073   0.0000   0.0000   0.0000   0.6124
  -0.500   0.2190   0.01050   0.00524  -0.0589  0.8032  0.8820  -0.5473   0.0000   0.0000   0.0000   0.5191
   0.000   0.2702   0.01050   0.00518  -0.0567  0.7852  0.9210  -0.5900   0.0000   0.0000   0.0000   0.4590
   0.500   0.3461   0.01051   0.00508  -0.0598  0.7684  0.9499  -0.6547   0.0000   0.0000   0.0000   0.4211
   1.000   0.4377   0.01047   0.00488  -0.0664  0.7488  0.9702  -0.7303   0.0000   0.0000   0.0000   0.3995
   1.500   0.5269   0.01040   0.00469  -0.0731  0.7273  0.9881  -0.8135   0.0000   0.0000   0.0000   0.3860
   2.000   0.6015   0.01026   0.00446  -0.0773  0.7016  1.0000  -0.8929   0.0000   0.0000   0.0000   0.3754
   2.500   0.6334   0.01027   0.00440  -0.0730  0.6769  1.0000  -0.9502   0.0000   0.0000   0.0000   0.3617
   3.000   0.6673   0.01037   0.00444  -0.0690  0.6507  1.0000  -1.0162   0.0000   0.0000   0.0000   0.3493
   3.500   0.7068   0.01053   0.00453  -0.0657  0.6205  1.0000  -1.1030   0.0000   0.0000   0.0000   0.3385
   4.000   0.7515   0.01079   0.00468  -0.0634  0.5899  1.0000  -1.2070   0.0000   0.0000   0.0000   0.3294
   4.500   0.7976   0.01114   0.00492  -0.0614  0.5562  1.0000  -1.3467   0.0000   0.0000   0.0000   0.3215
   5.000   0.8438   0.01155   0.00525  -0.0594  0.5197  1.0000  -1.5746   0.0000   0.0000   0.0000   0.3145
   5.500   0.8889   0.01205   0.00566  -0.0573  0.4796  1.0000  -1.8886   0.0000   0.0000   0.0000   0.3080
   6.000   0.9334   0.01267   0.00615  -0.0552  0.4412  1.0000  -2.2155   0.0000   0.0000   0.0000   0.3021
   6.500   0.9762   0.01330   0.00673  -0.0529  0.3982  1.0000  -2.5512   0.0000   0.0000   0.0000   0.2966
   7.000   1.0166   0.01406   0.00739  -0.0503  0.3532  1.0000  -2.8921   0.0000   0.0000   0.0000   0.2913
   7.500   1.0547   0.01495   0.00821  -0.0474  0.3076  1.0000  -3.2356   0.0000   0.0000   0.0000   0.2862
   8.000   1.0893   0.01598   0.00913  -0.0441  0.2599  1.0000  -3.5753   0.0000   0.0000   0.0000   0.2811
   8.500   1.1170   0.01731   0.01023  -0.0398  0.2060  1.0000  -3.8951   0.0000   0.0000   0.0000   0.2757
   9.000   1.1373   0.01890   0.01156  -0.0346  0.1501  1.0000  -4.1985   0.0000   0.0000   0.0000   0.2698
   9.500   1.1495   0.02076   0.01322  -0.0284  0.1074  1.0000  -4.4728   0.0000   0.0000   0.0000   0.2634
  10.000   1.1633   0.02273   0.01511  -0.0230  0.0798  1.0000  -4.7489   0.0000   0.0000   0.0000   0.2577
  10.500   1.1739   0.02509   0.01750  -0.0178  0.0624  1.0000  -4.9937   0.0000   0.0000   0.0000   0.2524
  11.000   1.1755   0.02830   0.02073  -0.0126  0.0482  1.0000  -5.1666   0.0000   0.0000   0.0000   0.2472
  11.500   1.1804   0.03165   0.02418  -0.0086  0.0377  1.0000  -5.3266   0.0000   0.0000   0.0000   0.2430
  12.000   1.1769   0.03628   0.02902  -0.0047  0.0323  1.0000  -5.3871   0.0000   0.0000   0.0000   0.2388
  12.500   1.1858   0.04020   0.03316  -0.0022  0.0294  1.0000  -5.5378   0.0000   0.0000   0.0000   0.2359
  13.000   1.1944   0.04447   0.03768  -0.0003  0.0274  1.0000  -5.6954   0.0000   0.0000   0.0000   0.2334
  13.500   1.2017   0.04915   0.04257   0.0011  0.0262  1.0000  -5.8493   0.0000   0.0000   0.0000   0.2314
  14.000   1.2066   0.05451   0.04820   0.0020  0.0253  1.0000  -5.9776   0.0000   0.0000   0.0000   0.2298
  14.500   1.2058   0.06090   0.05492   0.0022  0.0247  1.0000  -6.0584   0.0000   0.0000   0.0000   0.2287
  15.000   1.1970   0.06863   0.06302   0.0012  0.0245  1.0000  -6.0831   0.0000   0.0000   0.0000   0.2286


