xflr5 v6.59

 Calculated polar for: revR_85_revT

 1 1 Reynolds number fixed          Mach number fixed         

 xtrf =   1.000 (top)        1.000 (bottom)
 Mach =   0.000     Re =     0.120 e 6     Ncrit =   9.000

  alpha     CL        CD       CDp       Cm    Top Xtr Bot Xtr   Cpmin    Chinge    XCp    
 ------- -------- --------- --------- -------- ------- ------- -------- --------- ---------
  -5.000  -0.0400   0.03212   0.02473  -0.1320  0.8747  0.0837  -2.2949   0.0000   0.0000   0.0000  -3.1454
  -4.500   0.0387   0.02837   0.02032  -0.1371  0.8698  0.0934  -2.0811   0.0000   0.0000   0.0000   3.8787
  -4.000   0.0712   0.02779   0.01959  -0.1338  0.8540  0.1072  -1.9201   0.0000   0.0000   0.0000   2.1731
  -3.500   0.1530   0.02569   0.01750  -0.1386  0.8489  0.1461  -1.6744   0.0000   0.0000   0.0000   1.1735
  -3.000   0.1987   0.02540   0.01735  -0.1377  0.8357  0.2011  -1.4871   0.0000   0.0000   0.0000   0.9550
  -2.500   0.2641   0.02455   0.01682  -0.1398  0.8264  0.2987  -1.2552   0.0000   0.0000   0.0000   0.7867
  -2.000   0.3401   0.02349   0.01619  -0.1427  0.8208  0.4335  -0.9972   0.0000   0.0000   0.0000   0.6739
  -1.500   0.3731   0.02415   0.01730  -0.1397  0.8040  0.5512  -0.8386   0.0000   0.0000   0.0000   0.6274
  -1.000   0.4331   0.02342   0.01703  -0.1379  0.7969  0.7182  -0.7388   0.0000   0.0000   0.0000   0.5701
  -0.500   0.4537   0.02421   0.01802  -0.1307  0.7797  0.8320  -0.7592   0.0000   0.0000   0.0000   0.5387
   0.000   0.5087   0.02325   0.01702  -0.1278  0.7718  1.0000  -0.8047   0.0000   0.0000   0.0000   0.5007
   1.000   0.6340   0.02383   0.01707  -0.1314  0.7474  1.0000  -0.9066   0.0000   0.0000   0.0000   0.4550
   2.000   0.7533   0.02403   0.01697  -0.1324  0.7225  1.0000  -1.0183   0.0000   0.0000   0.0000   0.4221
   3.000   0.8719   0.02390   0.01666  -0.1326  0.6971  1.0000  -1.1483   0.0000   0.0000   0.0000   0.3971
   3.500   0.9258   0.02401   0.01675  -0.1320  0.6816  1.0000  -1.2126   0.0000   0.0000   0.0000   0.3869
   4.000   0.9945   0.02311   0.01579  -0.1328  0.6704  1.0000  -1.2982   0.0000   0.0000   0.0000   0.3772
   4.500   1.0435   0.02344   0.01616  -0.1316  0.6526  1.0000  -1.3692   0.0000   0.0000   0.0000   0.3691
   5.000   1.1214   0.02198   0.01458  -0.1334  0.6419  1.0000  -1.4788   0.0000   0.0000   0.0000   0.3613
   5.500   1.1677   0.02225   0.01495  -0.1317  0.6213  1.0000  -1.5664   0.0000   0.0000   0.0000   0.3544
   6.000   1.2189   0.02232   0.01510  -0.1305  0.6012  1.0000  -1.6695   0.0000   0.0000   0.0000   0.3480
   6.500   1.2739   0.02216   0.01495  -0.1297  0.5801  1.0000  -1.7964   0.0000   0.0000   0.0000   0.3420
   7.000   1.3276   0.02213   0.01494  -0.1288  0.5573  1.0000  -1.9284   0.0000   0.0000   0.0000   0.3365
   7.500   1.3774   0.02232   0.01514  -0.1274  0.5316  1.0000  -2.0868   0.0000   0.0000   0.0000   0.3311
   8.000   1.4232   0.02273   0.01556  -0.1255  0.5038  1.0000  -2.2457   0.0000   0.0000   0.0000   0.3260
   8.500   1.4654   0.02338   0.01620  -0.1231  0.4749  1.0000  -2.4398   0.0000   0.0000   0.0000   0.3210
   9.000   1.5049   0.02413   0.01688  -0.1203  0.4441  1.0000  -2.6687   0.0000   0.0000   0.0000   0.3161
   9.500   1.5374   0.02530   0.01802  -0.1168  0.4140  1.0000  -2.9494   0.0000   0.0000   0.0000   0.3113
  10.000   1.5575   0.02675   0.01955  -0.1116  0.3848  1.0000  -3.2018   0.0000   0.0000   0.0000   0.3061
  10.500   1.5705   0.02849   0.02137  -0.1057  0.3550  1.0000  -3.4364   0.0000   0.0000   0.0000   0.3009
  11.000   1.5804   0.03063   0.02354  -0.1002  0.3264  1.0000  -3.6640   0.0000   0.0000   0.0000   0.2961
  11.500   1.5886   0.03319   0.02610  -0.0950  0.2988  1.0000  -3.8879   0.0000   0.0000   0.0000   0.2916
  12.000   1.5930   0.03623   0.02913  -0.0902  0.2716  1.0000  -4.1002   0.0000   0.0000   0.0000   0.2874
  12.500   1.5938   0.03980   0.03266  -0.0856  0.2447  1.0000  -4.3062   0.0000   0.0000   0.0000   0.2835
  13.000   1.5915   0.04393   0.03678  -0.0814  0.2186  1.0000  -4.4995   0.0000   0.0000   0.0000   0.2799
  13.500   1.5843   0.04872   0.04162  -0.0777  0.1945  1.0000  -4.6709   0.0000   0.0000   0.0000   0.2767
  14.000   1.5763   0.05396   0.04690  -0.0745  0.1723  1.0000  -4.8355   0.0000   0.0000   0.0000   0.2739
  14.500   1.5658   0.05997   0.05308  -0.0722  0.1531  1.0000  -4.9829   0.0000   0.0000   0.0000   0.2716
  15.000   1.5572   0.06623   0.05952  -0.0704  0.1354  1.0000  -5.1313   0.0000   0.0000   0.0000   0.2696


