xflr5 v6.59

 Calculated polar for: revR_80_revT

 1 1 Reynolds number fixed          Mach number fixed         

 xtrf =   1.000 (top)        1.000 (bottom)
 Mach =   0.000     Re =     0.145 e 6     Ncrit =   9.000

  alpha     CL        CD       CDp       Cm    Top Xtr Bot Xtr   Cpmin    Chinge    XCp    
 ------- -------- --------- --------- -------- ------- ------- -------- --------- ---------
  -5.000   0.0261   0.02545   0.01779  -0.1392  0.8726  0.0787  -2.1936   0.0000   0.0000   0.0000   5.7253
  -4.500   0.0634   0.02342   0.01563  -0.1371  0.8585  0.0903  -2.0256   0.0000   0.0000   0.0000   2.4641
  -4.000   0.1286   0.02169   0.01381  -0.1386  0.8513  0.1151  -1.8001   0.0000   0.0000   0.0000   1.3504
  -3.500   0.1836   0.02087   0.01307  -0.1389  0.8420  0.1604  -1.5864   0.0000   0.0000   0.0000   1.0202
  -3.000   0.2376   0.02015   0.01258  -0.1390  0.8304  0.2353  -1.3703   0.0000   0.0000   0.0000   0.8441
  -2.500   0.3031   0.01925   0.01200  -0.1404  0.8235  0.3421  -1.1277   0.0000   0.0000   0.0000   0.7191
  -2.000   0.3485   0.01935   0.01247  -0.1393  0.8100  0.4496  -0.9345   0.0000   0.0000   0.0000   0.6536
  -1.500   0.4059   0.01872   0.01232  -0.1387  0.8013  0.5967  -0.7308   0.0000   0.0000   0.0000   0.5939
  -1.000   0.4501   0.01880   0.01272  -0.1354  0.7896  0.7263  -0.7530   0.0000   0.0000   0.0000   0.5519
  -0.500   0.4896   0.01868   0.01273  -0.1304  0.7778  0.8303  -0.7871   0.0000   0.0000   0.0000   0.5165
   0.000   0.5288   0.01829   0.01235  -0.1249  0.7690  0.9313  -0.8219   0.0000   0.0000   0.0000   0.4854
   0.500   0.5939   0.01843   0.01232  -0.1275  0.7545  1.0000  -0.8718   0.0000   0.0000   0.0000   0.4631
   1.000   0.6659   0.01802   0.01163  -0.1299  0.7471  1.0000  -0.9330   0.0000   0.0000   0.0000   0.4427
   1.500   0.7167   0.01847   0.01198  -0.1297  0.7302  1.0000  -0.9823   0.0000   0.0000   0.0000   0.4279
   2.000   0.7855   0.01805   0.01135  -0.1312  0.7221  1.0000  -1.0483   0.0000   0.0000   0.0000   0.4132
   2.500   0.8346   0.01852   0.01181  -0.1304  0.7050  1.0000  -1.1064   0.0000   0.0000   0.0000   0.4019
   3.000   0.8990   0.01813   0.01128  -0.1311  0.6935  1.0000  -1.1800   0.0000   0.0000   0.0000   0.3908
   3.500   0.9529   0.01819   0.01132  -0.1306  0.6770  1.0000  -1.2450   0.0000   0.0000   0.0000   0.3814
   4.000   1.0075   0.01827   0.01139  -0.1302  0.6606  1.0000  -1.3187   0.0000   0.0000   0.0000   0.3729
   4.500   1.0730   0.01776   0.01074  -0.1310  0.6470  1.0000  -1.4108   0.0000   0.0000   0.0000   0.3651
   5.000   1.1235   0.01784   0.01088  -0.1299  0.6265  1.0000  -1.4947   0.0000   0.0000   0.0000   0.3579
   5.500   1.1753   0.01801   0.01110  -0.1290  0.6062  1.0000  -1.5933   0.0000   0.0000   0.0000   0.3514
   6.000   1.2279   0.01815   0.01125  -0.1281  0.5847  1.0000  -1.7057   0.0000   0.0000   0.0000   0.3453
   6.500   1.2790   0.01832   0.01140  -0.1270  0.5603  1.0000  -1.8345   0.0000   0.0000   0.0000   0.3395
   7.000   1.3278   0.01869   0.01177  -0.1256  0.5346  1.0000  -1.9737   0.0000   0.0000   0.0000   0.3341
   7.500   1.3738   0.01918   0.01223  -0.1238  0.5064  1.0000  -2.1356   0.0000   0.0000   0.0000   0.3289
   8.000   1.4180   0.01984   0.01282  -0.1218  0.4770  1.0000  -2.3138   0.0000   0.0000   0.0000   0.3239
   8.500   1.4563   0.02075   0.01371  -0.1191  0.4465  1.0000  -2.5275   0.0000   0.0000   0.0000   0.3189
   9.000   1.4872   0.02183   0.01488  -0.1153  0.4149  1.0000  -2.7709   0.0000   0.0000   0.0000   0.3139
   9.500   1.5133   0.02309   0.01612  -0.1109  0.3843  1.0000  -3.0448   0.0000   0.0000   0.0000   0.3088
  10.000   1.5334   0.02462   0.01759  -0.1058  0.3547  1.0000  -3.3061   0.0000   0.0000   0.0000   0.3037
  10.500   1.5482   0.02654   0.01944  -0.1005  0.3252  1.0000  -3.5547   0.0000   0.0000   0.0000   0.2987
  11.000   1.5576   0.02889   0.02191  -0.0953  0.2966  1.0000  -3.7859   0.0000   0.0000   0.0000   0.2941
  11.500   1.5649   0.03169   0.02479  -0.0906  0.2686  1.0000  -4.0121   0.0000   0.0000   0.0000   0.2898
  12.000   1.5684   0.03505   0.02817  -0.0861  0.2408  1.0000  -4.2256   0.0000   0.0000   0.0000   0.2859
  12.500   1.5673   0.03904   0.03216  -0.0820  0.2136  1.0000  -4.4235   0.0000   0.0000   0.0000   0.2823
  13.000   1.5639   0.04356   0.03667  -0.0784  0.1884  1.0000  -4.6161   0.0000   0.0000   0.0000   0.2791
  13.500   1.5588   0.04858   0.04172  -0.0753  0.1653  1.0000  -4.7992   0.0000   0.0000   0.0000   0.2762
  14.000   1.5526   0.05411   0.04731  -0.0727  0.1446  1.0000  -4.9732   0.0000   0.0000   0.0000   0.2737
  14.500   1.5457   0.06011   0.05344  -0.0707  0.1262  1.0000  -5.1390   0.0000   0.0000   0.0000   0.2715
  15.000   1.5374   0.06655   0.05992  -0.0691  0.1104  1.0000  -5.2916   0.0000   0.0000   0.0000   0.2696


