xflr5 v6.59

 Calculated polar for: revR_40_revT

 1 1 Reynolds number fixed          Mach number fixed         

 xtrf =   1.000 (top)        1.000 (bottom)
 Mach =   0.000     Re =     0.285 e 6     Ncrit =   9.000

  alpha     CL        CD       CDp       Cm    Top Xtr Bot Xtr   Cpmin    Chinge    XCp    
 ------- -------- --------- --------- -------- ------- ------- -------- --------- ---------
  -5.000  -0.1023   0.01384   0.00695  -0.1016  0.8665  0.0635  -2.4213   0.0000   0.0000   0.0000  -0.7695
  -4.500  -0.0491   0.01293   0.00592  -0.1011  0.8548  0.0824  -2.0960   0.0000   0.0000   0.0000  -1.8578
  -4.000   0.0041   0.01218   0.00524  -0.1007  0.8430  0.1223  -1.7830   0.0000   0.0000   0.0000  25.1195
  -3.500   0.0578   0.01147   0.00479  -0.1005  0.8311  0.1980  -1.4776   0.0000   0.0000   0.0000   2.0191
  -3.000   0.1116   0.01096   0.00452  -0.1003  0.8199  0.2871  -1.2468   0.0000   0.0000   0.0000   1.1614
  -2.500   0.1656   0.01042   0.00428  -0.1001  0.8082  0.3935  -1.0284   0.0000   0.0000   0.0000   0.8612
  -2.000   0.2180   0.00989   0.00422  -0.0994  0.7959  0.5419  -0.8209   0.0000   0.0000   0.0000   0.7096
  -1.500   0.2703   0.00957   0.00422  -0.0982  0.7836  0.6642  -0.6305   0.0000   0.0000   0.0000   0.6151
  -1.000   0.3221   0.00952   0.00431  -0.0967  0.7714  0.7517  -0.6329   0.0000   0.0000   0.0000   0.5507
  -0.500   0.3732   0.00945   0.00428  -0.0948  0.7583  0.8085  -0.6729   0.0000   0.0000   0.0000   0.5037
   0.000   0.4224   0.00943   0.00429  -0.0927  0.7440  0.8546  -0.7160   0.0000   0.0000   0.0000   0.4682
   0.500   0.4700   0.00938   0.00419  -0.0900  0.7311  0.9000  -0.7613   0.0000   0.0000   0.0000   0.4395
   1.000   0.5192   0.00924   0.00409  -0.0878  0.7152  0.9461  -0.8093   0.0000   0.0000   0.0000   0.4166
   1.500   0.5975   0.00915   0.00390  -0.0922  0.6987  0.9913  -0.8825   0.0000   0.0000   0.0000   0.4013
   2.000   0.6561   0.00922   0.00382  -0.0931  0.6816  1.0000  -0.9450   0.0000   0.0000   0.0000   0.3884
   2.500   0.7108   0.00932   0.00384  -0.0931  0.6620  1.0000  -1.0076   0.0000   0.0000   0.0000   0.3769
   3.000   0.7655   0.00945   0.00390  -0.0930  0.6402  1.0000  -1.0803   0.0000   0.0000   0.0000   0.3668
   3.500   0.8201   0.00965   0.00403  -0.0927  0.6176  1.0000  -1.1570   0.0000   0.0000   0.0000   0.3580
   4.000   0.8739   0.00990   0.00420  -0.0924  0.5926  1.0000  -1.2460   0.0000   0.0000   0.0000   0.3501
   4.500   0.9266   0.01024   0.00441  -0.0918  0.5646  1.0000  -1.3482   0.0000   0.0000   0.0000   0.3429
   5.000   0.9785   0.01061   0.00476  -0.0911  0.5352  1.0000  -1.4682   0.0000   0.0000   0.0000   0.3364
   5.500   1.0291   0.01108   0.00515  -0.0903  0.5022  1.0000  -1.6154   0.0000   0.0000   0.0000   0.3304
   6.000   1.0781   0.01167   0.00563  -0.0892  0.4684  1.0000  -1.7932   0.0000   0.0000   0.0000   0.3248
   6.500   1.1265   0.01228   0.00620  -0.0881  0.4327  1.0000  -2.0957   0.0000   0.0000   0.0000   0.3196
   7.000   1.1721   0.01305   0.00686  -0.0866  0.3942  1.0000  -2.4110   0.0000   0.0000   0.0000   0.3147
   7.500   1.2165   0.01389   0.00763  -0.0850  0.3561  1.0000  -2.7392   0.0000   0.0000   0.0000   0.3100
   8.000   1.2586   0.01486   0.00851  -0.0831  0.3168  1.0000  -3.0830   0.0000   0.0000   0.0000   0.3055
   8.500   1.2958   0.01606   0.00954  -0.0807  0.2703  1.0000  -3.4222   0.0000   0.0000   0.0000   0.3010
   9.000   1.3291   0.01744   0.01079  -0.0777  0.2264  1.0000  -3.7571   0.0000   0.0000   0.0000   0.2965
   9.500   1.3552   0.01907   0.01224  -0.0739  0.1849  1.0000  -4.0715   0.0000   0.0000   0.0000   0.2918
  10.000   1.3770   0.02104   0.01405  -0.0699  0.1445  1.0000  -4.3742   0.0000   0.0000   0.0000   0.2872
  10.500   1.3965   0.02331   0.01622  -0.0661  0.1108  1.0000  -4.6695   0.0000   0.0000   0.0000   0.2830
  11.000   1.4121   0.02603   0.01885  -0.0625  0.0853  1.0000  -4.9484   0.0000   0.0000   0.0000   0.2791
  11.500   1.4259   0.02908   0.02196  -0.0593  0.0669  1.0000  -5.2152   0.0000   0.0000   0.0000   0.2756
  12.000   1.4357   0.03266   0.02563  -0.0562  0.0532  1.0000  -5.4541   0.0000   0.0000   0.0000   0.2722
  12.500   1.4292   0.03796   0.03098  -0.0528  0.0414  1.0000  -5.5904   0.0000   0.0000   0.0000   0.2691
  13.000   1.4408   0.04181   0.03504  -0.0509  0.0357  1.0000  -5.8149   0.0000   0.0000   0.0000   0.2665
  13.500   1.4326   0.04786   0.04120  -0.0488  0.0302  1.0000  -5.9200   0.0000   0.0000   0.0000   0.2643
  14.000   1.4128   0.05545   0.04906  -0.0467  0.0270  1.0000  -5.9169   0.0000   0.0000   0.0000   0.2623
  14.500   1.4137   0.06122   0.05508  -0.0459  0.0257  1.0000  -6.0552   0.0000   0.0000   0.0000   0.2607
  15.000   1.4110   0.06766   0.06177  -0.0455  0.0244  1.0000  -6.1710   0.0000   0.0000   0.0000   0.2594


