xflr5 v6.59

 Calculated polar for: revR_95_revT

 1 1 Reynolds number fixed          Mach number fixed         

 xtrf =   1.000 (top)        1.000 (bottom)
 Mach =   0.000     Re =     0.250 e 6     Ncrit =   9.000

  alpha     CL        CD       CDp       Cm    Top Xtr Bot Xtr   Cpmin    Chinge    XCp    
 ------- -------- --------- --------- -------- ------- ------- -------- --------- ---------
  -5.000   0.1169   0.01752   0.01039  -0.1514  0.8162  0.0577  -2.2483   0.0000   0.0000   0.0000   1.5774
  -4.500   0.1690   0.01615   0.00902  -0.1512  0.8075  0.0684  -2.0254   0.0000   0.0000   0.0000   1.1648
  -4.000   0.2254   0.01518   0.00801  -0.1515  0.7997  0.0895  -1.7981   0.0000   0.0000   0.0000   0.9356
  -3.500   0.2841   0.01441   0.00726  -0.1522  0.7924  0.1286  -1.5632   0.0000   0.0000   0.0000   0.7946
  -3.000   0.3379   0.01402   0.00706  -0.1522  0.7831  0.1906  -1.3285   0.0000   0.0000   0.0000   0.7069
  -2.500   0.3947   0.01359   0.00682  -0.1526  0.7745  0.2629  -1.1012   0.0000   0.0000   0.0000   0.6411
  -2.000   0.4539   0.01322   0.00660  -0.1533  0.7672  0.3518  -0.8750   0.0000   0.0000   0.0000   0.5905
  -1.500   0.5081   0.01303   0.00671  -0.1533  0.7578  0.4475  -0.8181   0.0000   0.0000   0.0000   0.5531
  -1.000   0.5639   0.01266   0.00665  -0.1531  0.7480  0.5639  -0.8592   0.0000   0.0000   0.0000   0.5220
  -0.500   0.6199   0.01241   0.00664  -0.1525  0.7397  0.6912  -0.9040   0.0000   0.0000   0.0000   0.4955
   0.000   0.6672   0.01242   0.00691  -0.1503  0.7292  0.7841  -0.9429   0.0000   0.0000   0.0000   0.4740
   0.500   0.7157   0.01224   0.00677  -0.1479  0.7194  0.8541  -0.9837   0.0000   0.0000   0.0000   0.4546
   1.000   0.7572   0.01200   0.00658  -0.1439  0.7089  0.9454  -1.0263   0.0000   0.0000   0.0000   0.4372
   1.500   0.8216   0.01200   0.00648  -0.1459  0.6972  1.0000  -1.0861   0.0000   0.0000   0.0000   0.4241
   2.000   0.8848   0.01209   0.00635  -0.1474  0.6872  1.0000  -1.1476   0.0000   0.0000   0.0000   0.4124
   2.500   0.9395   0.01216   0.00641  -0.1474  0.6726  1.0000  -1.2101   0.0000   0.0000   0.0000   0.4020
   3.000   0.9995   0.01221   0.00630  -0.1481  0.6606  1.0000  -1.2810   0.0000   0.0000   0.0000   0.3927
   3.500   1.0531   0.01233   0.00643  -0.1479  0.6452  1.0000  -1.3473   0.0000   0.0000   0.0000   0.3842
   4.000   1.1090   0.01247   0.00650  -0.1479  0.6302  1.0000  -1.4163   0.0000   0.0000   0.0000   0.3764
   4.500   1.1640   0.01257   0.00650  -0.1477  0.6125  1.0000  -1.4991   0.0000   0.0000   0.0000   0.3693
   5.000   1.2152   0.01286   0.00684  -0.1470  0.5942  1.0000  -1.5788   0.0000   0.0000   0.0000   0.3627
   5.500   1.2669   0.01320   0.00716  -0.1464  0.5752  1.0000  -1.6733   0.0000   0.0000   0.0000   0.3565
   6.000   1.3163   0.01357   0.00748  -0.1453  0.5523  1.0000  -1.7724   0.0000   0.0000   0.0000   0.3506
   6.500   1.3642   0.01407   0.00793  -0.1441  0.5294  1.0000  -1.8926   0.0000   0.0000   0.0000   0.3451
   7.000   1.4090   0.01467   0.00849  -0.1423  0.5042  1.0000  -2.0141   0.0000   0.0000   0.0000   0.3398
   7.500   1.4502   0.01538   0.00918  -0.1401  0.4770  1.0000  -2.1498   0.0000   0.0000   0.0000   0.3345
   8.500   1.5187   0.01722   0.01096  -0.1334  0.4209  1.0000  -2.4332   0.0000   0.0000   0.0000   0.3242
   9.000   1.5455   0.01842   0.01214  -0.1291  0.3943  1.0000  -2.6017   0.0000   0.0000   0.0000   0.3190
   9.500   1.5684   0.01989   0.01359  -0.1245  0.3680  1.0000  -2.7916   0.0000   0.0000   0.0000   0.3140
  10.000   1.5863   0.02174   0.01543  -0.1198  0.3396  1.0000  -3.0051   0.0000   0.0000   0.0000   0.3093
  10.500   1.6027   0.02392   0.01758  -0.1154  0.3135  1.0000  -3.2389   0.0000   0.0000   0.0000   0.3048
  11.000   1.6184   0.02637   0.02005  -0.1114  0.2890  1.0000  -3.4747   0.0000   0.0000   0.0000   0.3007
  11.500   1.6301   0.02926   0.02293  -0.1074  0.2642  1.0000  -3.7016   0.0000   0.0000   0.0000   0.2968
  12.000   1.6384   0.03257   0.02627  -0.1036  0.2392  1.0000  -3.9235   0.0000   0.0000   0.0000   0.2931
  12.500   1.6434   0.03633   0.03002  -0.0999  0.2144  1.0000  -4.1405   0.0000   0.0000   0.0000   0.2897
  13.000   1.6460   0.04050   0.03420  -0.0965  0.1910  1.0000  -4.3501   0.0000   0.0000   0.0000   0.2865
  13.500   1.6477   0.04505   0.03878  -0.0936  0.1691  1.0000  -4.5570   0.0000   0.0000   0.0000   0.2835
  14.000   1.6471   0.05011   0.04387  -0.0910  0.1491  1.0000  -4.7552   0.0000   0.0000   0.0000   0.2809
  14.500   1.6446   0.05559   0.04943  -0.0887  0.1314  1.0000  -4.9447   0.0000   0.0000   0.0000   0.2785
  15.000   1.6373   0.06190   0.05578  -0.0869  0.1157  1.0000  -5.1121   0.0000   0.0000   0.0000   0.2765
  15.500   1.6287   0.06867   0.06260  -0.0856  0.1017  1.0000  -5.2721   0.0000   0.0000   0.0000   0.2748
  16.000   1.6246   0.07509   0.06918  -0.0848  0.0898  1.0000  -5.4492   0.0000   0.0000   0.0000   0.2733
  16.500   1.6074   0.08342   0.07753  -0.0844  0.0789  1.0000  -5.5587   0.0000   0.0000   0.0000   0.2724
  17.000   1.6020   0.09056   0.08488  -0.0846  0.0701  1.0000  -5.7308   0.0000   0.0000   0.0000   0.2715
  17.500   1.5826   0.09957   0.09394  -0.0853  0.0619  1.0000  -5.8200   0.0000   0.0000   0.0000   0.2714
  18.000   1.5750   0.10739   0.10201  -0.0865  0.0553  1.0000  -5.9896   0.0000   0.0000   0.0000   0.2712
  18.500   1.5537   0.11707   0.11173  -0.0884  0.0486  1.0000  -6.0705   0.0000   0.0000   0.0000   0.2719
  19.000   1.5469   0.12504   0.11996  -0.0905  0.0444  1.0000  -6.2344   0.0000   0.0000   0.0000   0.2723
  19.500   1.5353   0.13384   0.12891  -0.0935  0.0405  1.0000  -6.3676   0.0000   0.0000   0.0000   0.2734
  20.000   1.5257   0.14176   0.13688  -0.0958  0.0362  1.0000  -6.4943   0.0000   0.0000   0.0000   0.2740
  20.500   1.5195   0.15012   0.14551  -0.0994  0.0338  1.0000  -6.6385   0.0000   0.0000   0.0000   0.2753
  21.000   1.5138   0.15838   0.15397  -0.1034  0.0313  1.0000  -6.7802   0.0000   0.0000   0.0000   0.2768
  21.500   1.5082   0.16652   0.16220  -0.1077  0.0292  1.0000  -6.9195   0.0000   0.0000   0.0000   0.2786
  22.000   1.5034   0.17389   0.16972  -0.1112  0.0269  1.0000  -7.0284   0.0000   0.0000   0.0000   0.2798
  22.500   1.4940   0.18370   0.17984  -0.1174  0.0259  1.0000  -7.0883   0.0000   0.0000   0.0000   0.2830
  23.000   1.4814   0.19450   0.19094  -0.1245  0.0248  1.0000  -7.0919   0.0000   0.0000   0.0000   0.2871
  23.500   1.4650   0.20672   0.20346  -0.1331  0.0239  1.0000  -7.0297   0.0000   0.0000   0.0000   0.2926
  24.000   1.4381   0.22267   0.21975  -0.1447  0.0233  1.0000  -6.7850   0.0000   0.0000   0.0000   0.3013
  25.500   1.3050   0.32800   0.32531  -0.2110  0.0334  1.0000  -2.6202   0.0000   0.0000   0.0000   0.3649
  26.000   1.3188   0.33393   0.33127  -0.2163  0.0302  1.0000  -2.6586   0.0000   0.0000   0.0000   0.3657
  26.500   1.3345   0.33772   0.33510  -0.2193  0.0285  1.0000  -2.8353   0.0000   0.0000   0.0000   0.3642
  27.000   1.3488   0.34582   0.34324  -0.2210  0.0272  1.0000  -2.9710   0.0000   0.0000   0.0000   0.3620
  27.500   1.3592   0.35321   0.35062  -0.2297  0.0268  1.0000  -2.7924   0.0000   0.0000   0.0000   0.3659
  28.000   1.3702   0.36092   0.35833  -0.2393  0.0229  1.0000  -2.5982   0.0000   0.0000   0.0000   0.3702
  28.500   1.3832   0.36570   0.36313  -0.2438  0.0215  1.0000  -2.6977   0.0000   0.0000   0.0000   0.3700
  29.000   1.3969   0.36969   0.36717  -0.2466  0.0206  1.0000  -2.8931   0.0000   0.0000   0.0000   0.3682
  29.500   1.4095   0.37878   0.37628  -0.2498  0.0200  1.0000  -2.9474   0.0000   0.0000   0.0000   0.3672
  30.000   1.4194   0.38601   0.38347  -0.2616  0.0186  1.0000  -2.5911   0.0000   0.0000   0.0000   0.3729


