xflr5 v6.59

 Calculated polar for: revR_75_revT

 1 1 Reynolds number fixed          Mach number fixed         

 xtrf =   1.000 (top)        1.000 (bottom)
 Mach =   0.000     Re =     0.345 e 6     Ncrit =   9.000

  alpha     CL        CD       CDp       Cm    Top Xtr Bot Xtr   Cpmin    Chinge    XCp    
 ------- -------- --------- --------- -------- ------- ------- -------- --------- ---------
  -5.000   0.0375   0.01366   0.00691  -0.1321  0.8104  0.0521  -2.3072   0.0000   0.0000   0.0000   3.8571
  -4.500   0.0935   0.01287   0.00602  -0.1323  0.8024  0.0643  -2.0315   0.0000   0.0000   0.0000   1.6956
  -4.000   0.1492   0.01219   0.00530  -0.1324  0.7942  0.0868  -1.7845   0.0000   0.0000   0.0000   1.1546
  -3.500   0.2048   0.01151   0.00476  -0.1326  0.7846  0.1325  -1.5349   0.0000   0.0000   0.0000   0.9079
  -3.000   0.2617   0.01103   0.00444  -0.1330  0.7763  0.1999  -1.2906   0.0000   0.0000   0.0000   0.7649
  -2.500   0.3178   0.01072   0.00433  -0.1333  0.7678  0.2734  -1.0589   0.0000   0.0000   0.0000   0.6738
  -2.000   0.3741   0.01034   0.00416  -0.1335  0.7579  0.3608  -0.8440   0.0000   0.0000   0.0000   0.6095
  -1.500   0.4312   0.01002   0.00408  -0.1338  0.7484  0.4720  -0.7424   0.0000   0.0000   0.0000   0.5616
  -1.000   0.4857   0.00968   0.00409  -0.1335  0.7383  0.5843  -0.7838   0.0000   0.0000   0.0000   0.5252
  -0.500   0.5400   0.00945   0.00414  -0.1328  0.7288  0.7040  -0.8257   0.0000   0.0000   0.0000   0.4953
   0.000   0.5929   0.00943   0.00423  -0.1317  0.7177  0.7777  -0.8670   0.0000   0.0000   0.0000   0.4708
   0.500   0.6440   0.00934   0.00421  -0.1301  0.7061  0.8356  -0.9133   0.0000   0.0000   0.0000   0.4500
   1.000   0.6921   0.00932   0.00424  -0.1279  0.6955  0.8896  -0.9621   0.0000   0.0000   0.0000   0.4320
   1.500   0.7409   0.00911   0.00408  -0.1258  0.6819  0.9573  -1.0119   0.0000   0.0000   0.0000   0.4163
   2.000   0.8055   0.00916   0.00402  -0.1278  0.6681  1.0000  -1.0790   0.0000   0.0000   0.0000   0.4046
   2.500   0.8637   0.00926   0.00400  -0.1284  0.6532  1.0000  -1.1448   0.0000   0.0000   0.0000   0.3940
   3.000   0.9200   0.00941   0.00412  -0.1286  0.6367  1.0000  -1.2098   0.0000   0.0000   0.0000   0.3846
   3.500   0.9755   0.00959   0.00421  -0.1286  0.6181  1.0000  -1.2798   0.0000   0.0000   0.0000   0.3760
   4.000   1.0305   0.00985   0.00436  -0.1286  0.5999  1.0000  -1.3583   0.0000   0.0000   0.0000   0.3683
   4.500   1.0841   0.01013   0.00460  -0.1283  0.5792  1.0000  -1.4383   0.0000   0.0000   0.0000   0.3612
   5.000   1.1359   0.01049   0.00488  -0.1277  0.5543  1.0000  -1.5346   0.0000   0.0000   0.0000   0.3546
   5.500   1.1870   0.01091   0.00526  -0.1270  0.5304  1.0000  -1.6363   0.0000   0.0000   0.0000   0.3485
   6.000   1.2359   0.01144   0.00570  -0.1259  0.5028  1.0000  -1.7602   0.0000   0.0000   0.0000   0.3428
   6.500   1.2836   0.01201   0.00624  -0.1247  0.4747  1.0000  -1.8850   0.0000   0.0000   0.0000   0.3374
   7.000   1.3292   0.01267   0.00686  -0.1232  0.4447  1.0000  -2.0458   0.0000   0.0000   0.0000   0.3322
   7.500   1.3710   0.01349   0.00758  -0.1212  0.4119  1.0000  -2.2061   0.0000   0.0000   0.0000   0.3271
   8.000   1.4106   0.01441   0.00843  -0.1188  0.3831  1.0000  -2.4105   0.0000   0.0000   0.0000   0.3222
   8.500   1.4452   0.01542   0.00938  -0.1157  0.3507  1.0000  -2.6497   0.0000   0.0000   0.0000   0.3172
   9.000   1.4748   0.01662   0.01054  -0.1119  0.3188  1.0000  -2.9389   0.0000   0.0000   0.0000   0.3123
   9.500   1.5014   0.01805   0.01192  -0.1080  0.2905  1.0000  -3.2269   0.0000   0.0000   0.0000   0.3075
  10.500   1.5435   0.02196   0.01569  -0.1001  0.2298  1.0000  -3.7860   0.0000   0.0000   0.0000   0.2987
  11.000   1.5613   0.02439   0.01808  -0.0964  0.2012  1.0000  -4.0625   0.0000   0.0000   0.0000   0.2948
  11.500   1.5751   0.02729   0.02094  -0.0929  0.1729  1.0000  -4.3283   0.0000   0.0000   0.0000   0.2910
  12.000   1.5844   0.03069   0.02427  -0.0893  0.1471  1.0000  -4.5798   0.0000   0.0000   0.0000   0.2874
  12.500   1.5910   0.03449   0.02802  -0.0859  0.1236  1.0000  -4.8307   0.0000   0.0000   0.0000   0.2841
  13.000   1.5956   0.03862   0.03214  -0.0829  0.1037  1.0000  -5.0750   0.0000   0.0000   0.0000   0.2810
  13.500   1.6001   0.04296   0.03653  -0.0802  0.0876  1.0000  -5.3198   0.0000   0.0000   0.0000   0.2782
  14.000   1.6019   0.04782   0.04146  -0.0779  0.0738  1.0000  -5.5524   0.0000   0.0000   0.0000   0.2757
  14.500   1.5967   0.05373   0.04740  -0.0759  0.0616  1.0000  -5.7473   0.0000   0.0000   0.0000   0.2735
  15.000   1.5961   0.05940   0.05322  -0.0746  0.0528  1.0000  -5.9659   0.0000   0.0000   0.0000   0.2716


