xflr5 v6.59

 Calculated polar for: revR_35_revT

 1 1 Reynolds number fixed          Mach number fixed         

 xtrf =   1.000 (top)        1.000 (bottom)
 Mach =   0.000     Re =     0.205 e 6     Ncrit =   9.000

  alpha     CL        CD       CDp       Cm    Top Xtr Bot Xtr   Cpmin    Chinge    XCp    
 ------- -------- --------- --------- -------- ------- ------- -------- --------- ---------
  -5.000  -0.1204   0.01670   0.00936  -0.1002  0.9027  0.0758  -2.3714   0.0000   0.0000   0.0000  -0.6044
  -4.500  -0.0669   0.01527   0.00786  -0.0998  0.8912  0.0984  -2.0659   0.0000   0.0000   0.0000  -1.2762
  -4.000  -0.0142   0.01409   0.00687  -0.0994  0.8782  0.1520  -1.7697   0.0000   0.0000   0.0000  -6.8707
  -3.500   0.0380   0.01334   0.00643  -0.0989  0.8655  0.2415  -1.4665   0.0000   0.0000   0.0000   2.9000
  -3.000   0.0912   0.01259   0.00602  -0.0985  0.8532  0.3485  -1.2324   0.0000   0.0000   0.0000   1.3452
  -2.500   0.1415   0.01202   0.00595  -0.0975  0.8401  0.4944  -1.0244   0.0000   0.0000   0.0000   0.9471
  -2.000   0.1922   0.01154   0.00592  -0.0956  0.8279  0.6446  -0.8217   0.0000   0.0000   0.0000   0.7519
  -1.500   0.2400   0.01151   0.00608  -0.0930  0.8132  0.7417  -0.6406   0.0000   0.0000   0.0000   0.6400
  -1.000   0.2895   0.01148   0.00604  -0.0903  0.8018  0.8096  -0.6041   0.0000   0.0000   0.0000   0.5627
  -0.500   0.3329   0.01148   0.00609  -0.0866  0.7860  0.8631  -0.6406   0.0000   0.0000   0.0000   0.5101
   0.000   0.3775   0.01138   0.00595  -0.0829  0.7722  0.9128  -0.6807   0.0000   0.0000   0.0000   0.4687
   0.500   0.4410   0.01115   0.00561  -0.0833  0.7575  0.9605  -0.7349   0.0000   0.0000   0.0000   0.4373
   1.000   0.5330   0.01102   0.00539  -0.0907  0.7415  0.9985  -0.8093   0.0000   0.0000   0.0000   0.4179
   1.500   0.5805   0.01104   0.00526  -0.0895  0.7244  1.0000  -0.8631   0.0000   0.0000   0.0000   0.4014
   2.000   0.6338   0.01108   0.00513  -0.0891  0.7071  1.0000  -0.9218   0.0000   0.0000   0.0000   0.3872
   2.500   0.6869   0.01116   0.00515  -0.0887  0.6867  1.0000  -0.9847   0.0000   0.0000   0.0000   0.3752
   3.000   0.7409   0.01127   0.00519  -0.0882  0.6652  1.0000  -1.0574   0.0000   0.0000   0.0000   0.3647
   3.500   0.7950   0.01140   0.00526  -0.0878  0.6422  1.0000  -1.1356   0.0000   0.0000   0.0000   0.3555
   4.000   0.8487   0.01159   0.00539  -0.0872  0.6180  1.0000  -1.2263   0.0000   0.0000   0.0000   0.3473
   4.500   0.9018   0.01183   0.00553  -0.0865  0.5907  1.0000  -1.3328   0.0000   0.0000   0.0000   0.3400
   5.000   0.9536   0.01218   0.00582  -0.0857  0.5611  1.0000  -1.4587   0.0000   0.0000   0.0000   0.3333
   5.500   1.0039   0.01259   0.00621  -0.0847  0.5281  1.0000  -1.6108   0.0000   0.0000   0.0000   0.3273
   6.000   1.0532   0.01316   0.00663  -0.0835  0.4938  1.0000  -1.8408   0.0000   0.0000   0.0000   0.3216
   6.500   1.1007   0.01375   0.00724  -0.0822  0.4567  1.0000  -2.1527   0.0000   0.0000   0.0000   0.3163
   7.000   1.1462   0.01452   0.00791  -0.0805  0.4186  1.0000  -2.4728   0.0000   0.0000   0.0000   0.3113
   7.500   1.1892   0.01538   0.00870  -0.0786  0.3776  1.0000  -2.7980   0.0000   0.0000   0.0000   0.3065
   8.000   1.2309   0.01634   0.00964  -0.0766  0.3381  1.0000  -3.1378   0.0000   0.0000   0.0000   0.3019
   8.500   1.2678   0.01752   0.01072  -0.0741  0.2947  1.0000  -3.4795   0.0000   0.0000   0.0000   0.2974
   9.000   1.3000   0.01892   0.01203  -0.0710  0.2497  1.0000  -3.8127   0.0000   0.0000   0.0000   0.2928
   9.500   1.3247   0.02060   0.01357  -0.0669  0.2053  1.0000  -4.1233   0.0000   0.0000   0.0000   0.2880
  10.000   1.3428   0.02275   0.01555  -0.0625  0.1614  1.0000  -4.4096   0.0000   0.0000   0.0000   0.2833
  10.500   1.3553   0.02550   0.01810  -0.0583  0.1215  1.0000  -4.6724   0.0000   0.0000   0.0000   0.2789
  11.000   1.3683   0.02851   0.02106  -0.0547  0.0926  1.0000  -4.9321   0.0000   0.0000   0.0000   0.2751
  11.500   1.3762   0.03215   0.02471  -0.0512  0.0731  1.0000  -5.1588   0.0000   0.0000   0.0000   0.2715
  12.000   1.3728   0.03705   0.02965  -0.0477  0.0580  1.0000  -5.3136   0.0000   0.0000   0.0000   0.2681
  12.500   1.3836   0.04094   0.03379  -0.0456  0.0489  1.0000  -5.5279   0.0000   0.0000   0.0000   0.2654
  13.000   1.3679   0.04760   0.04053  -0.0425  0.0406  1.0000  -5.5663   0.0000   0.0000   0.0000   0.2626
  13.500   1.3736   0.05243   0.04565  -0.0410  0.0366  1.0000  -5.7142   0.0000   0.0000   0.0000   0.2604
  14.000   1.3736   0.05807   0.05150  -0.0397  0.0332  1.0000  -5.8294   0.0000   0.0000   0.0000   0.2585
  14.500   1.3711   0.06420   0.05783  -0.0389  0.0309  1.0000  -5.9371   0.0000   0.0000   0.0000   0.2569
  15.000   1.3664   0.07086   0.06470  -0.0378  0.0290  1.0000  -6.0032   0.0000   0.0000   0.0000   0.2553


