xflr5 v6.59

 Calculated polar for: revR_100_revT

 1 1 Reynolds number fixed          Mach number fixed         

 xtrf =   1.000 (top)        1.000 (bottom)
 Mach =   0.000     Re =     0.325 e 6     Ncrit =   9.000

  alpha     CL        CD       CDp       Cm    Top Xtr Bot Xtr   Cpmin    Chinge    XCp    
 ------- -------- --------- --------- -------- ------- ------- -------- --------- ---------
  -5.000   0.1402   0.01508   0.00824  -0.1549  0.7935  0.0508  -2.2943   0.0000   0.0000   0.0000   1.3822
  -4.500   0.1951   0.01392   0.00703  -0.1552  0.7867  0.0597  -2.0651   0.0000   0.0000   0.0000   1.0629
  -4.000   0.2515   0.01318   0.00630  -0.1555  0.7789  0.0794  -1.8228   0.0000   0.0000   0.0000   0.8805
  -3.500   0.3096   0.01262   0.00569  -0.1560  0.7712  0.1106  -1.5717   0.0000   0.0000   0.0000   0.7624
  -3.000   0.3673   0.01221   0.00543  -0.1567  0.7636  0.1674  -1.3291   0.0000   0.0000   0.0000   0.6825
  -2.500   0.4233   0.01186   0.00530  -0.1571  0.7560  0.2350  -1.0948   0.0000   0.0000   0.0000   0.6250
  -2.000   0.4811   0.01151   0.00511  -0.1576  0.7477  0.3085  -0.8740   0.0000   0.0000   0.0000   0.5800
  -1.500   0.5398   0.01128   0.00502  -0.1582  0.7396  0.3985  -0.8507   0.0000   0.0000   0.0000   0.5443
  -1.000   0.5953   0.01104   0.00505  -0.1583  0.7307  0.4912  -0.8903   0.0000   0.0000   0.0000   0.5161
  -0.500   0.6516   0.01071   0.00504  -0.1583  0.7213  0.6115  -0.9355   0.0000   0.0000   0.0000   0.4922
   0.000   0.7072   0.01065   0.00516  -0.1578  0.7129  0.7216  -0.9806   0.0000   0.0000   0.0000   0.4716
   0.500   0.7575   0.01056   0.00527  -0.1563  0.7026  0.8015  -1.0227   0.0000   0.0000   0.0000   0.4541
   1.000   0.8058   0.01038   0.00516  -0.1540  0.6922  0.8696  -1.0676   0.0000   0.0000   0.0000   0.4381
   1.500   0.8519   0.01026   0.00509  -0.1514  0.6825  0.9621  -1.1163   0.0000   0.0000   0.0000   0.4240
   2.000   0.9133   0.01027   0.00503  -0.1527  0.6702  1.0000  -1.1769   0.0000   0.0000   0.0000   0.4129
   2.500   0.9725   0.01039   0.00499  -0.1535  0.6579  1.0000  -1.2417   0.0000   0.0000   0.0000   0.4028
   3.000   1.0284   0.01048   0.00506  -0.1537  0.6440  1.0000  -1.3099   0.0000   0.0000   0.0000   0.3937
   3.500   1.0850   0.01068   0.00516  -0.1540  0.6304  1.0000  -1.3794   0.0000   0.0000   0.0000   0.3855
   4.000   1.1395   0.01083   0.00523  -0.1538  0.6131  1.0000  -1.4483   0.0000   0.0000   0.0000   0.3778
   4.500   1.1924   0.01108   0.00549  -0.1534  0.5955  1.0000  -1.5257   0.0000   0.0000   0.0000   0.3709
   5.000   1.2453   0.01142   0.00576  -0.1531  0.5783  1.0000  -1.6078   0.0000   0.0000   0.0000   0.3644
   5.500   1.2963   0.01181   0.00606  -0.1524  0.5582  1.0000  -1.6983   0.0000   0.0000   0.0000   0.3583
   6.000   1.3444   0.01226   0.00647  -0.1511  0.5345  1.0000  -1.7961   0.0000   0.0000   0.0000   0.3524
   6.500   1.3913   0.01278   0.00699  -0.1498  0.5123  1.0000  -1.9098   0.0000   0.0000   0.0000   0.3469
   7.000   1.4346   0.01344   0.00759  -0.1479  0.4862  1.0000  -2.0288   0.0000   0.0000   0.0000   0.3416
   7.500   1.4752   0.01419   0.00830  -0.1456  0.4606  1.0000  -2.1514   0.0000   0.0000   0.0000   0.3364
   8.000   1.5103   0.01509   0.00915  -0.1424  0.4335  1.0000  -2.2906   0.0000   0.0000   0.0000   0.3311
   8.500   1.5383   0.01619   0.01017  -0.1381  0.4055  1.0000  -2.4252   0.0000   0.0000   0.0000   0.3258
   9.000   1.5653   0.01745   0.01141  -0.1340  0.3807  1.0000  -2.5696   0.0000   0.0000   0.0000   0.3208
   9.500   1.5876   0.01905   0.01299  -0.1296  0.3544  1.0000  -2.7406   0.0000   0.0000   0.0000   0.3160
  10.000   1.6080   0.02093   0.01486  -0.1254  0.3269  1.0000  -2.9339   0.0000   0.0000   0.0000   0.3114
  10.500   1.6264   0.02314   0.01704  -0.1214  0.3026  1.0000  -3.1531   0.0000   0.0000   0.0000   0.3071
  11.000   1.6424   0.02565   0.01955  -0.1175  0.2779  1.0000  -3.3701   0.0000   0.0000   0.0000   0.3031
  11.500   1.6550   0.02858   0.02248  -0.1137  0.2540  1.0000  -3.5800   0.0000   0.0000   0.0000   0.2993
  12.000   1.6647   0.03186   0.02575  -0.1100  0.2302  1.0000  -3.7861   0.0000   0.0000   0.0000   0.2956
  12.500   1.6718   0.03551   0.02939  -0.1064  0.2060  1.0000  -4.0046   0.0000   0.0000   0.0000   0.2922
  13.500   1.6799   0.04396   0.03785  -0.1001  0.1625  1.0000  -4.4299   0.0000   0.0000   0.0000   0.2860
  14.000   1.6817   0.04876   0.04269  -0.0975  0.1431  1.0000  -4.6487   0.0000   0.0000   0.0000   0.2832
  14.500   1.6822   0.05388   0.04786  -0.0952  0.1257  1.0000  -4.8637   0.0000   0.0000   0.0000   0.2807
  15.000   1.6797   0.05958   0.05362  -0.0932  0.1107  1.0000  -5.0661   0.0000   0.0000   0.0000   0.2785


