xflr5 v6.59

 Calculated polar for: revR_85_revT

 1 1 Reynolds number fixed          Mach number fixed         

 xtrf =   1.000 (top)        1.000 (bottom)
 Mach =   0.000     Re =     0.140 e 6     Ncrit =   9.000

  alpha     CL        CD       CDp       Cm    Top Xtr Bot Xtr   Cpmin    Chinge    XCp    
 ------- -------- --------- --------- -------- ------- ------- -------- --------- ---------
  -5.000   0.0169   0.02688   0.01941  -0.1398  0.8654  0.0790  -2.2391   0.0000   0.0000   0.0000   8.7285
  -4.500   0.0698   0.02543   0.01753  -0.1396  0.8548  0.0876  -2.0418   0.0000   0.0000   0.0000   2.2988
  -4.000   0.1396   0.02323   0.01519  -0.1421  0.8486  0.1111  -1.8142   0.0000   0.0000   0.0000   1.2896
  -3.500   0.1878   0.02235   0.01447  -0.1415  0.8375  0.1493  -1.6221   0.0000   0.0000   0.0000   1.0178
  -3.000   0.2472   0.02144   0.01375  -0.1425  0.8274  0.2204  -1.3974   0.0000   0.0000   0.0000   0.8355
  -2.500   0.3146   0.02052   0.01311  -0.1443  0.8212  0.3228  -1.1531   0.0000   0.0000   0.0000   0.7145
  -2.000   0.3583   0.02071   0.01366  -0.1430  0.8068  0.4265  -0.9643   0.0000   0.0000   0.0000   0.6531
  -1.500   0.4181   0.02006   0.01346  -0.1430  0.7988  0.5634  -0.7529   0.0000   0.0000   0.0000   0.5944
  -1.000   0.4633   0.02009   0.01391  -0.1399  0.7879  0.7060  -0.7642   0.0000   0.0000   0.0000   0.5532
  -0.500   0.5028   0.02002   0.01400  -0.1352  0.7753  0.8165  -0.7986   0.0000   0.0000   0.0000   0.5191
   0.000   0.5446   0.01930   0.01328  -0.1294  0.7686  0.9266  -0.8377   0.0000   0.0000   0.0000   0.4869
   0.500   0.6013   0.01991   0.01375  -0.1312  0.7522  1.0000  -0.8794   0.0000   0.0000   0.0000   0.4667
   1.000   0.6745   0.01938   0.01294  -0.1337  0.7448  1.0000  -0.9438   0.0000   0.0000   0.0000   0.4458
   1.500   0.7244   0.02003   0.01348  -0.1334  0.7287  1.0000  -0.9902   0.0000   0.0000   0.0000   0.4311
   2.000   0.7933   0.01947   0.01273  -0.1348  0.7201  1.0000  -1.0573   0.0000   0.0000   0.0000   0.4162
   2.500   0.8431   0.02001   0.01323  -0.1342  0.7042  1.0000  -1.1141   0.0000   0.0000   0.0000   0.4047
   3.000   0.9114   0.01934   0.01241  -0.1353  0.6944  1.0000  -1.1884   0.0000   0.0000   0.0000   0.3933
   3.500   0.9613   0.01965   0.01273  -0.1343  0.6768  1.0000  -1.2503   0.0000   0.0000   0.0000   0.3840
   4.000   1.0311   0.01899   0.01193  -0.1357  0.6668  1.0000  -1.3384   0.0000   0.0000   0.0000   0.3752
   4.500   1.0793   0.01917   0.01217  -0.1343  0.6474  1.0000  -1.4098   0.0000   0.0000   0.0000   0.3674
   5.000   1.1327   0.01920   0.01222  -0.1336  0.6292  1.0000  -1.4961   0.0000   0.0000   0.0000   0.3602
   5.500   1.1924   0.01899   0.01197  -0.1337  0.6129  1.0000  -1.5992   0.0000   0.0000   0.0000   0.3537
   6.000   1.2495   0.01884   0.01176  -0.1334  0.5927  1.0000  -1.7160   0.0000   0.0000   0.0000   0.3476
   6.500   1.2989   0.01905   0.01200  -0.1321  0.5693  1.0000  -1.8364   0.0000   0.0000   0.0000   0.3417
   7.000   1.3476   0.01938   0.01235  -0.1307  0.5447  1.0000  -1.9683   0.0000   0.0000   0.0000   0.3363
   7.500   1.3958   0.01979   0.01271  -0.1292  0.5177  1.0000  -2.1253   0.0000   0.0000   0.0000   0.3311
   8.000   1.4380   0.02050   0.01342  -0.1269  0.4896  1.0000  -2.2817   0.0000   0.0000   0.0000   0.3260
   8.500   1.4734   0.02137   0.01438  -0.1237  0.4591  1.0000  -2.4678   0.0000   0.0000   0.0000   0.3209
   9.000   1.5053   0.02239   0.01541  -0.1200  0.4282  1.0000  -2.6825   0.0000   0.0000   0.0000   0.3158
   9.500   1.5337   0.02361   0.01662  -0.1159  0.3994  1.0000  -2.9558   0.0000   0.0000   0.0000   0.3108
  10.000   1.5545   0.02507   0.01802  -0.1108  0.3700  1.0000  -3.2129   0.0000   0.0000   0.0000   0.3057
  10.500   1.5703   0.02692   0.01981  -0.1056  0.3408  1.0000  -3.4585   0.0000   0.0000   0.0000   0.3008
  11.000   1.5800   0.02919   0.02216  -0.1002  0.3134  1.0000  -3.6853   0.0000   0.0000   0.0000   0.2961
  11.500   1.5874   0.03191   0.02494  -0.0953  0.2863  1.0000  -3.9066   0.0000   0.0000   0.0000   0.2917
  12.000   1.5908   0.03515   0.02825  -0.0907  0.2592  1.0000  -4.1175   0.0000   0.0000   0.0000   0.2877
  12.500   1.5911   0.03893   0.03207  -0.0864  0.2328  1.0000  -4.3221   0.0000   0.0000   0.0000   0.2840
  13.000   1.5879   0.04328   0.03648  -0.0826  0.2073  1.0000  -4.5130   0.0000   0.0000   0.0000   0.2806
  13.500   1.5827   0.04815   0.04140  -0.0792  0.1837  1.0000  -4.6934   0.0000   0.0000   0.0000   0.2776
  14.000   1.5763   0.05353   0.04681  -0.0764  0.1622  1.0000  -4.8658   0.0000   0.0000   0.0000   0.2750
  14.500   1.5690   0.05938   0.05268  -0.0741  0.1430  1.0000  -5.0305   0.0000   0.0000   0.0000   0.2727
  15.000   1.5603   0.06566   0.05894  -0.0722  0.1255  1.0000  -5.1853   0.0000   0.0000   0.0000   0.2706


