xflr5 v6.59

 Calculated polar for: revR_05_revT

 1 1 Reynolds number fixed          Mach number fixed         

 xtrf =   1.000 (top)        1.000 (bottom)
 Mach =   0.000     Re =     0.480 e 6     Ncrit =   9.000

  alpha     CL        CD       CDp       Cm    Top Xtr Bot Xtr   Cpmin    Chinge    XCp    
 ------- -------- --------- --------- -------- ------- ------- -------- --------- ---------
  -5.000  -0.2458   0.01083   0.00450  -0.0668  0.8834  0.0530  -2.6078   0.0000   0.0000   0.0000  -0.0311
  -4.500  -0.1954   0.01003   0.00364  -0.0656  0.8659  0.0799  -2.2451   0.0000   0.0000   0.0000  -0.0959
  -4.000  -0.1441   0.00942   0.00318  -0.0648  0.8500  0.1289  -1.8753   0.0000   0.0000   0.0000  -0.2112
  -3.500  -0.0919   0.00893   0.00285  -0.0641  0.8341  0.1901  -1.5181   0.0000   0.0000   0.0000  -0.4626
  -3.000  -0.0400   0.00841   0.00255  -0.0634  0.8181  0.2750  -1.2184   0.0000   0.0000   0.0000  -1.3650
  -2.500   0.0112   0.00777   0.00231  -0.0627  0.8033  0.4065  -1.0117   0.0000   0.0000   0.0000   5.9245
  -2.000   0.0621   0.00720   0.00219  -0.0617  0.7883  0.5503  -0.8139   0.0000   0.0000   0.0000   1.2545
  -1.500   0.1132   0.00688   0.00217  -0.0604  0.7719  0.6711  -0.6241   0.0000   0.0000   0.0000   0.7871
  -1.000   0.1660   0.00676   0.00216  -0.0593  0.7551  0.7373  -0.5013   0.0000   0.0000   0.0000   0.6081
  -0.500   0.2195   0.00674   0.00218  -0.0583  0.7389  0.7818  -0.5448   0.0000   0.0000   0.0000   0.5154
   0.000   0.2726   0.00675   0.00217  -0.0573  0.7201  0.8167  -0.5900   0.0000   0.0000   0.0000   0.4588
   0.500   0.3251   0.00679   0.00218  -0.0560  0.7007  0.8484  -0.6414   0.0000   0.0000   0.0000   0.4205
   1.000   0.3764   0.00680   0.00220  -0.0545  0.6795  0.8777  -0.6926   0.0000   0.0000   0.0000   0.3925
   1.500   0.4260   0.00684   0.00223  -0.0526  0.6551  0.9096  -0.7466   0.0000   0.0000   0.0000   0.3707
   2.000   0.4773   0.00690   0.00227  -0.0512  0.6314  0.9410  -0.8095   0.0000   0.0000   0.0000   0.3539
   2.500   0.5431   0.00704   0.00236  -0.0530  0.6014  0.9674  -0.8860   0.0000   0.0000   0.0000   0.3439
   3.000   0.6183   0.00727   0.00248  -0.0572  0.5675  0.9833  -0.9867   0.0000   0.0000   0.0000   0.3384
   3.500   0.6943   0.00756   0.00264  -0.0617  0.5294  0.9977  -1.1142   0.0000   0.0000   0.0000   0.3344
   4.000   0.7380   0.00786   0.00282  -0.0597  0.4948  1.0000  -1.2243   0.0000   0.0000   0.0000   0.3259
   4.500   0.7804   0.00826   0.00307  -0.0571  0.4562  1.0000  -1.3882   0.0000   0.0000   0.0000   0.3178
   5.000   0.8265   0.00871   0.00339  -0.0554  0.4196  1.0000  -1.6990   0.0000   0.0000   0.0000   0.3111
   5.500   0.8728   0.00924   0.00379  -0.0537  0.3764  1.0000  -2.0318   0.0000   0.0000   0.0000   0.3051
   6.000   0.9161   0.01000   0.00426  -0.0516  0.3172  1.0000  -2.3714   0.0000   0.0000   0.0000   0.2994
   6.500   0.9601   0.01076   0.00480  -0.0497  0.2642  1.0000  -2.7278   0.0000   0.0000   0.0000   0.2943
   7.000   1.0033   0.01157   0.00543  -0.0478  0.2192  1.0000  -3.0949   0.0000   0.0000   0.0000   0.2896
   7.500   1.0426   0.01264   0.00624  -0.0453  0.1624  1.0000  -3.4612   0.0000   0.0000   0.0000   0.2848
   8.000   1.0798   0.01378   0.00714  -0.0425  0.1159  1.0000  -3.8474   0.0000   0.0000   0.0000   0.2801
   8.500   1.1154   0.01493   0.00812  -0.0395  0.0813  1.0000  -4.2363   0.0000   0.0000   0.0000   0.2756
   9.000   1.1493   0.01605   0.00918  -0.0362  0.0588  1.0000  -4.6239   0.0000   0.0000   0.0000   0.2710
   9.500   1.1767   0.01721   0.01029  -0.0318  0.0418  1.0000  -4.9814   0.0000   0.0000   0.0000   0.2659
  10.000   1.1923   0.01883   0.01179  -0.0257  0.0241  1.0000  -5.2544   0.0000   0.0000   0.0000   0.2597
  10.500   1.2073   0.02058   0.01358  -0.0200  0.0169  1.0000  -5.4999   0.0000   0.0000   0.0000   0.2541
  11.000   1.2165   0.02281   0.01598  -0.0143  0.0144  1.0000  -5.7134   0.0000   0.0000   0.0000   0.2485
  11.500   1.2337   0.02475   0.01807  -0.0103  0.0136  1.0000  -6.0211   0.0000   0.0000   0.0000   0.2443
  12.000   1.2467   0.02716   0.02068  -0.0066  0.0129  1.0000  -6.3061   0.0000   0.0000   0.0000   0.2404
  12.500   1.2556   0.03012   0.02381  -0.0032  0.0124  1.0000  -6.5668   0.0000   0.0000   0.0000   0.2369
  13.000   1.2611   0.03365   0.02754  -0.0005  0.0120  1.0000  -6.8034   0.0000   0.0000   0.0000   0.2338
  13.500   1.2643   0.03774   0.03183   0.0016  0.0118  1.0000  -7.0244   0.0000   0.0000   0.0000   0.2312
  14.000   1.2650   0.04243   0.03672   0.0029  0.0115  1.0000  -7.2291   0.0000   0.0000   0.0000   0.2293
  14.500   1.2635   0.04777   0.04227   0.0033  0.0113  1.0000  -7.4157   0.0000   0.0000   0.0000   0.2279
  15.000   1.2601   0.05380   0.04851   0.0029  0.0111  1.0000  -7.5831   0.0000   0.0000   0.0000   0.2272


