xflr5 v6.59

 Calculated polar for: revR_60_revT

 1 1 Reynolds number fixed          Mach number fixed         

 xtrf =   1.000 (top)        1.000 (bottom)
 Mach =   0.000     Re =     0.400 e 6     Ncrit =   9.000

  alpha     CL        CD       CDp       Cm    Top Xtr Bot Xtr   Cpmin    Chinge    XCp    
 ------- -------- --------- --------- -------- ------- ------- -------- --------- ---------
  -5.000  -0.0251   0.01237   0.00576  -0.1177  0.8150  0.0503  -2.4045   0.0000   0.0000   0.0000  -4.5459
  -4.500   0.0305   0.01177   0.00504  -0.1177  0.8059  0.0615  -2.0597   0.0000   0.0000   0.0000   4.1879
  -4.000   0.0858   0.01099   0.00429  -0.1177  0.7963  0.0926  -1.7754   0.0000   0.0000   0.0000   1.6483
  -3.500   0.1414   0.01044   0.00391  -0.1179  0.7866  0.1435  -1.5252   0.0000   0.0000   0.0000   1.0972
  -3.000   0.1978   0.01005   0.00363  -0.1181  0.7773  0.2083  -1.2782   0.0000   0.0000   0.0000   0.8549
  -2.500   0.2533   0.00962   0.00348  -0.1183  0.7679  0.2926  -1.0463   0.0000   0.0000   0.0000   0.7218
  -2.000   0.3094   0.00922   0.00328  -0.1184  0.7572  0.3824  -0.8313   0.0000   0.0000   0.0000   0.6354
  -1.500   0.3651   0.00889   0.00325  -0.1185  0.7475  0.4992  -0.6798   0.0000   0.0000   0.0000   0.5758
  -1.000   0.4198   0.00853   0.00325  -0.1182  0.7368  0.6255  -0.7218   0.0000   0.0000   0.0000   0.5317
  -0.500   0.4741   0.00842   0.00331  -0.1174  0.7257  0.7199  -0.7641   0.0000   0.0000   0.0000   0.4970
   0.000   0.5274   0.00832   0.00334  -0.1164  0.7133  0.7825  -0.8074   0.0000   0.0000   0.0000   0.4694
   0.500   0.5801   0.00834   0.00337  -0.1153  0.7015  0.8326  -0.8557   0.0000   0.0000   0.0000   0.4466
   1.000   0.6306   0.00827   0.00338  -0.1136  0.6882  0.8765  -0.9030   0.0000   0.0000   0.0000   0.4275
   1.500   0.6775   0.00820   0.00333  -0.1111  0.6736  0.9256  -0.9553   0.0000   0.0000   0.0000   0.4107
   2.000   0.7417   0.00811   0.00321  -0.1126  0.6586  1.0000  -1.0204   0.0000   0.0000   0.0000   0.3980
   2.500   0.7993   0.00824   0.00326  -0.1132  0.6404  1.0000  -1.0852   0.0000   0.0000   0.0000   0.3872
   3.000   0.8559   0.00842   0.00336  -0.1135  0.6219  1.0000  -1.1540   0.0000   0.0000   0.0000   0.3777
   3.500   0.9114   0.00865   0.00350  -0.1136  0.6017  1.0000  -1.2270   0.0000   0.0000   0.0000   0.3691
   4.000   0.9658   0.00892   0.00369  -0.1134  0.5791  1.0000  -1.3085   0.0000   0.0000   0.0000   0.3613
   4.500   1.0191   0.00925   0.00394  -0.1131  0.5544  1.0000  -1.3983   0.0000   0.0000   0.0000   0.3542
   5.000   1.0715   0.00964   0.00426  -0.1126  0.5274  1.0000  -1.5048   0.0000   0.0000   0.0000   0.3477
   5.500   1.1225   0.01010   0.00464  -0.1119  0.4983  1.0000  -1.6215   0.0000   0.0000   0.0000   0.3417
   6.000   1.1719   0.01066   0.00510  -0.1110  0.4681  1.0000  -1.7599   0.0000   0.0000   0.0000   0.3361
   6.500   1.2196   0.01130   0.00564  -0.1098  0.4345  1.0000  -1.9181   0.0000   0.0000   0.0000   0.3308
   7.000   1.2670   0.01196   0.00626  -0.1087  0.4042  1.0000  -2.1101   0.0000   0.0000   0.0000   0.3258
   7.500   1.3092   0.01287   0.00700  -0.1067  0.3661  1.0000  -2.3492   0.0000   0.0000   0.0000   0.3209
   8.000   1.3522   0.01371   0.00781  -0.1050  0.3330  1.0000  -2.6599   0.0000   0.0000   0.0000   0.3162
   8.500   1.3903   0.01477   0.00875  -0.1025  0.2995  1.0000  -2.9705   0.0000   0.0000   0.0000   0.3116
   9.000   1.4226   0.01596   0.00983  -0.0992  0.2621  1.0000  -3.2730   0.0000   0.0000   0.0000   0.3068
   9.500   1.4511   0.01737   0.01113  -0.0955  0.2299  1.0000  -3.5708   0.0000   0.0000   0.0000   0.3022
  10.000   1.4757   0.01906   0.01276  -0.0917  0.1970  1.0000  -3.8618   0.0000   0.0000   0.0000   0.2977
  10.500   1.4954   0.02120   0.01475  -0.0878  0.1618  1.0000  -4.1438   0.0000   0.0000   0.0000   0.2934
  11.000   1.5124   0.02372   0.01716  -0.0840  0.1309  1.0000  -4.4268   0.0000   0.0000   0.0000   0.2894
  11.500   1.5281   0.02650   0.01987  -0.0806  0.1055  1.0000  -4.7089   0.0000   0.0000   0.0000   0.2857
  12.000   1.5412   0.02962   0.02297  -0.0774  0.0856  1.0000  -4.9829   0.0000   0.0000   0.0000   0.2822
  12.500   1.5509   0.03319   0.02654  -0.0743  0.0693  1.0000  -5.2426   0.0000   0.0000   0.0000   0.2790
  13.000   1.5559   0.03732   0.03071  -0.0714  0.0558  1.0000  -5.4807   0.0000   0.0000   0.0000   0.2759
  13.500   1.5632   0.04143   0.03496  -0.0690  0.0473  1.0000  -5.7311   0.0000   0.0000   0.0000   0.2732
  14.000   1.5511   0.04773   0.04132  -0.0663  0.0378  1.0000  -5.8766   0.0000   0.0000   0.0000   0.2707
  14.500   1.5602   0.05219   0.04598  -0.0650  0.0340  1.0000  -6.1439   0.0000   0.0000   0.0000   0.2686
  15.000   1.5549   0.05852   0.05242  -0.0640  0.0296  1.0000  -6.3274   0.0000   0.0000   0.0000   0.2670


