xflr5 v6.59

 Calculated polar for: revR_10_revT

 1 1 Reynolds number fixed          Mach number fixed         

 xtrf =   1.000 (top)        1.000 (bottom)
 Mach =   0.000     Re =     0.280 e 6     Ncrit =   9.000

  alpha     CL        CD       CDp       Cm    Top Xtr Bot Xtr   Cpmin    Chinge    XCp    
 ------- -------- --------- --------- -------- ------- ------- -------- --------- ---------
  -5.000  -0.2205   0.01333   0.00645  -0.0749  0.9205  0.0703  -2.5161   0.0000   0.0000   0.0000  -0.1001
  -4.500  -0.1691   0.01232   0.00539  -0.0740  0.9044  0.0985  -2.1694   0.0000   0.0000   0.0000  -0.1995
  -4.000  -0.1166   0.01140   0.00471  -0.0734  0.8890  0.1644  -1.8139   0.0000   0.0000   0.0000  -0.3942
  -3.500  -0.0656   0.01065   0.00428  -0.0726  0.8737  0.2599  -1.4884   0.0000   0.0000   0.0000  -0.8777
  -3.000  -0.0167   0.00996   0.00398  -0.0714  0.8577  0.3845  -1.2138   0.0000   0.0000   0.0000  -4.0818
  -2.500   0.0321   0.00929   0.00380  -0.0698  0.8425  0.5367  -1.0119   0.0000   0.0000   0.0000   2.4534
  -2.000   0.0805   0.00890   0.00380  -0.0676  0.8264  0.6750  -0.8178   0.0000   0.0000   0.0000   1.0985
  -1.500   0.1310   0.00886   0.00385  -0.0657  0.8112  0.7481  -0.6290   0.0000   0.0000   0.0000   0.7553
  -1.000   0.1816   0.00885   0.00385  -0.0636  0.7956  0.8024  -0.5141   0.0000   0.0000   0.0000   0.6015
  -0.500   0.2315   0.00883   0.00381  -0.0615  0.7783  0.8430  -0.5559   0.0000   0.0000   0.0000   0.5154
   0.000   0.2798   0.00881   0.00381  -0.0590  0.7608  0.8795  -0.5972   0.0000   0.0000   0.0000   0.4596
   0.500   0.3291   0.00881   0.00376  -0.0567  0.7434  0.9153  -0.6467   0.0000   0.0000   0.0000   0.4203
   1.000   0.3906   0.00880   0.00366  -0.0569  0.7238  0.9465  -0.7040   0.0000   0.0000   0.0000   0.3933
   1.500   0.4688   0.00886   0.00361  -0.0611  0.7031  0.9685  -0.7757   0.0000   0.0000   0.0000   0.3775
   2.000   0.5543   0.00890   0.00356  -0.0671  0.6772  0.9841  -0.8623   0.0000   0.0000   0.0000   0.3679
   2.500   0.6368   0.00892   0.00353  -0.0729  0.6504  0.9988  -0.9561   0.0000   0.0000   0.0000   0.3608
   3.000   0.6727   0.00899   0.00352  -0.0694  0.6214  1.0000  -1.0239   0.0000   0.0000   0.0000   0.3491
   3.500   0.7091   0.00919   0.00361  -0.0657  0.5919  1.0000  -1.1091   0.0000   0.0000   0.0000   0.3382
   4.000   0.7519   0.00952   0.00378  -0.0632  0.5606  1.0000  -1.2112   0.0000   0.0000   0.0000   0.3290
   4.500   0.7975   0.00987   0.00407  -0.0612  0.5250  1.0000  -1.3518   0.0000   0.0000   0.0000   0.3212
   5.000   0.8432   0.01036   0.00439  -0.0592  0.4881  1.0000  -1.5921   0.0000   0.0000   0.0000   0.3142
   5.500   0.8891   0.01083   0.00482  -0.0574  0.4483  1.0000  -1.9105   0.0000   0.0000   0.0000   0.3080
   6.000   0.9344   0.01142   0.00531  -0.0555  0.4109  1.0000  -2.2425   0.0000   0.0000   0.0000   0.3023
   6.500   0.9769   0.01212   0.00586  -0.0532  0.3658  1.0000  -2.5805   0.0000   0.0000   0.0000   0.2969
   7.000   1.0178   0.01291   0.00651  -0.0507  0.3196  1.0000  -2.9262   0.0000   0.0000   0.0000   0.2917
   7.500   1.0563   0.01383   0.00729  -0.0480  0.2683  1.0000  -3.2749   0.0000   0.0000   0.0000   0.2867
   8.000   1.0910   0.01493   0.00819  -0.0448  0.2142  1.0000  -3.6190   0.0000   0.0000   0.0000   0.2817
   8.500   1.1197   0.01633   0.00929  -0.0408  0.1587  1.0000  -3.9620   0.0000   0.0000   0.0000   0.2764
   9.000   1.1433   0.01780   0.01055  -0.0360  0.1141  1.0000  -4.2907   0.0000   0.0000   0.0000   0.2709
   9.500   1.1627   0.01930   0.01198  -0.0306  0.0839  1.0000  -4.6028   0.0000   0.0000   0.0000   0.2650
  10.000   1.1805   0.02098   0.01364  -0.0254  0.0638  1.0000  -4.9038   0.0000   0.0000   0.0000   0.2595
  10.500   1.1934   0.02307   0.01572  -0.0202  0.0477  1.0000  -5.1671   0.0000   0.0000   0.0000   0.2542
  11.000   1.1950   0.02609   0.01877  -0.0145  0.0336  1.0000  -5.3256   0.0000   0.0000   0.0000   0.2487
  11.500   1.2042   0.02894   0.02176  -0.0105  0.0270  1.0000  -5.5117   0.0000   0.0000   0.0000   0.2445
  12.000   1.1941   0.03364   0.02663  -0.0060  0.0235  1.0000  -5.5718   0.0000   0.0000   0.0000   0.2399
  12.500   1.1962   0.03792   0.03114  -0.0031  0.0223  1.0000  -5.7022   0.0000   0.0000   0.0000   0.2366
  13.000   1.2037   0.04203   0.03553  -0.0011  0.0215  1.0000  -5.8749   0.0000   0.0000   0.0000   0.2341
  13.500   1.2098   0.04662   0.04038   0.0004  0.0208  1.0000  -6.0306   0.0000   0.0000   0.0000   0.2320
  14.000   1.2142   0.05175   0.04579   0.0013  0.0204  1.0000  -6.1674   0.0000   0.0000   0.0000   0.2303
  14.500   1.2151   0.05763   0.05198   0.0016  0.0200  1.0000  -6.2767   0.0000   0.0000   0.0000   0.2291
  15.000   1.2103   0.06458   0.05926   0.0009  0.0198  1.0000  -6.3476   0.0000   0.0000   0.0000   0.2287


