xflr5 v6.59

 Calculated polar for: revR_50_revT

 1 1 Reynolds number fixed          Mach number fixed         

 xtrf =   1.000 (top)        1.000 (bottom)
 Mach =   0.000     Re =     0.295 e 6     Ncrit =   9.000

  alpha     CL        CD       CDp       Cm    Top Xtr Bot Xtr   Cpmin    Chinge    XCp    
 ------- -------- --------- --------- -------- ------- ------- -------- --------- ---------
  -5.000  -0.0621   0.01400   0.00712  -0.1104  0.8502  0.0606  -2.3858   0.0000   0.0000   0.0000  -1.5735
  -4.500  -0.0094   0.01300   0.00603  -0.1100  0.8394  0.0769  -2.0812   0.0000   0.0000   0.0000  -11.7241
  -4.000   0.0453   0.01226   0.00529  -0.1098  0.8287  0.1123  -1.7598   0.0000   0.0000   0.0000   2.7225
  -3.500   0.0992   0.01163   0.00489  -0.1097  0.8180  0.1786  -1.4985   0.0000   0.0000   0.0000   1.3749
  -3.000   0.1541   0.01110   0.00457  -0.1097  0.8072  0.2591  -1.2640   0.0000   0.0000   0.0000   0.9714
  -2.500   0.2090   0.01067   0.00440  -0.1097  0.7972  0.3585  -1.0372   0.0000   0.0000   0.0000   0.7806
  -2.000   0.2627   0.01012   0.00427  -0.1094  0.7850  0.4885  -0.8268   0.0000   0.0000   0.0000   0.6696
  -1.500   0.3165   0.00980   0.00425  -0.1087  0.7743  0.6111  -0.6358   0.0000   0.0000   0.0000   0.5950
  -1.000   0.3682   0.00961   0.00435  -0.1073  0.7623  0.7224  -0.6750   0.0000   0.0000   0.0000   0.5418
  -0.500   0.4206   0.00958   0.00436  -0.1058  0.7509  0.7872  -0.7151   0.0000   0.0000   0.0000   0.5011
   0.000   0.4704   0.00950   0.00434  -0.1038  0.7371  0.8390  -0.7583   0.0000   0.0000   0.0000   0.4695
   0.500   0.5178   0.00946   0.00431  -0.1012  0.7245  0.8872  -0.8022   0.0000   0.0000   0.0000   0.4435
   1.000   0.5654   0.00932   0.00418  -0.0986  0.7108  0.9363  -0.8491   0.0000   0.0000   0.0000   0.4219
   1.500   0.6394   0.00920   0.00399  -0.1021  0.6947  0.9978  -0.9176   0.0000   0.0000   0.0000   0.4066
   2.000   0.6970   0.00931   0.00394  -0.1028  0.6795  1.0000  -0.9800   0.0000   0.0000   0.0000   0.3938
   2.500   0.7530   0.00939   0.00395  -0.1030  0.6610  1.0000  -1.0435   0.0000   0.0000   0.0000   0.3826
   3.000   0.8085   0.00953   0.00403  -0.1030  0.6412  1.0000  -1.1123   0.0000   0.0000   0.0000   0.3727
   3.500   0.8635   0.00972   0.00415  -0.1029  0.6199  1.0000  -1.1890   0.0000   0.0000   0.0000   0.3639
   4.000   0.9178   0.00996   0.00432  -0.1027  0.5972  1.0000  -1.2727   0.0000   0.0000   0.0000   0.3560
   4.500   0.9709   0.01025   0.00454  -0.1022  0.5714  1.0000  -1.3670   0.0000   0.0000   0.0000   0.3488
   5.000   1.0229   0.01063   0.00484  -0.1015  0.5435  1.0000  -1.4800   0.0000   0.0000   0.0000   0.3422
   5.500   1.0735   0.01113   0.00521  -0.1007  0.5141  1.0000  -1.6055   0.0000   0.0000   0.0000   0.3362
   6.000   1.1232   0.01163   0.00569  -0.0997  0.4821  1.0000  -1.7617   0.0000   0.0000   0.0000   0.3306
   6.500   1.1705   0.01227   0.00624  -0.0984  0.4472  1.0000  -1.9446   0.0000   0.0000   0.0000   0.3252
   7.000   1.2169   0.01299   0.00690  -0.0971  0.4147  1.0000  -2.2225   0.0000   0.0000   0.0000   0.3202
   7.500   1.2600   0.01384   0.00764  -0.0952  0.3752  1.0000  -2.5276   0.0000   0.0000   0.0000   0.3153
   8.000   1.3019   0.01477   0.00851  -0.0933  0.3406  1.0000  -2.8525   0.0000   0.0000   0.0000   0.3107
   8.500   1.3396   0.01587   0.00953  -0.0908  0.3032  1.0000  -3.1767   0.0000   0.0000   0.0000   0.3061
   9.000   1.3724   0.01712   0.01068  -0.0877  0.2631  1.0000  -3.4943   0.0000   0.0000   0.0000   0.3015
   9.500   1.3984   0.01866   0.01209  -0.0837  0.2267  1.0000  -3.7953   0.0000   0.0000   0.0000   0.2967
  10.000   1.4215   0.02046   0.01378  -0.0798  0.1887  1.0000  -4.0919   0.0000   0.0000   0.0000   0.2921
  10.500   1.4397   0.02274   0.01592  -0.0758  0.1511  1.0000  -4.3731   0.0000   0.0000   0.0000   0.2879
  11.000   1.4531   0.02558   0.01865  -0.0720  0.1186  1.0000  -4.6372   0.0000   0.0000   0.0000   0.2839
  11.500   1.4655   0.02870   0.02172  -0.0686  0.0934  1.0000  -4.8967   0.0000   0.0000   0.0000   0.2802
  12.000   1.4735   0.03237   0.02536  -0.0653  0.0740  1.0000  -5.1343   0.0000   0.0000   0.0000   0.2769
  12.500   1.4833   0.03610   0.02916  -0.0626  0.0605  1.0000  -5.3784   0.0000   0.0000   0.0000   0.2738
  13.000   1.4880   0.04045   0.03366  -0.0600  0.0502  1.0000  -5.5877   0.0000   0.0000   0.0000   0.2710
  13.500   1.4794   0.04635   0.03962  -0.0576  0.0412  1.0000  -5.7219   0.0000   0.0000   0.0000   0.2685
  14.000   1.4779   0.05189   0.04539  -0.0559  0.0363  1.0000  -5.8849   0.0000   0.0000   0.0000   0.2664
  14.500   1.4754   0.05793   0.05167  -0.0549  0.0320  1.0000  -6.0505   0.0000   0.0000   0.0000   0.2648
  15.000   1.4607   0.06573   0.05962  -0.0545  0.0285  1.0000  -6.1329   0.0000   0.0000   0.0000   0.2638


