xflr5 v6.59

 Calculated polar for: revR_70_revT

 1 1 Reynolds number fixed          Mach number fixed         

 xtrf =   1.000 (top)        1.000 (bottom)
 Mach =   0.000     Re =     0.460 e 6     Ncrit =   9.000

  alpha     CL        CD       CDp       Cm    Top Xtr Bot Xtr   Cpmin    Chinge    XCp    
 ------- -------- --------- --------- -------- ------- ------- -------- --------- ---------
  -5.000   0.0162   0.01188   0.00538  -0.1266  0.7959  0.0457  -2.3598   0.0000   0.0000   0.0000   8.2469
  -4.500   0.0724   0.01136   0.00477  -0.1267  0.7875  0.0535  -2.0451   0.0000   0.0000   0.0000   2.0382
  -4.000   0.1285   0.01058   0.00396  -0.1269  0.7785  0.0809  -1.7951   0.0000   0.0000   0.0000   1.2556
  -3.500   0.1849   0.01013   0.00363  -0.1272  0.7702  0.1224  -1.5364   0.0000   0.0000   0.0000   0.9485
  -3.000   0.2414   0.00970   0.00337  -0.1275  0.7615  0.1795  -1.2900   0.0000   0.0000   0.0000   0.7849
  -2.500   0.2983   0.00936   0.00317  -0.1278  0.7526  0.2484  -1.0553   0.0000   0.0000   0.0000   0.6827
  -2.000   0.3546   0.00902   0.00306  -0.1281  0.7429  0.3294  -0.8326   0.0000   0.0000   0.0000   0.6136
  -1.500   0.4112   0.00867   0.00295  -0.1283  0.7331  0.4267  -0.7241   0.0000   0.0000   0.0000   0.5632
  -1.000   0.4677   0.00842   0.00296  -0.1285  0.7239  0.5449  -0.7658   0.0000   0.0000   0.0000   0.5249
  -0.500   0.5225   0.00811   0.00300  -0.1282  0.7128  0.6604  -0.8077   0.0000   0.0000   0.0000   0.4946
   0.000   0.5775   0.00807   0.00306  -0.1276  0.7017  0.7460  -0.8522   0.0000   0.0000   0.0000   0.4695
   0.500   0.6312   0.00801   0.00314  -0.1269  0.6906  0.8014  -0.9012   0.0000   0.0000   0.0000   0.4488
   1.000   0.6841   0.00802   0.00314  -0.1258  0.6780  0.8473  -0.9520   0.0000   0.0000   0.0000   0.4311
   1.500   0.7331   0.00792   0.00317  -0.1239  0.6638  0.8948  -1.0030   0.0000   0.0000   0.0000   0.4156
   2.000   0.7825   0.00786   0.00310  -0.1220  0.6500  0.9579  -1.0610   0.0000   0.0000   0.0000   0.4019
   2.500   0.8453   0.00792   0.00310  -0.1237  0.6330  1.0000  -1.1282   0.0000   0.0000   0.0000   0.3917
   3.000   0.9021   0.00810   0.00321  -0.1240  0.6142  1.0000  -1.1923   0.0000   0.0000   0.0000   0.3823
   3.500   0.9581   0.00834   0.00337  -0.1242  0.5962  1.0000  -1.2680   0.0000   0.0000   0.0000   0.3739
   4.000   1.0126   0.00862   0.00357  -0.1241  0.5751  1.0000  -1.3441   0.0000   0.0000   0.0000   0.3662
   4.500   1.0659   0.00896   0.00382  -0.1238  0.5504  1.0000  -1.4321   0.0000   0.0000   0.0000   0.3591
   5.000   1.1185   0.00935   0.00414  -0.1234  0.5265  1.0000  -1.5264   0.0000   0.0000   0.0000   0.3527
   5.500   1.1695   0.00981   0.00452  -0.1227  0.4979  1.0000  -1.6417   0.0000   0.0000   0.0000   0.3466
   6.000   1.2194   0.01033   0.00497  -0.1219  0.4703  1.0000  -1.7640   0.0000   0.0000   0.0000   0.3410
   6.500   1.2663   0.01100   0.00551  -0.1206  0.4372  1.0000  -1.9074   0.0000   0.0000   0.0000   0.3356
   7.000   1.3126   0.01169   0.00612  -0.1193  0.4068  1.0000  -2.0697   0.0000   0.0000   0.0000   0.3305
   7.500   1.3575   0.01243   0.00681  -0.1178  0.3763  1.0000  -2.2599   0.0000   0.0000   0.0000   0.3257
   8.000   1.3967   0.01342   0.00764  -0.1154  0.3393  1.0000  -2.4783   0.0000   0.0000   0.0000   0.3208
   8.500   1.4345   0.01439   0.00854  -0.1128  0.3099  1.0000  -2.7590   0.0000   0.0000   0.0000   0.3161
   9.000   1.4676   0.01549   0.00957  -0.1096  0.2785  1.0000  -3.0697   0.0000   0.0000   0.0000   0.3113
   9.500   1.4936   0.01699   0.01095  -0.1056  0.2447  1.0000  -3.3657   0.0000   0.0000   0.0000   0.3065
  10.000   1.5192   0.01862   0.01251  -0.1019  0.2154  1.0000  -3.6682   0.0000   0.0000   0.0000   0.3021
  10.500   1.5422   0.02054   0.01436  -0.0983  0.1856  1.0000  -3.9688   0.0000   0.0000   0.0000   0.2979
  11.000   1.5606   0.02293   0.01665  -0.0946  0.1567  1.0000  -4.2576   0.0000   0.0000   0.0000   0.2939
  11.500   1.5740   0.02583   0.01943  -0.0909  0.1287  1.0000  -4.5315   0.0000   0.0000   0.0000   0.2901
  12.000   1.5863   0.02896   0.02253  -0.0874  0.1052  1.0000  -4.8045   0.0000   0.0000   0.0000   0.2865
  13.000   1.6058   0.03608   0.02963  -0.0813  0.0721  1.0000  -5.3396   0.0000   0.0000   0.0000   0.2801
  13.500   1.6137   0.04002   0.03366  -0.0787  0.0604  1.0000  -5.6109   0.0000   0.0000   0.0000   0.2772
  14.000   1.6120   0.04510   0.03876  -0.0760  0.0488  1.0000  -5.8329   0.0000   0.0000   0.0000   0.2745
  14.500   1.6163   0.04987   0.04364  -0.0742  0.0420  1.0000  -6.0889   0.0000   0.0000   0.0000   0.2722
  15.000   1.6063   0.05654   0.05040  -0.0724  0.0346  1.0000  -6.2555   0.0000   0.0000   0.0000   0.2703


