xflr5 v6.59

 Calculated polar for: revR_80_revT

 1 1 Reynolds number fixed          Mach number fixed         

 xtrf =   1.000 (top)        1.000 (bottom)
 Mach =   0.000     Re =     0.370 e 6     Ncrit =   9.000

  alpha     CL        CD       CDp       Cm    Top Xtr Bot Xtr   Cpmin    Chinge    XCp    
 ------- -------- --------- --------- -------- ------- ------- -------- --------- ---------
  -5.000   0.0583   0.01325   0.00656  -0.1365  0.8015  0.0504  -2.3147   0.0000   0.0000   0.0000   2.6482
  -4.500   0.1145   0.01277   0.00597  -0.1366  0.7935  0.0592  -2.0352   0.0000   0.0000   0.0000   1.4688
  -4.000   0.1701   0.01184   0.00504  -0.1369  0.7851  0.0837  -1.7959   0.0000   0.0000   0.0000   1.0700
  -3.500   0.2270   0.01126   0.00453  -0.1372  0.7766  0.1240  -1.5432   0.0000   0.0000   0.0000   0.8641
  -3.000   0.2835   0.01086   0.00432  -0.1376  0.7683  0.1880  -1.2953   0.0000   0.0000   0.0000   0.7417
  -2.500   0.3399   0.01050   0.00415  -0.1379  0.7599  0.2574  -1.0668   0.0000   0.0000   0.0000   0.6599
  -2.000   0.3971   0.01012   0.00395  -0.1383  0.7510  0.3418  -0.8469   0.0000   0.0000   0.0000   0.6007
  -1.500   0.4536   0.00986   0.00392  -0.1385  0.7417  0.4391  -0.7646   0.0000   0.0000   0.0000   0.5567
  -1.000   0.5095   0.00950   0.00389  -0.1386  0.7318  0.5547  -0.8070   0.0000   0.0000   0.0000   0.5222
  -0.500   0.5653   0.00932   0.00394  -0.1383  0.7224  0.6708  -0.8509   0.0000   0.0000   0.0000   0.4940
   0.000   0.6180   0.00921   0.00405  -0.1373  0.7116  0.7570  -0.8930   0.0000   0.0000   0.0000   0.4707
   0.500   0.6708   0.00914   0.00401  -0.1361  0.7005  0.8191  -0.9382   0.0000   0.0000   0.0000   0.4507
   1.000   0.7209   0.00914   0.00410  -0.1345  0.6899  0.8694  -0.9858   0.0000   0.0000   0.0000   0.4337
   1.500   0.7654   0.00895   0.00397  -0.1314  0.6773  0.9351  -1.0345   0.0000   0.0000   0.0000   0.4181
   2.000   0.8285   0.00894   0.00390  -0.1329  0.6635  1.0000  -1.0969   0.0000   0.0000   0.0000   0.4063
   2.500   0.8871   0.00906   0.00388  -0.1336  0.6492  1.0000  -1.1650   0.0000   0.0000   0.0000   0.3958
   3.000   0.9435   0.00921   0.00401  -0.1339  0.6333  1.0000  -1.2320   0.0000   0.0000   0.0000   0.3865
   3.500   0.9991   0.00940   0.00411  -0.1339  0.6153  1.0000  -1.2995   0.0000   0.0000   0.0000   0.3781
   4.000   1.0538   0.00966   0.00426  -0.1338  0.5963  1.0000  -1.3769   0.0000   0.0000   0.0000   0.3704
   4.500   1.1074   0.00994   0.00451  -0.1336  0.5767  1.0000  -1.4579   0.0000   0.0000   0.0000   0.3634
   5.000   1.1596   0.01029   0.00481  -0.1330  0.5534  1.0000  -1.5474   0.0000   0.0000   0.0000   0.3568
   5.500   1.2103   0.01072   0.00517  -0.1323  0.5286  1.0000  -1.6478   0.0000   0.0000   0.0000   0.3507
   6.000   1.2596   0.01123   0.00562  -0.1314  0.5034  1.0000  -1.7629   0.0000   0.0000   0.0000   0.3450
   6.500   1.3063   0.01186   0.00615  -0.1300  0.4748  1.0000  -1.8902   0.0000   0.0000   0.0000   0.3395
   7.000   1.3518   0.01252   0.00677  -0.1285  0.4466  1.0000  -2.0325   0.0000   0.0000   0.0000   0.3343
   7.500   1.3946   0.01327   0.00748  -0.1266  0.4162  1.0000  -2.1963   0.0000   0.0000   0.0000   0.3293
   8.000   1.4336   0.01417   0.00831  -0.1241  0.3854  1.0000  -2.3746   0.0000   0.0000   0.0000   0.3243
   8.500   1.4669   0.01520   0.00927  -0.1207  0.3559  1.0000  -2.5898   0.0000   0.0000   0.0000   0.3193
   9.000   1.4946   0.01649   0.01047  -0.1167  0.3249  1.0000  -2.8661   0.0000   0.0000   0.0000   0.3142
   9.500   1.5220   0.01789   0.01184  -0.1129  0.2965  1.0000  -3.1497   0.0000   0.0000   0.0000   0.3095
  10.000   1.5461   0.01959   0.01350  -0.1091  0.2681  1.0000  -3.4304   0.0000   0.0000   0.0000   0.3051
  10.500   1.5652   0.02176   0.01559  -0.1052  0.2378  1.0000  -3.7001   0.0000   0.0000   0.0000   0.3008
  11.000   1.5815   0.02429   0.01808  -0.1014  0.2099  1.0000  -3.9684   0.0000   0.0000   0.0000   0.2968
  11.500   1.5945   0.02724   0.02096  -0.0977  0.1825  1.0000  -4.2342   0.0000   0.0000   0.0000   0.2930
  12.000   1.6075   0.03035   0.02404  -0.0944  0.1569  1.0000  -4.5050   0.0000   0.0000   0.0000   0.2895
  12.500   1.6155   0.03399   0.02764  -0.0910  0.1330  1.0000  -4.7588   0.0000   0.0000   0.0000   0.2861
  13.000   1.6201   0.03807   0.03170  -0.0878  0.1118  1.0000  -5.0005   0.0000   0.0000   0.0000   0.2830
  13.500   1.6218   0.04264   0.03629  -0.0849  0.0941  1.0000  -5.2296   0.0000   0.0000   0.0000   0.2801
  14.000   1.6235   0.04747   0.04114  -0.0825  0.0799  1.0000  -5.4604   0.0000   0.0000   0.0000   0.2775
  14.500   1.6263   0.05247   0.04625  -0.0806  0.0686  1.0000  -5.6958   0.0000   0.0000   0.0000   0.2752
  15.000   1.6189   0.05882   0.05265  -0.0789  0.0578  1.0000  -5.8771   0.0000   0.0000   0.0000   0.2732


