xflr5 v6.59

 Calculated polar for: revR_80_revT

 1 1 Reynolds number fixed          Mach number fixed         

 xtrf =   1.000 (top)        1.000 (bottom)
 Mach =   0.000     Re =     0.230 e 6     Ncrit =   9.000

  alpha     CL        CD       CDp       Cm    Top Xtr Bot Xtr   Cpmin    Chinge    XCp    
 ------- -------- --------- --------- -------- ------- ------- -------- --------- ---------
  -5.000   0.0551   0.01736   0.01021  -0.1388  0.8358  0.0630  -2.2483   0.0000   0.0000   0.0000   2.8318
  -4.500   0.1105   0.01626   0.00900  -0.1387  0.8272  0.0761  -1.9960   0.0000   0.0000   0.0000   1.5327
  -4.000   0.1660   0.01532   0.00800  -0.1388  0.8193  0.1000  -1.7697   0.0000   0.0000   0.0000   1.1023
  -3.500   0.2191   0.01460   0.00741  -0.1387  0.8089  0.1482  -1.5408   0.0000   0.0000   0.0000   0.8937
  -3.000   0.2766   0.01391   0.00693  -0.1391  0.8004  0.2227  -1.2990   0.0000   0.0000   0.0000   0.7600
  -2.500   0.3316   0.01359   0.00684  -0.1392  0.7912  0.3069  -1.0769   0.0000   0.0000   0.0000   0.6746
  -1.500   0.4440   0.01276   0.00658  -0.1393  0.7728  0.5267  -0.7528   0.0000   0.0000   0.0000   0.5653
  -1.000   0.4942   0.01258   0.00682  -0.1380  0.7613  0.6570  -0.7920   0.0000   0.0000   0.0000   0.5297
  -0.500   0.5463   0.01239   0.00679  -0.1363  0.7515  0.7566  -0.8338   0.0000   0.0000   0.0000   0.4991
   0.000   0.5931   0.01240   0.00690  -0.1336  0.7414  0.8330  -0.8725   0.0000   0.0000   0.0000   0.4740
   0.500   0.6357   0.01224   0.00678  -0.1299  0.7295  0.8983  -0.9116   0.0000   0.0000   0.0000   0.4524
   1.000   0.6973   0.01193   0.00639  -0.1302  0.7188  1.0000  -0.9664   0.0000   0.0000   0.0000   0.4341
   1.500   0.7563   0.01205   0.00640  -0.1314  0.7058  1.0000  -1.0224   0.0000   0.0000   0.0000   0.4204
   2.000   0.8175   0.01212   0.00629  -0.1324  0.6944  1.0000  -1.0831   0.0000   0.0000   0.0000   0.4080
   2.500   0.8737   0.01216   0.00627  -0.1326  0.6787  1.0000  -1.1491   0.0000   0.0000   0.0000   0.3971
   3.000   0.9306   0.01229   0.00632  -0.1328  0.6647  1.0000  -1.2164   0.0000   0.0000   0.0000   0.3875
   3.500   0.9880   0.01231   0.00624  -0.1330  0.6493  1.0000  -1.2853   0.0000   0.0000   0.0000   0.3787
   4.000   1.0415   0.01246   0.00639  -0.1326  0.6309  1.0000  -1.3607   0.0000   0.0000   0.0000   0.3708
   4.500   1.0955   0.01264   0.00653  -0.1322  0.6119  1.0000  -1.4419   0.0000   0.0000   0.0000   0.3635
   5.000   1.1494   0.01289   0.00672  -0.1319  0.5930  1.0000  -1.5314   0.0000   0.0000   0.0000   0.3569
   5.500   1.2013   0.01320   0.00696  -0.1312  0.5706  1.0000  -1.6325   0.0000   0.0000   0.0000   0.3507
   6.000   1.2507   0.01360   0.00733  -0.1301  0.5455  1.0000  -1.7450   0.0000   0.0000   0.0000   0.3448
   6.500   1.2985   0.01411   0.00783  -0.1288  0.5198  1.0000  -1.8733   0.0000   0.0000   0.0000   0.3393
   7.000   1.3435   0.01472   0.00842  -0.1271  0.4911  1.0000  -2.0111   0.0000   0.0000   0.0000   0.3339
   7.500   1.3860   0.01545   0.00913  -0.1250  0.4617  1.0000  -2.1723   0.0000   0.0000   0.0000   0.3288
   8.000   1.4247   0.01633   0.00994  -0.1224  0.4311  1.0000  -2.3458   0.0000   0.0000   0.0000   0.3237
   8.500   1.4588   0.01740   0.01091  -0.1191  0.4005  1.0000  -2.5553   0.0000   0.0000   0.0000   0.3187
   9.000   1.4874   0.01854   0.01208  -0.1151  0.3717  1.0000  -2.8133   0.0000   0.0000   0.0000   0.3136
   9.500   1.5108   0.01995   0.01349  -0.1105  0.3414  1.0000  -3.0805   0.0000   0.0000   0.0000   0.3086
  10.000   1.5301   0.02172   0.01523  -0.1059  0.3119  1.0000  -3.3408   0.0000   0.0000   0.0000   0.3038
  10.500   1.5474   0.02383   0.01732  -0.1016  0.2842  1.0000  -3.5992   0.0000   0.0000   0.0000   0.2993
  11.000   1.5598   0.02646   0.01992  -0.0973  0.2562  1.0000  -3.8451   0.0000   0.0000   0.0000   0.2951
  11.500   1.5698   0.02949   0.02294  -0.0933  0.2276  1.0000  -4.0853   0.0000   0.0000   0.0000   0.2912
  12.000   1.5793   0.03281   0.02628  -0.0898  0.2006  1.0000  -4.3324   0.0000   0.0000   0.0000   0.2877
  12.500   1.5844   0.03666   0.03014  -0.0864  0.1751  1.0000  -4.5663   0.0000   0.0000   0.0000   0.2844
  13.000   1.5859   0.04104   0.03452  -0.0832  0.1513  1.0000  -4.7861   0.0000   0.0000   0.0000   0.2813
  13.500   1.5847   0.04593   0.03943  -0.0804  0.1308  1.0000  -4.9932   0.0000   0.0000   0.0000   0.2785
  14.000   1.5805   0.05148   0.04503  -0.0780  0.1127  1.0000  -5.1847   0.0000   0.0000   0.0000   0.2760
  14.500   1.5714   0.05785   0.05140  -0.0761  0.0967  1.0000  -5.3506   0.0000   0.0000   0.0000   0.2740
  15.000   1.5705   0.06370   0.05741  -0.0749  0.0838  1.0000  -5.5528   0.0000   0.0000   0.0000   0.2722


