xflr5 v6.59

 Calculated polar for: revR_65_revT

 1 1 Reynolds number fixed          Mach number fixed         

 xtrf =   1.000 (top)        1.000 (bottom)
 Mach =   0.000     Re =     0.420 e 6     Ncrit =   9.000

  alpha     CL        CD       CDp       Cm    Top Xtr Bot Xtr   Cpmin    Chinge    XCp    
 ------- -------- --------- --------- -------- ------- ------- -------- --------- ---------
  -5.000  -0.0046   0.01221   0.00565  -0.1221  0.8064  0.0485  -2.3793   0.0000   0.0000   0.0000  -27.2031
  -4.500   0.0518   0.01176   0.00505  -0.1223  0.7979  0.0571  -2.0357   0.0000   0.0000   0.0000   2.6622
  -4.000   0.1068   0.01086   0.00421  -0.1223  0.7884  0.0874  -1.7850   0.0000   0.0000   0.0000   1.4166
  -3.500   0.1631   0.01034   0.00379  -0.1225  0.7796  0.1345  -1.5311   0.0000   0.0000   0.0000   1.0133
  -3.000   0.2194   0.00999   0.00358  -0.1228  0.7708  0.1940  -1.2811   0.0000   0.0000   0.0000   0.8171
  -2.500   0.2755   0.00956   0.00339  -0.1231  0.7612  0.2730  -1.0521   0.0000   0.0000   0.0000   0.7012
  -2.000   0.3323   0.00925   0.00323  -0.1233  0.7509  0.3574  -0.8318   0.0000   0.0000   0.0000   0.6237
  -1.500   0.3879   0.00885   0.00317  -0.1234  0.7413  0.4668  -0.7016   0.0000   0.0000   0.0000   0.5695
  -1.000   0.4435   0.00850   0.00314  -0.1233  0.7316  0.5903  -0.7424   0.0000   0.0000   0.0000   0.5283
  -0.500   0.4980   0.00834   0.00323  -0.1228  0.7205  0.6964  -0.7856   0.0000   0.0000   0.0000   0.4959
   0.000   0.5518   0.00824   0.00326  -0.1219  0.7089  0.7698  -0.8288   0.0000   0.0000   0.0000   0.4695
   0.500   0.6052   0.00826   0.00332  -0.1210  0.6973  0.8202  -0.8783   0.0000   0.0000   0.0000   0.4478
   1.000   0.6563   0.00819   0.00332  -0.1195  0.6844  0.8650  -0.9271   0.0000   0.0000   0.0000   0.4293
   1.500   0.7039   0.00813   0.00331  -0.1172  0.6700  0.9137  -0.9785   0.0000   0.0000   0.0000   0.4132
   2.000   0.7640   0.00803   0.00317  -0.1177  0.6555  0.9979  -1.0424   0.0000   0.0000   0.0000   0.4001
   2.500   0.8219   0.00815   0.00323  -0.1184  0.6381  1.0000  -1.1053   0.0000   0.0000   0.0000   0.3895
   3.000   0.8786   0.00833   0.00333  -0.1187  0.6195  1.0000  -1.1729   0.0000   0.0000   0.0000   0.3800
   3.500   0.9343   0.00857   0.00348  -0.1188  0.6010  1.0000  -1.2476   0.0000   0.0000   0.0000   0.3715
   4.000   0.9887   0.00885   0.00366  -0.1187  0.5785  1.0000  -1.3248   0.0000   0.0000   0.0000   0.3638
   4.500   1.0420   0.00918   0.00391  -0.1184  0.5541  1.0000  -1.4155   0.0000   0.0000   0.0000   0.3567
   5.000   1.0945   0.00957   0.00424  -0.1179  0.5291  1.0000  -1.5127   0.0000   0.0000   0.0000   0.3502
   5.500   1.1455   0.01002   0.00462  -0.1172  0.5001  1.0000  -1.6324   0.0000   0.0000   0.0000   0.3442
   6.000   1.1955   0.01054   0.00507  -0.1164  0.4718  1.0000  -1.7532   0.0000   0.0000   0.0000   0.3386
   6.500   1.2420   0.01124   0.00562  -0.1150  0.4371  1.0000  -1.9115   0.0000   0.0000   0.0000   0.3332
   7.000   1.2891   0.01189   0.00623  -0.1139  0.4076  1.0000  -2.0775   0.0000   0.0000   0.0000   0.3282
   7.500   1.3335   0.01267   0.00693  -0.1123  0.3744  1.0000  -2.2896   0.0000   0.0000   0.0000   0.3233
   8.000   1.3731   0.01366   0.00779  -0.1100  0.3379  1.0000  -2.5487   0.0000   0.0000   0.0000   0.3185
   8.500   1.4128   0.01460   0.00868  -0.1077  0.3078  1.0000  -2.8562   0.0000   0.0000   0.0000   0.3139
   9.000   1.4438   0.01581   0.00976  -0.1042  0.2729  1.0000  -3.1491   0.0000   0.0000   0.0000   0.3090
   9.500   1.4715   0.01724   0.01108  -0.1004  0.2400  1.0000  -3.4472   0.0000   0.0000   0.0000   0.3043
  10.000   1.4976   0.01884   0.01264  -0.0968  0.2094  1.0000  -3.7479   0.0000   0.0000   0.0000   0.2999
  10.500   1.5176   0.02096   0.01464  -0.0928  0.1773  1.0000  -4.0319   0.0000   0.0000   0.0000   0.2956
  11.000   1.5361   0.02335   0.01694  -0.0892  0.1474  1.0000  -4.3192   0.0000   0.0000   0.0000   0.2916
  11.500   1.5508   0.02617   0.01967  -0.0857  0.1194  1.0000  -4.6025   0.0000   0.0000   0.0000   0.2879
  12.000   1.5633   0.02932   0.02276  -0.0823  0.0972  1.0000  -4.8803   0.0000   0.0000   0.0000   0.2844
  12.500   1.5742   0.03276   0.02623  -0.0792  0.0799  1.0000  -5.1535   0.0000   0.0000   0.0000   0.2811
  13.000   1.5809   0.03669   0.03019  -0.0763  0.0657  1.0000  -5.4085   0.0000   0.0000   0.0000   0.2780
  13.500   1.5832   0.04121   0.03472  -0.0735  0.0534  1.0000  -5.6435   0.0000   0.0000   0.0000   0.2752
  14.000   1.5881   0.04571   0.03937  -0.0713  0.0455  1.0000  -5.8890   0.0000   0.0000   0.0000   0.2726
  14.500   1.5786   0.05207   0.04577  -0.0692  0.0371  1.0000  -6.0541   0.0000   0.0000   0.0000   0.2705
  15.000   1.5800   0.05756   0.05148  -0.0681  0.0333  1.0000  -6.2850   0.0000   0.0000   0.0000   0.2686


