xflr5 v6.59

 Calculated polar for: revR_20_revT

 1 1 Reynolds number fixed          Mach number fixed         

 xtrf =   1.000 (top)        1.000 (bottom)
 Mach =   0.000     Re =     0.325 e 6     Ncrit =   9.000

  alpha     CL        CD       CDp       Cm    Top Xtr Bot Xtr   Cpmin    Chinge    XCp    
 ------- -------- --------- --------- -------- ------- ------- -------- --------- ---------
  -5.000  -0.1783   0.01262   0.00586  -0.0836  0.8880  0.0615  -2.4682   0.0000   0.0000   0.0000  -0.2325
  -4.500  -0.1273   0.01167   0.00487  -0.0826  0.8737  0.0877  -2.1421   0.0000   0.0000   0.0000  -0.4152
  -4.000  -0.0772   0.01096   0.00432  -0.0815  0.8585  0.1391  -1.8115   0.0000   0.0000   0.0000  -0.8293
  -3.500  -0.0248   0.01040   0.00394  -0.0809  0.8455  0.2122  -1.4847   0.0000   0.0000   0.0000  -3.0750
  -3.000   0.0260   0.00977   0.00364  -0.0801  0.8313  0.3170  -1.2263   0.0000   0.0000   0.0000   3.3840
  -2.500   0.0767   0.00918   0.00343  -0.0792  0.8172  0.4448  -1.0199   0.0000   0.0000   0.0000   1.2950
  -2.000   0.1267   0.00862   0.00334  -0.0778  0.8037  0.5972  -0.8224   0.0000   0.0000   0.0000   0.8694
  -1.500   0.1774   0.00843   0.00340  -0.0762  0.7896  0.7020  -0.6324   0.0000   0.0000   0.0000   0.6821
  -1.000   0.2293   0.00839   0.00341  -0.0746  0.7754  0.7686  -0.5532   0.0000   0.0000   0.0000   0.5761
  -0.500   0.2800   0.00833   0.00340  -0.0728  0.7593  0.8144  -0.5955   0.0000   0.0000   0.0000   0.5097
   0.000   0.3306   0.00834   0.00341  -0.0710  0.7442  0.8533  -0.6381   0.0000   0.0000   0.0000   0.4636
   0.500   0.3800   0.00833   0.00335  -0.0688  0.7280  0.8910  -0.6863   0.0000   0.0000   0.0000   0.4291
   1.000   0.4299   0.00826   0.00329  -0.0667  0.7095  0.9265  -0.7366   0.0000   0.0000   0.0000   0.4028
   1.500   0.4957   0.00827   0.00328  -0.0682  0.6902  0.9594  -0.8002   0.0000   0.0000   0.0000   0.3848
   2.000   0.5771   0.00832   0.00324  -0.0734  0.6673  0.9800  -0.8808   0.0000   0.0000   0.0000   0.3739
   2.500   0.6605   0.00840   0.00322  -0.0793  0.6425  0.9981  -0.9706   0.0000   0.0000   0.0000   0.3663
   3.000   0.6997   0.00852   0.00324  -0.0764  0.6170  1.0000  -1.0365   0.0000   0.0000   0.0000   0.3549
   3.500   0.7416   0.00875   0.00335  -0.0737  0.5894  1.0000  -1.1121   0.0000   0.0000   0.0000   0.3447
   4.000   0.7885   0.00906   0.00355  -0.0720  0.5596  1.0000  -1.2144   0.0000   0.0000   0.0000   0.3361
   4.500   0.8363   0.00941   0.00382  -0.0704  0.5266  1.0000  -1.3296   0.0000   0.0000   0.0000   0.3285
   5.000   0.8832   0.00988   0.00414  -0.0688  0.4924  1.0000  -1.4807   0.0000   0.0000   0.0000   0.3216
   5.500   0.9299   0.01034   0.00455  -0.0671  0.4543  1.0000  -1.7626   0.0000   0.0000   0.0000   0.3154
   6.000   0.9751   0.01094   0.00503  -0.0652  0.4195  1.0000  -2.0789   0.0000   0.0000   0.0000   0.3096
   6.500   1.0182   0.01159   0.00555  -0.0630  0.3757  1.0000  -2.4032   0.0000   0.0000   0.0000   0.3040
   7.000   1.0594   0.01235   0.00616  -0.0606  0.3306  1.0000  -2.7347   0.0000   0.0000   0.0000   0.2987
   7.500   1.0960   0.01331   0.00693  -0.0576  0.2790  1.0000  -3.0697   0.0000   0.0000   0.0000   0.2934
   8.500   1.1625   0.01547   0.00874  -0.0506  0.1881  1.0000  -3.7636   0.0000   0.0000   0.0000   0.2832
   9.000   1.1859   0.01673   0.00983  -0.0456  0.1460  1.0000  -4.0835   0.0000   0.0000   0.0000   0.2774
   9.500   1.2047   0.01822   0.01119  -0.0401  0.1095  1.0000  -4.3886   0.0000   0.0000   0.0000   0.2716
  10.000   1.2224   0.01987   0.01273  -0.0349  0.0823  1.0000  -4.6907   0.0000   0.0000   0.0000   0.2662
  10.500   1.2398   0.02168   0.01451  -0.0302  0.0632  1.0000  -4.9896   0.0000   0.0000   0.0000   0.2612
  11.000   1.2547   0.02377   0.01664  -0.0258  0.0484  1.0000  -5.2689   0.0000   0.0000   0.0000   0.2566
  11.500   1.2618   0.02661   0.01951  -0.0212  0.0352  1.0000  -5.4802   0.0000   0.0000   0.0000   0.2521
  12.000   1.2531   0.03094   0.02392  -0.0162  0.0254  1.0000  -5.5539   0.0000   0.0000   0.0000   0.2474
  12.500   1.2599   0.03449   0.02768  -0.0133  0.0230  1.0000  -5.7302   0.0000   0.0000   0.0000   0.2441
  13.000   1.2634   0.03862   0.03206  -0.0109  0.0213  1.0000  -5.8954   0.0000   0.0000   0.0000   0.2412
  13.500   1.2647   0.04329   0.03694  -0.0092  0.0202  1.0000  -6.0533   0.0000   0.0000   0.0000   0.2389
  14.000   1.2654   0.04839   0.04224  -0.0081  0.0194  1.0000  -6.2071   0.0000   0.0000   0.0000   0.2372
  14.500   1.2649   0.05403   0.04809  -0.0078  0.0187  1.0000  -6.3527   0.0000   0.0000   0.0000   0.2359
  15.000   1.2629   0.06024   0.05451  -0.0081  0.0181  1.0000  -6.4818   0.0000   0.0000   0.0000   0.2352


