xflr5 v6.59

 Calculated polar for: revR_30_revT

 1 1 Reynolds number fixed          Mach number fixed         

 xtrf =   1.000 (top)        1.000 (bottom)
 Mach =   0.000     Re =     0.270 e 6     Ncrit =   9.000

  alpha     CL        CD       CDp       Cm    Top Xtr Bot Xtr   Cpmin    Chinge    XCp    
 ------- -------- --------- --------- -------- ------- ------- -------- --------- ---------
  -5.000  -0.1412   0.01392   0.00700  -0.0932  0.8864  0.0679  -2.4408   0.0000   0.0000   0.0000  -0.4282
  -4.500  -0.0880   0.01293   0.00592  -0.0926  0.8744  0.0909  -2.1107   0.0000   0.0000   0.0000  -0.8275
  -4.000  -0.0364   0.01211   0.00523  -0.0919  0.8602  0.1397  -1.7910   0.0000   0.0000   0.0000  -2.3244
  -3.500   0.0173   0.01145   0.00480  -0.0916  0.8485  0.2232  -1.4767   0.0000   0.0000   0.0000   5.6378
  -3.000   0.0693   0.01083   0.00451  -0.0911  0.8347  0.3224  -1.2292   0.0000   0.0000   0.0000   1.5841
  -2.500   0.1224   0.01027   0.00430  -0.0906  0.8231  0.4484  -1.0162   0.0000   0.0000   0.0000   0.9989
  -2.000   0.1728   0.00971   0.00425  -0.0893  0.8086  0.6041  -0.8159   0.0000   0.0000   0.0000   0.7711
  -1.500   0.2242   0.00957   0.00433  -0.0877  0.7963  0.7090  -0.6283   0.0000   0.0000   0.0000   0.6433
  -1.000   0.2754   0.00951   0.00434  -0.0859  0.7824  0.7786  -0.5913   0.0000   0.0000   0.0000   0.5625
  -0.500   0.3250   0.00951   0.00437  -0.0837  0.7679  0.8287  -0.6321   0.0000   0.0000   0.0000   0.5073
   0.000   0.3746   0.00948   0.00427  -0.0814  0.7539  0.8717  -0.6752   0.0000   0.0000   0.0000   0.4661
   0.500   0.4197   0.00938   0.00423  -0.0782  0.7381  0.9147  -0.7187   0.0000   0.0000   0.0000   0.4345
   1.000   0.4772   0.00928   0.00408  -0.0777  0.7218  0.9559  -0.7732   0.0000   0.0000   0.0000   0.4104
   1.500   0.5592   0.00921   0.00386  -0.0829  0.7045  0.9907  -0.8489   0.0000   0.0000   0.0000   0.3953
   2.000   0.6179   0.00923   0.00378  -0.0839  0.6848  1.0000  -0.9107   0.0000   0.0000   0.0000   0.3824
   2.500   0.6695   0.00934   0.00381  -0.0833  0.6634  1.0000  -0.9753   0.0000   0.0000   0.0000   0.3706
   3.000   0.7233   0.00948   0.00387  -0.0830  0.6403  1.0000  -1.0476   0.0000   0.0000   0.0000   0.3604
   3.500   0.7772   0.00969   0.00399  -0.0826  0.6160  1.0000  -1.1279   0.0000   0.0000   0.0000   0.3514
   4.000   0.8303   0.00996   0.00415  -0.0821  0.5886  1.0000  -1.2237   0.0000   0.0000   0.0000   0.3435
   4.500   0.8827   0.01028   0.00442  -0.0815  0.5585  1.0000  -1.3332   0.0000   0.0000   0.0000   0.3364
   5.000   0.9342   0.01068   0.00475  -0.0807  0.5260  1.0000  -1.4725   0.0000   0.0000   0.0000   0.3299
   5.500   0.9843   0.01121   0.00515  -0.0797  0.4916  1.0000  -1.6351   0.0000   0.0000   0.0000   0.3240
   6.000   1.0337   0.01175   0.00564  -0.0787  0.4547  1.0000  -1.9472   0.0000   0.0000   0.0000   0.3186
   6.500   1.0815   0.01243   0.00622  -0.0775  0.4170  1.0000  -2.2706   0.0000   0.0000   0.0000   0.3135
   7.000   1.1270   0.01323   0.00690  -0.0760  0.3754  1.0000  -2.6013   0.0000   0.0000   0.0000   0.3086
   7.500   1.1723   0.01406   0.00769  -0.0746  0.3351  1.0000  -2.9510   0.0000   0.0000   0.0000   0.3041
   8.000   1.2127   0.01516   0.00861  -0.0726  0.2849  1.0000  -3.3062   0.0000   0.0000   0.0000   0.2997
   9.000   1.2837   0.01796   0.01104  -0.0675  0.1878  1.0000  -4.0113   0.0000   0.0000   0.0000   0.2910
   9.500   1.3117   0.01964   0.01255  -0.0640  0.1445  1.0000  -4.3448   0.0000   0.0000   0.0000   0.2865
  10.000   1.3341   0.02167   0.01442  -0.0601  0.1060  1.0000  -4.6590   0.0000   0.0000   0.0000   0.2820
  10.500   1.3517   0.02413   0.01676  -0.0562  0.0790  1.0000  -4.9499   0.0000   0.0000   0.0000   0.2778
  11.000   1.3679   0.02686   0.01950  -0.0527  0.0605  1.0000  -5.2279   0.0000   0.0000   0.0000   0.2739
  11.500   1.3825   0.02990   0.02264  -0.0496  0.0477  1.0000  -5.4871   0.0000   0.0000   0.0000   0.2704
  12.000   1.3855   0.03419   0.02711  -0.0462  0.0373  1.0000  -5.6517   0.0000   0.0000   0.0000   0.2670
  12.500   1.3885   0.03876   0.03180  -0.0437  0.0305  1.0000  -5.8096   0.0000   0.0000   0.0000   0.2642
  13.000   1.3680   0.04591   0.03919  -0.0405  0.0265  1.0000  -5.7876   0.0000   0.0000   0.0000   0.2613
  13.500   1.3730   0.05077   0.04430  -0.0390  0.0253  1.0000  -5.9484   0.0000   0.0000   0.0000   0.2592
  14.000   1.3738   0.05629   0.05008  -0.0376  0.0241  1.0000  -6.0767   0.0000   0.0000   0.0000   0.2572
  14.500   1.3727   0.06227   0.05634  -0.0367  0.0233  1.0000  -6.1888   0.0000   0.0000   0.0000   0.2556
  15.000   1.3699   0.06878   0.06313  -0.0362  0.0226  1.0000  -6.2875   0.0000   0.0000   0.0000   0.2543


