xflr5 v6.59

 Calculated polar for: revR_50_revT

 1 1 Reynolds number fixed          Mach number fixed         

 xtrf =   1.000 (top)        1.000 (bottom)
 Mach =   0.000     Re =     0.050 e 6     Ncrit =   9.000

  alpha     CL        CD       CDp       Cm    Top Xtr Bot Xtr   Cpmin    Chinge    XCp    
 ------- -------- --------- --------- -------- ------- ------- -------- --------- ---------
  -5.000  -0.4735   0.07050   0.06488  -0.0253  1.0000  0.2203  -1.9626   0.0000   0.0000   0.0000   0.1917
  -4.500  -0.4036   0.04786   0.04040  -0.0520  1.0000  0.1515  -2.3340   0.0000   0.0000   0.0000   0.1150
  -4.000  -0.3436   0.04133   0.03251  -0.0577  1.0000  0.1600  -2.2801   0.0000   0.0000   0.0000   0.0752
  -3.500  -0.2907   0.03695   0.02770  -0.0599  1.0000  0.1742  -2.1337   0.0000   0.0000   0.0000   0.0366
  -3.000  -0.2369   0.03457   0.02469  -0.0615  1.0000  0.2074  -1.9588   0.0000   0.0000   0.0000  -0.0178
  -2.500  -0.1846   0.03260   0.02263  -0.0624  1.0000  0.2596  -1.7704   0.0000   0.0000   0.0000  -0.0973
  -2.000  -0.1337   0.03148   0.02205  -0.0630  1.0000  0.3686  -1.5678   0.0000   0.0000   0.0000  -0.2319
  -1.500  -0.0825   0.03075   0.02244  -0.0623  0.9993  0.5848  -1.3824   0.0000   0.0000   0.0000  -0.5211
  -1.000  -0.0600   0.03032   0.02313  -0.0517  0.9838  0.9386  -1.2371   0.0000   0.0000   0.0000  -0.6299
  -0.500   0.0357   0.03224   0.02390  -0.0646  0.9607  1.0000  -0.9671   0.0000   0.0000   0.0000   2.0782
   0.000   0.1167   0.03450   0.02547  -0.0724  0.9389  1.0000  -0.7318   0.0000   0.0000   0.0000   0.8737
   0.500   0.1912   0.03677   0.02725  -0.0786  0.9172  1.0000  -0.5327   0.0000   0.0000   0.0000   0.6610
   1.000   0.2603   0.03898   0.02910  -0.0834  0.8939  1.0000  -0.5791   0.0000   0.0000   0.0000   0.5690
   1.500   0.3242   0.04115   0.03101  -0.0871  0.8701  1.0000  -0.6257   0.0000   0.0000   0.0000   0.5163
   2.000   0.3819   0.04330   0.03298  -0.0895  0.8452  1.0000  -0.6715   0.0000   0.0000   0.0000   0.4814
   2.500   0.4353   0.04550   0.03505  -0.0912  0.8199  1.0000  -0.7178   0.0000   0.0000   0.0000   0.4558
   3.000   0.4855   0.04778   0.03726  -0.0923  0.7943  1.0000  -0.7631   0.0000   0.0000   0.0000   0.4358
   3.500   0.5338   0.05005   0.03951  -0.0929  0.7674  1.0000  -0.8113   0.0000   0.0000   0.0000   0.4192
   4.000   0.5822   0.05237   0.04183  -0.0934  0.7405  1.0000  -0.8632   0.0000   0.0000   0.0000   0.4050
   4.500   0.6307   0.05470   0.04421  -0.0937  0.7140  1.0000  -0.9205   0.0000   0.0000   0.0000   0.3927
   5.000   0.6809   0.05688   0.04648  -0.0938  0.6874  1.0000  -0.9861   0.0000   0.0000   0.0000   0.3814
   5.500   0.7341   0.05878   0.04849  -0.0938  0.6610  1.0000  -1.0623   0.0000   0.0000   0.0000   0.3708
   6.000   0.7874   0.06052   0.05039  -0.0934  0.6353  1.0000  -1.1507   0.0000   0.0000   0.0000   0.3611
   6.500   0.8445   0.06174   0.05180  -0.0927  0.6099  1.0000  -1.2587   0.0000   0.0000   0.0000   0.3517
   7.000   0.8419   0.06708   0.05725  -0.0899  0.5790  1.0000  -1.2802   0.0000   0.0000   0.0000   0.3480
   7.500   0.8679   0.07065   0.06101  -0.0882  0.5510  1.0000  -1.3543   0.0000   0.0000   0.0000   0.3423
   8.000   0.9033   0.07332   0.06390  -0.0864  0.5229  1.0000  -1.4656   0.0000   0.0000   0.0000   0.3357
   8.500   0.9426   0.07560   0.06643  -0.0844  0.4960  1.0000  -1.5914   0.0000   0.0000   0.0000   0.3289
   9.000   1.0005   0.07525   0.06640  -0.0814  0.4690  1.0000  -1.8091   0.0000   0.0000   0.0000   0.3201
   9.500   1.2020   0.05550   0.04733  -0.0750  0.4434  1.0000  -2.6842   0.0000   0.0000   0.0000   0.3002
  10.000   1.0076   0.08734   0.07887  -0.0777  0.4111  1.0000  -2.0091   0.0000   0.0000   0.0000   0.3145
  10.500   1.3893   0.04647   0.03842  -0.0707  0.3445  1.0000  -3.7491   0.0000   0.0000   0.0000   0.2869
  11.000   1.4176   0.04783   0.03965  -0.0658  0.2969  1.0000  -4.0374   0.0000   0.0000   0.0000   0.2815
  11.500   1.4407   0.05028   0.04198  -0.0610  0.2521  1.0000  -4.2934   0.0000   0.0000   0.0000   0.2765
  12.000   1.1723   0.08504   0.07779  -0.0589  0.2881  1.0000  -3.2075   0.0000   0.0000   0.0000   0.2840
  13.000   1.4016   0.06610   0.05833  -0.0443  0.1771  1.0000  -4.5377   0.0000   0.0000   0.0000   0.2632
  13.500   1.3506   0.07626   0.06904  -0.0417  0.1693  1.0000  -4.4234   0.0000   0.0000   0.0000   0.2616
  14.000   1.2954   0.08905   0.08222  -0.0424  0.1645  1.0000  -4.2672   0.0000   0.0000   0.0000   0.2626
  14.500   1.2424   0.10424   0.09762  -0.0456  0.1602  1.0000  -4.0845   0.0000   0.0000   0.0000   0.2658


