xflr5 v6.59

 Calculated polar for: revR_20_revT

 1 1 Reynolds number fixed          Mach number fixed         

 xtrf =   1.000 (top)        1.000 (bottom)
 Mach =   0.000     Re =     0.445 e 6     Ncrit =   9.000

  alpha     CL        CD       CDp       Cm    Top Xtr Bot Xtr   Cpmin    Chinge    XCp    
 ------- -------- --------- --------- -------- ------- ------- -------- --------- ---------
  -5.000  -0.1841   0.01121   0.00477  -0.0812  0.8605  0.0531  -2.5172   0.0000   0.0000   0.0000  -0.2041
  -4.500  -0.1326   0.01048   0.00395  -0.0803  0.8461  0.0749  -2.1746   0.0000   0.0000   0.0000  -0.3713
  -4.000  -0.0808   0.00985   0.00345  -0.0796  0.8324  0.1182  -1.8320   0.0000   0.0000   0.0000  -0.7563
  -3.500  -0.0278   0.00938   0.00312  -0.0791  0.8197  0.1774  -1.4970   0.0000   0.0000   0.0000  -2.6522
  -3.000   0.0250   0.00888   0.00282  -0.0786  0.8059  0.2535  -1.2325   0.0000   0.0000   0.0000   3.4432
  -2.500   0.0773   0.00833   0.00262  -0.0780  0.7926  0.3680  -1.0221   0.0000   0.0000   0.0000   1.2718
  -2.000   0.1295   0.00781   0.00246  -0.0774  0.7797  0.4996  -0.8206   0.0000   0.0000   0.0000   0.8527
  -1.500   0.1804   0.00736   0.00246  -0.0762  0.7656  0.6423  -0.6302   0.0000   0.0000   0.0000   0.6746
  -1.000   0.2334   0.00725   0.00246  -0.0751  0.7511  0.7215  -0.5566   0.0000   0.0000   0.0000   0.5724
  -0.500   0.2863   0.00719   0.00247  -0.0740  0.7361  0.7763  -0.6001   0.0000   0.0000   0.0000   0.5080
   0.000   0.3391   0.00718   0.00250  -0.0728  0.7209  0.8151  -0.6438   0.0000   0.0000   0.0000   0.4635
   0.500   0.3913   0.00721   0.00248  -0.0716  0.7034  0.8495  -0.6939   0.0000   0.0000   0.0000   0.4309
   1.000   0.4417   0.00718   0.00250  -0.0698  0.6855  0.8825  -0.7445   0.0000   0.0000   0.0000   0.4056
   1.500   0.4909   0.00718   0.00251  -0.0679  0.6649  0.9181  -0.7981   0.0000   0.0000   0.0000   0.3853
   2.000   0.5481   0.00721   0.00253  -0.0676  0.6433  0.9536  -0.8619   0.0000   0.0000   0.0000   0.3700
   2.500   0.6230   0.00733   0.00258  -0.0716  0.6177  0.9789  -0.9437   0.0000   0.0000   0.0000   0.3610
   3.000   0.7012   0.00754   0.00265  -0.0765  0.5879  0.9989  -1.0397   0.0000   0.0000   0.0000   0.3547
   3.500   0.7427   0.00778   0.00278  -0.0739  0.5598  1.0000  -1.1153   0.0000   0.0000   0.0000   0.3447
   4.000   0.7894   0.00808   0.00299  -0.0722  0.5282  1.0000  -1.2174   0.0000   0.0000   0.0000   0.3362
   4.500   0.8372   0.00848   0.00326  -0.0707  0.4958  1.0000  -1.3336   0.0000   0.0000   0.0000   0.3287
   5.000   0.8848   0.00892   0.00358  -0.0692  0.4573  1.0000  -1.4861   0.0000   0.0000   0.0000   0.3219
   5.500   0.9322   0.00942   0.00398  -0.0677  0.4239  1.0000  -1.7836   0.0000   0.0000   0.0000   0.3158
   6.000   0.9767   0.01005   0.00442  -0.0658  0.3762  1.0000  -2.1001   0.0000   0.0000   0.0000   0.3100
   6.500   1.0193   0.01081   0.00495  -0.0636  0.3262  1.0000  -2.4252   0.0000   0.0000   0.0000   0.3045
   7.500   1.1003   0.01253   0.00631  -0.0588  0.2323  1.0000  -3.1255   0.0000   0.0000   0.0000   0.2943
   8.000   1.1380   0.01347   0.00710  -0.0560  0.1906  1.0000  -3.4889   0.0000   0.0000   0.0000   0.2894
   8.500   1.1705   0.01462   0.00804  -0.0524  0.1468  1.0000  -3.8419   0.0000   0.0000   0.0000   0.2844
   9.000   1.1959   0.01583   0.00908  -0.0476  0.1104  1.0000  -4.1746   0.0000   0.0000   0.0000   0.2788
   9.500   1.2173   0.01714   0.01028  -0.0423  0.0825  1.0000  -4.4958   0.0000   0.0000   0.0000   0.2730
  10.000   1.2391   0.01851   0.01160  -0.0374  0.0628  1.0000  -4.8214   0.0000   0.0000   0.0000   0.2678
  10.500   1.2593   0.02005   0.01313  -0.0328  0.0476  1.0000  -5.1383   0.0000   0.0000   0.0000   0.2629
  11.000   1.2756   0.02194   0.01502  -0.0282  0.0337  1.0000  -5.4231   0.0000   0.0000   0.0000   0.2582
  11.500   1.2828   0.02460   0.01769  -0.0232  0.0221  1.0000  -5.6183   0.0000   0.0000   0.0000   0.2534
  12.000   1.2875   0.02772   0.02088  -0.0188  0.0177  1.0000  -5.8021   0.0000   0.0000   0.0000   0.2490
  12.500   1.2841   0.03177   0.02522  -0.0146  0.0159  1.0000  -5.9254   0.0000   0.0000   0.0000   0.2450
  13.000   1.2945   0.03507   0.02870  -0.0122  0.0153  1.0000  -6.1763   0.0000   0.0000   0.0000   0.2421
  13.500   1.3002   0.03904   0.03287  -0.0103  0.0147  1.0000  -6.3988   0.0000   0.0000   0.0000   0.2397
  14.000   1.3033   0.04359   0.03762  -0.0090  0.0141  1.0000  -6.6048   0.0000   0.0000   0.0000   0.2376
  14.500   1.3036   0.04881   0.04304  -0.0083  0.0137  1.0000  -6.7901   0.0000   0.0000   0.0000   0.2361
  15.000   1.3020   0.05470   0.04915  -0.0084  0.0133  1.0000  -6.9558   0.0000   0.0000   0.0000   0.2352


