xflr5 v6.59

 Calculated polar for: revR_65_revT

 1 1 Reynolds number fixed          Mach number fixed         

 xtrf =   1.000 (top)        1.000 (bottom)
 Mach =   0.000     Re =     0.385 e 6     Ncrit =   9.000

  alpha     CL        CD       CDp       Cm    Top Xtr Bot Xtr   Cpmin    Chinge    XCp    
 ------- -------- --------- --------- -------- ------- ------- -------- --------- ---------
  -5.000  -0.0041   0.01276   0.00614  -0.1225  0.8124  0.0504  -2.3634   0.0000   0.0000   0.0000  -30.4588
  -4.500   0.0514   0.01189   0.00511  -0.1225  0.8039  0.0628  -2.0429   0.0000   0.0000   0.0000   2.6832
  -4.000   0.1070   0.01127   0.00455  -0.1226  0.7947  0.0909  -1.7796   0.0000   0.0000   0.0000   1.4181
  -3.500   0.1627   0.01071   0.00411  -0.1228  0.7850  0.1394  -1.5294   0.0000   0.0000   0.0000   1.0166
  -3.000   0.2194   0.01033   0.00384  -0.1231  0.7763  0.2028  -1.2794   0.0000   0.0000   0.0000   0.8182
  -2.500   0.2750   0.00991   0.00369  -0.1233  0.7670  0.2846  -1.0521   0.0000   0.0000   0.0000   0.7029
  -2.000   0.3314   0.00954   0.00349  -0.1235  0.7568  0.3703  -0.8330   0.0000   0.0000   0.0000   0.6252
  -1.500   0.3872   0.00918   0.00345  -0.1236  0.7468  0.4889  -0.7007   0.0000   0.0000   0.0000   0.5705
  -1.000   0.4421   0.00883   0.00347  -0.1233  0.7367  0.6110  -0.7411   0.0000   0.0000   0.0000   0.5292
  -0.500   0.4968   0.00872   0.00352  -0.1226  0.7259  0.7121  -0.7845   0.0000   0.0000   0.0000   0.4962
   0.000   0.5494   0.00861   0.00358  -0.1215  0.7141  0.7822  -0.8268   0.0000   0.0000   0.0000   0.4698
   0.500   0.6026   0.00863   0.00358  -0.1205  0.7024  0.8311  -0.8764   0.0000   0.0000   0.0000   0.4478
   1.000   0.6518   0.00855   0.00362  -0.1186  0.6899  0.8788  -0.9239   0.0000   0.0000   0.0000   0.4292
   1.500   0.6989   0.00847   0.00352  -0.1160  0.6760  0.9309  -0.9748   0.0000   0.0000   0.0000   0.4127
   2.000   0.7630   0.00837   0.00342  -0.1177  0.6608  1.0000  -1.0411   0.0000   0.0000   0.0000   0.4003
   2.500   0.8210   0.00852   0.00348  -0.1183  0.6447  1.0000  -1.1040   0.0000   0.0000   0.0000   0.3896
   3.000   0.8775   0.00869   0.00353  -0.1186  0.6260  1.0000  -1.1715   0.0000   0.0000   0.0000   0.3800
   3.500   0.9331   0.00891   0.00366  -0.1186  0.6072  1.0000  -1.2462   0.0000   0.0000   0.0000   0.3715
   4.000   0.9876   0.00916   0.00386  -0.1185  0.5855  1.0000  -1.3233   0.0000   0.0000   0.0000   0.3637
   4.500   1.0408   0.00948   0.00410  -0.1181  0.5611  1.0000  -1.4138   0.0000   0.0000   0.0000   0.3566
   5.000   1.0932   0.00986   0.00442  -0.1177  0.5364  1.0000  -1.5104   0.0000   0.0000   0.0000   0.3502
   5.500   1.1437   0.01035   0.00480  -0.1169  0.5080  1.0000  -1.6295   0.0000   0.0000   0.0000   0.3441
   6.000   1.1937   0.01085   0.00526  -0.1161  0.4801  1.0000  -1.7502   0.0000   0.0000   0.0000   0.3385
   6.500   1.2413   0.01146   0.00579  -0.1149  0.4467  1.0000  -1.9094   0.0000   0.0000   0.0000   0.3331
   7.000   1.2869   0.01219   0.00642  -0.1134  0.4151  1.0000  -2.0717   0.0000   0.0000   0.0000   0.3280
   7.500   1.3311   0.01297   0.00714  -0.1118  0.3841  1.0000  -2.2830   0.0000   0.0000   0.0000   0.3231
   8.000   1.3714   0.01391   0.00798  -0.1095  0.3466  1.0000  -2.5407   0.0000   0.0000   0.0000   0.3183
   8.500   1.4080   0.01498   0.00895  -0.1068  0.3154  1.0000  -2.8379   0.0000   0.0000   0.0000   0.3135
   9.000   1.4413   0.01607   0.00999  -0.1036  0.2834  1.0000  -3.1362   0.0000   0.0000   0.0000   0.3088
   9.500   1.4669   0.01759   0.01137  -0.0996  0.2480  1.0000  -3.4262   0.0000   0.0000   0.0000   0.3040
  10.000   1.4917   0.01927   0.01301  -0.0958  0.2181  1.0000  -3.7208   0.0000   0.0000   0.0000   0.2995
  10.500   1.5141   0.02125   0.01492  -0.0922  0.1868  1.0000  -4.0134   0.0000   0.0000   0.0000   0.2953
  11.000   1.5303   0.02380   0.01735  -0.0884  0.1559  1.0000  -4.2888   0.0000   0.0000   0.0000   0.2913
  11.500   1.5441   0.02672   0.02018  -0.0848  0.1273  1.0000  -4.5665   0.0000   0.0000   0.0000   0.2876
  12.000   1.5564   0.02990   0.02332  -0.0815  0.1037  1.0000  -4.8417   0.0000   0.0000   0.0000   0.2841
  12.500   1.5655   0.03352   0.02695  -0.0784  0.0846  1.0000  -5.1051   0.0000   0.0000   0.0000   0.2808
  13.000   1.5682   0.03784   0.03126  -0.0753  0.0685  1.0000  -5.3386   0.0000   0.0000   0.0000   0.2777
  13.500   1.5766   0.04183   0.03535  -0.0729  0.0583  1.0000  -5.6021   0.0000   0.0000   0.0000   0.2750
  14.000   1.5756   0.04696   0.04058  -0.0705  0.0484  1.0000  -5.8130   0.0000   0.0000   0.0000   0.2724
  14.500   1.5742   0.05250   0.04619  -0.0688  0.0411  1.0000  -6.0240   0.0000   0.0000   0.0000   0.2703
  15.000   1.5605   0.05978   0.05364  -0.0674  0.0351  1.0000  -6.1592   0.0000   0.0000   0.0000   0.2687


