xflr5 v6.59

 Calculated polar for: revR_45_revT

 1 1 Reynolds number fixed          Mach number fixed         

 xtrf =   1.000 (top)        1.000 (bottom)
 Mach =   0.000     Re =     0.350 e 6     Ncrit =   9.000

  alpha     CL        CD       CDp       Cm    Top Xtr Bot Xtr   Cpmin    Chinge    XCp    
 ------- -------- --------- --------- -------- ------- ------- -------- --------- ---------
  -5.000  -0.0851   0.01292   0.00618  -0.1045  0.8426  0.0548  -2.4316   0.0000   0.0000   0.0000  -1.0102
  -4.500  -0.0310   0.01210   0.00527  -0.1042  0.8315  0.0711  -2.1033   0.0000   0.0000   0.0000  -3.1823
  -4.000   0.0230   0.01125   0.00451  -0.1040  0.8208  0.1091  -1.7869   0.0000   0.0000   0.0000   4.8662
  -3.500   0.0776   0.01067   0.00410  -0.1040  0.8096  0.1704  -1.4935   0.0000   0.0000   0.0000   1.6117
  -3.000   0.1328   0.01021   0.00384  -0.1040  0.7994  0.2518  -1.2596   0.0000   0.0000   0.0000   1.0440
  -2.500   0.1875   0.00974   0.00363  -0.1040  0.7880  0.3402  -1.0355   0.0000   0.0000   0.0000   0.8106
  -2.000   0.2422   0.00927   0.00348  -0.1038  0.7766  0.4695  -0.8200   0.0000   0.0000   0.0000   0.6819
  -1.500   0.2956   0.00885   0.00347  -0.1033  0.7652  0.5974  -0.6285   0.0000   0.0000   0.0000   0.6010
  -0.500   0.4017   0.00858   0.00355  -0.1011  0.7406  0.7727  -0.6972   0.0000   0.0000   0.0000   0.5011
   0.000   0.4543   0.00858   0.00353  -0.0997  0.7279  0.8219  -0.7430   0.0000   0.0000   0.0000   0.4682
   0.500   0.5043   0.00852   0.00355  -0.0979  0.7144  0.8646  -0.7883   0.0000   0.0000   0.0000   0.4422
   1.000   0.5524   0.00848   0.00351  -0.0956  0.6997  0.9066  -0.8365   0.0000   0.0000   0.0000   0.4204
   1.500   0.6053   0.00837   0.00337  -0.0942  0.6841  0.9562  -0.8922   0.0000   0.0000   0.0000   0.4025
   2.000   0.6768   0.00834   0.00331  -0.0976  0.6661  1.0000  -0.9642   0.0000   0.0000   0.0000   0.3906
   2.500   0.7330   0.00848   0.00334  -0.0980  0.6470  1.0000  -1.0275   0.0000   0.0000   0.0000   0.3795
   3.000   0.7887   0.00865   0.00342  -0.0981  0.6262  1.0000  -1.0988   0.0000   0.0000   0.0000   0.3696
   3.500   0.8437   0.00887   0.00355  -0.0980  0.6039  1.0000  -1.1753   0.0000   0.0000   0.0000   0.3609
   4.000   0.8977   0.00914   0.00374  -0.0977  0.5787  1.0000  -1.2603   0.0000   0.0000   0.0000   0.3531
   4.500   0.9507   0.00947   0.00399  -0.0972  0.5506  1.0000  -1.3621   0.0000   0.0000   0.0000   0.3460
   5.000   1.0026   0.00989   0.00431  -0.0966  0.5215  1.0000  -1.4740   0.0000   0.0000   0.0000   0.3395
   5.500   1.0532   0.01040   0.00471  -0.0958  0.4903  1.0000  -1.6162   0.0000   0.0000   0.0000   0.3335
   6.000   1.1031   0.01093   0.00518  -0.0950  0.4555  1.0000  -1.7733   0.0000   0.0000   0.0000   0.3280
   6.500   1.1512   0.01159   0.00574  -0.0939  0.4222  1.0000  -2.0242   0.0000   0.0000   0.0000   0.3228
   7.000   1.1977   0.01232   0.00638  -0.0926  0.3831  1.0000  -2.3360   0.0000   0.0000   0.0000   0.3179
   7.500   1.2419   0.01319   0.00714  -0.0910  0.3470  1.0000  -2.6620   0.0000   0.0000   0.0000   0.3132
   8.000   1.2847   0.01412   0.00797  -0.0892  0.3080  1.0000  -3.0023   0.0000   0.0000   0.0000   0.3087
   8.500   1.3221   0.01532   0.00900  -0.0868  0.2614  1.0000  -3.3366   0.0000   0.0000   0.0000   0.3042
   9.000   1.3564   0.01662   0.01016  -0.0839  0.2204  1.0000  -3.6694   0.0000   0.0000   0.0000   0.2997
   9.500   1.3838   0.01817   0.01154  -0.0802  0.1819  1.0000  -3.9851   0.0000   0.0000   0.0000   0.2950
  10.000   1.4073   0.02002   0.01323  -0.0763  0.1438  1.0000  -4.2916   0.0000   0.0000   0.0000   0.2905
  10.500   1.4280   0.02216   0.01527  -0.0726  0.1120  1.0000  -4.5908   0.0000   0.0000   0.0000   0.2863
  11.000   1.4463   0.02463   0.01771  -0.0691  0.0874  1.0000  -4.8824   0.0000   0.0000   0.0000   0.2824
  11.500   1.4623   0.02743   0.02051  -0.0658  0.0687  1.0000  -5.1637   0.0000   0.0000   0.0000   0.2787
  12.000   1.4740   0.03077   0.02387  -0.0627  0.0540  1.0000  -5.4210   0.0000   0.0000   0.0000   0.2754
  12.500   1.4788   0.03489   0.02801  -0.0596  0.0422  1.0000  -5.6378   0.0000   0.0000   0.0000   0.2722
  13.000   1.4872   0.03889   0.03219  -0.0572  0.0355  1.0000  -5.8592   0.0000   0.0000   0.0000   0.2694
  13.500   1.4815   0.04450   0.03789  -0.0548  0.0291  1.0000  -5.9945   0.0000   0.0000   0.0000   0.2669
  14.000   1.4682   0.05125   0.04491  -0.0528  0.0257  1.0000  -6.0576   0.0000   0.0000   0.0000   0.2649
  14.500   1.4676   0.05709   0.05098  -0.0519  0.0238  1.0000  -6.2158   0.0000   0.0000   0.0000   0.2632
  15.000   1.4633   0.06363   0.05774  -0.0515  0.0222  1.0000  -6.3671   0.0000   0.0000   0.0000   0.2620


