xflr5 v6.59

 Calculated polar for: revR_85_revT

 1 1 Reynolds number fixed          Mach number fixed         

 xtrf =   1.000 (top)        1.000 (bottom)
 Mach =   0.000     Re =     0.385 e 6     Ncrit =   9.000

  alpha     CL        CD       CDp       Cm    Top Xtr Bot Xtr   Cpmin    Chinge    XCp    
 ------- -------- --------- --------- -------- ------- ------- -------- --------- ---------
  -5.000   0.0798   0.01338   0.00670  -0.1410  0.7944  0.0487  -2.3134   0.0000   0.0000   0.0000   2.0611
  -4.500   0.1349   0.01236   0.00564  -0.1412  0.7870  0.0597  -2.0598   0.0000   0.0000   0.0000   1.3196
  -4.000   0.1914   0.01169   0.00496  -0.1415  0.7786  0.0813  -1.8034   0.0000   0.0000   0.0000   1.0031
  -3.500   0.2488   0.01119   0.00446  -0.1419  0.7707  0.1181  -1.5490   0.0000   0.0000   0.0000   0.8293
  -3.000   0.3052   0.01080   0.00427  -0.1423  0.7627  0.1773  -1.3057   0.0000   0.0000   0.0000   0.7223
  -2.500   0.3620   0.01041   0.00407  -0.1427  0.7541  0.2476  -1.0711   0.0000   0.0000   0.0000   0.6481
  -2.000   0.4197   0.01013   0.00390  -0.1431  0.7460  0.3200  -0.8538   0.0000   0.0000   0.0000   0.5934
  -1.500   0.4760   0.00983   0.00387  -0.1434  0.7364  0.4136  -0.7858   0.0000   0.0000   0.0000   0.5524
  -1.000   0.5327   0.00952   0.00383  -0.1436  0.7273  0.5179  -0.8270   0.0000   0.0000   0.0000   0.5197
  -0.500   0.5891   0.00932   0.00388  -0.1435  0.7181  0.6404  -0.8715   0.0000   0.0000   0.0000   0.4930
   0.000   0.6424   0.00917   0.00399  -0.1427  0.7078  0.7369  -0.9156   0.0000   0.0000   0.0000   0.4707
   0.500   0.6956   0.00909   0.00399  -0.1417  0.6972  0.8036  -0.9607   0.0000   0.0000   0.0000   0.4515
   1.000   0.7458   0.00908   0.00406  -0.1400  0.6862  0.8603  -1.0106   0.0000   0.0000   0.0000   0.4349
   1.500   0.7920   0.00894   0.00400  -0.1374  0.6744  0.9189  -1.0585   0.0000   0.0000   0.0000   0.4200
   2.000   0.8513   0.00887   0.00388  -0.1380  0.6608  1.0000  -1.1199   0.0000   0.0000   0.0000   0.4079
   2.500   0.9097   0.00898   0.00389  -0.1387  0.6470  1.0000  -1.1854   0.0000   0.0000   0.0000   0.3976
   3.000   0.9664   0.00915   0.00400  -0.1390  0.6315  1.0000  -1.2503   0.0000   0.0000   0.0000   0.3884
   3.500   1.0221   0.00936   0.00409  -0.1391  0.6140  1.0000  -1.3191   0.0000   0.0000   0.0000   0.3800
   4.000   1.0769   0.00959   0.00428  -0.1391  0.5963  1.0000  -1.3962   0.0000   0.0000   0.0000   0.3724
   4.500   1.1304   0.00988   0.00453  -0.1388  0.5764  1.0000  -1.4744   0.0000   0.0000   0.0000   0.3654
   5.000   1.1826   0.01023   0.00482  -0.1383  0.5540  1.0000  -1.5657   0.0000   0.0000   0.0000   0.3589
   5.500   1.2336   0.01065   0.00519  -0.1376  0.5313  1.0000  -1.6605   0.0000   0.0000   0.0000   0.3528
   6.000   1.2826   0.01115   0.00563  -0.1366  0.5054  1.0000  -1.7776   0.0000   0.0000   0.0000   0.3471
   6.500   1.3298   0.01174   0.00615  -0.1354  0.4784  1.0000  -1.8964   0.0000   0.0000   0.0000   0.3416
   7.000   1.3746   0.01242   0.00676  -0.1337  0.4502  1.0000  -2.0350   0.0000   0.0000   0.0000   0.3364
   7.500   1.4153   0.01326   0.00749  -0.1315  0.4192  1.0000  -2.1813   0.0000   0.0000   0.0000   0.3312
   8.000   1.4542   0.01415   0.00832  -0.1290  0.3921  1.0000  -2.3374   0.0000   0.0000   0.0000   0.3262
   8.500   1.4870   0.01515   0.00928  -0.1255  0.3624  1.0000  -2.5373   0.0000   0.0000   0.0000   0.3211
   9.000   1.5162   0.01636   0.01044  -0.1217  0.3324  1.0000  -2.7896   0.0000   0.0000   0.0000   0.3162
   9.500   1.5430   0.01778   0.01183  -0.1179  0.3059  1.0000  -3.0636   0.0000   0.0000   0.0000   0.3115
  10.000   1.5660   0.01954   0.01354  -0.1140  0.2779  1.0000  -3.3330   0.0000   0.0000   0.0000   0.3070
  10.500   1.5847   0.02175   0.01568  -0.1100  0.2492  1.0000  -3.5980   0.0000   0.0000   0.0000   0.3027
  11.000   1.6001   0.02435   0.01820  -0.1061  0.2205  1.0000  -3.8615   0.0000   0.0000   0.0000   0.2987
  11.500   1.6147   0.02718   0.02098  -0.1025  0.1937  1.0000  -4.1271   0.0000   0.0000   0.0000   0.2949
  12.000   1.6270   0.03032   0.02408  -0.0991  0.1674  1.0000  -4.3889   0.0000   0.0000   0.0000   0.2914
  12.500   1.6353   0.03391   0.02766  -0.0957  0.1438  1.0000  -4.6381   0.0000   0.0000   0.0000   0.2880
  13.000   1.6401   0.03795   0.03167  -0.0924  0.1223  1.0000  -4.8753   0.0000   0.0000   0.0000   0.2848
  13.500   1.6425   0.04244   0.03616  -0.0895  0.1041  1.0000  -5.1033   0.0000   0.0000   0.0000   0.2819
  14.000   1.6438   0.04728   0.04101  -0.0869  0.0889  1.0000  -5.3277   0.0000   0.0000   0.0000   0.2792
  14.500   1.6474   0.05215   0.04597  -0.0849  0.0771  1.0000  -5.5630   0.0000   0.0000   0.0000   0.2768
  15.000   1.6436   0.05804   0.05194  -0.0831  0.0662  1.0000  -5.7617   0.0000   0.0000   0.0000   0.2747


