xflr5 v6.59

 Calculated polar for: revR_15_revT

 1 1 Reynolds number fixed          Mach number fixed         

 xtrf =   1.000 (top)        1.000 (bottom)
 Mach =   0.000     Re =     0.315 e 6     Ncrit =   9.000

  alpha     CL        CD       CDp       Cm    Top Xtr Bot Xtr   Cpmin    Chinge    XCp    
 ------- -------- --------- --------- -------- ------- ------- -------- --------- ---------
  -5.000  -0.1989   0.01259   0.00584  -0.0791  0.9002  0.0654  -2.5000   0.0000   0.0000   0.0000  -0.1597
  -4.500  -0.1481   0.01173   0.00496  -0.0781  0.8848  0.0922  -2.1479   0.0000   0.0000   0.0000  -0.2909
  -4.000  -0.0960   0.01100   0.00434  -0.0773  0.8701  0.1478  -1.8113   0.0000   0.0000   0.0000  -0.5735
  -3.500  -0.0459   0.01036   0.00397  -0.0763  0.8548  0.2267  -1.4878   0.0000   0.0000   0.0000  -1.4433
  -3.000   0.0048   0.00972   0.00368  -0.0755  0.8408  0.3405  -1.2197   0.0000   0.0000   0.0000  16.2526
  -2.500   0.0551   0.00908   0.00343  -0.0744  0.8257  0.4762  -1.0147   0.0000   0.0000   0.0000   1.6172
  -2.000   0.1036   0.00858   0.00342  -0.0726  0.8108  0.6297  -0.8205   0.0000   0.0000   0.0000   0.9576
  -1.500   0.1552   0.00845   0.00345  -0.0710  0.7973  0.7190  -0.6293   0.0000   0.0000   0.0000   0.7104
  -1.000   0.2058   0.00839   0.00346  -0.0692  0.7811  0.7806  -0.5341   0.0000   0.0000   0.0000   0.5869
  -0.500   0.2570   0.00839   0.00345  -0.0675  0.7648  0.8235  -0.5765   0.0000   0.0000   0.0000   0.5122
   0.000   0.3074   0.00839   0.00343  -0.0655  0.7496  0.8607  -0.6189   0.0000   0.0000   0.0000   0.4618
   0.500   0.3561   0.00835   0.00338  -0.0631  0.7318  0.8969  -0.6676   0.0000   0.0000   0.0000   0.4255
   1.000   0.4079   0.00831   0.00334  -0.0614  0.7125  0.9315  -0.7190   0.0000   0.0000   0.0000   0.3982
   1.500   0.4756   0.00835   0.00332  -0.0634  0.6927  0.9619  -0.7829   0.0000   0.0000   0.0000   0.3804
   2.000   0.5588   0.00840   0.00328  -0.0689  0.6684  0.9793  -0.8668   0.0000   0.0000   0.0000   0.3700
   2.500   0.6408   0.00848   0.00327  -0.0745  0.6429  0.9959  -0.9562   0.0000   0.0000   0.0000   0.3625
   3.000   0.6866   0.00858   0.00327  -0.0729  0.6150  1.0000  -1.0306   0.0000   0.0000   0.0000   0.3520
   3.500   0.7250   0.00882   0.00337  -0.0696  0.5869  1.0000  -1.1106   0.0000   0.0000   0.0000   0.3414
   4.000   0.7699   0.00911   0.00357  -0.0675  0.5558  1.0000  -1.2126   0.0000   0.0000   0.0000   0.3326
   4.500   0.8166   0.00948   0.00384  -0.0657  0.5214  1.0000  -1.3391   0.0000   0.0000   0.0000   0.3249
   5.000   0.8633   0.00993   0.00417  -0.0640  0.4855  1.0000  -1.5275   0.0000   0.0000   0.0000   0.3180
   5.500   0.9094   0.01044   0.00458  -0.0622  0.4473  1.0000  -1.8393   0.0000   0.0000   0.0000   0.3118
   6.000   0.9553   0.01100   0.00506  -0.0605  0.4108  1.0000  -2.1657   0.0000   0.0000   0.0000   0.3061
   6.500   0.9979   0.01169   0.00560  -0.0582  0.3662  1.0000  -2.4971   0.0000   0.0000   0.0000   0.3006
   7.000   1.0387   0.01248   0.00622  -0.0558  0.3182  1.0000  -2.8353   0.0000   0.0000   0.0000   0.2954
   7.500   1.0767   0.01342   0.00699  -0.0530  0.2660  1.0000  -3.1753   0.0000   0.0000   0.0000   0.2902
   8.000   1.1117   0.01449   0.00786  -0.0498  0.2162  1.0000  -3.5308   0.0000   0.0000   0.0000   0.2852
   8.500   1.1430   0.01570   0.00887  -0.0461  0.1689  1.0000  -3.8817   0.0000   0.0000   0.0000   0.2801
   9.000   1.1665   0.01708   0.01003  -0.0412  0.1252  1.0000  -4.2076   0.0000   0.0000   0.0000   0.2744
   9.500   1.1845   0.01862   0.01144  -0.0355  0.0916  1.0000  -4.5127   0.0000   0.0000   0.0000   0.2685
  10.000   1.2035   0.02021   0.01299  -0.0305  0.0696  1.0000  -4.8218   0.0000   0.0000   0.0000   0.2631
  10.500   1.2183   0.02216   0.01490  -0.0255  0.0519  1.0000  -5.1046   0.0000   0.0000   0.0000   0.2580
  11.000   1.2296   0.02451   0.01726  -0.0207  0.0379  1.0000  -5.3509   0.0000   0.0000   0.0000   0.2531
  11.500   1.2368   0.02737   0.02021  -0.0162  0.0279  1.0000  -5.5352   0.0000   0.0000   0.0000   0.2486
  12.000   1.2285   0.03174   0.02479  -0.0114  0.0233  1.0000  -5.5991   0.0000   0.0000   0.0000   0.2439
  12.500   1.2351   0.03537   0.02863  -0.0085  0.0217  1.0000  -5.7803   0.0000   0.0000   0.0000   0.2407
  13.000   1.2385   0.03958   0.03309  -0.0063  0.0205  1.0000  -5.9450   0.0000   0.0000   0.0000   0.2380
  13.500   1.2410   0.04423   0.03796  -0.0047  0.0196  1.0000  -6.1049   0.0000   0.0000   0.0000   0.2357
  14.000   1.2433   0.04923   0.04317  -0.0037  0.0189  1.0000  -6.2660   0.0000   0.0000   0.0000   0.2340
  14.500   1.2446   0.05472   0.04887  -0.0035  0.0183  1.0000  -6.4226   0.0000   0.0000   0.0000   0.2329
  15.000   1.2440   0.06079   0.05516  -0.0039  0.0178  1.0000  -6.5649   0.0000   0.0000   0.0000   0.2322


