xflr5 v6.59

 Calculated polar for: revR_35_revT

 1 1 Reynolds number fixed          Mach number fixed         

 xtrf =   1.000 (top)        1.000 (bottom)
 Mach =   0.000     Re =     0.115 e 6     Ncrit =   9.000

  alpha     CL        CD       CDp       Cm    Top Xtr Bot Xtr   Cpmin    Chinge    XCp    
 ------- -------- --------- --------- -------- ------- ------- -------- --------- ---------
  -5.000  -0.2522   0.02608   0.01803  -0.0824  0.9459  0.0896  -2.5885   0.0000   0.0000   0.0000  -0.0879
  -4.500  -0.1931   0.02358   0.01518  -0.0835  0.9336  0.1039  -2.3380   0.0000   0.0000   0.0000  -0.1953
  -4.000  -0.1150   0.02188   0.01346  -0.0881  0.9244  0.1423  -1.9914   0.0000   0.0000   0.0000  -0.5354
  -3.500  -0.0520   0.02045   0.01237  -0.0903  0.9119  0.2208  -1.6953   0.0000   0.0000   0.0000  -1.5216
  -3.000   0.0236   0.01906   0.01169  -0.0947  0.9015  0.3735  -1.3664   0.0000   0.0000   0.0000   4.3289
  -2.500   0.0802   0.01837   0.01183  -0.0947  0.8882  0.5682  -1.1419   0.0000   0.0000   0.0000   1.4475
  -2.000   0.1372   0.01819   0.01205  -0.0928  0.8763  0.7314  -0.9232   0.0000   0.0000   0.0000   0.9338
  -1.500   0.1726   0.01850   0.01245  -0.0869  0.8595  0.8284  -0.7572   0.0000   0.0000   0.0000   0.7577
  -1.000   0.2255   0.01819   0.01206  -0.0827  0.8493  0.9112  -0.5721   0.0000   0.0000   0.0000   0.6186
  -0.500   0.3227   0.01804   0.01173  -0.0900  0.8346  0.9837  -0.6212   0.0000   0.0000   0.0000   0.5293
   0.000   0.4045   0.01773   0.01118  -0.0953  0.8218  1.0000  -0.6814   0.0000   0.0000   0.0000   0.4850
   0.500   0.4473   0.01774   0.01101  -0.0933  0.8040  1.0000  -0.7223   0.0000   0.0000   0.0000   0.4571
   1.000   0.4939   0.01798   0.01110  -0.0919  0.7842  1.0000  -0.7683   0.0000   0.0000   0.0000   0.4340
   1.500   0.5472   0.01816   0.01116  -0.0914  0.7663  1.0000  -0.8238   0.0000   0.0000   0.0000   0.4143
   2.000   0.6075   0.01794   0.01081  -0.0912  0.7507  1.0000  -0.8872   0.0000   0.0000   0.0000   0.3969
   2.500   0.6649   0.01778   0.01056  -0.0907  0.7322  1.0000  -0.9530   0.0000   0.0000   0.0000   0.3826
   3.000   0.7181   0.01784   0.01060  -0.0897  0.7110  1.0000  -1.0234   0.0000   0.0000   0.0000   0.3707
   3.500   0.7724   0.01783   0.01057  -0.0888  0.6892  1.0000  -1.1003   0.0000   0.0000   0.0000   0.3602
   4.000   0.8274   0.01776   0.01048  -0.0878  0.6664  1.0000  -1.1899   0.0000   0.0000   0.0000   0.3509
   4.500   0.8826   0.01770   0.01042  -0.0869  0.6424  1.0000  -1.2950   0.0000   0.0000   0.0000   0.3427
   5.000   0.9377   0.01765   0.01035  -0.0860  0.6166  1.0000  -1.4194   0.0000   0.0000   0.0000   0.3353
   5.500   0.9930   0.01765   0.01028  -0.0850  0.5886  1.0000  -1.5754   0.0000   0.0000   0.0000   0.3287
   6.000   1.0416   0.01802   0.01072  -0.0834  0.5553  1.0000  -1.7532   0.0000   0.0000   0.0000   0.3225
   6.500   1.0922   0.01834   0.01098  -0.0819  0.5207  1.0000  -2.0690   0.0000   0.0000   0.0000   0.3168
   7.000   1.1385   0.01894   0.01159  -0.0800  0.4826  1.0000  -2.3851   0.0000   0.0000   0.0000   0.3115
   7.500   1.1843   0.01966   0.01221  -0.0781  0.4438  1.0000  -2.7139   0.0000   0.0000   0.0000   0.3064
   8.000   1.2241   0.02054   0.01309  -0.0754  0.4012  1.0000  -3.0337   0.0000   0.0000   0.0000   0.3014
   8.500   1.2599   0.02165   0.01420  -0.0723  0.3577  1.0000  -3.3490   0.0000   0.0000   0.0000   0.2965
   9.000   1.2913   0.02301   0.01558  -0.0689  0.3138  1.0000  -3.6679   0.0000   0.0000   0.0000   0.2917
   9.500   1.3144   0.02468   0.01718  -0.0645  0.2674  1.0000  -3.9622   0.0000   0.0000   0.0000   0.2866
  10.000   1.3269   0.02682   0.01920  -0.0590  0.2226  1.0000  -4.2154   0.0000   0.0000   0.0000   0.2813
  10.500   1.3321   0.02972   0.02193  -0.0535  0.1810  1.0000  -4.4326   0.0000   0.0000   0.0000   0.2762
  11.000   1.3346   0.03336   0.02543  -0.0487  0.1460  1.0000  -4.6244   0.0000   0.0000   0.0000   0.2717
  11.500   1.3370   0.03761   0.02956  -0.0446  0.1177  1.0000  -4.7994   0.0000   0.0000   0.0000   0.2677
  12.000   1.3404   0.04209   0.03406  -0.0412  0.0962  1.0000  -4.9649   0.0000   0.0000   0.0000   0.2642
  12.500   1.3416   0.04681   0.03894  -0.0385  0.0801  1.0000  -5.1194   0.0000   0.0000   0.0000   0.2613
  13.000   1.3468   0.05176   0.04418  -0.0360  0.0683  1.0000  -5.2490   0.0000   0.0000   0.0000   0.2584
  13.500   1.3531   0.05752   0.04994  -0.0333  0.0577  1.0000  -5.3622   0.0000   0.0000   0.0000   0.2555
  14.000   1.3523   0.06332   0.05621  -0.0318  0.0534  1.0000  -5.4398   0.0000   0.0000   0.0000   0.2535
  14.500   1.3478   0.07018   0.06349  -0.0307  0.0498  1.0000  -5.4794   0.0000   0.0000   0.0000   0.2518
  15.000   1.3354   0.07808   0.07179  -0.0305  0.0475  1.0000  -5.4886   0.0000   0.0000   0.0000   0.2509


