xflr5 v6.59

 Calculated polar for: revR_100_revT

 1 1 Reynolds number fixed          Mach number fixed         

 xtrf =   1.000 (top)        1.000 (bottom)
 Mach =   0.000     Re =     0.255 e 6     Ncrit =   9.000

  alpha     CL        CD       CDp       Cm    Top Xtr Bot Xtr   Cpmin    Chinge    XCp    
 ------- -------- --------- --------- -------- ------- ------- -------- --------- ---------
  -5.000   0.1339   0.01716   0.01013  -0.1553  0.8099  0.0568  -2.2776   0.0000   0.0000   0.0000   1.4394
  -4.500   0.1895   0.01621   0.00909  -0.1555  0.8019  0.0660  -2.0363   0.0000   0.0000   0.0000   1.0892
  -4.000   0.2475   0.01523   0.00804  -0.1560  0.7952  0.0861  -1.8045   0.0000   0.0000   0.0000   0.8931
  -3.500   0.3029   0.01454   0.00742  -0.1564  0.7873  0.1218  -1.5761   0.0000   0.0000   0.0000   0.7750
  -3.000   0.3584   0.01405   0.00711  -0.1566  0.7780  0.1811  -1.3402   0.0000   0.0000   0.0000   0.6933
  -2.500   0.4171   0.01358   0.00678  -0.1573  0.7705  0.2536  -1.1030   0.0000   0.0000   0.0000   0.6314
  -2.000   0.4749   0.01340   0.00676  -0.1579  0.7632  0.3336  -0.8833   0.0000   0.0000   0.0000   0.5851
  -1.500   0.5293   0.01313   0.00677  -0.1579  0.7533  0.4284  -0.8401   0.0000   0.0000   0.0000   0.5497
  -1.000   0.5873   0.01273   0.00662  -0.1581  0.7448  0.5334  -0.8819   0.0000   0.0000   0.0000   0.5196
  -0.500   0.6421   0.01255   0.00676  -0.1575  0.7362  0.6637  -0.9263   0.0000   0.0000   0.0000   0.4948
   0.000   0.6916   0.01248   0.00693  -0.1558  0.7257  0.7646  -0.9672   0.0000   0.0000   0.0000   0.4739
   0.500   0.7412   0.01229   0.00680  -0.1536  0.7170  0.8429  -1.0094   0.0000   0.0000   0.0000   0.4551
   1.000   0.7801   0.01213   0.00673  -0.1492  0.7061  0.9287  -1.0484   0.0000   0.0000   0.0000   0.4384
   1.500   0.8437   0.01202   0.00652  -0.1509  0.6949  1.0000  -1.1073   0.0000   0.0000   0.0000   0.4252
   2.000   0.9064   0.01217   0.00647  -0.1523  0.6853  1.0000  -1.1689   0.0000   0.0000   0.0000   0.4138
   2.500   0.9615   0.01222   0.00650  -0.1524  0.6713  1.0000  -1.2298   0.0000   0.0000   0.0000   0.4035
   3.000   1.0217   0.01228   0.00639  -0.1532  0.6595  1.0000  -1.3015   0.0000   0.0000   0.0000   0.3942
   3.500   1.0752   0.01239   0.00651  -0.1529  0.6445  1.0000  -1.3684   0.0000   0.0000   0.0000   0.3858
   4.000   1.1316   0.01254   0.00658  -0.1530  0.6305  1.0000  -1.4384   0.0000   0.0000   0.0000   0.3782
   4.500   1.1856   0.01263   0.00661  -0.1526  0.6128  1.0000  -1.5167   0.0000   0.0000   0.0000   0.3710
   5.000   1.2369   0.01292   0.00693  -0.1520  0.5949  1.0000  -1.5972   0.0000   0.0000   0.0000   0.3644
   5.500   1.2891   0.01326   0.00722  -0.1515  0.5771  1.0000  -1.6875   0.0000   0.0000   0.0000   0.3583
   6.000   1.3389   0.01363   0.00753  -0.1505  0.5556  1.0000  -1.7871   0.0000   0.0000   0.0000   0.3525
   6.500   1.3863   0.01412   0.00796  -0.1491  0.5324  1.0000  -1.8998   0.0000   0.0000   0.0000   0.3469
   7.000   1.4310   0.01472   0.00853  -0.1474  0.5087  1.0000  -2.0202   0.0000   0.0000   0.0000   0.3415
   7.500   1.4714   0.01545   0.00921  -0.1450  0.4820  1.0000  -2.1412   0.0000   0.0000   0.0000   0.3363
   8.500   1.5381   0.01728   0.01101  -0.1380  0.4286  1.0000  -2.4196   0.0000   0.0000   0.0000   0.3258
   9.000   1.5633   0.01851   0.01222  -0.1335  0.4018  1.0000  -2.5609   0.0000   0.0000   0.0000   0.3206
   9.500   1.5863   0.01999   0.01371  -0.1290  0.3769  1.0000  -2.7317   0.0000   0.0000   0.0000   0.3157
  10.000   1.6048   0.02183   0.01554  -0.1244  0.3502  1.0000  -2.9183   0.0000   0.0000   0.0000   0.3110
  10.500   1.6204   0.02404   0.01775  -0.1199  0.3232  1.0000  -3.1266   0.0000   0.0000   0.0000   0.3065
  11.000   1.6351   0.02654   0.02025  -0.1158  0.2993  1.0000  -3.3384   0.0000   0.0000   0.0000   0.3024
  11.500   1.6470   0.02941   0.02315  -0.1118  0.2749  1.0000  -3.5451   0.0000   0.0000   0.0000   0.2985
  12.000   1.6555   0.03268   0.02642  -0.1079  0.2515  1.0000  -3.7442   0.0000   0.0000   0.0000   0.2948
  12.500   1.6613   0.03637   0.03012  -0.1042  0.2280  1.0000  -3.9538   0.0000   0.0000   0.0000   0.2913
  13.000   1.6638   0.04052   0.03427  -0.1007  0.2043  1.0000  -4.1564   0.0000   0.0000   0.0000   0.2880
  13.500   1.6639   0.04520   0.03895  -0.0976  0.1823  1.0000  -4.3509   0.0000   0.0000   0.0000   0.2851
  14.000   1.6625   0.05031   0.04409  -0.0949  0.1614  1.0000  -4.5512   0.0000   0.0000   0.0000   0.2824
  14.500   1.6612   0.05567   0.04952  -0.0927  0.1430  1.0000  -4.7549   0.0000   0.0000   0.0000   0.2800
  15.000   1.6592   0.06137   0.05531  -0.0909  0.1264  1.0000  -4.9553   0.0000   0.0000   0.0000   0.2778


