xflr5 v6.59

 Calculated polar for: revR_65_revT

 1 1 Reynolds number fixed          Mach number fixed         

 xtrf =   1.000 (top)        1.000 (bottom)
 Mach =   0.000     Re =     0.260 e 6     Ncrit =   9.000

  alpha     CL        CD       CDp       Cm    Top Xtr Bot Xtr   Cpmin    Chinge    XCp    
 ------- -------- --------- --------- -------- ------- ------- -------- --------- ---------
  -5.000  -0.0015   0.01559   0.00853  -0.1249  0.8425  0.0597  -2.3017   0.0000   0.0000   0.0000  -82.3501
  -4.500   0.0520   0.01452   0.00740  -0.1246  0.8325  0.0752  -2.0017   0.0000   0.0000   0.0000   2.6988
  -4.000   0.1076   0.01356   0.00640  -0.1246  0.8240  0.1063  -1.7557   0.0000   0.0000   0.0000   1.4303
  -3.500   0.1607   0.01288   0.00593  -0.1245  0.8130  0.1623  -1.5217   0.0000   0.0000   0.0000   1.0372
  -3.000   0.2169   0.01234   0.00558  -0.1247  0.8037  0.2444  -1.2767   0.0000   0.0000   0.0000   0.8326
  -2.500   0.2717   0.01196   0.00546  -0.1247  0.7941  0.3306  -1.0542   0.0000   0.0000   0.0000   0.7140
  -2.000   0.3266   0.01152   0.00532  -0.1247  0.7834  0.4430  -0.8391   0.0000   0.0000   0.0000   0.6347
  -1.500   0.3815   0.01113   0.00528  -0.1242  0.7736  0.5771  -0.6940   0.0000   0.0000   0.0000   0.5771
  -1.000   0.4327   0.01089   0.00539  -0.1228  0.7615  0.6954  -0.7323   0.0000   0.0000   0.0000   0.5343
  -0.500   0.4854   0.01082   0.00539  -0.1213  0.7522  0.7776  -0.7746   0.0000   0.0000   0.0000   0.4994
   0.000   0.5324   0.01079   0.00548  -0.1187  0.7394  0.8393  -0.8135   0.0000   0.0000   0.0000   0.4718
   0.500   0.5796   0.01064   0.00528  -0.1159  0.7281  0.8932  -0.8596   0.0000   0.0000   0.0000   0.4480
   1.000   0.6304   0.01047   0.00517  -0.1141  0.7148  0.9620  -0.9077   0.0000   0.0000   0.0000   0.4284
   1.500   0.7005   0.01044   0.00494  -0.1171  0.7025  1.0000  -0.9722   0.0000   0.0000   0.0000   0.4140
   2.000   0.7570   0.01051   0.00495  -0.1176  0.6863  1.0000  -1.0331   0.0000   0.0000   0.0000   0.4015
   2.500   0.8146   0.01064   0.00497  -0.1180  0.6716  1.0000  -1.0956   0.0000   0.0000   0.0000   0.3905
   3.000   0.8718   0.01071   0.00493  -0.1182  0.6552  1.0000  -1.1634   0.0000   0.0000   0.0000   0.3806
   3.500   0.9263   0.01083   0.00502  -0.1180  0.6355  1.0000  -1.2371   0.0000   0.0000   0.0000   0.3718
   4.000   0.9808   0.01105   0.00521  -0.1178  0.6164  1.0000  -1.3140   0.0000   0.0000   0.0000   0.3639
   4.500   1.0345   0.01129   0.00539  -0.1174  0.5946  1.0000  -1.4039   0.0000   0.0000   0.0000   0.3567
   5.000   1.0869   0.01159   0.00564  -0.1168  0.5701  1.0000  -1.4985   0.0000   0.0000   0.0000   0.3500
   5.500   1.1382   0.01198   0.00598  -0.1160  0.5447  1.0000  -1.6181   0.0000   0.0000   0.0000   0.3439
   6.000   1.1875   0.01246   0.00639  -0.1150  0.5158  1.0000  -1.7380   0.0000   0.0000   0.0000   0.3381
   6.500   1.2352   0.01307   0.00691  -0.1137  0.4870  1.0000  -1.8933   0.0000   0.0000   0.0000   0.3326
   7.000   1.2802   0.01374   0.00754  -0.1120  0.4538  1.0000  -2.0527   0.0000   0.0000   0.0000   0.3274
   7.500   1.3234   0.01452   0.00828  -0.1101  0.4217  1.0000  -2.2585   0.0000   0.0000   0.0000   0.3224
   8.000   1.3631   0.01547   0.00915  -0.1078  0.3898  1.0000  -2.5004   0.0000   0.0000   0.0000   0.3175
   8.500   1.3987   0.01651   0.01014  -0.1048  0.3538  1.0000  -2.7921   0.0000   0.0000   0.0000   0.3126
   9.000   1.4289   0.01771   0.01128  -0.1011  0.3220  1.0000  -3.0761   0.0000   0.0000   0.0000   0.3077
   9.500   1.4530   0.01923   0.01272  -0.0968  0.2912  1.0000  -3.3534   0.0000   0.0000   0.0000   0.3027
  10.000   1.4756   0.02094   0.01444  -0.0928  0.2569  1.0000  -3.6363   0.0000   0.0000   0.0000   0.2982
  10.500   1.4929   0.02315   0.01658  -0.0886  0.2251  1.0000  -3.9052   0.0000   0.0000   0.0000   0.2938
  11.000   1.5073   0.02580   0.01917  -0.0847  0.1951  1.0000  -4.1665   0.0000   0.0000   0.0000   0.2898
  11.500   1.5208   0.02875   0.02209  -0.0813  0.1644  1.0000  -4.4318   0.0000   0.0000   0.0000   0.2861
  12.000   1.5282   0.03236   0.02564  -0.0778  0.1370  1.0000  -4.6786   0.0000   0.0000   0.0000   0.2826
  12.500   1.5317   0.03650   0.02977  -0.0746  0.1133  1.0000  -4.9094   0.0000   0.0000   0.0000   0.2794
  13.000   1.5342   0.04095   0.03424  -0.0717  0.0936  1.0000  -5.1349   0.0000   0.0000   0.0000   0.2765
  13.500   1.5345   0.04583   0.03919  -0.0692  0.0784  1.0000  -5.3474   0.0000   0.0000   0.0000   0.2738
  14.000   1.5273   0.05183   0.04525  -0.0671  0.0660  1.0000  -5.5171   0.0000   0.0000   0.0000   0.2716
  14.500   1.5249   0.05769   0.05122  -0.0658  0.0562  1.0000  -5.7089   0.0000   0.0000   0.0000   0.2697
  15.000   1.5118   0.06508   0.05877  -0.0647  0.0488  1.0000  -5.8273   0.0000   0.0000   0.0000   0.2683


