xflr5 v6.59

 Calculated polar for: revR_55_revT

 1 1 Reynolds number fixed          Mach number fixed         

 xtrf =   1.000 (top)        1.000 (bottom)
 Mach =   0.000     Re =     0.465 e 6     Ncrit =   9.000

  alpha     CL        CD       CDp       Cm    Top Xtr Bot Xtr   Cpmin    Chinge    XCp    
 ------- -------- --------- --------- -------- ------- ------- -------- --------- ---------
  -5.000  -0.0464   0.01183   0.00537  -0.1124  0.8097  0.0462  -2.4306   0.0000   0.0000   0.0000  -2.2311
  -4.500   0.0086   0.01092   0.00434  -0.1124  0.7999  0.0618  -2.1024   0.0000   0.0000   0.0000  13.6141
  -4.000   0.0641   0.01033   0.00377  -0.1124  0.7903  0.0871  -1.7746   0.0000   0.0000   0.0000   2.0381
  -3.500   0.1200   0.00981   0.00337  -0.1126  0.7808  0.1368  -1.5218   0.0000   0.0000   0.0000   1.2032
  -3.000   0.1759   0.00940   0.00316  -0.1128  0.7716  0.2029  -1.2780   0.0000   0.0000   0.0000   0.8996
  -2.500   0.2318   0.00898   0.00294  -0.1129  0.7611  0.2781  -1.0435   0.0000   0.0000   0.0000   0.7420
  -2.000   0.2879   0.00863   0.00281  -0.1131  0.7507  0.3751  -0.8278   0.0000   0.0000   0.0000   0.6456
  -1.500   0.3435   0.00821   0.00274  -0.1132  0.7407  0.4891  -0.6612   0.0000   0.0000   0.0000   0.5809
  -1.000   0.3991   0.00794   0.00270  -0.1130  0.7295  0.5994  -0.7032   0.0000   0.0000   0.0000   0.5334
  -0.500   0.4529   0.00771   0.00278  -0.1123  0.7177  0.7088  -0.7445   0.0000   0.0000   0.0000   0.4974
   0.000   0.5076   0.00770   0.00280  -0.1117  0.7054  0.7690  -0.7896   0.0000   0.0000   0.0000   0.4686
   0.500   0.5611   0.00766   0.00287  -0.1108  0.6934  0.8177  -0.8374   0.0000   0.0000   0.0000   0.4454
   1.000   0.6133   0.00766   0.00287  -0.1096  0.6787  0.8588  -0.8866   0.0000   0.0000   0.0000   0.4260
   1.500   0.6634   0.00761   0.00289  -0.1079  0.6640  0.9004  -0.9410   0.0000   0.0000   0.0000   0.4094
   2.000   0.7132   0.00754   0.00286  -0.1061  0.6478  0.9560  -0.9974   0.0000   0.0000   0.0000   0.3949
   2.500   0.7785   0.00762   0.00284  -0.1082  0.6288  1.0000  -1.0682   0.0000   0.0000   0.0000   0.3846
   3.000   0.8350   0.00784   0.00294  -0.1085  0.6085  1.0000  -1.1372   0.0000   0.0000   0.0000   0.3751
   3.500   0.8905   0.00807   0.00309  -0.1086  0.5864  1.0000  -1.2128   0.0000   0.0000   0.0000   0.3665
   4.000   0.9448   0.00837   0.00330  -0.1085  0.5621  1.0000  -1.2955   0.0000   0.0000   0.0000   0.3588
   4.500   0.9982   0.00873   0.00357  -0.1082  0.5356  1.0000  -1.3859   0.0000   0.0000   0.0000   0.3518
   5.000   1.0509   0.00912   0.00390  -0.1078  0.5077  1.0000  -1.4992   0.0000   0.0000   0.0000   0.3453
   5.500   1.1025   0.00958   0.00429  -0.1072  0.4782  1.0000  -1.6163   0.0000   0.0000   0.0000   0.3394
   6.000   1.1513   0.01020   0.00475  -0.1062  0.4429  1.0000  -1.7704   0.0000   0.0000   0.0000   0.3338
   6.500   1.2008   0.01079   0.00528  -0.1054  0.4129  1.0000  -1.9380   0.0000   0.0000   0.0000   0.3286
   7.000   1.2473   0.01153   0.00590  -0.1041  0.3752  1.0000  -2.1667   0.0000   0.0000   0.0000   0.3237
   7.500   1.2924   0.01233   0.00660  -0.1027  0.3404  1.0000  -2.4760   0.0000   0.0000   0.0000   0.3190
   8.000   1.3358   0.01321   0.00740  -0.1010  0.3063  1.0000  -2.8022   0.0000   0.0000   0.0000   0.3144
   8.500   1.3744   0.01431   0.00833  -0.0987  0.2655  1.0000  -3.1253   0.0000   0.0000   0.0000   0.3099
   9.000   1.4076   0.01557   0.00942  -0.0955  0.2280  1.0000  -3.4405   0.0000   0.0000   0.0000   0.3052
   9.500   1.4378   0.01693   0.01066  -0.0921  0.1915  1.0000  -3.7544   0.0000   0.0000   0.0000   0.3006
  10.000   1.4612   0.01871   0.01226  -0.0881  0.1555  1.0000  -4.0504   0.0000   0.0000   0.0000   0.2960
  10.500   1.4839   0.02067   0.01414  -0.0844  0.1254  1.0000  -4.3490   0.0000   0.0000   0.0000   0.2918
  11.000   1.5025   0.02304   0.01642  -0.0807  0.0996  1.0000  -4.6360   0.0000   0.0000   0.0000   0.2878
  11.500   1.5199   0.02565   0.01898  -0.0774  0.0797  1.0000  -4.9216   0.0000   0.0000   0.0000   0.2841
  12.000   1.5362   0.02850   0.02185  -0.0743  0.0642  1.0000  -5.2047   0.0000   0.0000   0.0000   0.2807
  12.500   1.5484   0.03181   0.02520  -0.0713  0.0514  1.0000  -5.4819   0.0000   0.0000   0.0000   0.2774
  13.000   1.5526   0.03600   0.02939  -0.0683  0.0402  1.0000  -5.7177   0.0000   0.0000   0.0000   0.2743
  13.500   1.5631   0.03978   0.03337  -0.0660  0.0347  1.0000  -5.9852   0.0000   0.0000   0.0000   0.2716
  14.000   1.5593   0.04515   0.03880  -0.0636  0.0281  1.0000  -6.1706   0.0000   0.0000   0.0000   0.2691
  14.500   1.5552   0.05095   0.04482  -0.0618  0.0247  1.0000  -6.3392   0.0000   0.0000   0.0000   0.2670
  15.000   1.5550   0.05670   0.05077  -0.0609  0.0223  1.0000  -6.5353   0.0000   0.0000   0.0000   0.2653


