xflr5 v6.59

 Calculated polar for: revR_0_revT

 1 1 Reynolds number fixed          Mach number fixed         

 xtrf =   1.000 (top)        1.000 (bottom)
 Mach =   0.000     Re =     0.470 e 6     Ncrit =   9.000

  alpha     CL        CD       CDp       Cm    Top Xtr Bot Xtr   Cpmin    Chinge    XCp    
 ------- -------- --------- --------- -------- ------- ------- -------- --------- ---------
  -5.000  -0.2655   0.01074   0.00434  -0.0622  0.8993  0.0564  -2.7831   0.0000   0.0000   0.0000   0.0070
  -4.500  -0.2152   0.01004   0.00367  -0.0611  0.8799  0.0848  -2.3852   0.0000   0.0000   0.0000  -0.0431
  -4.000  -0.1642   0.00941   0.00320  -0.0602  0.8626  0.1386  -1.9941   0.0000   0.0000   0.0000  -0.1267
  -3.500  -0.1126   0.00888   0.00284  -0.0594  0.8454  0.2064  -1.6179   0.0000   0.0000   0.0000  -0.2896
  -3.000  -0.0613   0.00831   0.00254  -0.0586  0.8286  0.3022  -1.2766   0.0000   0.0000   0.0000  -0.7235
  -2.500  -0.0109   0.00765   0.00230  -0.0577  0.8127  0.4386  -1.0065   0.0000   0.0000   0.0000  -5.1320
  -2.000   0.0390   0.00708   0.00218  -0.0564  0.7965  0.5893  -0.7995   0.0000   0.0000   0.0000   1.7144
  -1.500   0.0905   0.00684   0.00216  -0.0551  0.7795  0.6883  -0.6200   0.0000   0.0000   0.0000   0.8635
  -0.500   0.1967   0.00677   0.00215  -0.0530  0.7451  0.7907  -0.5253   0.0000   0.0000   0.0000   0.5190
   0.000   0.2493   0.00675   0.00216  -0.0518  0.7247  0.8243  -0.5715   0.0000   0.0000   0.0000   0.4564
   0.500   0.3017   0.00678   0.00217  -0.0505  0.7043  0.8547  -0.6212   0.0000   0.0000   0.0000   0.4156
   1.000   0.3529   0.00681   0.00219  -0.0490  0.6821  0.8842  -0.6730   0.0000   0.0000   0.0000   0.3864
   1.500   0.4025   0.00684   0.00223  -0.0471  0.6575  0.9154  -0.7292   0.0000   0.0000   0.0000   0.3641
   2.000   0.4553   0.00691   0.00227  -0.0459  0.6315  0.9450  -0.7914   0.0000   0.0000   0.0000   0.3475
   2.500   0.5228   0.00707   0.00235  -0.0481  0.5995  0.9681  -0.8723   0.0000   0.0000   0.0000   0.3384
   3.000   0.5976   0.00731   0.00248  -0.0522  0.5650  0.9833  -0.9777   0.0000   0.0000   0.0000   0.3333
   3.500   0.6733   0.00762   0.00264  -0.0567  0.5256  0.9973  -1.1063   0.0000   0.0000   0.0000   0.3298
   4.000   0.7180   0.00794   0.00282  -0.0549  0.4858  1.0000  -1.2363   0.0000   0.0000   0.0000   0.3216
   4.500   0.7607   0.00834   0.00308  -0.0525  0.4502  1.0000  -1.4656   0.0000   0.0000   0.0000   0.3136
   5.000   0.8072   0.00877   0.00341  -0.0508  0.4131  1.0000  -1.7901   0.0000   0.0000   0.0000   0.3071
   5.500   0.8533   0.00933   0.00381  -0.0491  0.3668  1.0000  -2.1308   0.0000   0.0000   0.0000   0.3012
   6.000   0.8989   0.01000   0.00427  -0.0474  0.3157  1.0000  -2.4864   0.0000   0.0000   0.0000   0.2959
   6.500   0.9428   0.01083   0.00486  -0.0456  0.2571  1.0000  -2.8532   0.0000   0.0000   0.0000   0.2909
   7.000   0.9860   0.01174   0.00553  -0.0437  0.2045  1.0000  -3.2418   0.0000   0.0000   0.0000   0.2863
   7.500   1.0268   0.01282   0.00634  -0.0415  0.1486  1.0000  -3.6337   0.0000   0.0000   0.0000   0.2819
   8.000   1.0638   0.01415   0.00736  -0.0388  0.0950  1.0000  -4.0203   0.0000   0.0000   0.0000   0.2774
   8.500   1.1014   0.01534   0.00839  -0.0363  0.0635  1.0000  -4.4175   0.0000   0.0000   0.0000   0.2732
   9.000   1.1370   0.01656   0.00951  -0.0334  0.0423  1.0000  -4.8081   0.0000   0.0000   0.0000   0.2690
   9.500   1.1687   0.01788   0.01078  -0.0299  0.0264  1.0000  -5.1676   0.0000   0.0000   0.0000   0.2646
  10.000   1.1886   0.01950   0.01241  -0.0245  0.0172  1.0000  -5.4347   0.0000   0.0000   0.0000   0.2589
  10.500   1.2112   0.02095   0.01398  -0.0199  0.0150  1.0000  -5.7441   0.0000   0.0000   0.0000   0.2540
  11.000   1.2282   0.02281   0.01596  -0.0151  0.0136  1.0000  -6.0360   0.0000   0.0000   0.0000   0.2492
  11.500   1.2351   0.02550   0.01884  -0.0101  0.0128  1.0000  -6.2521   0.0000   0.0000   0.0000   0.2442
  12.000   1.2478   0.02809   0.02161  -0.0065  0.0125  1.0000  -6.5245   0.0000   0.0000   0.0000   0.2405
  12.500   1.2567   0.03125   0.02496  -0.0035  0.0122  1.0000  -6.7734   0.0000   0.0000   0.0000   0.2372
  13.000   1.2625   0.03501   0.02892  -0.0011  0.0120  1.0000  -7.0010   0.0000   0.0000   0.0000   0.2344
  13.500   1.2654   0.03940   0.03353   0.0005  0.0118  1.0000  -7.2066   0.0000   0.0000   0.0000   0.2322
  14.000   1.2658   0.04444   0.03878   0.0014  0.0116  1.0000  -7.3906   0.0000   0.0000   0.0000   0.2305
  14.500   1.2641   0.05011   0.04469   0.0014  0.0115  1.0000  -7.5549   0.0000   0.0000   0.0000   0.2295
  15.000   1.2605   0.05647   0.05128   0.0006  0.0113  1.0000  -7.7449   0.0000   0.0000   0.0000   0.2291


