xflr5 v6.59

 Calculated polar for: revR_0_revT

 1 1 Reynolds number fixed          Mach number fixed         

 xtrf =   1.000 (top)        1.000 (bottom)
 Mach =   0.000     Re =     0.255 e 6     Ncrit =   9.000

  alpha     CL        CD       CDp       Cm    Top Xtr Bot Xtr   Cpmin    Chinge    XCp    
 ------- -------- --------- --------- -------- ------- ------- -------- --------- ---------
  -5.000  -0.2844   0.01400   0.00689  -0.0611  0.9453  0.0736  -2.7679   0.0000   0.0000   0.0000   0.0267
  -4.500  -0.2181   0.01270   0.00571  -0.0635  0.9339  0.1127  -2.3403   0.0000   0.0000   0.0000  -0.0505
  -4.000  -0.1599   0.01161   0.00493  -0.0642  0.9187  0.1906  -1.9422   0.0000   0.0000   0.0000  -0.1623
  -3.500  -0.1069   0.01069   0.00444  -0.0639  0.9026  0.3063  -1.5798   0.0000   0.0000   0.0000  -0.3608
  -3.000  -0.0586   0.00985   0.00411  -0.0624  0.8854  0.4588  -1.2569   0.0000   0.0000   0.0000  -0.8351
  -2.500  -0.0127   0.00923   0.00403  -0.0599  0.8671  0.6205  -1.0017   0.0000   0.0000   0.0000  -4.5396
  -2.000   0.0363   0.00907   0.00406  -0.0575  0.8496  0.7185  -0.8007   0.0000   0.0000   0.0000   1.8525
  -1.500   0.0860   0.00906   0.00409  -0.0552  0.8323  0.7813  -0.6254   0.0000   0.0000   0.0000   0.8971
  -1.000   0.1357   0.00906   0.00406  -0.0528  0.8143  0.8259  -0.4775   0.0000   0.0000   0.0000   0.6410
  -0.500   0.1847   0.00907   0.00402  -0.0503  0.7961  0.8642  -0.5170   0.0000   0.0000   0.0000   0.5221
   0.000   0.2336   0.00908   0.00396  -0.0477  0.7781  0.8993  -0.5610   0.0000   0.0000   0.0000   0.4532
   0.500   0.2860   0.00907   0.00392  -0.0460  0.7573  0.9320  -0.6101   0.0000   0.0000   0.0000   0.4090
   1.000   0.3593   0.00911   0.00387  -0.0487  0.7354  0.9567  -0.6751   0.0000   0.0000   0.0000   0.3833
   1.500   0.4437   0.00917   0.00381  -0.0543  0.7113  0.9731  -0.7545   0.0000   0.0000   0.0000   0.3696
   2.000   0.5275   0.00918   0.00370  -0.0600  0.6842  0.9873  -0.8408   0.0000   0.0000   0.0000   0.3607
   2.500   0.6047   0.00919   0.00362  -0.0648  0.6536  1.0000  -0.9376   0.0000   0.0000   0.0000   0.3536
   3.000   0.6385   0.00927   0.00361  -0.0609  0.6226  1.0000  -1.0152   0.0000   0.0000   0.0000   0.3413
   3.500   0.6748   0.00948   0.00372  -0.0572  0.5909  1.0000  -1.1033   0.0000   0.0000   0.0000   0.3304
   4.000   0.7157   0.00978   0.00392  -0.0544  0.5555  1.0000  -1.2277   0.0000   0.0000   0.0000   0.3211
   4.500   0.7596   0.01017   0.00420  -0.0520  0.5173  1.0000  -1.4305   0.0000   0.0000   0.0000   0.3131
   5.000   0.8047   0.01064   0.00454  -0.0499  0.4769  1.0000  -1.7453   0.0000   0.0000   0.0000   0.3062
   5.500   0.8504   0.01119   0.00500  -0.0481  0.4378  1.0000  -2.0782   0.0000   0.0000   0.0000   0.3002
   6.000   0.8948   0.01180   0.00549  -0.0460  0.3915  1.0000  -2.4230   0.0000   0.0000   0.0000   0.2946
   6.500   0.9387   0.01251   0.00610  -0.0440  0.3460  1.0000  -2.7801   0.0000   0.0000   0.0000   0.2895
   7.000   0.9798   0.01338   0.00680  -0.0417  0.2948  1.0000  -3.1406   0.0000   0.0000   0.0000   0.2846
   7.500   1.0188   0.01442   0.00763  -0.0392  0.2355  1.0000  -3.5046   0.0000   0.0000   0.0000   0.2799
   8.000   1.0548   0.01568   0.00868  -0.0364  0.1772  1.0000  -3.8763   0.0000   0.0000   0.0000   0.2753
   8.500   1.0855   0.01729   0.00999  -0.0329  0.1190  1.0000  -4.2303   0.0000   0.0000   0.0000   0.2706
   9.000   1.1125   0.01904   0.01153  -0.0290  0.0810  1.0000  -4.5670   0.0000   0.0000   0.0000   0.2657
   9.500   1.1347   0.02075   0.01320  -0.0242  0.0583  1.0000  -4.8746   0.0000   0.0000   0.0000   0.2603
  10.000   1.1475   0.02290   0.01534  -0.0184  0.0412  1.0000  -5.1028   0.0000   0.0000   0.0000   0.2543
  10.500   1.1524   0.02576   0.01828  -0.0125  0.0310  1.0000  -5.2429   0.0000   0.0000   0.0000   0.2484
  11.000   1.1637   0.02848   0.02116  -0.0083  0.0269  1.0000  -5.4345   0.0000   0.0000   0.0000   0.2440
  11.500   1.1651   0.03237   0.02515  -0.0042  0.0247  1.0000  -5.5741   0.0000   0.0000   0.0000   0.2396
  12.000   1.1736   0.03631   0.02932  -0.0012  0.0235  1.0000  -5.7242   0.0000   0.0000   0.0000   0.2362
  12.500   1.1876   0.04002   0.03326   0.0010  0.0227  1.0000  -5.9139   0.0000   0.0000   0.0000   0.2335
  13.000   1.1999   0.04415   0.03765   0.0028  0.0220  1.0000  -6.0933   0.0000   0.0000   0.0000   0.2312
  13.500   1.2086   0.04884   0.04263   0.0041  0.0213  1.0000  -6.2535   0.0000   0.0000   0.0000   0.2293
  14.000   1.2116   0.05431   0.04842   0.0047  0.0208  1.0000  -6.3808   0.0000   0.0000   0.0000   0.2279
  14.500   1.2075   0.06084   0.05528   0.0045  0.0205  1.0000  -6.4858   0.0000   0.0000   0.0000   0.2272
  15.000   1.1951   0.06882   0.06364   0.0029  0.0203  1.0000  -6.5798   0.0000   0.0000   0.0000   0.2275


