xflr5 v6.59

 Calculated polar for: revR_85_revT

 1 1 Reynolds number fixed          Mach number fixed         

 xtrf =   1.000 (top)        1.000 (bottom)
 Mach =   0.000     Re =     0.450 e 6     Ncrit =   9.000

  alpha     CL        CD       CDp       Cm    Top Xtr Bot Xtr   Cpmin    Chinge    XCp    
 ------- -------- --------- --------- -------- ------- ------- -------- --------- ---------
  -5.000   0.0792   0.01227   0.00577  -0.1406  0.7849  0.0455  -2.3440   0.0000   0.0000   0.0000   2.0696
  -4.500   0.1357   0.01150   0.00489  -0.1409  0.7769  0.0554  -2.0739   0.0000   0.0000   0.0000   1.3102
  -4.000   0.1930   0.01099   0.00434  -0.1413  0.7686  0.0770  -1.8095   0.0000   0.0000   0.0000   0.9956
  -3.500   0.2495   0.01051   0.00396  -0.1416  0.7614  0.1098  -1.5519   0.0000   0.0000   0.0000   0.8265
  -3.000   0.3066   0.01007   0.00366  -0.1420  0.7531  0.1636  -1.3062   0.0000   0.0000   0.0000   0.7192
  -2.500   0.3641   0.00974   0.00349  -0.1425  0.7452  0.2343  -1.0688   0.0000   0.0000   0.0000   0.6453
  -2.000   0.4209   0.00947   0.00340  -0.1429  0.7367  0.3024  -0.8529   0.0000   0.0000   0.0000   0.5918
  -1.500   0.4779   0.00915   0.00328  -0.1432  0.7272  0.3853  -0.7881   0.0000   0.0000   0.0000   0.5508
  -1.000   0.5355   0.00893   0.00326  -0.1436  0.7185  0.4890  -0.8298   0.0000   0.0000   0.0000   0.5183
  -0.500   0.5913   0.00866   0.00332  -0.1437  0.7093  0.6003  -0.8737   0.0000   0.0000   0.0000   0.4922
   0.000   0.6463   0.00846   0.00336  -0.1432  0.6989  0.7085  -0.9191   0.0000   0.0000   0.0000   0.4701
   0.500   0.7006   0.00846   0.00347  -0.1426  0.6884  0.7803  -0.9647   0.0000   0.0000   0.0000   0.4512
   1.000   0.7529   0.00839   0.00351  -0.1415  0.6771  0.8358  -1.0160   0.0000   0.0000   0.0000   0.4350
   1.500   0.8027   0.00838   0.00351  -0.1398  0.6649  0.8876  -1.0663   0.0000   0.0000   0.0000   0.4205
   2.000   0.8517   0.00819   0.00342  -0.1378  0.6510  0.9689  -1.1214   0.0000   0.0000   0.0000   0.4076
   2.500   0.9125   0.00834   0.00346  -0.1391  0.6378  1.0000  -1.1884   0.0000   0.0000   0.0000   0.3975
   3.000   0.9691   0.00850   0.00352  -0.1394  0.6203  1.0000  -1.2535   0.0000   0.0000   0.0000   0.3883
   3.500   1.0250   0.00870   0.00370  -0.1396  0.6030  1.0000  -1.3223   0.0000   0.0000   0.0000   0.3800
   4.000   1.0799   0.00898   0.00390  -0.1396  0.5855  1.0000  -1.3997   0.0000   0.0000   0.0000   0.3725
   4.500   1.1331   0.00931   0.00413  -0.1392  0.5642  1.0000  -1.4777   0.0000   0.0000   0.0000   0.3655
   5.000   1.1850   0.00970   0.00444  -0.1387  0.5410  1.0000  -1.5692   0.0000   0.0000   0.0000   0.3590
   5.500   1.2359   0.01014   0.00482  -0.1380  0.5177  1.0000  -1.6639   0.0000   0.0000   0.0000   0.3529
   6.000   1.2847   0.01067   0.00527  -0.1370  0.4908  1.0000  -1.7816   0.0000   0.0000   0.0000   0.3472
   6.500   1.3325   0.01125   0.00580  -0.1359  0.4649  1.0000  -1.9011   0.0000   0.0000   0.0000   0.3418
   7.000   1.3776   0.01192   0.00640  -0.1344  0.4345  1.0000  -2.0413   0.0000   0.0000   0.0000   0.3366
   7.500   1.4205   0.01267   0.00710  -0.1325  0.4057  1.0000  -2.1912   0.0000   0.0000   0.0000   0.3316
   8.000   1.4602   0.01354   0.00789  -0.1301  0.3777  1.0000  -2.3504   0.0000   0.0000   0.0000   0.3266
   8.500   1.4912   0.01464   0.00888  -0.1264  0.3451  1.0000  -2.5507   0.0000   0.0000   0.0000   0.3215
   9.000   1.5203   0.01588   0.01004  -0.1226  0.3174  1.0000  -2.8098   0.0000   0.0000   0.0000   0.3165
   9.500   1.5477   0.01729   0.01141  -0.1188  0.2906  1.0000  -3.0869   0.0000   0.0000   0.0000   0.3119
  10.000   1.5729   0.01896   0.01304  -0.1152  0.2626  1.0000  -3.3648   0.0000   0.0000   0.0000   0.3075
  10.500   1.5936   0.02105   0.01507  -0.1114  0.2326  1.0000  -3.6437   0.0000   0.0000   0.0000   0.3032
  11.000   1.6102   0.02357   0.01749  -0.1076  0.2036  1.0000  -3.9138   0.0000   0.0000   0.0000   0.2992
  11.500   1.6236   0.02648   0.02031  -0.1039  0.1755  1.0000  -4.1771   0.0000   0.0000   0.0000   0.2954
  12.000   1.6347   0.02970   0.02346  -0.1003  0.1503  1.0000  -4.4354   0.0000   0.0000   0.0000   0.2918
  12.500   1.6436   0.03323   0.02697  -0.0969  0.1277  1.0000  -4.6888   0.0000   0.0000   0.0000   0.2884
  13.000   1.6504   0.03707   0.03079  -0.0936  0.1089  1.0000  -4.9368   0.0000   0.0000   0.0000   0.2852
  13.500   1.6582   0.04102   0.03479  -0.0909  0.0939  1.0000  -5.1916   0.0000   0.0000   0.0000   0.2822
  14.000   1.6625   0.04548   0.03929  -0.0883  0.0806  1.0000  -5.4326   0.0000   0.0000   0.0000   0.2795
  14.500   1.6601   0.05091   0.04473  -0.0860  0.0678  1.0000  -5.6424   0.0000   0.0000   0.0000   0.2770
  15.000   1.6642   0.05586   0.04979  -0.0843  0.0593  1.0000  -5.8850   0.0000   0.0000   0.0000   0.2748


