xflr5 v6.59

 Calculated polar for: revR_25_revT

 1 1 Reynolds number fixed          Mach number fixed         

 xtrf =   1.000 (top)        1.000 (bottom)
 Mach =   0.000     Re =     0.490 e 6     Ncrit =   9.000

  alpha     CL        CD       CDp       Cm    Top Xtr Bot Xtr   Cpmin    Chinge    XCp    
 ------- -------- --------- --------- -------- ------- ------- -------- --------- ---------
  -5.000  -0.1731   0.01091   0.00451  -0.0836  0.8440  0.0493  -2.5520   0.0000   0.0000   0.0000  -0.2470
  -4.500  -0.1192   0.01022   0.00376  -0.0832  0.8305  0.0693  -2.1964   0.0000   0.0000   0.0000  -0.4657
  -4.000  -0.0646   0.00970   0.00330  -0.0831  0.8184  0.1056  -1.8403   0.0000   0.0000   0.0000  -1.0643
  -3.500  -0.0100   0.00919   0.00295  -0.0829  0.8062  0.1626  -1.5071   0.0000   0.0000   0.0000  -8.2169
  -3.000   0.0448   0.00875   0.00269  -0.0828  0.7935  0.2311  -1.2425   0.0000   0.0000   0.0000   2.1262
  -2.500   0.0992   0.00824   0.00246  -0.0827  0.7809  0.3319  -1.0264   0.0000   0.0000   0.0000   1.0932
  -2.000   0.1535   0.00774   0.00233  -0.0826  0.7686  0.4552  -0.8202   0.0000   0.0000   0.0000   0.7926
  -1.500   0.2067   0.00727   0.00226  -0.0820  0.7553  0.5996  -0.6249   0.0000   0.0000   0.0000   0.6487
  -1.000   0.2603   0.00704   0.00228  -0.0812  0.7409  0.6957  -0.5783   0.0000   0.0000   0.0000   0.5625
  -0.500   0.3146   0.00701   0.00231  -0.0804  0.7274  0.7572  -0.6222   0.0000   0.0000   0.0000   0.5052
   0.000   0.3689   0.00699   0.00231  -0.0797  0.7119  0.8001  -0.6676   0.0000   0.0000   0.0000   0.4648
   0.500   0.4222   0.00698   0.00235  -0.0787  0.6952  0.8342  -0.7169   0.0000   0.0000   0.0000   0.4345
   1.000   0.4747   0.00701   0.00237  -0.0775  0.6781  0.8689  -0.7691   0.0000   0.0000   0.0000   0.4109
   1.500   0.5252   0.00703   0.00239  -0.0759  0.6582  0.9019  -0.8250   0.0000   0.0000   0.0000   0.3915
   2.000   0.5746   0.00703   0.00240  -0.0740  0.6370  0.9404  -0.8818   0.0000   0.0000   0.0000   0.3753
   2.500   0.6403   0.00710   0.00241  -0.0759  0.6125  0.9800  -0.9571   0.0000   0.0000   0.0000   0.3646
   3.000   0.7045   0.00728   0.00250  -0.0779  0.5858  1.0000  -1.0381   0.0000   0.0000   0.0000   0.3562
   3.500   0.7585   0.00754   0.00266  -0.0778  0.5565  1.0000  -1.1211   0.0000   0.0000   0.0000   0.3477
   4.000   0.8120   0.00787   0.00288  -0.0775  0.5256  1.0000  -1.2243   0.0000   0.0000   0.0000   0.3401
   5.000   0.9168   0.00873   0.00349  -0.0766  0.4556  1.0000  -1.4913   0.0000   0.0000   0.0000   0.3271
   5.500   0.9680   0.00927   0.00390  -0.0759  0.4206  1.0000  -1.7517   0.0000   0.0000   0.0000   0.3215
   6.000   1.0173   0.00995   0.00437  -0.0751  0.3692  1.0000  -2.0773   0.0000   0.0000   0.0000   0.3163
   6.500   1.0658   0.01070   0.00493  -0.0742  0.3207  1.0000  -2.4193   0.0000   0.0000   0.0000   0.3115
   7.000   1.1130   0.01157   0.00561  -0.0731  0.2713  1.0000  -2.7861   0.0000   0.0000   0.0000   0.3070
   7.500   1.1588   0.01253   0.00636  -0.0719  0.2249  1.0000  -3.1637   0.0000   0.0000   0.0000   0.3027
   8.000   1.2031   0.01358   0.00722  -0.0706  0.1827  1.0000  -3.5495   0.0000   0.0000   0.0000   0.2987
   8.500   1.2440   0.01485   0.00826  -0.0688  0.1367  1.0000  -3.9346   0.0000   0.0000   0.0000   0.2946
   9.000   1.2816   0.01629   0.00950  -0.0666  0.0968  1.0000  -4.3166   0.0000   0.0000   0.0000   0.2906
   9.500   1.3186   0.01762   0.01075  -0.0643  0.0716  1.0000  -4.7040   0.0000   0.0000   0.0000   0.2867
  10.000   1.3501   0.01907   0.01215  -0.0613  0.0526  1.0000  -5.0722   0.0000   0.0000   0.0000   0.2826
  10.500   1.3771   0.02077   0.01381  -0.0578  0.0374  1.0000  -5.4153   0.0000   0.0000   0.0000   0.2784
  11.000   1.3961   0.02307   0.01610  -0.0539  0.0236  1.0000  -5.6884   0.0000   0.0000   0.0000   0.2742
  11.500   1.4012   0.02666   0.01983  -0.0492  0.0166  1.0000  -5.8320   0.0000   0.0000   0.0000   0.2699
  12.000   1.4218   0.02921   0.02255  -0.0467  0.0157  1.0000  -6.1380   0.0000   0.0000   0.0000   0.2668
  12.500   1.4369   0.03240   0.02592  -0.0443  0.0147  1.0000  -6.4179   0.0000   0.0000   0.0000   0.2639
  13.000   1.4478   0.03612   0.02982  -0.0422  0.0138  1.0000  -6.6823   0.0000   0.0000   0.0000   0.2612
  13.500   1.4547   0.04047   0.03437  -0.0406  0.0132  1.0000  -6.9269   0.0000   0.0000   0.0000   0.2590
  14.000   1.4562   0.04557   0.03967  -0.0392  0.0128  1.0000  -7.1353   0.0000   0.0000   0.0000   0.2570
  14.500   1.4532   0.05148   0.04580  -0.0385  0.0125  1.0000  -7.3115   0.0000   0.0000   0.0000   0.2555
  15.000   1.4464   0.05824   0.05279  -0.0384  0.0123  1.0000  -7.4576   0.0000   0.0000   0.0000   0.2546


