xflr5 v6.59

 Calculated polar for: revR_35_revT

 1 1 Reynolds number fixed          Mach number fixed         

 xtrf =   1.000 (top)        1.000 (bottom)
 Mach =   0.000     Re =     0.330 e 6     Ncrit =   9.000

  alpha     CL        CD       CDp       Cm    Top Xtr Bot Xtr   Cpmin    Chinge    XCp    
 ------- -------- --------- --------- -------- ------- ------- -------- --------- ---------
  -5.000  -0.1241   0.01318   0.00642  -0.0958  0.8610  0.0575  -2.4503   0.0000   0.0000   0.0000  -0.5425
  -4.500  -0.0708   0.01221   0.00531  -0.0953  0.8494  0.0769  -2.1159   0.0000   0.0000   0.0000  -1.1271
  -4.000  -0.0183   0.01129   0.00454  -0.0949  0.8366  0.1204  -1.8006   0.0000   0.0000   0.0000  -5.0268
  -3.000   0.0896   0.01014   0.00387  -0.0946  0.8132  0.2805  -1.2423   0.0000   0.0000   0.0000   1.3201
  -2.500   0.1443   0.00968   0.00363  -0.0944  0.8016  0.3840  -1.0235   0.0000   0.0000   0.0000   0.9113
  -2.000   0.1968   0.00911   0.00352  -0.0938  0.7884  0.5218  -0.8177   0.0000   0.0000   0.0000   0.7306
  -1.500   0.2498   0.00880   0.00353  -0.0929  0.7770  0.6540  -0.6258   0.0000   0.0000   0.0000   0.6236
  -1.000   0.3018   0.00864   0.00359  -0.0915  0.7635  0.7385  -0.6149   0.0000   0.0000   0.0000   0.5537
  -0.500   0.3544   0.00863   0.00359  -0.0901  0.7503  0.7960  -0.6565   0.0000   0.0000   0.0000   0.5039
   0.000   0.4054   0.00857   0.00357  -0.0884  0.7359  0.8397  -0.7002   0.0000   0.0000   0.0000   0.4669
   0.500   0.4549   0.00857   0.00358  -0.0864  0.7218  0.8801  -0.7466   0.0000   0.0000   0.0000   0.4380
   1.000   0.5031   0.00852   0.00348  -0.0840  0.7060  0.9209  -0.7952   0.0000   0.0000   0.0000   0.4144
   1.500   0.5610   0.00840   0.00337  -0.0838  0.6886  0.9655  -0.8557   0.0000   0.0000   0.0000   0.3963
   2.000   0.6371   0.00839   0.00329  -0.0882  0.6693  1.0000  -0.9291   0.0000   0.0000   0.0000   0.3849
   2.500   0.6906   0.00852   0.00332  -0.0880  0.6486  1.0000  -0.9926   0.0000   0.0000   0.0000   0.3734
   3.000   0.7454   0.00869   0.00339  -0.0879  0.6259  1.0000  -1.0660   0.0000   0.0000   0.0000   0.3634
   3.500   0.7998   0.00892   0.00353  -0.0877  0.6021  1.0000  -1.1447   0.0000   0.0000   0.0000   0.3547
   4.000   0.8532   0.00919   0.00371  -0.0873  0.5741  1.0000  -1.2358   0.0000   0.0000   0.0000   0.3468
   4.500   0.9059   0.00955   0.00397  -0.0868  0.5451  1.0000  -1.3427   0.0000   0.0000   0.0000   0.3397
   5.000   0.9576   0.00998   0.00430  -0.0861  0.5137  1.0000  -1.4718   0.0000   0.0000   0.0000   0.3333
   5.500   1.0085   0.01046   0.00471  -0.0854  0.4793  1.0000  -1.6251   0.0000   0.0000   0.0000   0.3274
   6.000   1.0577   0.01107   0.00519  -0.0844  0.4443  1.0000  -1.8802   0.0000   0.0000   0.0000   0.3220
   6.500   1.1062   0.01170   0.00575  -0.0833  0.4059  1.0000  -2.1993   0.0000   0.0000   0.0000   0.3169
   7.000   1.1529   0.01246   0.00641  -0.0821  0.3667  1.0000  -2.5268   0.0000   0.0000   0.0000   0.3121
   7.500   1.1970   0.01337   0.00719  -0.0805  0.3250  1.0000  -2.8737   0.0000   0.0000   0.0000   0.3075
   8.000   1.2380   0.01447   0.00808  -0.0786  0.2730  1.0000  -3.2249   0.0000   0.0000   0.0000   0.3031
   8.500   1.2765   0.01570   0.00913  -0.0764  0.2267  1.0000  -3.5789   0.0000   0.0000   0.0000   0.2988
   9.000   1.3119   0.01708   0.01037  -0.0738  0.1858  1.0000  -3.9306   0.0000   0.0000   0.0000   0.2945
   9.500   1.3404   0.01869   0.01180  -0.0703  0.1442  1.0000  -4.2635   0.0000   0.0000   0.0000   0.2899
  10.000   1.3648   0.02055   0.01351  -0.0666  0.1078  1.0000  -4.5851   0.0000   0.0000   0.0000   0.2855
  10.500   1.3850   0.02277   0.01562  -0.0628  0.0814  1.0000  -4.8898   0.0000   0.0000   0.0000   0.2813
  11.000   1.4036   0.02525   0.01807  -0.0593  0.0624  1.0000  -5.1864   0.0000   0.0000   0.0000   0.2774
  11.500   1.4209   0.02799   0.02092  -0.0562  0.0488  1.0000  -5.4708   0.0000   0.0000   0.0000   0.2738
  12.000   1.4303   0.03158   0.02462  -0.0530  0.0378  1.0000  -5.6958   0.0000   0.0000   0.0000   0.2705
  12.500   1.4293   0.03635   0.02946  -0.0499  0.0289  1.0000  -5.8420   0.0000   0.0000   0.0000   0.2674
  13.000   1.4267   0.04157   0.03493  -0.0473  0.0254  1.0000  -5.9570   0.0000   0.0000   0.0000   0.2646
  13.500   1.4279   0.04669   0.04028  -0.0455  0.0233  1.0000  -6.1093   0.0000   0.0000   0.0000   0.2624
  14.000   1.4252   0.05243   0.04624  -0.0442  0.0219  1.0000  -6.2467   0.0000   0.0000   0.0000   0.2605
  14.500   1.4216   0.05869   0.05271  -0.0436  0.0208  1.0000  -6.3810   0.0000   0.0000   0.0000   0.2592
  15.000   1.4146   0.06565   0.05989  -0.0435  0.0199  1.0000  -6.4913   0.0000   0.0000   0.0000   0.2582


