xflr5 v6.59

 Calculated polar for: revR_25_revT

 1 1 Reynolds number fixed          Mach number fixed         

 xtrf =   1.000 (top)        1.000 (bottom)
 Mach =   0.000     Re =     0.485 e 6     Ncrit =   9.000

  alpha     CL        CD       CDp       Cm    Top Xtr Bot Xtr   Cpmin    Chinge    XCp    
 ------- -------- --------- --------- -------- ------- ------- -------- --------- ---------
  -5.000  -0.1729   0.01095   0.00454  -0.0837  0.8448  0.0496  -2.5502   0.0000   0.0000   0.0000  -0.2479
  -4.500  -0.1191   0.01025   0.00379  -0.0833  0.8312  0.0696  -2.1955   0.0000   0.0000   0.0000  -0.4669
  -4.000  -0.0645   0.00973   0.00332  -0.0831  0.8192  0.1064  -1.8397   0.0000   0.0000   0.0000  -1.0669
  -3.500  -0.0099   0.00921   0.00297  -0.0830  0.8070  0.1635  -1.5068   0.0000   0.0000   0.0000  -8.2788
  -3.000   0.0449   0.00878   0.00271  -0.0829  0.7943  0.2325  -1.2423   0.0000   0.0000   0.0000   2.1248
  -2.500   0.0992   0.00826   0.00248  -0.0828  0.7816  0.3343  -1.0263   0.0000   0.0000   0.0000   1.0935
  -2.000   0.1535   0.00777   0.00235  -0.0826  0.7694  0.4576  -0.8201   0.0000   0.0000   0.0000   0.7927
  -1.500   0.2066   0.00729   0.00228  -0.0820  0.7561  0.6026  -0.6249   0.0000   0.0000   0.0000   0.6488
  -1.000   0.2603   0.00707   0.00231  -0.0812  0.7417  0.6975  -0.5782   0.0000   0.0000   0.0000   0.5625
  -0.500   0.3144   0.00705   0.00233  -0.0804  0.7281  0.7586  -0.6221   0.0000   0.0000   0.0000   0.5052
   0.000   0.3687   0.00702   0.00234  -0.0797  0.7127  0.8012  -0.6675   0.0000   0.0000   0.0000   0.4648
   0.500   0.4220   0.00701   0.00237  -0.0787  0.6960  0.8355  -0.7167   0.0000   0.0000   0.0000   0.4345
   1.000   0.4744   0.00705   0.00239  -0.0775  0.6789  0.8701  -0.7689   0.0000   0.0000   0.0000   0.4108
   1.500   0.5247   0.00706   0.00240  -0.0758  0.6590  0.9033  -0.8246   0.0000   0.0000   0.0000   0.3914
   2.000   0.5742   0.00705   0.00242  -0.0739  0.6378  0.9422  -0.8816   0.0000   0.0000   0.0000   0.3752
   2.500   0.6410   0.00712   0.00242  -0.0760  0.6133  0.9815  -0.9576   0.0000   0.0000   0.0000   0.3647
   3.000   0.7044   0.00731   0.00251  -0.0779  0.5866  1.0000  -1.0380   0.0000   0.0000   0.0000   0.3562
   3.500   0.7584   0.00757   0.00267  -0.0778  0.5575  1.0000  -1.1210   0.0000   0.0000   0.0000   0.3477
   4.000   0.8120   0.00790   0.00289  -0.0775  0.5266  1.0000  -1.2242   0.0000   0.0000   0.0000   0.3401
   4.500   0.8644   0.00833   0.00317  -0.0770  0.4938  1.0000  -1.3387   0.0000   0.0000   0.0000   0.3332
   5.000   0.9167   0.00876   0.00351  -0.0765  0.4567  1.0000  -1.4911   0.0000   0.0000   0.0000   0.3271
   6.000   1.0171   0.00997   0.00439  -0.0750  0.3709  1.0000  -2.0763   0.0000   0.0000   0.0000   0.3163
   6.500   1.0656   0.01073   0.00495  -0.0741  0.3221  1.0000  -2.4177   0.0000   0.0000   0.0000   0.3115
   7.000   1.1128   0.01159   0.00562  -0.0731  0.2729  1.0000  -2.7845   0.0000   0.0000   0.0000   0.3070
   7.500   1.1585   0.01256   0.00638  -0.0719  0.2261  1.0000  -3.1616   0.0000   0.0000   0.0000   0.3027
   8.000   1.2027   0.01361   0.00725  -0.0705  0.1837  1.0000  -3.5470   0.0000   0.0000   0.0000   0.2986
   8.500   1.2436   0.01488   0.00828  -0.0687  0.1378  1.0000  -3.9319   0.0000   0.0000   0.0000   0.2946
   9.500   1.3181   0.01766   0.01078  -0.0643  0.0722  1.0000  -4.7004   0.0000   0.0000   0.0000   0.2867
  10.000   1.3495   0.01912   0.01218  -0.0612  0.0530  1.0000  -5.0679   0.0000   0.0000   0.0000   0.2825
  10.500   1.3763   0.02083   0.01386  -0.0577  0.0378  1.0000  -5.4102   0.0000   0.0000   0.0000   0.2783
  11.000   1.3953   0.02314   0.01615  -0.0538  0.0239  1.0000  -5.6831   0.0000   0.0000   0.0000   0.2742
  11.500   1.4022   0.02659   0.01973  -0.0493  0.0169  1.0000  -5.8435   0.0000   0.0000   0.0000   0.2699
  12.000   1.4198   0.02939   0.02272  -0.0466  0.0158  1.0000  -6.1215   0.0000   0.0000   0.0000   0.2667
  12.500   1.4348   0.03259   0.02611  -0.0442  0.0148  1.0000  -6.4000   0.0000   0.0000   0.0000   0.2638
  13.000   1.4455   0.03635   0.03005  -0.0421  0.0140  1.0000  -6.6616   0.0000   0.0000   0.0000   0.2612
  13.500   1.4523   0.04072   0.03462  -0.0404  0.0134  1.0000  -6.9045   0.0000   0.0000   0.0000   0.2589
  14.000   1.4538   0.04582   0.03993  -0.0391  0.0129  1.0000  -7.1131   0.0000   0.0000   0.0000   0.2570
  14.500   1.4511   0.05172   0.04604  -0.0384  0.0126  1.0000  -7.2901   0.0000   0.0000   0.0000   0.2555
  15.000   1.4445   0.05846   0.05301  -0.0384  0.0124  1.0000  -7.4373   0.0000   0.0000   0.0000   0.2546


