xflr5 v6.59

 Calculated polar for: revR_85_revT

 1 1 Reynolds number fixed          Mach number fixed         

 xtrf =   1.000 (top)        1.000 (bottom)
 Mach =   0.000     Re =     0.040 e 6     Ncrit =   9.000

  alpha     CL        CD       CDp       Cm    Top Xtr Bot Xtr   Cpmin    Chinge    XCp    
 ------- -------- --------- --------- -------- ------- ------- -------- --------- ---------
  -5.000  -0.4629   0.10640   0.10073   0.0139  1.0000  0.4229  -1.4463   0.0000   0.0000   0.0000   0.2739
  -4.500  -0.4514   0.09931   0.09371   0.0191  1.0000  0.4550  -1.4005   0.0000   0.0000   0.0000   0.2865
  -4.000  -0.4447   0.09416   0.08862   0.0244  1.0000  0.4933  -1.3613   0.0000   0.0000   0.0000   0.2993
  -3.000  -0.2771   0.05339   0.04539  -0.0661  1.0000  0.1967  -1.9044   0.0000   0.0000   0.0000   0.0030
  -2.500  -0.2003   0.04787   0.03857  -0.0757  1.0000  0.2129  -1.8421   0.0000   0.0000   0.0000  -0.1388
  -2.000  -0.1439   0.04529   0.03563  -0.0788  1.0000  0.2433  -1.7216   0.0000   0.0000   0.0000  -0.3111
  -1.500  -0.0876   0.04399   0.03409  -0.0813  1.0000  0.2975  -1.5931   0.0000   0.0000   0.0000  -0.6976
  -1.000  -0.0333   0.04368   0.03387  -0.0829  1.0000  0.4004  -1.4445   0.0000   0.0000   0.0000  -2.2839
  -0.500   0.0168   0.04370   0.03461  -0.0822  1.0000  0.5701  -1.2869   0.0000   0.0000   0.0000   5.2219
   0.000   0.0281   0.04289   0.03502  -0.0708  1.0000  0.8569  -1.1838   0.0000   0.0000   0.0000   2.7991
   0.500   0.0703   0.04385   0.03499  -0.0757  1.0000  1.0000  -1.0406   0.0000   0.0000   0.0000   1.3360
   1.000   0.1157   0.04657   0.03701  -0.0786  1.0000  1.0000  -0.8714   0.0000   0.0000   0.0000   0.9315
   1.500   0.1563   0.04945   0.03940  -0.0805  1.0000  1.0000  -0.7174   0.0000   0.0000   0.0000   0.7647
   2.000   0.1942   0.05254   0.04210  -0.0822  1.0000  1.0000  -0.5747   0.0000   0.0000   0.0000   0.6706
   2.500   0.2301   0.05584   0.04511  -0.0836  1.0000  1.0000  -0.5596   0.0000   0.0000   0.0000   0.6097
   3.000   0.2643   0.05936   0.04840  -0.0850  1.0000  1.0000  -0.5812   0.0000   0.0000   0.0000   0.5670
   3.500   0.2969   0.06311   0.05198  -0.0864  1.0000  1.0000  -0.6013   0.0000   0.0000   0.0000   0.5353
   4.500   0.4260   0.07529   0.06387  -0.1013  0.9428  1.0000  -0.6866   0.0000   0.0000   0.0000   0.4810
   5.000   0.4745   0.08006   0.06861  -0.1050  0.9050  1.0000  -0.7229   0.0000   0.0000   0.0000   0.4641
   6.000   0.5858   0.09318   0.08171  -0.1144  0.8455  1.0000  -0.8162   0.0000   0.0000   0.0000   0.4370
   6.500   0.6178   0.09826   0.08683  -0.1154  0.8187  1.0000  -0.8467   0.0000   0.0000   0.0000   0.4279
   7.000   0.6447   0.10307   0.09173  -0.1157  0.7924  1.0000  -0.8757   0.0000   0.0000   0.0000   0.4200
   7.500   0.6763   0.10869   0.09745  -0.1169  0.7671  1.0000  -0.9108   0.0000   0.0000   0.0000   0.4127
   8.000   0.7033   0.11413   0.10300  -0.1174  0.7415  1.0000  -0.9418   0.0000   0.0000   0.0000   0.4063
   8.500   0.7376   0.12061   0.10962  -0.1189  0.7168  1.0000  -0.9862   0.0000   0.0000   0.0000   0.4000
   9.000   0.7652   0.12663   0.11579  -0.1196  0.6916  1.0000  -1.0295   0.0000   0.0000   0.0000   0.3945
   9.500   0.7601   0.12960   0.11889  -0.1173  0.6704  1.0000  -1.0306   0.0000   0.0000   0.0000   0.3918
  11.000   0.8098   0.14679   0.13657  -0.1183  0.6003  1.0000  -1.1155   0.0000   0.0000   0.0000   0.3816
  14.000   0.9365   0.18922   0.18015  -0.1258  0.4679  1.0000  -1.4099   0.0000   0.0000   0.0000   0.3656
  14.500   0.9358   0.19291   0.18394  -0.1272  0.4467  1.0000  -1.4187   0.0000   0.0000   0.0000   0.3663
  15.000   0.9465   0.19889   0.19006  -0.1292  0.4253  1.0000  -1.4591   0.0000   0.0000   0.0000   0.3660


