xflr5 v6.59

 Calculated polar for: revR_20_revT

 1 1 Reynolds number fixed          Mach number fixed         

 xtrf =   1.000 (top)        1.000 (bottom)
 Mach =   0.000     Re =     0.215 e 6     Ncrit =   9.000

  alpha     CL        CD       CDp       Cm    Top Xtr Bot Xtr   Cpmin    Chinge    XCp    
 ------- -------- --------- --------- -------- ------- ------- -------- --------- ---------
  -5.000  -0.1900   0.01580   0.00854  -0.0841  0.9214  0.0747  -2.4466   0.0000   0.0000   0.0000  -0.2052
  -4.500  -0.1389   0.01454   0.00721  -0.0832  0.9070  0.0996  -2.1457   0.0000   0.0000   0.0000  -0.3645
  -4.000  -0.0774   0.01323   0.00616  -0.0845  0.8964  0.1686  -1.7972   0.0000   0.0000   0.0000  -0.8645
  -3.500  -0.0298   0.01244   0.00575  -0.0831  0.8802  0.2682  -1.4930   0.0000   0.0000   0.0000  -2.5878
  -3.000   0.0224   0.01166   0.00539  -0.0825  0.8675  0.3942  -1.2283   0.0000   0.0000   0.0000   3.9882
  -2.000   0.1175   0.01069   0.00536  -0.0779  0.8375  0.6891  -0.8351   0.0000   0.0000   0.0000   0.9200
  -1.500   0.1693   0.01063   0.00533  -0.0758  0.8246  0.7685  -0.6423   0.0000   0.0000   0.0000   0.7005
  -1.000   0.2151   0.01066   0.00540  -0.0727  0.8084  0.8252  -0.5427   0.0000   0.0000   0.0000   0.5890
  -0.500   0.2620   0.01066   0.00537  -0.0695  0.7931  0.8716  -0.5829   0.0000   0.0000   0.0000   0.5154
   0.000   0.3128   0.01056   0.00520  -0.0670  0.7778  0.9135  -0.6259   0.0000   0.0000   0.0000   0.4631
   0.500   0.3800   0.01054   0.00513  -0.0684  0.7605  0.9485  -0.6835   0.0000   0.0000   0.0000   0.4283
   1.000   0.4708   0.01050   0.00497  -0.0750  0.7425  0.9722  -0.7582   0.0000   0.0000   0.0000   0.4071
   1.500   0.5630   0.01041   0.00475  -0.0823  0.7232  0.9916  -0.8409   0.0000   0.0000   0.0000   0.3935
   2.000   0.6231   0.01032   0.00456  -0.0837  0.7015  1.0000  -0.9093   0.0000   0.0000   0.0000   0.3811
   2.500   0.6559   0.01036   0.00450  -0.0795  0.6791  1.0000  -0.9633   0.0000   0.0000   0.0000   0.3675
   3.000   0.6951   0.01048   0.00453  -0.0763  0.6554  1.0000  -1.0288   0.0000   0.0000   0.0000   0.3555
   3.500   0.7398   0.01065   0.00464  -0.0740  0.6287  1.0000  -1.1056   0.0000   0.0000   0.0000   0.3454
   4.000   0.7871   0.01088   0.00480  -0.0722  0.5996  1.0000  -1.2083   0.0000   0.0000   0.0000   0.3366
   4.500   0.8353   0.01118   0.00501  -0.0705  0.5685  1.0000  -1.3226   0.0000   0.0000   0.0000   0.3288
   5.000   0.8829   0.01158   0.00531  -0.0689  0.5355  1.0000  -1.4740   0.0000   0.0000   0.0000   0.3218
   5.500   0.9290   0.01204   0.00572  -0.0670  0.4990  1.0000  -1.7351   0.0000   0.0000   0.0000   0.3154
   6.000   0.9738   0.01260   0.00618  -0.0649  0.4609  1.0000  -2.0467   0.0000   0.0000   0.0000   0.3094
   6.500   1.0171   0.01325   0.00674  -0.0627  0.4234  1.0000  -2.3679   0.0000   0.0000   0.0000   0.3037
   7.000   1.0573   0.01397   0.00737  -0.0600  0.3804  1.0000  -2.6927   0.0000   0.0000   0.0000   0.2983
   7.500   1.0958   0.01480   0.00817  -0.0571  0.3400  1.0000  -3.0224   0.0000   0.0000   0.0000   0.2930
   8.000   1.1297   0.01578   0.00903  -0.0536  0.2962  1.0000  -3.3463   0.0000   0.0000   0.0000   0.2877
   8.500   1.1584   0.01692   0.01003  -0.0494  0.2488  1.0000  -3.6746   0.0000   0.0000   0.0000   0.2823
   9.000   1.1787   0.01826   0.01119  -0.0439  0.2000  1.0000  -3.9763   0.0000   0.0000   0.0000   0.2762
   9.500   1.1926   0.01990   0.01268  -0.0378  0.1555  1.0000  -4.2539   0.0000   0.0000   0.0000   0.2700
  10.000   1.2024   0.02200   0.01456  -0.0319  0.1158  1.0000  -4.5129   0.0000   0.0000   0.0000   0.2641
  10.500   1.2151   0.02420   0.01670  -0.0271  0.0874  1.0000  -4.7805   0.0000   0.0000   0.0000   0.2591
  11.000   1.2238   0.02688   0.01939  -0.0224  0.0688  1.0000  -5.0179   0.0000   0.0000   0.0000   0.2544
  11.500   1.2237   0.03048   0.02299  -0.0179  0.0539  1.0000  -5.1935   0.0000   0.0000   0.0000   0.2498
  12.000   1.2322   0.03379   0.02643  -0.0147  0.0433  1.0000  -5.3932   0.0000   0.0000   0.0000   0.2464
  12.500   1.2243   0.03891   0.03172  -0.0113  0.0358  1.0000  -5.4498   0.0000   0.0000   0.0000   0.2427
  13.000   1.2292   0.04328   0.03635  -0.0092  0.0316  1.0000  -5.5829   0.0000   0.0000   0.0000   0.2401
  13.500   1.2319   0.04813   0.04138  -0.0078  0.0290  1.0000  -5.7193   0.0000   0.0000   0.0000   0.2380
  14.000   1.2333   0.05364   0.04708  -0.0067  0.0271  1.0000  -5.8264   0.0000   0.0000   0.0000   0.2362
  14.500   1.2345   0.06015   0.05391  -0.0057  0.0257  1.0000  -5.8723   0.0000   0.0000   0.0000   0.2345
  15.000   1.2258   0.06860   0.06283  -0.0059  0.0251  1.0000  -5.8452   0.0000   0.0000   0.0000   0.2339


