xflr5 v6.59

 Calculated polar for: revR_40_revT

 1 1 Reynolds number fixed          Mach number fixed         

 xtrf =   1.000 (top)        1.000 (bottom)
 Mach =   0.000     Re =     0.240 e 6     Ncrit =   9.000

  alpha     CL        CD       CDp       Cm    Top Xtr Bot Xtr   Cpmin    Chinge    XCp    
 ------- -------- --------- --------- -------- ------- ------- -------- --------- ---------
  -5.000  -0.0995   0.01523   0.00816  -0.1035  0.8811  0.0697  -2.3789   0.0000   0.0000   0.0000  -0.8171
  -4.500  -0.0464   0.01405   0.00689  -0.1029  0.8705  0.0902  -2.0729   0.0000   0.0000   0.0000  -2.0183
  -4.000   0.0054   0.01314   0.00608  -0.1023  0.8573  0.1349  -1.7718   0.0000   0.0000   0.0000  19.6601
  -3.500   0.0591   0.01247   0.00562  -0.1020  0.8463  0.2158  -1.4704   0.0000   0.0000   0.0000   2.0058
  -3.000   0.1118   0.01185   0.00531  -0.1017  0.8334  0.3096  -1.2440   0.0000   0.0000   0.0000   1.1725
  -2.500   0.1653   0.01131   0.00512  -0.1013  0.8227  0.4331  -1.0270   0.0000   0.0000   0.0000   0.8695
  -2.000   0.2161   0.01076   0.00508  -0.1001  0.8092  0.5856  -0.8229   0.0000   0.0000   0.0000   0.7170
  -1.500   0.2672   0.01058   0.00515  -0.0983  0.7973  0.6990  -0.6351   0.0000   0.0000   0.0000   0.6200
  -1.000   0.3174   0.01052   0.00520  -0.0963  0.7840  0.7777  -0.6288   0.0000   0.0000   0.0000   0.5540
  -0.500   0.3656   0.01053   0.00524  -0.0937  0.7712  0.8329  -0.6671   0.0000   0.0000   0.0000   0.5060
   0.000   0.4126   0.01041   0.00509  -0.0907  0.7573  0.8802  -0.7092   0.0000   0.0000   0.0000   0.4687
   0.500   0.4579   0.01031   0.00501  -0.0875  0.7424  0.9306  -0.7527   0.0000   0.0000   0.0000   0.4392
   1.000   0.5311   0.01018   0.00474  -0.0903  0.7292  0.9758  -0.8152   0.0000   0.0000   0.0000   0.4177
   1.500   0.6010   0.01009   0.00456  -0.0936  0.7113  1.0000  -0.8829   0.0000   0.0000   0.0000   0.4027
   2.000   0.6535   0.01020   0.00457  -0.0933  0.6934  1.0000  -0.9411   0.0000   0.0000   0.0000   0.3892
   2.500   0.7087   0.01030   0.00457  -0.0932  0.6750  1.0000  -1.0041   0.0000   0.0000   0.0000   0.3775
   3.000   0.7639   0.01041   0.00458  -0.0931  0.6545  1.0000  -1.0771   0.0000   0.0000   0.0000   0.3673
   3.500   0.8184   0.01057   0.00465  -0.0927  0.6322  1.0000  -1.1539   0.0000   0.0000   0.0000   0.3583
   4.000   0.8723   0.01079   0.00481  -0.0923  0.6086  1.0000  -1.2426   0.0000   0.0000   0.0000   0.3503
   4.500   0.9248   0.01105   0.00503  -0.0917  0.5806  1.0000  -1.3442   0.0000   0.0000   0.0000   0.3430
   5.000   0.9767   0.01141   0.00533  -0.0909  0.5514  1.0000  -1.4638   0.0000   0.0000   0.0000   0.3364
   5.500   1.0273   0.01187   0.00567  -0.0900  0.5198  1.0000  -1.6102   0.0000   0.0000   0.0000   0.3303
   6.000   1.0766   0.01240   0.00617  -0.0889  0.4860  1.0000  -1.7857   0.0000   0.0000   0.0000   0.3247
   6.500   1.1241   0.01304   0.00672  -0.0876  0.4502  1.0000  -2.0792   0.0000   0.0000   0.0000   0.3194
   7.000   1.1701   0.01377   0.00740  -0.0861  0.4128  1.0000  -2.3939   0.0000   0.0000   0.0000   0.3144
   7.500   1.2128   0.01468   0.00818  -0.0842  0.3736  1.0000  -2.7120   0.0000   0.0000   0.0000   0.3096
   8.000   1.2552   0.01559   0.00908  -0.0823  0.3359  1.0000  -3.0517   0.0000   0.0000   0.0000   0.3051
   8.500   1.2925   0.01674   0.01012  -0.0798  0.2934  1.0000  -3.3890   0.0000   0.0000   0.0000   0.3005
   9.000   1.3250   0.01812   0.01139  -0.0767  0.2500  1.0000  -3.7182   0.0000   0.0000   0.0000   0.2959
   9.500   1.3498   0.01975   0.01288  -0.0727  0.2083  1.0000  -4.0256   0.0000   0.0000   0.0000   0.2911
  10.000   1.3701   0.02177   0.01474  -0.0685  0.1659  1.0000  -4.3194   0.0000   0.0000   0.0000   0.2865
  10.500   1.3867   0.02422   0.01704  -0.0646  0.1271  1.0000  -4.6003   0.0000   0.0000   0.0000   0.2823
  11.000   1.3983   0.02727   0.01997  -0.0607  0.0975  1.0000  -4.8571   0.0000   0.0000   0.0000   0.2783
  11.500   1.4087   0.03064   0.02339  -0.0574  0.0764  1.0000  -5.1035   0.0000   0.0000   0.0000   0.2747
  12.000   1.4137   0.03471   0.02748  -0.0542  0.0605  1.0000  -5.3157   0.0000   0.0000   0.0000   0.2714
  12.500   1.4223   0.03869   0.03165  -0.0517  0.0503  1.0000  -5.5333   0.0000   0.0000   0.0000   0.2685
  13.000   1.4072   0.04517   0.03820  -0.0487  0.0411  1.0000  -5.6028   0.0000   0.0000   0.0000   0.2658
  13.500   1.4137   0.04980   0.04310  -0.0472  0.0364  1.0000  -5.7800   0.0000   0.0000   0.0000   0.2636
  14.000   1.4104   0.05575   0.04922  -0.0460  0.0323  1.0000  -5.9031   0.0000   0.0000   0.0000   0.2618
  14.500   1.3972   0.06305   0.05668  -0.0448  0.0292  1.0000  -5.9448   0.0000   0.0000   0.0000   0.2603
  15.000   1.3853   0.07029   0.06422  -0.0427  0.0271  1.0000  -5.9428   0.0000   0.0000   0.0000   0.2581


