xflr5 v6.59

 Calculated polar for: revR_55_revT

 1 1 Reynolds number fixed          Mach number fixed         

 xtrf =   1.000 (top)        1.000 (bottom)
 Mach =   0.000     Re =     0.335 e 6     Ncrit =   9.000

  alpha     CL        CD       CDp       Cm    Top Xtr Bot Xtr   Cpmin    Chinge    XCp    
 ------- -------- --------- --------- -------- ------- ------- -------- --------- ---------
  -5.000  -0.0442   0.01327   0.00653  -0.1140  0.8333  0.0559  -2.3968   0.0000   0.0000   0.0000  -2.3956
  -4.500   0.0110   0.01254   0.00561  -0.1139  0.8242  0.0690  -2.0701   0.0000   0.0000   0.0000  10.8086
  -4.000   0.0649   0.01169   0.00488  -0.1137  0.8134  0.1036  -1.7600   0.0000   0.0000   0.0000   2.0367
  -3.500   0.1205   0.01113   0.00441  -0.1138  0.8037  0.1605  -1.5112   0.0000   0.0000   0.0000   1.2095
  -3.000   0.1754   0.01067   0.00420  -0.1139  0.7936  0.2359  -1.2727   0.0000   0.0000   0.0000   0.9079
  -2.500   0.2310   0.01020   0.00397  -0.1140  0.7834  0.3260  -1.0407   0.0000   0.0000   0.0000   0.7487
  -2.000   0.2861   0.00979   0.00385  -0.1140  0.7728  0.4384  -0.8291   0.0000   0.0000   0.0000   0.6513
  -1.500   0.3405   0.00937   0.00378  -0.1136  0.7615  0.5591  -0.6576   0.0000   0.0000   0.0000   0.5852
  -1.000   0.3944   0.00916   0.00385  -0.1128  0.7514  0.6823  -0.6987   0.0000   0.0000   0.0000   0.5364
  -0.500   0.4469   0.00904   0.00390  -0.1116  0.7389  0.7586  -0.7391   0.0000   0.0000   0.0000   0.4992
   0.000   0.4993   0.00903   0.00389  -0.1102  0.7271  0.8149  -0.7831   0.0000   0.0000   0.0000   0.4694
   0.500   0.5487   0.00895   0.00390  -0.1082  0.7137  0.8627  -0.8286   0.0000   0.0000   0.0000   0.4453
   1.000   0.5963   0.00891   0.00386  -0.1058  0.7015  0.9095  -0.8748   0.0000   0.0000   0.0000   0.4248
   1.500   0.6518   0.00873   0.00368  -0.1051  0.6857  0.9683  -0.9322   0.0000   0.0000   0.0000   0.4080
   2.000   0.7185   0.00878   0.00366  -0.1076  0.6701  1.0000  -0.9989   0.0000   0.0000   0.0000   0.3960
   2.500   0.7758   0.00891   0.00365  -0.1081  0.6528  1.0000  -1.0643   0.0000   0.0000   0.0000   0.3850
   3.000   0.8320   0.00907   0.00370  -0.1082  0.6337  1.0000  -1.1331   0.0000   0.0000   0.0000   0.3752
   3.500   0.8870   0.00925   0.00384  -0.1082  0.6126  1.0000  -1.2080   0.0000   0.0000   0.0000   0.3665
   4.000   0.9413   0.00950   0.00403  -0.1079  0.5900  1.0000  -1.2903   0.0000   0.0000   0.0000   0.3587
   4.500   0.9945   0.00982   0.00426  -0.1075  0.5648  1.0000  -1.3803   0.0000   0.0000   0.0000   0.3515
   5.000   1.0464   0.01023   0.00457  -0.1069  0.5377  1.0000  -1.4917   0.0000   0.0000   0.0000   0.3450
   5.500   1.0975   0.01067   0.00497  -0.1062  0.5088  1.0000  -1.6076   0.0000   0.0000   0.0000   0.3390
   6.000   1.1472   0.01119   0.00543  -0.1053  0.4777  1.0000  -1.7602   0.0000   0.0000   0.0000   0.3334
   6.500   1.1942   0.01186   0.00598  -0.1040  0.4432  1.0000  -1.9195   0.0000   0.0000   0.0000   0.3280
   7.000   1.2412   0.01254   0.00662  -0.1027  0.4123  1.0000  -2.1390   0.0000   0.0000   0.0000   0.3230
   7.500   1.2840   0.01341   0.00736  -0.1009  0.3734  1.0000  -2.4363   0.0000   0.0000   0.0000   0.3181
   8.000   1.3260   0.01431   0.00820  -0.0989  0.3395  1.0000  -2.7521   0.0000   0.0000   0.0000   0.3135
   8.500   1.3645   0.01536   0.00918  -0.0966  0.3045  1.0000  -3.0715   0.0000   0.0000   0.0000   0.3089
   9.000   1.3962   0.01661   0.01031  -0.0932  0.2657  1.0000  -3.3786   0.0000   0.0000   0.0000   0.3041
   9.500   1.4239   0.01807   0.01166  -0.0894  0.2315  1.0000  -3.6797   0.0000   0.0000   0.0000   0.2994
  10.000   1.4479   0.01981   0.01330  -0.0856  0.1966  1.0000  -3.9737   0.0000   0.0000   0.0000   0.2949
  10.500   1.4650   0.02213   0.01549  -0.0815  0.1592  1.0000  -4.2469   0.0000   0.0000   0.0000   0.2905
  11.000   1.4827   0.02464   0.01791  -0.0779  0.1277  1.0000  -4.5256   0.0000   0.0000   0.0000   0.2866
  11.500   1.4960   0.02764   0.02083  -0.0744  0.1016  1.0000  -4.7887   0.0000   0.0000   0.0000   0.2829
  12.000   1.5076   0.03094   0.02412  -0.0713  0.0818  1.0000  -5.0450   0.0000   0.0000   0.0000   0.2795
  12.500   1.5172   0.03460   0.02783  -0.0684  0.0665  1.0000  -5.2980   0.0000   0.0000   0.0000   0.2764
  13.000   1.5180   0.03922   0.03247  -0.0654  0.0535  1.0000  -5.5088   0.0000   0.0000   0.0000   0.2734
  13.500   1.5225   0.04372   0.03708  -0.0632  0.0452  1.0000  -5.7383   0.0000   0.0000   0.0000   0.2708
  14.000   1.5109   0.05015   0.04369  -0.0609  0.0378  1.0000  -5.8639   0.0000   0.0000   0.0000   0.2686
  14.500   1.5149   0.05532   0.04908  -0.0598  0.0336  1.0000  -6.0775   0.0000   0.0000   0.0000   0.2667
  15.000   1.5058   0.06232   0.05620  -0.0591  0.0295  1.0000  -6.2134   0.0000   0.0000   0.0000   0.2654


