xflr5 v6.59

 Calculated polar for: revR_85_revT

 1 1 Reynolds number fixed          Mach number fixed         

 xtrf =   1.000 (top)        1.000 (bottom)
 Mach =   0.000     Re =     0.455 e 6     Ncrit =   9.000

  alpha     CL        CD       CDp       Cm    Top Xtr Bot Xtr   Cpmin    Chinge    XCp    
 ------- -------- --------- --------- -------- ------- ------- -------- --------- ---------
  -5.000   0.0792   0.01220   0.00571  -0.1406  0.7842  0.0453  -2.3460   0.0000   0.0000   0.0000   2.0692
  -4.500   0.1358   0.01146   0.00485  -0.1408  0.7763  0.0550  -2.0742   0.0000   0.0000   0.0000   1.3095
  -4.000   0.1931   0.01095   0.00431  -0.1413  0.7678  0.0766  -1.8100   0.0000   0.0000   0.0000   0.9953
  -3.500   0.2496   0.01046   0.00392  -0.1416  0.7607  0.1095  -1.5521   0.0000   0.0000   0.0000   0.8263
  -3.000   0.3067   0.01003   0.00362  -0.1420  0.7524  0.1625  -1.3062   0.0000   0.0000   0.0000   0.7190
  -2.500   0.3643   0.00971   0.00346  -0.1425  0.7444  0.2335  -1.0687   0.0000   0.0000   0.0000   0.6452
  -2.000   0.4210   0.00942   0.00336  -0.1429  0.7360  0.3011  -0.8528   0.0000   0.0000   0.0000   0.5917
  -1.500   0.4781   0.00911   0.00324  -0.1432  0.7266  0.3834  -0.7882   0.0000   0.0000   0.0000   0.5506
  -1.000   0.5357   0.00891   0.00324  -0.1437  0.7177  0.4867  -0.8299   0.0000   0.0000   0.0000   0.5183
  -0.500   0.5915   0.00861   0.00328  -0.1437  0.7087  0.5973  -0.8739   0.0000   0.0000   0.0000   0.4921
   0.000   0.6466   0.00842   0.00332  -0.1433  0.6983  0.7064  -0.9193   0.0000   0.0000   0.0000   0.4700
   0.500   0.7008   0.00841   0.00343  -0.1426  0.6878  0.7786  -0.9649   0.0000   0.0000   0.0000   0.4512
   1.000   0.7533   0.00834   0.00348  -0.1416  0.6765  0.8340  -1.0163   0.0000   0.0000   0.0000   0.4350
   1.500   0.8033   0.00833   0.00349  -0.1399  0.6643  0.8857  -1.0667   0.0000   0.0000   0.0000   0.4205
   2.000   0.8514   0.00815   0.00340  -0.1378  0.6504  0.9630  -1.1213   0.0000   0.0000   0.0000   0.4076
   2.500   0.9127   0.00829   0.00344  -0.1391  0.6371  1.0000  -1.1886   0.0000   0.0000   0.0000   0.3975
   3.000   0.9693   0.00846   0.00350  -0.1394  0.6195  1.0000  -1.2537   0.0000   0.0000   0.0000   0.3883
   3.500   1.0252   0.00866   0.00367  -0.1396  0.6023  1.0000  -1.3225   0.0000   0.0000   0.0000   0.3800
   4.000   1.0801   0.00894   0.00387  -0.1396  0.5847  1.0000  -1.3999   0.0000   0.0000   0.0000   0.3725
   4.500   1.1333   0.00927   0.00411  -0.1393  0.5634  1.0000  -1.4780   0.0000   0.0000   0.0000   0.3655
   5.000   1.1852   0.00966   0.00442  -0.1388  0.5403  1.0000  -1.5695   0.0000   0.0000   0.0000   0.3590
   6.000   1.2850   0.01063   0.00525  -0.1371  0.4900  1.0000  -1.7821   0.0000   0.0000   0.0000   0.3472
   6.500   1.3329   0.01120   0.00577  -0.1360  0.4641  1.0000  -1.9017   0.0000   0.0000   0.0000   0.3418
   7.000   1.3779   0.01188   0.00637  -0.1344  0.4333  1.0000  -2.0420   0.0000   0.0000   0.0000   0.3366
   7.500   1.4208   0.01264   0.00707  -0.1326  0.4046  1.0000  -2.1919   0.0000   0.0000   0.0000   0.3316
   8.000   1.4604   0.01351   0.00787  -0.1302  0.3766  1.0000  -2.3511   0.0000   0.0000   0.0000   0.3267
   8.500   1.4912   0.01462   0.00886  -0.1264  0.3439  1.0000  -2.5510   0.0000   0.0000   0.0000   0.3215
   9.000   1.5205   0.01585   0.01002  -0.1226  0.3163  1.0000  -2.8107   0.0000   0.0000   0.0000   0.3166
   9.500   1.5487   0.01723   0.01136  -0.1190  0.2898  1.0000  -3.0907   0.0000   0.0000   0.0000   0.3119
  10.000   1.5737   0.01891   0.01299  -0.1153  0.2615  1.0000  -3.3683   0.0000   0.0000   0.0000   0.3075
  10.500   1.5941   0.02101   0.01503  -0.1115  0.2312  1.0000  -3.6465   0.0000   0.0000   0.0000   0.3033
  11.000   1.6104   0.02354   0.01747  -0.1077  0.2023  1.0000  -3.9157   0.0000   0.0000   0.0000   0.2993
  11.500   1.6238   0.02646   0.02028  -0.1039  0.1741  1.0000  -4.1790   0.0000   0.0000   0.0000   0.2954
  12.000   1.6353   0.02965   0.02341  -0.1004  0.1492  1.0000  -4.4391   0.0000   0.0000   0.0000   0.2918
  12.500   1.6447   0.03314   0.02688  -0.0970  0.1269  1.0000  -4.6947   0.0000   0.0000   0.0000   0.2884
  13.000   1.6511   0.03701   0.03073  -0.0937  0.1079  1.0000  -4.9407   0.0000   0.0000   0.0000   0.2852
  13.500   1.6589   0.04096   0.03472  -0.0910  0.0931  1.0000  -5.1959   0.0000   0.0000   0.0000   0.2822
  14.000   1.6637   0.04537   0.03919  -0.0884  0.0800  1.0000  -5.4393   0.0000   0.0000   0.0000   0.2795
  14.500   1.6621   0.05071   0.04455  -0.0861  0.0675  1.0000  -5.6531   0.0000   0.0000   0.0000   0.2770
  15.000   1.6653   0.05575   0.04969  -0.0844  0.0588  1.0000  -5.8916   0.0000   0.0000   0.0000   0.2748


