xflr5 v6.59

 Calculated polar for: revR_70_revT

 1 1 Reynolds number fixed          Mach number fixed         

 xtrf =   1.000 (top)        1.000 (bottom)
 Mach =   0.000     Re =     0.420 e 6     Ncrit =   9.000

  alpha     CL        CD       CDp       Cm    Top Xtr Bot Xtr   Cpmin    Chinge    XCp    
 ------- -------- --------- --------- -------- ------- ------- -------- --------- ---------
  -5.000   0.0167   0.01239   0.00581  -0.1268  0.8017  0.0475  -2.3444   0.0000   0.0000   0.0000   8.0416
  -4.500   0.0723   0.01160   0.00490  -0.1270  0.7937  0.0587  -2.0512   0.0000   0.0000   0.0000   2.0448
  -4.000   0.1282   0.01094   0.00429  -0.1271  0.7843  0.0845  -1.7912   0.0000   0.0000   0.0000   1.2600
  -3.500   0.1850   0.01048   0.00388  -0.1274  0.7755  0.1284  -1.5338   0.0000   0.0000   0.0000   0.9497
  -3.000   0.2410   0.01008   0.00367  -0.1277  0.7673  0.1867  -1.2891   0.0000   0.0000   0.0000   0.7866
  -2.500   0.2975   0.00967   0.00345  -0.1280  0.7581  0.2605  -1.0558   0.0000   0.0000   0.0000   0.6844
  -2.000   0.3544   0.00940   0.00333  -0.1283  0.7485  0.3419  -0.8321   0.0000   0.0000   0.0000   0.6144
  -1.500   0.4103   0.00900   0.00324  -0.1284  0.7384  0.4472  -0.7230   0.0000   0.0000   0.0000   0.5642
  -1.000   0.4665   0.00867   0.00321  -0.1285  0.7293  0.5646  -0.7647   0.0000   0.0000   0.0000   0.5256
  -0.500   0.5210   0.00846   0.00332  -0.1280  0.7187  0.6818  -0.8063   0.0000   0.0000   0.0000   0.4950
   0.000   0.5750   0.00835   0.00334  -0.1272  0.7072  0.7596  -0.8504   0.0000   0.0000   0.0000   0.4697
   0.500   0.6285   0.00837   0.00342  -0.1263  0.6963  0.8131  -0.8992   0.0000   0.0000   0.0000   0.4488
   1.000   0.6797   0.00830   0.00341  -0.1249  0.6836  0.8610  -0.9489   0.0000   0.0000   0.0000   0.4309
   1.500   0.7275   0.00825   0.00341  -0.1226  0.6700  0.9105  -0.9988   0.0000   0.0000   0.0000   0.4152
   2.000   0.7861   0.00812   0.00326  -0.1228  0.6553  1.0000  -1.0628   0.0000   0.0000   0.0000   0.4022
   2.500   0.8443   0.00826   0.00334  -0.1236  0.6395  1.0000  -1.1268   0.0000   0.0000   0.0000   0.3917
   3.000   0.9008   0.00844   0.00342  -0.1239  0.6209  1.0000  -1.1909   0.0000   0.0000   0.0000   0.3823
   3.500   0.9566   0.00868   0.00355  -0.1240  0.6027  1.0000  -1.2663   0.0000   0.0000   0.0000   0.3738
   4.000   1.0112   0.00894   0.00375  -0.1239  0.5821  1.0000  -1.3424   0.0000   0.0000   0.0000   0.3661
   4.500   1.0643   0.00927   0.00399  -0.1235  0.5577  1.0000  -1.4301   0.0000   0.0000   0.0000   0.3590
   5.000   1.1168   0.00965   0.00431  -0.1231  0.5338  1.0000  -1.5243   0.0000   0.0000   0.0000   0.3526
   5.500   1.1674   0.01013   0.00470  -0.1223  0.5063  1.0000  -1.6386   0.0000   0.0000   0.0000   0.3465
   6.000   1.2173   0.01064   0.00516  -0.1215  0.4784  1.0000  -1.7607   0.0000   0.0000   0.0000   0.3409
   6.500   1.2653   0.01123   0.00568  -0.1204  0.4474  1.0000  -1.9048   0.0000   0.0000   0.0000   0.3355
   7.000   1.3106   0.01196   0.00630  -0.1189  0.4149  1.0000  -2.0654   0.0000   0.0000   0.0000   0.3304
   8.000   1.3951   0.01364   0.00783  -0.1150  0.3499  1.0000  -2.4728   0.0000   0.0000   0.0000   0.3206
   8.500   1.4312   0.01468   0.00876  -0.1122  0.3181  1.0000  -2.7441   0.0000   0.0000   0.0000   0.3158
   9.000   1.4622   0.01588   0.00987  -0.1086  0.2880  1.0000  -3.0462   0.0000   0.0000   0.0000   0.3109
   9.500   1.4908   0.01724   0.01118  -0.1050  0.2548  1.0000  -3.3503   0.0000   0.0000   0.0000   0.3063
  10.000   1.5150   0.01895   0.01280  -0.1011  0.2244  1.0000  -3.6469   0.0000   0.0000   0.0000   0.3018
  10.500   1.5346   0.02109   0.01483  -0.0972  0.1940  1.0000  -3.9330   0.0000   0.0000   0.0000   0.2975
  11.000   1.5551   0.02335   0.01704  -0.0938  0.1656  1.0000  -4.2289   0.0000   0.0000   0.0000   0.2936
  11.500   1.5704   0.02613   0.01974  -0.0903  0.1381  1.0000  -4.5095   0.0000   0.0000   0.0000   0.2898
  12.000   1.5811   0.02939   0.02295  -0.0867  0.1132  1.0000  -4.7750   0.0000   0.0000   0.0000   0.2863
  12.500   1.5912   0.03289   0.02642  -0.0836  0.0932  1.0000  -5.0403   0.0000   0.0000   0.0000   0.2829
  13.000   1.5987   0.03671   0.03026  -0.0806  0.0775  1.0000  -5.2968   0.0000   0.0000   0.0000   0.2798
  13.500   1.6023   0.04110   0.03470  -0.0778  0.0643  1.0000  -5.5427   0.0000   0.0000   0.0000   0.2770
  14.000   1.6035   0.04592   0.03955  -0.0754  0.0533  1.0000  -5.7799   0.0000   0.0000   0.0000   0.2744
  14.500   1.6055   0.05101   0.04477  -0.0735  0.0453  1.0000  -6.0173   0.0000   0.0000   0.0000   0.2721
  15.000   1.5977   0.05744   0.05125  -0.0720  0.0377  1.0000  -6.2003   0.0000   0.0000   0.0000   0.2702


