xflr5 v6.59

 Calculated polar for: revR_50_revT

 1 1 Reynolds number fixed          Mach number fixed         

 xtrf =   1.000 (top)        1.000 (bottom)
 Mach =   0.000     Re =     0.455 e 6     Ncrit =   9.000

  alpha     CL        CD       CDp       Cm    Top Xtr Bot Xtr   Cpmin    Chinge    XCp    
 ------- -------- --------- --------- -------- ------- ------- -------- --------- ---------
  -5.000  -0.0673   0.01179   0.00532  -0.1078  0.8168  0.0480  -2.4486   0.0000   0.0000   0.0000  -1.3918
  -4.500  -0.0128   0.01087   0.00430  -0.1076  0.8064  0.0640  -2.1206   0.0000   0.0000   0.0000  -8.3706
  -4.000   0.0428   0.01035   0.00378  -0.1077  0.7966  0.0908  -1.7844   0.0000   0.0000   0.0000   2.8109
  -3.500   0.0983   0.00979   0.00339  -0.1077  0.7864  0.1434  -1.5127   0.0000   0.0000   0.0000   1.3642
  -3.000   0.1543   0.00941   0.00315  -0.1080  0.7765  0.2130  -1.2718   0.0000   0.0000   0.0000   0.9589
  -2.500   0.2097   0.00895   0.00294  -0.1080  0.7659  0.2908  -1.0416   0.0000   0.0000   0.0000   0.7705
  -2.000   0.2655   0.00855   0.00277  -0.1081  0.7553  0.3914  -0.8240   0.0000   0.0000   0.0000   0.6602
  -1.500   0.3207   0.00813   0.00273  -0.1081  0.7450  0.5151  -0.6408   0.0000   0.0000   0.0000   0.5886
  -1.000   0.3757   0.00784   0.00269  -0.1078  0.7334  0.6242  -0.6820   0.0000   0.0000   0.0000   0.5372
  -0.500   0.4295   0.00769   0.00278  -0.1070  0.7210  0.7251  -0.7228   0.0000   0.0000   0.0000   0.4985
   0.000   0.4838   0.00765   0.00278  -0.1063  0.7086  0.7798  -0.7685   0.0000   0.0000   0.0000   0.4682
   1.000   0.5889   0.00765   0.00284  -0.1039  0.6805  0.8659  -0.8657   0.0000   0.0000   0.0000   0.4239
   1.500   0.6385   0.00758   0.00287  -0.1022  0.6655  0.9058  -0.9193   0.0000   0.0000   0.0000   0.4068
   2.000   0.6901   0.00752   0.00282  -0.1007  0.6485  0.9590  -0.9782   0.0000   0.0000   0.0000   0.3922
   2.500   0.7563   0.00761   0.00281  -0.1031  0.6291  1.0000  -1.0488   0.0000   0.0000   0.0000   0.3820
   3.000   0.8126   0.00782   0.00291  -0.1034  0.6078  1.0000  -1.1183   0.0000   0.0000   0.0000   0.3724
   3.500   0.8679   0.00807   0.00306  -0.1034  0.5853  1.0000  -1.1956   0.0000   0.0000   0.0000   0.3638
   4.000   0.9222   0.00836   0.00327  -0.1032  0.5599  1.0000  -1.2797   0.0000   0.0000   0.0000   0.3560
   4.500   0.9757   0.00870   0.00354  -0.1030  0.5324  1.0000  -1.3758   0.0000   0.0000   0.0000   0.3490
   5.000   1.0282   0.00911   0.00387  -0.1025  0.5032  1.0000  -1.4896   0.0000   0.0000   0.0000   0.3426
   5.500   1.0793   0.00961   0.00426  -0.1018  0.4717  1.0000  -1.6191   0.0000   0.0000   0.0000   0.3367
   6.000   1.1291   0.01019   0.00473  -0.1010  0.4376  1.0000  -1.7759   0.0000   0.0000   0.0000   0.3312
   6.500   1.1786   0.01078   0.00525  -0.1002  0.4060  1.0000  -1.9689   0.0000   0.0000   0.0000   0.3261
   7.000   1.2246   0.01157   0.00589  -0.0988  0.3661  1.0000  -2.2619   0.0000   0.0000   0.0000   0.3211
   7.500   1.2708   0.01234   0.00658  -0.0976  0.3321  1.0000  -2.5888   0.0000   0.0000   0.0000   0.3165
   8.000   1.3131   0.01331   0.00739  -0.0958  0.2922  1.0000  -2.9211   0.0000   0.0000   0.0000   0.3120
   8.500   1.3512   0.01449   0.00839  -0.0934  0.2474  1.0000  -3.2514   0.0000   0.0000   0.0000   0.3074
   9.000   1.3856   0.01576   0.00948  -0.0905  0.2084  1.0000  -3.5795   0.0000   0.0000   0.0000   0.3029
   9.500   1.4163   0.01712   0.01072  -0.0872  0.1727  1.0000  -3.9029   0.0000   0.0000   0.0000   0.2984
  10.000   1.4397   0.01894   0.01236  -0.0832  0.1369  1.0000  -4.2055   0.0000   0.0000   0.0000   0.2938
  10.500   1.4629   0.02086   0.01422  -0.0795  0.1084  1.0000  -4.5131   0.0000   0.0000   0.0000   0.2896
  11.000   1.4830   0.02313   0.01642  -0.0760  0.0857  1.0000  -4.8120   0.0000   0.0000   0.0000   0.2856
  11.500   1.5014   0.02567   0.01895  -0.0728  0.0679  1.0000  -5.1062   0.0000   0.0000   0.0000   0.2819
  12.000   1.5162   0.02866   0.02195  -0.0696  0.0533  1.0000  -5.3844   0.0000   0.0000   0.0000   0.2785
  12.500   1.5255   0.03224   0.02552  -0.0665  0.0415  1.0000  -5.6340   0.0000   0.0000   0.0000   0.2752
  13.000   1.5381   0.03572   0.02915  -0.0640  0.0348  1.0000  -5.8943   0.0000   0.0000   0.0000   0.2723
  13.500   1.5326   0.04107   0.03457  -0.0611  0.0271  1.0000  -6.0482   0.0000   0.0000   0.0000   0.2695
  14.000   1.5367   0.04575   0.03949  -0.0592  0.0241  1.0000  -6.2670   0.0000   0.0000   0.0000   0.2671
  14.500   1.5364   0.05119   0.04510  -0.0578  0.0215  1.0000  -6.4642   0.0000   0.0000   0.0000   0.2652
  15.000   1.5276   0.05803   0.05210  -0.0569  0.0195  1.0000  -6.6034   0.0000   0.0000   0.0000   0.2637


