xflr5 v6.59

 Calculated polar for: revR_75_revT

 1 1 Reynolds number fixed          Mach number fixed         

 xtrf =   1.000 (top)        1.000 (bottom)
 Mach =   0.000     Re =     0.125 e 6     Ncrit =   9.000

  alpha     CL        CD       CDp       Cm    Top Xtr Bot Xtr   Cpmin    Chinge    XCp    
 ------- -------- --------- --------- -------- ------- ------- -------- --------- ---------
  -5.000  -0.0680   0.02951   0.02197  -0.1245  0.8814  0.0832  -2.3386   0.0000   0.0000   0.0000  -1.6330
  -4.500   0.0144   0.02599   0.01796  -0.1299  0.8762  0.0962  -2.0627   0.0000   0.0000   0.0000   9.4596
  -4.000   0.0634   0.02479   0.01658  -0.1292  0.8650  0.1145  -1.8774   0.0000   0.0000   0.0000   2.3311
  -3.500   0.1276   0.02371   0.01551  -0.1309  0.8550  0.1587  -1.6446   0.0000   0.0000   0.0000   1.2957
  -3.000   0.2032   0.02213   0.01431  -0.1345  0.8492  0.2483  -1.3886   0.0000   0.0000   0.0000   0.9222
  -2.500   0.2446   0.02214   0.01468  -0.1329  0.8336  0.3444  -1.1957   0.0000   0.0000   0.0000   0.8007
  -2.000   0.3119   0.02129   0.01430  -0.1345  0.8263  0.4841  -0.9589   0.0000   0.0000   0.0000   0.6857
  -1.500   0.3530   0.02148   0.01501  -0.1317  0.8119  0.6286  -0.7814   0.0000   0.0000   0.0000   0.6258
  -1.000   0.4030   0.02113   0.01494  -0.1282  0.8024  0.7683  -0.7117   0.0000   0.0000   0.0000   0.5696
  -0.500   0.4277   0.02155   0.01547  -0.1209  0.7871  0.8704  -0.7344   0.0000   0.0000   0.0000   0.5332
   0.000   0.4931   0.02080   0.01460  -0.1209  0.7778  1.0000  -0.7837   0.0000   0.0000   0.0000   0.4946
   0.500   0.5497   0.02143   0.01499  -0.1224  0.7636  1.0000  -0.8289   0.0000   0.0000   0.0000   0.4712
   1.000   0.6185   0.02109   0.01440  -0.1242  0.7532  1.0000  -0.8893   0.0000   0.0000   0.0000   0.4485
   1.500   0.6730   0.02148   0.01465  -0.1242  0.7382  1.0000  -0.9397   0.0000   0.0000   0.0000   0.4316
   2.000   0.7391   0.02110   0.01412  -0.1252  0.7279  1.0000  -1.0061   0.0000   0.0000   0.0000   0.4158
   2.500   0.7914   0.02149   0.01445  -0.1247  0.7119  1.0000  -1.0653   0.0000   0.0000   0.0000   0.4033
   3.000   0.8607   0.02068   0.01351  -0.1256  0.7015  1.0000  -1.1409   0.0000   0.0000   0.0000   0.3911
   3.500   0.9105   0.02102   0.01386  -0.1246  0.6831  1.0000  -1.2013   0.0000   0.0000   0.0000   0.3814
   4.000   0.9727   0.02065   0.01344  -0.1248  0.6697  1.0000  -1.2855   0.0000   0.0000   0.0000   0.3722
   4.500   1.0326   0.02023   0.01299  -0.1247  0.6531  1.0000  -1.3693   0.0000   0.0000   0.0000   0.3640
   5.000   1.0849   0.02023   0.01303  -0.1237  0.6329  1.0000  -1.4600   0.0000   0.0000   0.0000   0.3566
   5.500   1.1391   0.02027   0.01311  -0.1230  0.6136  1.0000  -1.5587   0.0000   0.0000   0.0000   0.3499
   6.000   1.1949   0.02014   0.01298  -0.1223  0.5924  1.0000  -1.6826   0.0000   0.0000   0.0000   0.3436
   6.500   1.2482   0.02013   0.01298  -0.1214  0.5682  1.0000  -1.8137   0.0000   0.0000   0.0000   0.3377
   7.000   1.2986   0.02039   0.01325  -0.1201  0.5424  1.0000  -1.9637   0.0000   0.0000   0.0000   0.3322
   7.500   1.3460   0.02074   0.01359  -0.1183  0.5131  1.0000  -2.1318   0.0000   0.0000   0.0000   0.3269
   8.000   1.3918   0.02131   0.01413  -0.1165  0.4835  1.0000  -2.3310   0.0000   0.0000   0.0000   0.3219
   8.500   1.4328   0.02212   0.01487  -0.1140  0.4516  1.0000  -2.5600   0.0000   0.0000   0.0000   0.3170
   9.000   1.4643   0.02319   0.01601  -0.1102  0.4184  1.0000  -2.8157   0.0000   0.0000   0.0000   0.3119
   9.500   1.4948   0.02442   0.01725  -0.1065  0.3871  1.0000  -3.1096   0.0000   0.0000   0.0000   0.3070
  10.000   1.5185   0.02587   0.01859  -0.1018  0.3554  1.0000  -3.3901   0.0000   0.0000   0.0000   0.3020
  10.500   1.5285   0.02774   0.02057  -0.0957  0.3245  1.0000  -3.6248   0.0000   0.0000   0.0000   0.2967
  11.000   1.5371   0.03005   0.02291  -0.0902  0.2945  1.0000  -3.8576   0.0000   0.0000   0.0000   0.2919
  11.500   1.5436   0.03283   0.02568  -0.0852  0.2657  1.0000  -4.0844   0.0000   0.0000   0.0000   0.2875
  12.000   1.5456   0.03622   0.02901  -0.0805  0.2368  1.0000  -4.2959   0.0000   0.0000   0.0000   0.2834
  12.500   1.5425   0.04028   0.03313  -0.0762  0.2089  1.0000  -4.4837   0.0000   0.0000   0.0000   0.2797
  13.000   1.5378   0.04488   0.03779  -0.0725  0.1830  1.0000  -4.6620   0.0000   0.0000   0.0000   0.2765
  13.500   1.5318   0.04997   0.04292  -0.0694  0.1597  1.0000  -4.8307   0.0000   0.0000   0.0000   0.2736
  14.000   1.5246   0.05552   0.04849  -0.0667  0.1392  1.0000  -4.9936   0.0000   0.0000   0.0000   0.2710
  14.500   1.5168   0.06151   0.05445  -0.0645  0.1207  1.0000  -5.1518   0.0000   0.0000   0.0000   0.2687
  15.000   1.5075   0.06814   0.06127  -0.0633  0.1060  1.0000  -5.2942   0.0000   0.0000   0.0000   0.2671


