xflr5 v6.59

 Calculated polar for: revR_70_revT

 1 1 Reynolds number fixed          Mach number fixed         

 xtrf =   1.000 (top)        1.000 (bottom)
 Mach =   0.000     Re =     0.165 e 6     Ncrit =   9.000

  alpha     CL        CD       CDp       Cm    Top Xtr Bot Xtr   Cpmin    Chinge    XCp    
 ------- -------- --------- --------- -------- ------- ------- -------- --------- ---------
  -5.000   0.0072   0.02127   0.01364  -0.1322  0.8745  0.0751  -2.2257   0.0000   0.0000   0.0000  19.1065
  -4.500   0.0533   0.01996   0.01228  -0.1309  0.8618  0.0900  -1.9819   0.0000   0.0000   0.0000   2.7624
  -4.000   0.1118   0.01862   0.01085  -0.1313  0.8534  0.1176  -1.7607   0.0000   0.0000   0.0000   1.4485
  -3.500   0.1665   0.01769   0.01018  -0.1315  0.8439  0.1787  -1.5371   0.0000   0.0000   0.0000   1.0537
  -3.000   0.2197   0.01704   0.00977  -0.1314  0.8320  0.2630  -1.3142   0.0000   0.0000   0.0000   0.8565
  -2.500   0.2801   0.01634   0.00937  -0.1319  0.8245  0.3716  -1.0793   0.0000   0.0000   0.0000   0.7266
  -2.000   0.3280   0.01615   0.00963  -0.1309  0.8110  0.4970  -0.8772   0.0000   0.0000   0.0000   0.6528
  -1.500   0.3825   0.01562   0.00952  -0.1296  0.8021  0.6382  -0.6940   0.0000   0.0000   0.0000   0.5908
  -1.000   0.4260   0.01576   0.00992  -0.1262  0.7891  0.7539  -0.7276   0.0000   0.0000   0.0000   0.5473
  -0.500   0.4700   0.01550   0.00972  -0.1220  0.7785  0.8385  -0.7645   0.0000   0.0000   0.0000   0.5095
   0.000   0.5052   0.01554   0.00980  -0.1167  0.7660  0.9162  -0.7967   0.0000   0.0000   0.0000   0.4800
   0.500   0.5792   0.01512   0.00923  -0.1197  0.7550  1.0000  -0.8563   0.0000   0.0000   0.0000   0.4549
   1.000   0.6379   0.01527   0.00920  -0.1207  0.7416  1.0000  -0.9088   0.0000   0.0000   0.0000   0.4368
   1.500   0.6997   0.01517   0.00892  -0.1217  0.7297  1.0000  -0.9660   0.0000   0.0000   0.0000   0.4209
   2.000   0.7554   0.01538   0.00903  -0.1218  0.7148  1.0000  -1.0266   0.0000   0.0000   0.0000   0.4076
   2.500   0.8184   0.01513   0.00861  -0.1226  0.7026  1.0000  -1.0945   0.0000   0.0000   0.0000   0.3955
   3.000   0.8711   0.01530   0.00876  -0.1220  0.6848  1.0000  -1.1551   0.0000   0.0000   0.0000   0.3852
   3.500   0.9280   0.01536   0.00877  -0.1220  0.6695  1.0000  -1.2293   0.0000   0.0000   0.0000   0.3760
   4.000   0.9879   0.01515   0.00843  -0.1222  0.6530  1.0000  -1.3103   0.0000   0.0000   0.0000   0.3675
   4.500   1.0402   0.01527   0.00857  -0.1214  0.6326  1.0000  -1.3934   0.0000   0.0000   0.0000   0.3599
   5.000   1.0931   0.01546   0.00878  -0.1208  0.6122  1.0000  -1.4872   0.0000   0.0000   0.0000   0.3531
   5.500   1.1457   0.01561   0.00892  -0.1200  0.5889  1.0000  -1.5967   0.0000   0.0000   0.0000   0.3466
   6.000   1.1970   0.01588   0.00917  -0.1190  0.5643  1.0000  -1.7198   0.0000   0.0000   0.0000   0.3406
   6.500   1.2467   0.01626   0.00951  -0.1178  0.5375  1.0000  -1.8550   0.0000   0.0000   0.0000   0.3350
   7.000   1.2950   0.01678   0.00993  -0.1164  0.5085  1.0000  -2.0197   0.0000   0.0000   0.0000   0.3297
   7.500   1.3385   0.01750   0.01066  -0.1144  0.4781  1.0000  -2.1949   0.0000   0.0000   0.0000   0.3246
   8.000   1.3776   0.01829   0.01148  -0.1117  0.4438  1.0000  -2.4023   0.0000   0.0000   0.0000   0.3194
   8.500   1.4156   0.01930   0.01240  -0.1090  0.4126  1.0000  -2.6505   0.0000   0.0000   0.0000   0.3146
   9.000   1.4477   0.02046   0.01356  -0.1055  0.3802  1.0000  -2.9306   0.0000   0.0000   0.0000   0.3096
   9.500   1.4703   0.02180   0.01493  -0.1007  0.3463  1.0000  -3.2041   0.0000   0.0000   0.0000   0.3044
  10.000   1.4888   0.02349   0.01656  -0.0956  0.3157  1.0000  -3.4719   0.0000   0.0000   0.0000   0.2994
  10.500   1.5042   0.02555   0.01860  -0.0908  0.2864  1.0000  -3.7327   0.0000   0.0000   0.0000   0.2946
  11.000   1.5149   0.02804   0.02115  -0.0862  0.2550  1.0000  -3.9793   0.0000   0.0000   0.0000   0.2902
  11.500   1.5206   0.03118   0.02426  -0.0817  0.2240  1.0000  -4.2096   0.0000   0.0000   0.0000   0.2862
  12.000   1.5224   0.03497   0.02797  -0.0777  0.1957  1.0000  -4.4241   0.0000   0.0000   0.0000   0.2825
  12.500   1.5237   0.03913   0.03220  -0.0742  0.1690  1.0000  -4.6341   0.0000   0.0000   0.0000   0.2792
  13.000   1.5216   0.04387   0.03697  -0.0710  0.1447  1.0000  -4.8281   0.0000   0.0000   0.0000   0.2762
  13.500   1.5161   0.04923   0.04233  -0.0683  0.1237  1.0000  -5.0032   0.0000   0.0000   0.0000   0.2735
  14.000   1.5068   0.05530   0.04836  -0.0659  0.1056  1.0000  -5.1546   0.0000   0.0000   0.0000   0.2712
  14.500   1.5031   0.06136   0.05462  -0.0647  0.0912  1.0000  -5.3267   0.0000   0.0000   0.0000   0.2694
  15.000   1.4959   0.06797   0.06137  -0.0635  0.0788  1.0000  -5.4779   0.0000   0.0000   0.0000   0.2678


