xflr5 v6.59

 Calculated polar for: revR_65_revT

 1 1 Reynolds number fixed          Mach number fixed         

 xtrf =   1.000 (top)        1.000 (bottom)
 Mach =   0.000     Re =     0.050 e 6     Ncrit =   9.000

  alpha     CL        CD       CDp       Cm    Top Xtr Bot Xtr   Cpmin    Chinge    XCp    
 ------- -------- --------- --------- -------- ------- ------- -------- --------- ---------
  -5.000  -0.4730   0.09166   0.08655   0.0059  1.0000  0.3513  -1.5616   0.0000   0.0000   0.0000   0.2572
  -4.500  -0.4750   0.08665   0.08162   0.0091  1.0000  0.3781  -1.5445   0.0000   0.0000   0.0000   0.2644
  -4.000  -0.3636   0.05025   0.04299  -0.0572  1.0000  0.1589  -2.1891   0.0000   0.0000   0.0000   0.0858
  -3.500  -0.2964   0.04291   0.03446  -0.0648  1.0000  0.1605  -2.1307   0.0000   0.0000   0.0000   0.0233
  -3.000  -0.2365   0.03909   0.02981  -0.0687  1.0000  0.1785  -1.9971   0.0000   0.0000   0.0000  -0.0495
  -2.500  -0.1826   0.03714   0.02746  -0.0705  1.0000  0.2105  -1.8247   0.0000   0.0000   0.0000  -0.1464
  -2.000  -0.1296   0.03606   0.02617  -0.0719  1.0000  0.2710  -1.6697   0.0000   0.0000   0.0000  -0.3180
  -1.500  -0.0385   0.03570   0.02655  -0.0794  0.9860  0.4362  -1.4264   0.0000   0.0000   0.0000  -1.8501
  -1.000   0.0304   0.03603   0.02824  -0.0795  0.9698  0.7272  -1.2001   0.0000   0.0000   0.0000   2.9032
  -0.500   0.0571   0.03568   0.02791  -0.0750  0.9521  1.0000  -1.0626   0.0000   0.0000   0.0000   1.5786
   0.000   0.1355   0.03801   0.02936  -0.0829  0.9308  1.0000  -0.8237   0.0000   0.0000   0.0000   0.8660
   0.500   0.2017   0.04036   0.03116  -0.0879  0.9101  1.0000  -0.6321   0.0000   0.0000   0.0000   0.6865
   1.000   0.2656   0.04279   0.03317  -0.0921  0.8881  1.0000  -0.5878   0.0000   0.0000   0.0000   0.5956
   1.500   0.3270   0.04523   0.03529  -0.0955  0.8652  1.0000  -0.6298   0.0000   0.0000   0.0000   0.5400
   2.000   0.3850   0.04767   0.03749  -0.0982  0.8414  1.0000  -0.6747   0.0000   0.0000   0.0000   0.5021
   2.500   0.4399   0.05016   0.03981  -0.1002  0.8178  1.0000  -0.7205   0.0000   0.0000   0.0000   0.4742
   3.000   0.4914   0.05267   0.04220  -0.1016  0.7935  1.0000  -0.7636   0.0000   0.0000   0.0000   0.4525
   3.500   0.5394   0.05519   0.04466  -0.1024  0.7685  1.0000  -0.8087   0.0000   0.0000   0.0000   0.4350
   4.000   0.5846   0.05778   0.04721  -0.1028  0.7431  1.0000  -0.8550   0.0000   0.0000   0.0000   0.4202
   4.500   0.6279   0.06043   0.04988  -0.1028  0.7175  1.0000  -0.9025   0.0000   0.0000   0.0000   0.4076
   5.000   0.6689   0.06325   0.05273  -0.1026  0.6924  1.0000  -0.9508   0.0000   0.0000   0.0000   0.3967
   5.500   0.7088   0.06606   0.05561  -0.1021  0.6665  1.0000  -1.0026   0.0000   0.0000   0.0000   0.3868
   6.000   0.7479   0.06889   0.05853  -0.1015  0.6405  1.0000  -1.0615   0.0000   0.0000   0.0000   0.3778
   6.500   0.7819   0.07222   0.06199  -0.1007  0.6161  1.0000  -1.1141   0.0000   0.0000   0.0000   0.3703
   7.000   0.8183   0.07524   0.06515  -0.0998  0.5903  1.0000  -1.1810   0.0000   0.0000   0.0000   0.3628
   7.500   0.8495   0.07877   0.06884  -0.0987  0.5655  1.0000  -1.2512   0.0000   0.0000   0.0000   0.3564
   8.000   0.8836   0.08192   0.07216  -0.0973  0.5397  1.0000  -1.3271   0.0000   0.0000   0.0000   0.3498
   8.500   0.9069   0.08625   0.07668  -0.0961  0.5154  1.0000  -1.3919   0.0000   0.0000   0.0000   0.3449
   9.000   0.9377   0.08965   0.08029  -0.0945  0.4898  1.0000  -1.4877   0.0000   0.0000   0.0000   0.3390
   9.500   0.9600   0.09400   0.08485  -0.0930  0.4650  1.0000  -1.5724   0.0000   0.0000   0.0000   0.3344
  10.000   0.9850   0.09796   0.08902  -0.0912  0.4397  1.0000  -1.6665   0.0000   0.0000   0.0000   0.3294
  11.500   1.0834   0.10518   0.09705  -0.0832  0.3628  1.0000  -2.1902   0.0000   0.0000   0.0000   0.3112
  12.000   1.0813   0.11266   0.10470  -0.0825  0.3386  1.0000  -2.2714   0.0000   0.0000   0.0000   0.3099
  12.500   0.9814   0.13686   0.12874  -0.0916  0.3282  1.0000  -1.8749   0.0000   0.0000   0.0000   0.3268
  13.000   1.3508   0.07773   0.07064  -0.0604  0.2629  1.0000  -3.8094   0.0000   0.0000   0.0000   0.2756
  15.000   1.0270   0.17680   0.16949  -0.0970  0.2428  1.0000  -2.2605   0.0000   0.0000   0.0000   0.3242


