xflr5 v6.59

 Calculated polar for: revR_0_revT

 1 1 Reynolds number fixed          Mach number fixed         

 xtrf =   1.000 (top)        1.000 (bottom)
 Mach =   0.000     Re =     0.490 e 6     Ncrit =   9.000

  alpha     CL        CD       CDp       Cm    Top Xtr Bot Xtr   Cpmin    Chinge    XCp    
 ------- -------- --------- --------- -------- ------- ------- -------- --------- ---------
  -5.000  -0.2669   0.01056   0.00420  -0.0618  0.8948  0.0556  -2.7954   0.0000   0.0000   0.0000   0.0098
  -4.500  -0.2161   0.00990   0.00357  -0.0608  0.8761  0.0834  -2.3920   0.0000   0.0000   0.0000  -0.0404
  -4.000  -0.1648   0.00931   0.00312  -0.0599  0.8591  0.1349  -1.9985   0.0000   0.0000   0.0000  -0.1238
  -3.500  -0.1131   0.00879   0.00277  -0.0591  0.8420  0.2016  -1.6212   0.0000   0.0000   0.0000  -0.2851
  -3.000  -0.0616   0.00824   0.00247  -0.0584  0.8255  0.2930  -1.2779   0.0000   0.0000   0.0000  -0.7169
  -2.500  -0.0108   0.00759   0.00223  -0.0576  0.8098  0.4273  -1.0069   0.0000   0.0000   0.0000  -5.1465
  -2.000   0.0392   0.00702   0.00210  -0.0564  0.7936  0.5770  -0.7995   0.0000   0.0000   0.0000   1.7031
  -1.500   0.0907   0.00674   0.00208  -0.0551  0.7763  0.6816  -0.6197   0.0000   0.0000   0.0000   0.8621
  -1.000   0.1436   0.00666   0.00207  -0.0540  0.7589  0.7434  -0.4822   0.0000   0.0000   0.0000   0.6274
  -0.500   0.1969   0.00664   0.00208  -0.0530  0.7414  0.7856  -0.5255   0.0000   0.0000   0.0000   0.5188
   0.000   0.2499   0.00664   0.00208  -0.0519  0.7212  0.8199  -0.5719   0.0000   0.0000   0.0000   0.4565
   0.500   0.3025   0.00667   0.00209  -0.0507  0.7013  0.8499  -0.6217   0.0000   0.0000   0.0000   0.4158
   1.000   0.3540   0.00669   0.00212  -0.0493  0.6781  0.8788  -0.6737   0.0000   0.0000   0.0000   0.3868
   1.500   0.4039   0.00675   0.00215  -0.0475  0.6542  0.9095  -0.7302   0.0000   0.0000   0.0000   0.3647
   2.000   0.4557   0.00680   0.00221  -0.0461  0.6275  0.9395  -0.7918   0.0000   0.0000   0.0000   0.3479
   2.500   0.5194   0.00696   0.00229  -0.0475  0.5956  0.9655  -0.8697   0.0000   0.0000   0.0000   0.3377
   3.000   0.5933   0.00721   0.00242  -0.0514  0.5614  0.9817  -0.9735   0.0000   0.0000   0.0000   0.3325
   3.500   0.6689   0.00751   0.00259  -0.0558  0.5217  0.9956  -1.1019   0.0000   0.0000   0.0000   0.3290
   4.000   0.7182   0.00786   0.00277  -0.0550  0.4811  1.0000  -1.2368   0.0000   0.0000   0.0000   0.3216
   4.500   0.7613   0.00823   0.00303  -0.0526  0.4458  1.0000  -1.4690   0.0000   0.0000   0.0000   0.3137
   5.000   0.8075   0.00868   0.00335  -0.0509  0.4082  1.0000  -1.7929   0.0000   0.0000   0.0000   0.3071
   5.500   0.8537   0.00924   0.00375  -0.0492  0.3619  1.0000  -2.1345   0.0000   0.0000   0.0000   0.3013
   6.000   0.8989   0.00993   0.00422  -0.0475  0.3089  1.0000  -2.4891   0.0000   0.0000   0.0000   0.2959
   6.500   0.9431   0.01076   0.00480  -0.0457  0.2508  1.0000  -2.8588   0.0000   0.0000   0.0000   0.2910
   7.000   0.9864   0.01166   0.00547  -0.0438  0.1984  1.0000  -3.2488   0.0000   0.0000   0.0000   0.2864
   7.500   1.0266   0.01279   0.00630  -0.0415  0.1411  1.0000  -3.6389   0.0000   0.0000   0.0000   0.2819
   8.000   1.0644   0.01407   0.00729  -0.0390  0.0892  1.0000  -4.0292   0.0000   0.0000   0.0000   0.2775
   8.500   1.1022   0.01524   0.00831  -0.0364  0.0595  1.0000  -4.4278   0.0000   0.0000   0.0000   0.2733
   9.000   1.1388   0.01640   0.00938  -0.0337  0.0405  1.0000  -4.8234   0.0000   0.0000   0.0000   0.2692
   9.500   1.1696   0.01779   0.01071  -0.0301  0.0240  1.0000  -5.1753   0.0000   0.0000   0.0000   0.2647
  10.000   1.1922   0.01925   0.01221  -0.0250  0.0165  1.0000  -5.4621   0.0000   0.0000   0.0000   0.2593
  10.500   1.2143   0.02071   0.01376  -0.0203  0.0143  1.0000  -5.7759   0.0000   0.0000   0.0000   0.2543
  11.000   1.2278   0.02277   0.01596  -0.0151  0.0129  1.0000  -6.0337   0.0000   0.0000   0.0000   0.2491
  11.500   1.2430   0.02491   0.01828  -0.0108  0.0125  1.0000  -6.3175   0.0000   0.0000   0.0000   0.2448
  12.000   1.2558   0.02743   0.02099  -0.0071  0.0121  1.0000  -6.5928   0.0000   0.0000   0.0000   0.2409
  12.500   1.2650   0.03050   0.02424  -0.0040  0.0118  1.0000  -6.8479   0.0000   0.0000   0.0000   0.2375
  13.000   1.2712   0.03415   0.02809  -0.0015  0.0115  1.0000  -7.0834   0.0000   0.0000   0.0000   0.2347
  13.500   1.2743   0.03844   0.03259   0.0003  0.0113  1.0000  -7.2971   0.0000   0.0000   0.0000   0.2324
  14.000   1.2749   0.04338   0.03773   0.0012  0.0112  1.0000  -7.4904   0.0000   0.0000   0.0000   0.2306
  14.500   1.2732   0.04897   0.04357   0.0013  0.0110  1.0000  -7.6640   0.0000   0.0000   0.0000   0.2296
  15.000   1.2695   0.05529   0.05011   0.0006  0.0109  1.0000  -7.8584   0.0000   0.0000   0.0000   0.2291


