xflr5 v6.59

 Calculated polar for: revR_0_revT

 1 1 Reynolds number fixed          Mach number fixed         

 xtrf =   1.000 (top)        1.000 (bottom)
 Mach =   0.000     Re =     0.410 e 6     Ncrit =   9.000

  alpha     CL        CD       CDp       Cm    Top Xtr Bot Xtr   Cpmin    Chinge    XCp    
 ------- -------- --------- --------- -------- ------- ------- -------- --------- ---------
  -5.000  -0.2638   0.01116   0.00468  -0.0631  0.9117  0.0624  -2.7617   0.0000   0.0000   0.0000   0.0021
  -4.500  -0.2128   0.01043   0.00397  -0.0621  0.8925  0.0922  -2.3660   0.0000   0.0000   0.0000  -0.0509
  -4.000  -0.1619   0.00978   0.00348  -0.0611  0.8749  0.1501  -1.9782   0.0000   0.0000   0.0000  -0.1378
  -3.500  -0.1107   0.00922   0.00310  -0.0602  0.8579  0.2235  -1.6054   0.0000   0.0000   0.0000  -0.3069
  -3.000  -0.0603   0.00857   0.00278  -0.0593  0.8409  0.3343  -1.2710   0.0000   0.0000   0.0000  -0.7519
  -2.500  -0.0107   0.00789   0.00255  -0.0582  0.8246  0.4786  -1.0043   0.0000   0.0000   0.0000  -5.2897
  -2.000   0.0385   0.00737   0.00248  -0.0566  0.8083  0.6265  -0.7987   0.0000   0.0000   0.0000   1.7366
  -1.500   0.0901   0.00721   0.00247  -0.0552  0.7909  0.7104  -0.6202   0.0000   0.0000   0.0000   0.8670
  -1.000   0.1422   0.00715   0.00248  -0.0538  0.7729  0.7670  -0.4811   0.0000   0.0000   0.0000   0.6297
  -0.500   0.1951   0.00716   0.00247  -0.0526  0.7555  0.8061  -0.5241   0.0000   0.0000   0.0000   0.5195
   0.000   0.2471   0.00715   0.00246  -0.0512  0.7361  0.8396  -0.5700   0.0000   0.0000   0.0000   0.4560
   0.500   0.2984   0.00718   0.00245  -0.0496  0.7161  0.8704  -0.6190   0.0000   0.0000   0.0000   0.4144
   1.000   0.3484   0.00719   0.00248  -0.0478  0.6939  0.9011  -0.6700   0.0000   0.0000   0.0000   0.3847
   1.500   0.3984   0.00722   0.00247  -0.0458  0.6699  0.9327  -0.7264   0.0000   0.0000   0.0000   0.3621
   2.000   0.4604   0.00731   0.00253  -0.0467  0.6434  0.9590  -0.7948   0.0000   0.0000   0.0000   0.3481
   2.500   0.5333   0.00748   0.00260  -0.0501  0.6121  0.9776  -0.8804   0.0000   0.0000   0.0000   0.3403
   3.000   0.6118   0.00770   0.00270  -0.0551  0.5773  0.9895  -0.9915   0.0000   0.0000   0.0000   0.3359
   3.500   0.6811   0.00795   0.00283  -0.0583  0.5389  1.0000  -1.1137   0.0000   0.0000   0.0000   0.3312
   4.000   0.7171   0.00826   0.00300  -0.0547  0.5022  1.0000  -1.2341   0.0000   0.0000   0.0000   0.3213
   4.500   0.7600   0.00867   0.00327  -0.0522  0.4643  1.0000  -1.4576   0.0000   0.0000   0.0000   0.3134
   5.000   0.8064   0.00911   0.00361  -0.0505  0.4278  1.0000  -1.7803   0.0000   0.0000   0.0000   0.3068
   5.500   0.8522   0.00967   0.00402  -0.0488  0.3822  1.0000  -2.1191   0.0000   0.0000   0.0000   0.3009
   6.000   0.8981   0.01029   0.00449  -0.0471  0.3367  1.0000  -2.4741   0.0000   0.0000   0.0000   0.2956
   6.500   0.9415   0.01113   0.00507  -0.0451  0.2782  1.0000  -2.8353   0.0000   0.0000   0.0000   0.2905
   7.000   0.9847   0.01200   0.00574  -0.0432  0.2252  1.0000  -3.2193   0.0000   0.0000   0.0000   0.2859
   7.500   1.0253   0.01308   0.00656  -0.0410  0.1706  1.0000  -3.6082   0.0000   0.0000   0.0000   0.2815
   8.000   1.0620   0.01441   0.00759  -0.0383  0.1130  1.0000  -3.9916   0.0000   0.0000   0.0000   0.2770
   8.500   1.0982   0.01570   0.00868  -0.0356  0.0754  1.0000  -4.3797   0.0000   0.0000   0.0000   0.2727
   9.000   1.1329   0.01697   0.00986  -0.0326  0.0516  1.0000  -4.7643   0.0000   0.0000   0.0000   0.2684
   9.500   1.1619   0.01844   0.01124  -0.0288  0.0327  1.0000  -5.1113   0.0000   0.0000   0.0000   0.2637
  10.000   1.1819   0.02004   0.01285  -0.0235  0.0210  1.0000  -5.3799   0.0000   0.0000   0.0000   0.2581
  10.500   1.1964   0.02201   0.01491  -0.0179  0.0172  1.0000  -5.6205   0.0000   0.0000   0.0000   0.2526
  11.000   1.2144   0.02390   0.01697  -0.0135  0.0158  1.0000  -5.9003   0.0000   0.0000   0.0000   0.2480
  11.500   1.2285   0.02621   0.01946  -0.0095  0.0148  1.0000  -6.1720   0.0000   0.0000   0.0000   0.2438
  12.000   1.2393   0.02901   0.02242  -0.0059  0.0142  1.0000  -6.4313   0.0000   0.0000   0.0000   0.2400
  12.500   1.2444   0.03257   0.02615  -0.0029  0.0136  1.0000  -6.6527   0.0000   0.0000   0.0000   0.2367
  13.000   1.2440   0.03701   0.03078  -0.0005  0.0133  1.0000  -6.8267   0.0000   0.0000   0.0000   0.2339
  13.500   1.2402   0.04225   0.03624   0.0010  0.0130  1.0000  -6.9609   0.0000   0.0000   0.0000   0.2317
  14.000   1.2362   0.04799   0.04220   0.0018  0.0128  1.0000  -7.0791   0.0000   0.0000   0.0000   0.2301
  14.500   1.2368   0.05361   0.04805   0.0018  0.0127  1.0000  -7.2400   0.0000   0.0000   0.0000   0.2292
  15.000   1.2350   0.05993   0.05465   0.0009  0.0126  1.0000  -7.4195   0.0000   0.0000   0.0000   0.2289


