xflr5 v6.59

 Calculated polar for: revR_05_revT

 1 1 Reynolds number fixed          Mach number fixed         

 xtrf =   1.000 (top)        1.000 (bottom)
 Mach =   0.000     Re =     0.405 e 6     Ncrit =   9.000

  alpha     CL        CD       CDp       Cm    Top Xtr Bot Xtr   Cpmin    Chinge    XCp    
 ------- -------- --------- --------- -------- ------- ------- -------- --------- ---------
  -5.000  -0.2431   0.01128   0.00479  -0.0680  0.8989  0.0604  -2.5943   0.0000   0.0000   0.0000  -0.0389
  -4.500  -0.1928   0.01052   0.00404  -0.0668  0.8808  0.0883  -2.2285   0.0000   0.0000   0.0000  -0.1064
  -4.000  -0.1412   0.00992   0.00355  -0.0659  0.8649  0.1411  -1.8611   0.0000   0.0000   0.0000  -0.2286
  -3.500  -0.0898   0.00936   0.00318  -0.0651  0.8489  0.2109  -1.5081   0.0000   0.0000   0.0000  -0.4908
  -3.000  -0.0391   0.00874   0.00288  -0.0642  0.8322  0.3138  -1.2148   0.0000   0.0000   0.0000  -1.4204
  -2.500   0.0112   0.00809   0.00265  -0.0633  0.8168  0.4546  -1.0101   0.0000   0.0000   0.0000   5.9857
  -2.000   0.0610   0.00754   0.00256  -0.0619  0.8019  0.6049  -0.8142   0.0000   0.0000   0.0000   1.2759
  -1.500   0.1124   0.00733   0.00256  -0.0605  0.7851  0.6995  -0.6241   0.0000   0.0000   0.0000   0.7919
  -1.000   0.1644   0.00727   0.00258  -0.0591  0.7688  0.7621  -0.5000   0.0000   0.0000   0.0000   0.6102
  -0.500   0.2176   0.00727   0.00254  -0.0579  0.7519  0.8008  -0.5434   0.0000   0.0000   0.0000   0.5159
   0.000   0.2693   0.00725   0.00257  -0.0565  0.7338  0.8365  -0.5877   0.0000   0.0000   0.0000   0.4584
   0.500   0.3207   0.00727   0.00256  -0.0549  0.7136  0.8683  -0.6384   0.0000   0.0000   0.0000   0.4194
   1.000   0.3708   0.00728   0.00257  -0.0531  0.6942  0.8989  -0.6889   0.0000   0.0000   0.0000   0.3907
   1.500   0.4214   0.00730   0.00257  -0.0512  0.6702  0.9315  -0.7432   0.0000   0.0000   0.0000   0.3687
   2.000   0.4840   0.00738   0.00261  -0.0522  0.6456  0.9587  -0.8138   0.0000   0.0000   0.0000   0.3546
   2.500   0.5601   0.00754   0.00267  -0.0564  0.6161  0.9763  -0.8990   0.0000   0.0000   0.0000   0.3470
   3.000   0.6358   0.00777   0.00275  -0.0607  0.5820  0.9907  -1.0010   0.0000   0.0000   0.0000   0.3413
   3.500   0.7008   0.00798   0.00288  -0.0630  0.5467  1.0000  -1.1204   0.0000   0.0000   0.0000   0.3355
   4.000   0.7361   0.00831   0.00305  -0.0592  0.5121  1.0000  -1.2207   0.0000   0.0000   0.0000   0.3255
   4.500   0.7799   0.00867   0.00332  -0.0569  0.4761  1.0000  -1.3856   0.0000   0.0000   0.0000   0.3176
   5.000   0.8250   0.00916   0.00365  -0.0549  0.4368  1.0000  -1.6869   0.0000   0.0000   0.0000   0.3107
   5.500   0.8720   0.00964   0.00405  -0.0534  0.3993  1.0000  -2.0203   0.0000   0.0000   0.0000   0.3048
   6.000   0.9162   0.01030   0.00451  -0.0514  0.3486  1.0000  -2.3616   0.0000   0.0000   0.0000   0.2992
   6.500   0.9586   0.01111   0.00507  -0.0492  0.2923  1.0000  -2.7112   0.0000   0.0000   0.0000   0.2939
   7.000   1.0008   0.01196   0.00571  -0.0471  0.2416  1.0000  -3.0736   0.0000   0.0000   0.0000   0.2890
   7.500   1.0408   0.01294   0.00650  -0.0447  0.1900  1.0000  -3.4389   0.0000   0.0000   0.0000   0.2843
   8.000   1.0760   0.01419   0.00745  -0.0417  0.1346  1.0000  -3.8055   0.0000   0.0000   0.0000   0.2795
   8.500   1.1105   0.01539   0.00848  -0.0385  0.0958  1.0000  -4.1868   0.0000   0.0000   0.0000   0.2748
   9.000   1.1408   0.01672   0.00964  -0.0347  0.0664  1.0000  -4.5547   0.0000   0.0000   0.0000   0.2700
   9.500   1.1657   0.01795   0.01086  -0.0299  0.0486  1.0000  -4.9005   0.0000   0.0000   0.0000   0.2645
  10.000   1.1839   0.01948   0.01235  -0.0244  0.0328  1.0000  -5.1954   0.0000   0.0000   0.0000   0.2588
  10.500   1.1932   0.02162   0.01453  -0.0181  0.0212  1.0000  -5.3824   0.0000   0.0000   0.0000   0.2527
  11.000   1.2085   0.02358   0.01663  -0.0134  0.0182  1.0000  -5.6376   0.0000   0.0000   0.0000   0.2478
  11.500   1.2178   0.02612   0.01929  -0.0088  0.0164  1.0000  -5.8760   0.0000   0.0000   0.0000   0.2432
  12.000   1.2159   0.02975   0.02313  -0.0043  0.0152  1.0000  -6.0280   0.0000   0.0000   0.0000   0.2386
  12.500   1.2135   0.03392   0.02757  -0.0008  0.0145  1.0000  -6.1761   0.0000   0.0000   0.0000   0.2349
  13.000   1.2225   0.03749   0.03133   0.0012  0.0142  1.0000  -6.4257   0.0000   0.0000   0.0000   0.2324
  13.500   1.2279   0.04168   0.03573   0.0027  0.0138  1.0000  -6.6462   0.0000   0.0000   0.0000   0.2303
  14.000   1.2299   0.04655   0.04082   0.0036  0.0135  1.0000  -6.8363   0.0000   0.0000   0.0000   0.2286
  14.500   1.2294   0.05209   0.04660   0.0038  0.0133  1.0000  -6.9962   0.0000   0.0000   0.0000   0.2275
  15.000   1.2266   0.05835   0.05310   0.0032  0.0132  1.0000  -7.1309   0.0000   0.0000   0.0000   0.2270


