xflr5 v6.59

 Calculated polar for: revR_65_revT

 1 1 Reynolds number fixed          Mach number fixed         

 xtrf =   1.000 (top)        1.000 (bottom)
 Mach =   0.000     Re =     0.485 e 6     Ncrit =   9.000

  alpha     CL        CD       CDp       Cm    Top Xtr Bot Xtr   Cpmin    Chinge    XCp    
 ------- -------- --------- --------- -------- ------- ------- -------- --------- ---------
  -5.000  -0.0049   0.01159   0.00510  -0.1217  0.7970  0.0448  -2.3970   0.0000   0.0000   0.0000  -25.0345
  -4.500   0.0509   0.01094   0.00440  -0.1218  0.7883  0.0559  -2.0530   0.0000   0.0000   0.0000   2.6972
  -4.000   0.1070   0.01033   0.00376  -0.1219  0.7790  0.0794  -1.7897   0.0000   0.0000   0.0000   1.4103
  -3.500   0.1633   0.00985   0.00342  -0.1222  0.7707  0.1247  -1.5344   0.0000   0.0000   0.0000   1.0101
  -3.000   0.2197   0.00941   0.00316  -0.1225  0.7615  0.1822  -1.2830   0.0000   0.0000   0.0000   0.8148
  -2.500   0.2764   0.00908   0.00296  -0.1228  0.7521  0.2549  -1.0519   0.0000   0.0000   0.0000   0.6986
  -2.000   0.3326   0.00871   0.00284  -0.1230  0.7422  0.3362  -0.8326   0.0000   0.0000   0.0000   0.6224
  -1.500   0.3891   0.00838   0.00273  -0.1232  0.7328  0.4318  -0.7031   0.0000   0.0000   0.0000   0.5679
  -1.000   0.4451   0.00807   0.00275  -0.1234  0.7230  0.5573  -0.7441   0.0000   0.0000   0.0000   0.5273
  -0.500   0.5001   0.00780   0.00278  -0.1230  0.7114  0.6688  -0.7875   0.0000   0.0000   0.0000   0.4952
   0.000   0.5551   0.00778   0.00285  -0.1225  0.7004  0.7475  -0.8313   0.0000   0.0000   0.0000   0.4692
   0.500   0.6090   0.00771   0.00290  -0.1217  0.6883  0.8017  -0.8812   0.0000   0.0000   0.0000   0.4477
   1.000   0.6622   0.00773   0.00293  -0.1208  0.6754  0.8435  -0.9313   0.0000   0.0000   0.0000   0.4296
   1.500   0.7121   0.00765   0.00294  -0.1191  0.6605  0.8895  -0.9845   0.0000   0.0000   0.0000   0.4138
   2.000   0.7602   0.00761   0.00295  -0.1170  0.6466  0.9430  -1.0405   0.0000   0.0000   0.0000   0.3999
   2.500   0.8233   0.00767   0.00290  -0.1185  0.6278  1.0000  -1.1071   0.0000   0.0000   0.0000   0.3894
   3.000   0.8803   0.00785   0.00301  -0.1190  0.6092  1.0000  -1.1750   0.0000   0.0000   0.0000   0.3800
   3.500   0.9363   0.00808   0.00318  -0.1192  0.5896  1.0000  -1.2500   0.0000   0.0000   0.0000   0.3716
   4.000   0.9907   0.00837   0.00338  -0.1190  0.5661  1.0000  -1.3273   0.0000   0.0000   0.0000   0.3639
   4.500   1.0443   0.00871   0.00364  -0.1188  0.5419  1.0000  -1.4185   0.0000   0.0000   0.0000   0.3569
   5.000   1.0967   0.00912   0.00396  -0.1183  0.5155  1.0000  -1.5163   0.0000   0.0000   0.0000   0.3504
   5.500   1.1472   0.00963   0.00435  -0.1176  0.4862  1.0000  -1.6355   0.0000   0.0000   0.0000   0.3444
   6.000   1.1975   0.01015   0.00481  -0.1169  0.4573  1.0000  -1.7577   0.0000   0.0000   0.0000   0.3388
   6.500   1.2457   0.01077   0.00533  -0.1158  0.4232  1.0000  -1.9190   0.0000   0.0000   0.0000   0.3335
   7.000   1.2927   0.01145   0.00593  -0.1146  0.3936  1.0000  -2.0868   0.0000   0.0000   0.0000   0.3285
   7.500   1.3365   0.01228   0.00663  -0.1129  0.3581  1.0000  -2.2981   0.0000   0.0000   0.0000   0.3236
   8.000   1.3787   0.01316   0.00743  -0.1111  0.3242  1.0000  -2.5699   0.0000   0.0000   0.0000   0.3190
   8.500   1.4167   0.01421   0.00835  -0.1086  0.2919  1.0000  -2.8731   0.0000   0.0000   0.0000   0.3143
   9.000   1.4500   0.01533   0.00937  -0.1054  0.2568  1.0000  -3.1768   0.0000   0.0000   0.0000   0.3095
   9.500   1.4789   0.01670   0.01065  -0.1017  0.2256  1.0000  -3.4807   0.0000   0.0000   0.0000   0.3049
  10.000   1.5043   0.01834   0.01219  -0.0979  0.1945  1.0000  -3.7799   0.0000   0.0000   0.0000   0.3004
  10.500   1.5267   0.02029   0.01403  -0.0942  0.1628  1.0000  -4.0753   0.0000   0.0000   0.0000   0.2961
  11.000   1.5429   0.02281   0.01640  -0.0903  0.1316  1.0000  -4.3577   0.0000   0.0000   0.0000   0.2921
  11.500   1.5591   0.02550   0.01902  -0.0868  0.1067  1.0000  -4.6488   0.0000   0.0000   0.0000   0.2883
  12.000   1.5729   0.02852   0.02200  -0.0835  0.0867  1.0000  -4.9343   0.0000   0.0000   0.0000   0.2848
  12.500   1.5842   0.03188   0.02538  -0.0803  0.0709  1.0000  -5.2122   0.0000   0.0000   0.0000   0.2815
  13.000   1.5963   0.03530   0.02886  -0.0776  0.0591  1.0000  -5.4971   0.0000   0.0000   0.0000   0.2784
  13.500   1.6015   0.03948   0.03310  -0.0748  0.0483  1.0000  -5.7484   0.0000   0.0000   0.0000   0.2755
  14.000   1.6024   0.04430   0.03795  -0.0724  0.0399  1.0000  -5.9788   0.0000   0.0000   0.0000   0.2728
  14.500   1.6025   0.04953   0.04335  -0.0704  0.0341  1.0000  -6.2037   0.0000   0.0000   0.0000   0.2705
  15.000   1.6037   0.05494   0.04888  -0.0690  0.0297  1.0000  -6.4434   0.0000   0.0000   0.0000   0.2686


