xflr5 v6.59

 Calculated polar for: revR_25_revT

 1 1 Reynolds number fixed          Mach number fixed         

 xtrf =   1.000 (top)        1.000 (bottom)
 Mach =   0.000     Re =     0.275 e 6     Ncrit =   9.000

  alpha     CL        CD       CDp       Cm    Top Xtr Bot Xtr   Cpmin    Chinge    XCp    
 ------- -------- --------- --------- -------- ------- ------- -------- --------- ---------
  -5.000  -0.1604   0.01364   0.00670  -0.0886  0.8943  0.0665  -2.4497   0.0000   0.0000   0.0000  -0.3181
  -4.500  -0.1092   0.01266   0.00569  -0.0878  0.8799  0.0912  -2.1284   0.0000   0.0000   0.0000  -0.5737
  -4.000  -0.0568   0.01188   0.00503  -0.0871  0.8663  0.1436  -1.7967   0.0000   0.0000   0.0000  -1.3157
  -3.500  -0.0041   0.01119   0.00460  -0.0867  0.8529  0.2270  -1.4819   0.0000   0.0000   0.0000  -21.0130
  -3.000   0.0480   0.01058   0.00433  -0.0862  0.8394  0.3361  -1.2280   0.0000   0.0000   0.0000   2.0732
  -2.500   0.1005   0.00996   0.00409  -0.0855  0.8266  0.4675  -1.0179   0.0000   0.0000   0.0000   1.1110
  -2.000   0.1503   0.00945   0.00410  -0.0840  0.8118  0.6221  -0.8202   0.0000   0.0000   0.0000   0.8139
  -1.500   0.2021   0.00933   0.00414  -0.0824  0.7995  0.7201  -0.6275   0.0000   0.0000   0.0000   0.6599
  -1.000   0.2527   0.00928   0.00417  -0.0805  0.7844  0.7839  -0.5716   0.0000   0.0000   0.0000   0.5693
  -0.500   0.3027   0.00928   0.00418  -0.0784  0.7697  0.8315  -0.6133   0.0000   0.0000   0.0000   0.5086
   0.000   0.3523   0.00925   0.00408  -0.0761  0.7549  0.8728  -0.6562   0.0000   0.0000   0.0000   0.4649
   0.500   0.3982   0.00918   0.00406  -0.0731  0.7387  0.9136  -0.7006   0.0000   0.0000   0.0000   0.4317
   1.000   0.4545   0.00909   0.00391  -0.0723  0.7215  0.9527  -0.7547   0.0000   0.0000   0.0000   0.4067
   1.500   0.5336   0.00903   0.00373  -0.0768  0.7036  0.9860  -0.8282   0.0000   0.0000   0.0000   0.3910
   2.000   0.6016   0.00903   0.00361  -0.0797  0.6829  1.0000  -0.8978   0.0000   0.0000   0.0000   0.3791
   2.500   0.6503   0.00914   0.00364  -0.0786  0.6606  1.0000  -0.9613   0.0000   0.0000   0.0000   0.3670
   3.000   0.7031   0.00930   0.00370  -0.0781  0.6366  1.0000  -1.0336   0.0000   0.0000   0.0000   0.3567
   3.500   0.7563   0.00952   0.00382  -0.0776  0.6110  1.0000  -1.1160   0.0000   0.0000   0.0000   0.3478
   4.000   0.8090   0.00978   0.00403  -0.0770  0.5815  1.0000  -1.2172   0.0000   0.0000   0.0000   0.3399
   4.500   0.8612   0.01011   0.00429  -0.0764  0.5500  1.0000  -1.3308   0.0000   0.0000   0.0000   0.3329
   5.000   0.9122   0.01058   0.00461  -0.0755  0.5169  1.0000  -1.4791   0.0000   0.0000   0.0000   0.3264
   5.500   0.9626   0.01104   0.00504  -0.0746  0.4797  1.0000  -1.7108   0.0000   0.0000   0.0000   0.3206
   6.000   1.0117   0.01166   0.00554  -0.0736  0.4437  1.0000  -2.0312   0.0000   0.0000   0.0000   0.3152
   6.500   1.0595   0.01232   0.00611  -0.0724  0.4021  1.0000  -2.3633   0.0000   0.0000   0.0000   0.3102
   7.000   1.1062   0.01308   0.00681  -0.0711  0.3612  1.0000  -2.7062   0.0000   0.0000   0.0000   0.3056
   7.500   1.1502   0.01401   0.00759  -0.0695  0.3142  1.0000  -3.0609   0.0000   0.0000   0.0000   0.3011
   8.000   1.1904   0.01519   0.00853  -0.0675  0.2603  1.0000  -3.4242   0.0000   0.0000   0.0000   0.2967
   8.500   1.2279   0.01655   0.00967  -0.0653  0.2092  1.0000  -3.7879   0.0000   0.0000   0.0000   0.2925
   9.000   1.2630   0.01804   0.01103  -0.0628  0.1632  1.0000  -4.1504   0.0000   0.0000   0.0000   0.2883
   9.500   1.2908   0.01985   0.01262  -0.0594  0.1183  1.0000  -4.4889   0.0000   0.0000   0.0000   0.2839
  10.000   1.3156   0.02177   0.01444  -0.0557  0.0868  1.0000  -4.8168   0.0000   0.0000   0.0000   0.2796
  10.500   1.3362   0.02402   0.01666  -0.0520  0.0654  1.0000  -5.1223   0.0000   0.0000   0.0000   0.2754
  11.000   1.3530   0.02669   0.01938  -0.0485  0.0498  1.0000  -5.3971   0.0000   0.0000   0.0000   0.2715
  11.500   1.3591   0.03045   0.02322  -0.0447  0.0373  1.0000  -5.5827   0.0000   0.0000   0.0000   0.2677
  12.000   1.3646   0.03457   0.02749  -0.0418  0.0295  1.0000  -5.7482   0.0000   0.0000   0.0000   0.2645
  12.500   1.3510   0.04079   0.03397  -0.0383  0.0257  1.0000  -5.7668   0.0000   0.0000   0.0000   0.2613
  13.000   1.3571   0.04537   0.03880  -0.0364  0.0243  1.0000  -5.9332   0.0000   0.0000   0.0000   0.2589
  13.500   1.3591   0.05058   0.04426  -0.0348  0.0232  1.0000  -6.0718   0.0000   0.0000   0.0000   0.2567
  14.000   1.3592   0.05616   0.05011  -0.0334  0.0224  1.0000  -6.1966   0.0000   0.0000   0.0000   0.2547
  14.500   1.3579   0.06223   0.05644  -0.0325  0.0218  1.0000  -6.3080   0.0000   0.0000   0.0000   0.2531
  15.000   1.3537   0.06895   0.06346  -0.0323  0.0213  1.0000  -6.3993   0.0000   0.0000   0.0000   0.2521


