xflr5 v6.59

 Calculated polar for: revR_25_revT

 1 1 Reynolds number fixed          Mach number fixed         

 xtrf =   1.000 (top)        1.000 (bottom)
 Mach =   0.000     Re =     0.040 e 6     Ncrit =   9.000

  alpha     CL        CD       CDp       Cm    Top Xtr Bot Xtr   Cpmin    Chinge    XCp    
 ------- -------- --------- --------- -------- ------- ------- -------- --------- ---------
  -5.000  -0.4488   0.04531   0.03659  -0.0433  1.0000  0.1747  -2.4044   0.0000   0.0000   0.0000   0.1481
  -4.500  -0.4067   0.04029   0.03096  -0.0440  1.0000  0.1914  -2.3047   0.0000   0.0000   0.0000   0.1363
  -4.000  -0.3560   0.03563   0.02563  -0.0452  1.0000  0.2153  -2.1791   0.0000   0.0000   0.0000   0.1172
  -3.500  -0.3065   0.03249   0.02218  -0.0455  1.0000  0.2630  -1.9996   0.0000   0.0000   0.0000   0.0957
  -3.000  -0.2566   0.02973   0.01946  -0.0449  1.0000  0.3429  -1.8188   0.0000   0.0000   0.0000   0.0686
  -2.500  -0.2115   0.02768   0.01833  -0.0424  1.0000  0.5132  -1.6140   0.0000   0.0000   0.0000   0.0427
  -2.000  -0.1991   0.02684   0.01876  -0.0299  1.0000  0.7529  -1.4599   0.0000   0.0000   0.0000   0.0934
  -1.500  -0.1648   0.02562   0.01735  -0.0263  1.0000  1.0000  -1.2838   0.0000   0.0000   0.0000   0.0840
  -1.000  -0.1143   0.02633   0.01713  -0.0306  1.0000  1.0000  -1.1032   0.0000   0.0000   0.0000  -0.0246
  -0.500  -0.0683   0.02748   0.01763  -0.0328  1.0000  1.0000  -0.9281   0.0000   0.0000   0.0000  -0.2391
   0.000  -0.0247   0.02889   0.01855  -0.0346  1.0000  1.0000  -0.7614   0.0000   0.0000   0.0000  -1.1603
   0.500   0.0169   0.03055   0.01981  -0.0361  1.0000  1.0000  -0.6125   0.0000   0.0000   0.0000   2.3912
   1.000   0.0770   0.03297   0.02188  -0.0412  0.9908  1.0000  -0.4725   0.0000   0.0000   0.0000   0.7826
   1.500   0.1661   0.03627   0.02487  -0.0513  0.9608  1.0000  -0.5121   0.0000   0.0000   0.0000   0.5555
   2.000   0.2413   0.03918   0.02760  -0.0584  0.9296  1.0000  -0.5659   0.0000   0.0000   0.0000   0.4883
   2.500   0.3233   0.04234   0.03064  -0.0660  0.8981  1.0000  -0.6280   0.0000   0.0000   0.0000   0.4501
   3.000   0.3788   0.04506   0.03333  -0.0690  0.8666  1.0000  -0.6770   0.0000   0.0000   0.0000   0.4277
   3.500   0.4341   0.04782   0.03610  -0.0716  0.8337  1.0000  -0.7305   0.0000   0.0000   0.0000   0.4102
   4.000   0.5121   0.05073   0.03910  -0.0766  0.8008  1.0000  -0.8100   0.0000   0.0000   0.0000   0.3944
   4.500   0.5404   0.05360   0.04206  -0.0754  0.7674  1.0000  -0.8490   0.0000   0.0000   0.0000   0.3838
   5.000   0.5983   0.05635   0.04496  -0.0771  0.7340  1.0000  -0.9272   0.0000   0.0000   0.0000   0.3728
   5.500   0.6419   0.05944   0.04822  -0.0771  0.7012  1.0000  -1.0018   0.0000   0.0000   0.0000   0.3637
   6.000   0.6766   0.06272   0.05169  -0.0764  0.6675  1.0000  -1.0699   0.0000   0.0000   0.0000   0.3560
   6.500   0.7451   0.06470   0.05396  -0.0770  0.6340  1.0000  -1.2141   0.0000   0.0000   0.0000   0.3459
   7.000   0.7509   0.06963   0.05904  -0.0749  0.6015  1.0000  -1.2604   0.0000   0.0000   0.0000   0.3418
   7.500   0.8121   0.07133   0.06110  -0.0739  0.5663  1.0000  -1.4365   0.0000   0.0000   0.0000   0.3326
   8.000   0.8215   0.07660   0.06655  -0.0720  0.5331  1.0000  -1.5090   0.0000   0.0000   0.0000   0.3287
   8.500   0.8491   0.08069   0.07094  -0.0702  0.4992  1.0000  -1.7021   0.0000   0.0000   0.0000   0.3232
   9.000   0.8793   0.08430   0.07482  -0.0677  0.4630  1.0000  -1.9141   0.0000   0.0000   0.0000   0.3170
  10.000   1.2164   0.05310   0.04483  -0.0475  0.3214  1.0000  -3.6629   0.0000   0.0000   0.0000   0.2772
  10.500   1.1205   0.06811   0.06007  -0.0436  0.3144  1.0000  -3.3501   0.0000   0.0000   0.0000   0.2764
  11.000   1.0504   0.08492   0.07686  -0.0462  0.2993  1.0000  -3.0995   0.0000   0.0000   0.0000   0.2809
  11.500   0.9165   0.11772   0.10925  -0.0622  0.3080  1.0000  -2.4102   0.0000   0.0000   0.0000   0.3048
  12.000   0.8978   0.12873   0.12029  -0.0648  0.2883  1.0000  -2.3440   0.0000   0.0000   0.0000   0.3085
  12.500   0.8850   0.14152   0.13315  -0.0690  0.2848  1.0000  -2.2559   0.0000   0.0000   0.0000   0.3140
  13.000   0.8866   0.15324   0.14497  -0.0722  0.2818  1.0000  -2.2236   0.0000   0.0000   0.0000   0.3170
  13.500   0.9069   0.16064   0.15251  -0.0712  0.2553  1.0000  -2.3177   0.0000   0.0000   0.0000   0.3134
  15.000   0.8601   0.19721   0.18908  -0.0935  0.3222  1.0000  -1.8416   0.0000   0.0000   0.0000   0.3421


