xflr5 v6.59

 Calculated polar for: revR_15_revT

 1 1 Reynolds number fixed          Mach number fixed         

 xtrf =   1.000 (top)        1.000 (bottom)
 Mach =   0.000     Re =     0.130 e 6     Ncrit =   9.000

  alpha     CL        CD       CDp       Cm    Top Xtr Bot Xtr   Cpmin    Chinge    XCp    
 ------- -------- --------- --------- -------- ------- ------- -------- --------- ---------
  -5.000  -0.3667   0.02365   0.01555  -0.0538  0.9525  0.0799  -2.8279   0.0000   0.0000   0.0000   0.0960
  -4.500  -0.2877   0.02142   0.01312  -0.0584  0.9440  0.0978  -2.4690   0.0000   0.0000   0.0000   0.0391
  -4.000  -0.2353   0.01958   0.01140  -0.0583  0.9297  0.1315  -2.1742   0.0000   0.0000   0.0000  -0.0062
  -3.500  -0.1561   0.01793   0.01022  -0.0633  0.9206  0.2385  -1.7934   0.0000   0.0000   0.0000  -0.1666
  -3.000  -0.1057   0.01677   0.00979  -0.0629  0.9047  0.3896  -1.4896   0.0000   0.0000   0.0000  -0.3584
  -2.500  -0.0312   0.01566   0.00970  -0.0655  0.8966  0.6414  -1.1735   0.0000   0.0000   0.0000  -1.8847
  -2.000   0.0129   0.01573   0.01000  -0.0616  0.8796  0.7636  -0.9824   0.0000   0.0000   0.0000   5.0954
  -1.500   0.0807   0.01562   0.00987  -0.0610  0.8696  0.8510  -0.7530   0.0000   0.0000   0.0000   1.0132
  -1.000   0.1392   0.01567   0.00983  -0.0593  0.8532  0.9116  -0.5541   0.0000   0.0000   0.0000   0.6791
  -0.500   0.2613   0.01544   0.00937  -0.0702  0.8461  0.9503  -0.5686   0.0000   0.0000   0.0000   0.5188
   0.000   0.3851   0.01507   0.00882  -0.0829  0.8305  0.9785  -0.6545   0.0000   0.0000   0.0000   0.4644
   0.500   0.4856   0.01458   0.00819  -0.0919  0.8128  1.0000  -0.7346   0.0000   0.0000   0.0000   0.4377
   1.000   0.5166   0.01448   0.00800  -0.0877  0.7906  1.0000  -0.7741   0.0000   0.0000   0.0000   0.4177
   1.500   0.5479   0.01442   0.00784  -0.0831  0.7677  1.0000  -0.8192   0.0000   0.0000   0.0000   0.3992
   2.000   0.5820   0.01441   0.00775  -0.0789  0.7454  1.0000  -0.8692   0.0000   0.0000   0.0000   0.3825
   2.500   0.6214   0.01443   0.00767  -0.0754  0.7224  1.0000  -0.9277   0.0000   0.0000   0.0000   0.3678
   3.000   0.6648   0.01446   0.00763  -0.0725  0.6975  1.0000  -0.9981   0.0000   0.0000   0.0000   0.3551
   3.500   0.7118   0.01455   0.00767  -0.0703  0.6718  1.0000  -1.0805   0.0000   0.0000   0.0000   0.3443
   4.000   0.7605   0.01462   0.00769  -0.0683  0.6434  1.0000  -1.1863   0.0000   0.0000   0.0000   0.3349
   4.500   0.8108   0.01472   0.00773  -0.0666  0.6137  1.0000  -1.3122   0.0000   0.0000   0.0000   0.3267
   5.000   0.8598   0.01498   0.00792  -0.0648  0.5815  1.0000  -1.4764   0.0000   0.0000   0.0000   0.3195
   5.500   0.9065   0.01532   0.00826  -0.0627  0.5450  1.0000  -1.7560   0.0000   0.0000   0.0000   0.3127
   6.000   0.9526   0.01580   0.00865  -0.0605  0.5068  1.0000  -2.0749   0.0000   0.0000   0.0000   0.3065
   6.500   0.9971   0.01639   0.00909  -0.0582  0.4659  1.0000  -2.4038   0.0000   0.0000   0.0000   0.3007
   7.000   1.0374   0.01709   0.00982  -0.0553  0.4240  1.0000  -2.7295   0.0000   0.0000   0.0000   0.2951
   7.500   1.0741   0.01790   0.01061  -0.0519  0.3780  1.0000  -3.0557   0.0000   0.0000   0.0000   0.2895
   8.000   1.1074   0.01888   0.01154  -0.0482  0.3319  1.0000  -3.3776   0.0000   0.0000   0.0000   0.2841
   8.500   1.1347   0.02007   0.01264  -0.0437  0.2832  1.0000  -3.6834   0.0000   0.0000   0.0000   0.2784
   9.000   1.1536   0.02160   0.01401  -0.0382  0.2330  1.0000  -3.9585   0.0000   0.0000   0.0000   0.2723
   9.500   1.1601   0.02353   0.01578  -0.0310  0.1848  1.0000  -4.1833   0.0000   0.0000   0.0000   0.2652
  10.000   1.1637   0.02600   0.01808  -0.0243  0.1428  1.0000  -4.3934   0.0000   0.0000   0.0000   0.2587
  10.500   1.1667   0.02921   0.02110  -0.0186  0.1122  1.0000  -4.5808   0.0000   0.0000   0.0000   0.2530
  11.000   1.1724   0.03237   0.02428  -0.0142  0.0888  1.0000  -4.7774   0.0000   0.0000   0.0000   0.2484
  11.500   1.1774   0.03628   0.02816  -0.0104  0.0707  1.0000  -4.9443   0.0000   0.0000   0.0000   0.2443
  12.000   1.1847   0.03983   0.03196  -0.0074  0.0588  1.0000  -5.1058   0.0000   0.0000   0.0000   0.2410
  12.500   1.1954   0.04478   0.03704  -0.0048  0.0493  1.0000  -5.2130   0.0000   0.0000   0.0000   0.2379
  13.000   1.2075   0.04945   0.04204  -0.0028  0.0443  1.0000  -5.3243   0.0000   0.0000   0.0000   0.2354
  13.500   1.2152   0.05470   0.04763  -0.0013  0.0412  1.0000  -5.4335   0.0000   0.0000   0.0000   0.2333
  14.000   1.2158   0.06103   0.05428  -0.0005  0.0393  1.0000  -5.5058   0.0000   0.0000   0.0000   0.2318
  14.500   1.2044   0.06907   0.06275  -0.0006  0.0384  1.0000  -5.5011   0.0000   0.0000   0.0000   0.2311
  15.000   1.1785   0.07888   0.07302  -0.0026  0.0381  1.0000  -5.4200   0.0000   0.0000   0.0000   0.2319


