xflr5 v6.59

 Calculated polar for: revR_100_revT

 1 1 Reynolds number fixed          Mach number fixed         

 xtrf =   1.000 (top)        1.000 (bottom)
 Mach =   0.000     Re =     0.445 e 6     Ncrit =   9.000

  alpha     CL        CD       CDp       Cm    Top Xtr Bot Xtr   Cpmin    Chinge    XCp    
 ------- -------- --------- --------- -------- ------- ------- -------- --------- ---------
  -5.000   0.1420   0.01256   0.00601  -0.1544  0.7740  0.0438  -2.3573   0.0000   0.0000   0.0000   1.3641
  -4.500   0.1996   0.01202   0.00538  -0.1549  0.7671  0.0517  -2.0839   0.0000   0.0000   0.0000   1.0428
  -4.000   0.2566   0.01142   0.00476  -0.1553  0.7603  0.0684  -1.8319   0.0000   0.0000   0.0000   0.8668
  -3.500   0.3139   0.01080   0.00425  -0.1558  0.7525  0.1023  -1.5762   0.0000   0.0000   0.0000   0.7545
  -3.000   0.3718   0.01040   0.00395  -0.1564  0.7455  0.1491  -1.3273   0.0000   0.0000   0.0000   0.6762
  -2.500   0.4300   0.01021   0.00386  -0.1571  0.7377  0.2085  -1.0864   0.0000   0.0000   0.0000   0.6190
  -2.000   0.4869   0.00988   0.00374  -0.1575  0.7302  0.2765  -0.8660   0.0000   0.0000   0.0000   0.5757
  -1.500   0.5446   0.00960   0.00360  -0.1579  0.7217  0.3521  -0.8568   0.0000   0.0000   0.0000   0.5411
  -1.000   0.6029   0.00946   0.00361  -0.1586  0.7123  0.4418  -0.8980   0.0000   0.0000   0.0000   0.5130
  -0.500   0.6593   0.00919   0.00364  -0.1588  0.7049  0.5388  -0.9431   0.0000   0.0000   0.0000   0.4900
   0.000   0.7154   0.00893   0.00368  -0.1587  0.6952  0.6584  -0.9886   0.0000   0.0000   0.0000   0.4702
   0.500   0.7705   0.00891   0.00378  -0.1583  0.6848  0.7499  -1.0339   0.0000   0.0000   0.0000   0.4531
   1.000   0.8231   0.00884   0.00388  -0.1574  0.6754  0.8155  -1.0807   0.0000   0.0000   0.0000   0.4381
   1.500   0.8736   0.00877   0.00386  -0.1558  0.6646  0.8753  -1.1329   0.0000   0.0000   0.0000   0.4246
   2.000   0.9194   0.00862   0.00382  -0.1532  0.6522  0.9573  -1.1841   0.0000   0.0000   0.0000   0.4122
   2.500   0.9797   0.00871   0.00378  -0.1543  0.6389  1.0000  -1.2500   0.0000   0.0000   0.0000   0.4024
   3.000   1.0366   0.00889   0.00393  -0.1548  0.6252  1.0000  -1.3190   0.0000   0.0000   0.0000   0.3935
   3.500   1.0922   0.00912   0.00403  -0.1549  0.6085  1.0000  -1.3880   0.0000   0.0000   0.0000   0.3853
   4.000   1.1466   0.00934   0.00422  -0.1548  0.5908  1.0000  -1.4568   0.0000   0.0000   0.0000   0.3778
   4.500   1.2004   0.00965   0.00449  -0.1546  0.5740  1.0000  -1.5353   0.0000   0.0000   0.0000   0.3710
   5.000   1.2525   0.01003   0.00479  -0.1542  0.5552  1.0000  -1.6170   0.0000   0.0000   0.0000   0.3645
   5.500   1.3022   0.01047   0.00515  -0.1533  0.5315  1.0000  -1.7072   0.0000   0.0000   0.0000   0.3584
   6.000   1.3509   0.01097   0.00559  -0.1523  0.5093  1.0000  -1.8057   0.0000   0.0000   0.0000   0.3527
   6.500   1.3972   0.01156   0.00611  -0.1509  0.4844  1.0000  -1.9209   0.0000   0.0000   0.0000   0.3472
   7.000   1.4407   0.01223   0.00673  -0.1490  0.4581  1.0000  -2.0404   0.0000   0.0000   0.0000   0.3419
   7.500   1.4808   0.01302   0.00745  -0.1467  0.4316  1.0000  -2.1641   0.0000   0.0000   0.0000   0.3367
   8.000   1.5155   0.01391   0.00828  -0.1434  0.4032  1.0000  -2.3031   0.0000   0.0000   0.0000   0.3315
   8.500   1.5470   0.01496   0.00928  -0.1398  0.3783  1.0000  -2.4456   0.0000   0.0000   0.0000   0.3264
   9.000   1.5749   0.01623   0.01051  -0.1359  0.3519  1.0000  -2.5922   0.0000   0.0000   0.0000   0.3214
   9.500   1.5996   0.01779   0.01203  -0.1319  0.3239  1.0000  -2.7750   0.0000   0.0000   0.0000   0.3167
  10.000   1.6229   0.01961   0.01381  -0.1281  0.2996  1.0000  -2.9858   0.0000   0.0000   0.0000   0.3123
  10.500   1.6433   0.02173   0.01590  -0.1243  0.2743  1.0000  -3.2135   0.0000   0.0000   0.0000   0.3081
  11.000   1.6612   0.02418   0.01833  -0.1206  0.2504  1.0000  -3.4382   0.0000   0.0000   0.0000   0.3041
  11.500   1.6760   0.02696   0.02108  -0.1170  0.2259  1.0000  -3.6577   0.0000   0.0000   0.0000   0.3003
  12.000   1.6875   0.03012   0.02419  -0.1133  0.2011  1.0000  -3.8807   0.0000   0.0000   0.0000   0.2967
  12.500   1.6965   0.03358   0.02763  -0.1097  0.1792  1.0000  -4.1091   0.0000   0.0000   0.0000   0.2932
  13.000   1.7029   0.03745   0.03147  -0.1064  0.1574  1.0000  -4.3311   0.0000   0.0000   0.0000   0.2899
  13.500   1.7056   0.04182   0.03583  -0.1031  0.1372  1.0000  -4.5531   0.0000   0.0000   0.0000   0.2868
  14.000   1.7063   0.04663   0.04064  -0.1002  0.1187  1.0000  -4.7716   0.0000   0.0000   0.0000   0.2840
  14.500   1.7093   0.05145   0.04550  -0.0979  0.1044  1.0000  -5.0019   0.0000   0.0000   0.0000   0.2814
  15.000   1.7108   0.05659   0.05072  -0.0958  0.0921  1.0000  -5.2278   0.0000   0.0000   0.0000   0.2790


