xflr5 v6.59

 Calculated polar for: revR_35_revT

 1 1 Reynolds number fixed          Mach number fixed         

 xtrf =   1.000 (top)        1.000 (bottom)
 Mach =   0.000     Re =     0.175 e 6     Ncrit =   9.000

  alpha     CL        CD       CDp       Cm    Top Xtr Bot Xtr   Cpmin    Chinge    XCp    
 ------- -------- --------- --------- -------- ------- ------- -------- --------- ---------
  -5.000  -0.1356   0.01832   0.01073  -0.0992  0.9151  0.0807  -2.3999   0.0000   0.0000   0.0000  -0.5008
  -4.500  -0.0781   0.01675   0.00911  -0.0996  0.9033  0.1041  -2.0872   0.0000   0.0000   0.0000  -1.0557
  -4.000  -0.0198   0.01558   0.00816  -0.1003  0.8925  0.1593  -1.7767   0.0000   0.0000   0.0000  -4.9102
  -3.500   0.0335   0.01462   0.00755  -0.1001  0.8789  0.2536  -1.4757   0.0000   0.0000   0.0000   3.2881
  -3.000   0.0872   0.01391   0.00723  -0.0998  0.8668  0.3716  -1.2391   0.0000   0.0000   0.0000   1.4122
  -2.000   0.1863   0.01296   0.00727  -0.0962  0.8405  0.6745  -0.8320   0.0000   0.0000   0.0000   0.7712
  -1.500   0.2351   0.01283   0.00724  -0.0930  0.8276  0.7679  -0.6482   0.0000   0.0000   0.0000   0.6483
  -1.000   0.2775   0.01294   0.00741  -0.0891  0.8124  0.8335  -0.5947   0.0000   0.0000   0.0000   0.5720
  -0.500   0.3222   0.01282   0.00721  -0.0848  0.8007  0.8893  -0.6328   0.0000   0.0000   0.0000   0.5132
   0.000   0.3713   0.01268   0.00705  -0.0822  0.7843  0.9448  -0.6748   0.0000   0.0000   0.0000   0.4705
   0.500   0.4627   0.01245   0.00666  -0.0888  0.7699  0.9877  -0.7447   0.0000   0.0000   0.0000   0.4402
   1.000   0.5316   0.01228   0.00631  -0.0917  0.7553  1.0000  -0.8058   0.0000   0.0000   0.0000   0.4202
   1.500   0.5758   0.01236   0.00630  -0.0899  0.7362  1.0000  -0.8570   0.0000   0.0000   0.0000   0.4033
   2.000   0.6282   0.01245   0.00627  -0.0893  0.7176  1.0000  -0.9145   0.0000   0.0000   0.0000   0.3888
   2.500   0.6830   0.01250   0.00622  -0.0890  0.6990  1.0000  -0.9788   0.0000   0.0000   0.0000   0.3764
   3.000   0.7385   0.01255   0.00617  -0.0886  0.6790  1.0000  -1.0527   0.0000   0.0000   0.0000   0.3656
   3.500   0.7930   0.01262   0.00616  -0.0881  0.6567  1.0000  -1.1313   0.0000   0.0000   0.0000   0.3562
   4.000   0.8467   0.01277   0.00625  -0.0874  0.6327  1.0000  -1.2217   0.0000   0.0000   0.0000   0.3479
   4.500   0.8992   0.01297   0.00644  -0.0866  0.6057  1.0000  -1.3268   0.0000   0.0000   0.0000   0.3404
   5.000   0.9509   0.01323   0.00667  -0.0857  0.5758  1.0000  -1.4509   0.0000   0.0000   0.0000   0.3336
   5.500   1.0022   0.01360   0.00696  -0.0847  0.5449  1.0000  -1.6047   0.0000   0.0000   0.0000   0.3274
   6.000   1.0515   0.01410   0.00741  -0.0834  0.5105  1.0000  -1.8241   0.0000   0.0000   0.0000   0.3216
   6.500   1.0991   0.01470   0.00794  -0.0820  0.4738  1.0000  -2.1352   0.0000   0.0000   0.0000   0.3163
   7.000   1.1449   0.01542   0.00864  -0.0803  0.4359  1.0000  -2.4543   0.0000   0.0000   0.0000   0.3112
   7.500   1.1877   0.01629   0.00941  -0.0783  0.3955  1.0000  -2.7777   0.0000   0.0000   0.0000   0.3063
   8.000   1.2281   0.01727   0.01035  -0.0760  0.3546  1.0000  -3.1053   0.0000   0.0000   0.0000   0.3016
   8.500   1.2652   0.01841   0.01145  -0.0734  0.3124  1.0000  -3.4448   0.0000   0.0000   0.0000   0.2970
   9.000   1.2969   0.01979   0.01278  -0.0702  0.2676  1.0000  -3.7734   0.0000   0.0000   0.0000   0.2924
   9.500   1.3211   0.02146   0.01434  -0.0661  0.2234  1.0000  -4.0794   0.0000   0.0000   0.0000   0.2875
  10.000   1.3379   0.02361   0.01636  -0.0614  0.1808  1.0000  -4.3567   0.0000   0.0000   0.0000   0.2827
  10.500   1.3470   0.02651   0.01906  -0.0567  0.1405  1.0000  -4.5998   0.0000   0.0000   0.0000   0.2781
  11.000   1.3570   0.02973   0.02219  -0.0530  0.1067  1.0000  -4.8419   0.0000   0.0000   0.0000   0.2742
  11.500   1.3623   0.03359   0.02600  -0.0496  0.0834  1.0000  -5.0568   0.0000   0.0000   0.0000   0.2706
  12.000   1.3674   0.03778   0.03036  -0.0466  0.0675  1.0000  -5.2530   0.0000   0.0000   0.0000   0.2675
  12.500   1.3620   0.04319   0.03583  -0.0435  0.0564  1.0000  -5.3751   0.0000   0.0000   0.0000   0.2644
  13.000   1.3662   0.04797   0.04085  -0.0417  0.0481  1.0000  -5.5329   0.0000   0.0000   0.0000   0.2620
  13.500   1.3548   0.05460   0.04753  -0.0384  0.0408  1.0000  -5.5564   0.0000   0.0000   0.0000   0.2590
  14.000   1.3603   0.05970   0.05296  -0.0371  0.0380  1.0000  -5.6842   0.0000   0.0000   0.0000   0.2569
  14.500   1.3618   0.06554   0.05911  -0.0358  0.0354  1.0000  -5.7765   0.0000   0.0000   0.0000   0.2550
  15.000   1.3596   0.07208   0.06596  -0.0352  0.0335  1.0000  -5.8522   0.0000   0.0000   0.0000   0.2536


