xflr5 v6.59

 Calculated polar for: revR_20_revT

 1 1 Reynolds number fixed          Mach number fixed         

 xtrf =   1.000 (top)        1.000 (bottom)
 Mach =   0.000     Re =     0.420 e 6     Ncrit =   9.000

  alpha     CL        CD       CDp       Cm    Top Xtr Bot Xtr   Cpmin    Chinge    XCp    
 ------- -------- --------- --------- -------- ------- ------- -------- --------- ---------
  -5.000  -0.1826   0.01149   0.00499  -0.0817  0.8657  0.0543  -2.5040   0.0000   0.0000   0.0000  -0.2107
  -4.500  -0.1316   0.01069   0.00411  -0.0806  0.8509  0.0761  -2.1678   0.0000   0.0000   0.0000  -0.3783
  -4.000  -0.0800   0.01005   0.00360  -0.0799  0.8371  0.1212  -1.8278   0.0000   0.0000   0.0000  -0.7704
  -3.500  -0.0270   0.00956   0.00324  -0.0794  0.8240  0.1836  -1.4941   0.0000   0.0000   0.0000  -2.7446
  -3.000   0.0252   0.00903   0.00296  -0.0788  0.8104  0.2637  -1.2313   0.0000   0.0000   0.0000   3.4258
  -2.500   0.0774   0.00847   0.00274  -0.0782  0.7970  0.3840  -1.0213   0.0000   0.0000   0.0000   1.2736
  -2.000   0.1290   0.00793   0.00260  -0.0775  0.7838  0.5160  -0.8210   0.0000   0.0000   0.0000   0.8557
  -1.500   0.1800   0.00754   0.00261  -0.0762  0.7701  0.6551  -0.6302   0.0000   0.0000   0.0000   0.6756
  -1.000   0.2328   0.00742   0.00259  -0.0750  0.7552  0.7302  -0.5561   0.0000   0.0000   0.0000   0.5729
  -0.500   0.2852   0.00736   0.00263  -0.0738  0.7402  0.7830  -0.5993   0.0000   0.0000   0.0000   0.5082
   0.000   0.3382   0.00739   0.00263  -0.0727  0.7254  0.8222  -0.6432   0.0000   0.0000   0.0000   0.4636
   0.500   0.3894   0.00737   0.00261  -0.0711  0.7075  0.8565  -0.6927   0.0000   0.0000   0.0000   0.4306
   1.000   0.4395   0.00735   0.00264  -0.0693  0.6898  0.8905  -0.7431   0.0000   0.0000   0.0000   0.4052
   1.500   0.4890   0.00734   0.00264  -0.0673  0.6697  0.9259  -0.7968   0.0000   0.0000   0.0000   0.3847
   2.000   0.5506   0.00739   0.00265  -0.0681  0.6479  0.9605  -0.8635   0.0000   0.0000   0.0000   0.3702
   2.500   0.6283   0.00751   0.00269  -0.0726  0.6224  0.9831  -0.9475   0.0000   0.0000   0.0000   0.3618
   3.000   0.7040   0.00769   0.00275  -0.0771  0.5929  1.0000  -1.0417   0.0000   0.0000   0.0000   0.3552
   3.500   0.7424   0.00794   0.00287  -0.0738  0.5651  1.0000  -1.1146   0.0000   0.0000   0.0000   0.3447
   4.000   0.7890   0.00825   0.00308  -0.0721  0.5342  1.0000  -1.2168   0.0000   0.0000   0.0000   0.3361
   4.500   0.8372   0.00862   0.00335  -0.0706  0.5016  1.0000  -1.3332   0.0000   0.0000   0.0000   0.3286
   5.000   0.8842   0.00908   0.00367  -0.0690  0.4638  1.0000  -1.4847   0.0000   0.0000   0.0000   0.3218
   5.500   0.9320   0.00955   0.00407  -0.0676  0.4298  1.0000  -1.7806   0.0000   0.0000   0.0000   0.3158
   6.000   0.9771   0.01016   0.00451  -0.0658  0.3864  1.0000  -2.0986   0.0000   0.0000   0.0000   0.3100
   6.500   1.0197   0.01089   0.00503  -0.0636  0.3362  1.0000  -2.4236   0.0000   0.0000   0.0000   0.3044
   7.000   1.0608   0.01171   0.00565  -0.0612  0.2873  1.0000  -2.7618   0.0000   0.0000   0.0000   0.2992
   7.500   1.1001   0.01262   0.00639  -0.0586  0.2411  1.0000  -3.1178   0.0000   0.0000   0.0000   0.2942
   8.000   1.1369   0.01360   0.00721  -0.0557  0.1984  1.0000  -3.4769   0.0000   0.0000   0.0000   0.2892
   8.500   1.1692   0.01475   0.00815  -0.0521  0.1551  1.0000  -3.8286   0.0000   0.0000   0.0000   0.2842
   9.000   1.1931   0.01603   0.00922  -0.0471  0.1155  1.0000  -4.1540   0.0000   0.0000   0.0000   0.2784
   9.500   1.2152   0.01731   0.01043  -0.0419  0.0871  1.0000  -4.4777   0.0000   0.0000   0.0000   0.2728
  10.000   1.2366   0.01872   0.01178  -0.0370  0.0664  1.0000  -4.8004   0.0000   0.0000   0.0000   0.2676
  10.500   1.2560   0.02032   0.01336  -0.0324  0.0503  1.0000  -5.1129   0.0000   0.0000   0.0000   0.2626
  11.000   1.2712   0.02230   0.01533  -0.0277  0.0361  1.0000  -5.3928   0.0000   0.0000   0.0000   0.2579
  11.500   1.2769   0.02509   0.01813  -0.0226  0.0237  1.0000  -5.5772   0.0000   0.0000   0.0000   0.2530
  12.000   1.2862   0.02792   0.02106  -0.0187  0.0195  1.0000  -5.7916   0.0000   0.0000   0.0000   0.2490
  12.500   1.2838   0.03192   0.02528  -0.0147  0.0170  1.0000  -5.9250   0.0000   0.0000   0.0000   0.2450
  13.000   1.2771   0.03673   0.03036  -0.0115  0.0160  1.0000  -6.0322   0.0000   0.0000   0.0000   0.2416
  13.500   1.2847   0.04066   0.03447  -0.0098  0.0155  1.0000  -6.2622   0.0000   0.0000   0.0000   0.2393
  14.000   1.2885   0.04525   0.03927  -0.0087  0.0150  1.0000  -6.4671   0.0000   0.0000   0.0000   0.2375
  14.500   1.2901   0.05044   0.04468  -0.0082  0.0145  1.0000  -6.6548   0.0000   0.0000   0.0000   0.2361
  15.000   1.2894   0.05633   0.05078  -0.0084  0.0141  1.0000  -6.8217   0.0000   0.0000   0.0000   0.2353


