xflr5 v6.59

 Calculated polar for: revR_55_revT

 1 1 Reynolds number fixed          Mach number fixed         

 xtrf =   1.000 (top)        1.000 (bottom)
 Mach =   0.000     Re =     0.205 e 6     Ncrit =   9.000

  alpha     CL        CD       CDp       Cm    Top Xtr Bot Xtr   Cpmin    Chinge    XCp    
 ------- -------- --------- --------- -------- ------- ------- -------- --------- ---------
  -5.000  -0.0395   0.01710   0.00977  -0.1184  0.8751  0.0713  -2.3140   0.0000   0.0000   0.0000  -2.8248
  -4.500   0.0113   0.01632   0.00887  -0.1176  0.8633  0.0870  -2.0188   0.0000   0.0000   0.0000  10.9305
  -4.000   0.0654   0.01502   0.00769  -0.1174  0.8533  0.1275  -1.7305   0.0000   0.0000   0.0000   2.0803
  -3.500   0.1181   0.01429   0.00720  -0.1171  0.8420  0.1972  -1.5005   0.0000   0.0000   0.0000   1.2587
  -3.000   0.1722   0.01365   0.00681  -0.1170  0.8308  0.2886  -1.2699   0.0000   0.0000   0.0000   0.9388
  -2.000   0.2782   0.01268   0.00662  -0.1159  0.8086  0.5372  -0.8412   0.0000   0.0000   0.0000   0.6700
  -1.500   0.3302   0.01238   0.00666  -0.1142  0.7982  0.6732  -0.6464   0.0000   0.0000   0.0000   0.5978
  -1.000   0.3776   0.01233   0.00679  -0.1116  0.7847  0.7662  -0.6836   0.0000   0.0000   0.0000   0.5462
  -0.500   0.4257   0.01230   0.00677  -0.1087  0.7746  0.8327  -0.7219   0.0000   0.0000   0.0000   0.5051
   0.000   0.4665   0.01220   0.00672  -0.1045  0.7603  0.8931  -0.7589   0.0000   0.0000   0.0000   0.4729
   0.500   0.5208   0.01197   0.00642  -0.1029  0.7484  0.9556  -0.8073   0.0000   0.0000   0.0000   0.4458
   1.000   0.5966   0.01180   0.00611  -0.1071  0.7340  1.0000  -0.8696   0.0000   0.0000   0.0000   0.4271
   1.500   0.6523   0.01195   0.00614  -0.1075  0.7198  1.0000  -0.9260   0.0000   0.0000   0.0000   0.4118
   2.000   0.7121   0.01190   0.00589  -0.1081  0.7051  1.0000  -0.9888   0.0000   0.0000   0.0000   0.3982
   2.500   0.7666   0.01202   0.00598  -0.1080  0.6874  1.0000  -1.0515   0.0000   0.0000   0.0000   0.3867
   3.000   0.8223   0.01213   0.00601  -0.1079  0.6696  1.0000  -1.1195   0.0000   0.0000   0.0000   0.3765
   3.500   0.8783   0.01220   0.00600  -0.1078  0.6510  1.0000  -1.1948   0.0000   0.0000   0.0000   0.3674
   4.000   0.9338   0.01232   0.00603  -0.1075  0.6310  1.0000  -1.2777   0.0000   0.0000   0.0000   0.3593
   4.500   0.9878   0.01251   0.00615  -0.1071  0.6085  1.0000  -1.3680   0.0000   0.0000   0.0000   0.3519
   5.000   1.0398   0.01277   0.00640  -0.1063  0.5832  1.0000  -1.4774   0.0000   0.0000   0.0000   0.3451
   5.500   1.0905   0.01313   0.00675  -0.1053  0.5555  1.0000  -1.5919   0.0000   0.0000   0.0000   0.3389
   6.000   1.1400   0.01357   0.00717  -0.1042  0.5255  1.0000  -1.7401   0.0000   0.0000   0.0000   0.3331
   6.500   1.1881   0.01414   0.00766  -0.1029  0.4942  1.0000  -1.8979   0.0000   0.0000   0.0000   0.3276
   7.000   1.2335   0.01482   0.00829  -0.1012  0.4599  1.0000  -2.1034   0.0000   0.0000   0.0000   0.3224
   7.500   1.2772   0.01560   0.00905  -0.0994  0.4264  1.0000  -2.3915   0.0000   0.0000   0.0000   0.3174
   8.000   1.3168   0.01657   0.00990  -0.0969  0.3900  1.0000  -2.6878   0.0000   0.0000   0.0000   0.3125
   8.500   1.3531   0.01762   0.01095  -0.0941  0.3529  1.0000  -2.9957   0.0000   0.0000   0.0000   0.3077
   9.000   1.3852   0.01890   0.01216  -0.0908  0.3195  1.0000  -3.2989   0.0000   0.0000   0.0000   0.3029
   9.500   1.4099   0.02030   0.01354  -0.0865  0.2828  1.0000  -3.5848   0.0000   0.0000   0.0000   0.2980
  10.000   1.4278   0.02219   0.01533  -0.0818  0.2473  1.0000  -3.8516   0.0000   0.0000   0.0000   0.2931
  10.500   1.4451   0.02438   0.01754  -0.0776  0.2128  1.0000  -4.1186   0.0000   0.0000   0.0000   0.2887
  11.000   1.4549   0.02732   0.02037  -0.0734  0.1799  1.0000  -4.3582   0.0000   0.0000   0.0000   0.2845
  11.500   1.4654   0.03052   0.02356  -0.0698  0.1474  1.0000  -4.6007   0.0000   0.0000   0.0000   0.2808
  12.000   1.4684   0.03457   0.02753  -0.0663  0.1199  1.0000  -4.8104   0.0000   0.0000   0.0000   0.2774
  12.500   1.4688   0.03912   0.03204  -0.0633  0.0975  1.0000  -5.0048   0.0000   0.0000   0.0000   0.2744
  13.000   1.4694   0.04392   0.03690  -0.0607  0.0802  1.0000  -5.2048   0.0000   0.0000   0.0000   0.2717
  13.500   1.4657   0.04936   0.04246  -0.0584  0.0675  1.0000  -5.3746   0.0000   0.0000   0.0000   0.2692
  14.000   1.4554   0.05591   0.04905  -0.0568  0.0571  1.0000  -5.5061   0.0000   0.0000   0.0000   0.2673
  14.500   1.4521   0.06199   0.05543  -0.0555  0.0503  1.0000  -5.6516   0.0000   0.0000   0.0000   0.2655
  15.000   1.4475   0.06864   0.06227  -0.0551  0.0446  1.0000  -5.7928   0.0000   0.0000   0.0000   0.2643


