xflr5 v6.59

 Calculated polar for: revR_95_revT

 1 1 Reynolds number fixed          Mach number fixed         

 xtrf =   1.000 (top)        1.000 (bottom)
 Mach =   0.000     Re =     0.445 e 6     Ncrit =   9.000

  alpha     CL        CD       CDp       Cm    Top Xtr Bot Xtr   Cpmin    Chinge    XCp    
 ------- -------- --------- --------- -------- ------- ------- -------- --------- ---------
  -5.000   0.1214   0.01284   0.00631  -0.1497  0.7776  0.0434  -2.3341   0.0000   0.0000   0.0000   1.5137
  -4.500   0.1781   0.01181   0.00520  -0.1502  0.7708  0.0535  -2.0777   0.0000   0.0000   0.0000   1.1116
  -4.000   0.2355   0.01128   0.00463  -0.1507  0.7631  0.0717  -1.8205   0.0000   0.0000   0.0000   0.9020
  -3.500   0.2924   0.01071   0.00416  -0.1511  0.7555  0.1051  -1.5708   0.0000   0.0000   0.0000   0.7751
  -3.000   0.3500   0.01030   0.00388  -0.1516  0.7482  0.1557  -1.3186   0.0000   0.0000   0.0000   0.6890
  -2.500   0.4081   0.01006   0.00373  -0.1522  0.7401  0.2166  -1.0832   0.0000   0.0000   0.0000   0.6268
  -2.000   0.4649   0.00977   0.00363  -0.1526  0.7326  0.2831  -0.8604   0.0000   0.0000   0.0000   0.5806
  -1.500   0.5223   0.00945   0.00351  -0.1531  0.7236  0.3658  -0.8342   0.0000   0.0000   0.0000   0.5441
  -1.000   0.5802   0.00926   0.00347  -0.1536  0.7146  0.4584  -0.8758   0.0000   0.0000   0.0000   0.5147
  -0.500   0.6367   0.00902   0.00356  -0.1538  0.7067  0.5650  -0.9203   0.0000   0.0000   0.0000   0.4908
   0.000   0.6922   0.00877   0.00359  -0.1535  0.6964  0.6810  -0.9649   0.0000   0.0000   0.0000   0.4702
   0.500   0.7472   0.00878   0.00369  -0.1530  0.6860  0.7643  -1.0095   0.0000   0.0000   0.0000   0.4525
   1.000   0.8002   0.00873   0.00378  -0.1522  0.6765  0.8200  -1.0582   0.0000   0.0000   0.0000   0.4372
   1.500   0.8496   0.00864   0.00374  -0.1504  0.6649  0.8800  -1.1107   0.0000   0.0000   0.0000   0.4233
   2.000   0.8969   0.00849   0.00369  -0.1481  0.6522  0.9644  -1.1622   0.0000   0.0000   0.0000   0.4108
   2.500   0.9572   0.00860   0.00367  -0.1492  0.6384  1.0000  -1.2301   0.0000   0.0000   0.0000   0.4008
   3.000   1.0141   0.00877   0.00381  -0.1497  0.6243  1.0000  -1.2984   0.0000   0.0000   0.0000   0.3919
   3.500   1.0695   0.00899   0.00392  -0.1497  0.6068  1.0000  -1.3666   0.0000   0.0000   0.0000   0.3836
   4.000   1.1241   0.00924   0.00410  -0.1497  0.5891  1.0000  -1.4355   0.0000   0.0000   0.0000   0.3761
   4.500   1.1781   0.00953   0.00438  -0.1495  0.5715  1.0000  -1.5171   0.0000   0.0000   0.0000   0.3692
   5.000   1.2303   0.00990   0.00468  -0.1491  0.5512  1.0000  -1.5983   0.0000   0.0000   0.0000   0.3628
   5.500   1.2805   0.01033   0.00504  -0.1483  0.5274  1.0000  -1.6939   0.0000   0.0000   0.0000   0.3567
   6.000   1.3296   0.01085   0.00549  -0.1473  0.5052  1.0000  -1.7936   0.0000   0.0000   0.0000   0.3510
   6.500   1.3760   0.01143   0.00600  -0.1460  0.4783  1.0000  -1.9154   0.0000   0.0000   0.0000   0.3455
   7.000   1.4208   0.01209   0.00661  -0.1443  0.4526  1.0000  -2.0371   0.0000   0.0000   0.0000   0.3402
   7.500   1.4618   0.01287   0.00731  -0.1421  0.4234  1.0000  -2.1774   0.0000   0.0000   0.0000   0.3351
   8.000   1.4981   0.01375   0.00813  -0.1392  0.3952  1.0000  -2.3210   0.0000   0.0000   0.0000   0.3300
   8.500   1.5304   0.01477   0.00910  -0.1356  0.3688  1.0000  -2.4643   0.0000   0.0000   0.0000   0.3249
   9.000   1.5577   0.01607   0.01032  -0.1316  0.3397  1.0000  -2.6445   0.0000   0.0000   0.0000   0.3199
   9.500   1.5825   0.01762   0.01181  -0.1276  0.3129  1.0000  -2.8401   0.0000   0.0000   0.0000   0.3152
  10.000   1.6069   0.01935   0.01353  -0.1239  0.2884  1.0000  -3.0965   0.0000   0.0000   0.0000   0.3108
  10.500   1.6270   0.02149   0.01561  -0.1201  0.2628  1.0000  -3.3462   0.0000   0.0000   0.0000   0.3065
  11.000   1.6438   0.02400   0.01806  -0.1163  0.2364  1.0000  -3.5907   0.0000   0.0000   0.0000   0.3025
  11.500   1.6573   0.02689   0.02090  -0.1125  0.2098  1.0000  -3.8340   0.0000   0.0000   0.0000   0.2987
  12.000   1.6693   0.03003   0.02400  -0.1089  0.1862  1.0000  -4.0787   0.0000   0.0000   0.0000   0.2951
  12.500   1.6797   0.03340   0.02736  -0.1055  0.1642  1.0000  -4.3215   0.0000   0.0000   0.0000   0.2916
  13.000   1.6858   0.03729   0.03122  -0.1022  0.1432  1.0000  -4.5512   0.0000   0.0000   0.0000   0.2884
  13.500   1.6903   0.04151   0.03544  -0.0991  0.1237  1.0000  -4.7771   0.0000   0.0000   0.0000   0.2853
  14.000   1.6936   0.04607   0.04004  -0.0964  0.1069  1.0000  -5.0001   0.0000   0.0000   0.0000   0.2825
  14.500   1.6953   0.05103   0.04503  -0.0940  0.0924  1.0000  -5.2177   0.0000   0.0000   0.0000   0.2800
  15.000   1.6905   0.05688   0.05090  -0.0918  0.0791  1.0000  -5.4061   0.0000   0.0000   0.0000   0.2777
  15.500   1.6916   0.06233   0.05646  -0.0903  0.0701  1.0000  -5.6222   0.0000   0.0000   0.0000   0.2756
  16.000   1.6852   0.06889   0.06311  -0.0891  0.0611  1.0000  -5.8005   0.0000   0.0000   0.0000   0.2739
  16.500   1.6799   0.07548   0.06981  -0.0883  0.0538  1.0000  -5.9882   0.0000   0.0000   0.0000   0.2724
  17.000   1.6673   0.08325   0.07772  -0.0879  0.0469  1.0000  -6.1365   0.0000   0.0000   0.0000   0.2714
  17.500   1.6569   0.09097   0.08558  -0.0881  0.0416  1.0000  -6.3171   0.0000   0.0000   0.0000   0.2706
  18.000   1.6320   0.10092   0.09566  -0.0890  0.0364  1.0000  -6.4035   0.0000   0.0000   0.0000   0.2707
  18.500   1.6251   0.10851   0.10347  -0.0901  0.0333  1.0000  -6.6074   0.0000   0.0000   0.0000   0.2703
  19.000   1.6070   0.11798   0.11308  -0.0921  0.0302  1.0000  -6.7308   0.0000   0.0000   0.0000   0.2710
  19.500   1.5791   0.12916   0.12443  -0.0953  0.0271  1.0000  -6.7642   0.0000   0.0000   0.0000   0.2727
  20.000   1.5717   0.13730   0.13278  -0.0980  0.0255  1.0000  -6.9402   0.0000   0.0000   0.0000   0.2734
  20.500   1.5606   0.14621   0.14186  -0.1015  0.0236  1.0000  -7.0804   0.0000   0.0000   0.0000   0.2748
  21.000   1.5452   0.15609   0.15187  -0.1060  0.0218  1.0000  -7.1724   0.0000   0.0000   0.0000   0.2770
  21.500   1.5295   0.16595   0.16186  -0.1107  0.0199  1.0000  -7.2306   0.0000   0.0000   0.0000   0.2795
  22.000   1.5244   0.17428   0.17039  -0.1153  0.0191  1.0000  -7.3777   0.0000   0.0000   0.0000   0.2813
  22.500   1.5187   0.18282   0.17912  -0.1203  0.0181  1.0000  -7.5077   0.0000   0.0000   0.0000   0.2835
  23.000   1.5148   0.19109   0.18756  -0.1254  0.0171  1.0000  -7.6560   0.0000   0.0000   0.0000   0.2856
  23.500   1.5097   0.19985   0.19644  -0.1312  0.0162  1.0000  -7.7799   0.0000   0.0000   0.0000   0.2883
  24.000   1.5060   0.20816   0.20485  -0.1369  0.0152  1.0000  -7.9032   0.0000   0.0000   0.0000   0.2908
  24.500   1.5010   0.21667   0.21354  -0.1430  0.0143  1.0000  -7.9782   0.0000   0.0000   0.0000   0.2935
  25.000   1.4960   0.22616   0.22324  -0.1501  0.0140  1.0000  -8.0491   0.0000   0.0000   0.0000   0.2971
  25.500   1.4902   0.23599   0.23328  -0.1576  0.0135  1.0000  -8.0856   0.0000   0.0000   0.0000   0.3011
  26.000   1.4788   0.24783   0.24536  -0.1668  0.0131  1.0000  -8.0035   0.0000   0.0000   0.0000   0.3067
  26.500   1.4607   0.26247   0.26027  -0.1782  0.0128  1.0000  -7.7481   0.0000   0.0000   0.0000   0.3147
  29.500   0.8495   0.33703   0.33545  -0.1480  0.0132  1.0000  -1.3425   0.0000   0.0000   0.0000   0.3804
  30.000   0.8523   0.34459   0.34304  -0.1505  0.0117  1.0000  -1.3291   0.0000   0.0000   0.0000   0.3814


