xflr5 v6.59

 Calculated polar for: revR_85_revT

 1 1 Reynolds number fixed          Mach number fixed         

 xtrf =   1.000 (top)        1.000 (bottom)
 Mach =   0.000     Re =     0.270 e 6     Ncrit =   9.000

  alpha     CL        CD       CDp       Cm    Top Xtr Bot Xtr   Cpmin    Chinge    XCp    
 ------- -------- --------- --------- -------- ------- ------- -------- --------- ---------
  -5.000   0.0785   0.01591   0.00890  -0.1424  0.8195  0.0579  -2.2655   0.0000   0.0000   0.0000   2.1097
  -4.500   0.1321   0.01525   0.00815  -0.1422  0.8110  0.0675  -2.0120   0.0000   0.0000   0.0000   1.3504
  -4.000   0.1874   0.01405   0.00692  -0.1424  0.8022  0.0909  -1.7878   0.0000   0.0000   0.0000   1.0243
  -3.500   0.2451   0.01344   0.00634  -0.1428  0.7945  0.1342  -1.5421   0.0000   0.0000   0.0000   0.8423
  -3.000   0.2993   0.01293   0.00612  -0.1430  0.7853  0.2032  -1.3096   0.0000   0.0000   0.0000   0.7344
  -2.500   0.3561   0.01249   0.00585  -0.1433  0.7762  0.2787  -1.0780   0.0000   0.0000   0.0000   0.6569
  -2.000   0.4143   0.01222   0.00572  -0.1438  0.7684  0.3684  -0.8607   0.0000   0.0000   0.0000   0.5998
  -1.500   0.4683   0.01189   0.00575  -0.1437  0.7584  0.4753  -0.7771   0.0000   0.0000   0.0000   0.5583
  -1.000   0.5243   0.01147   0.00564  -0.1435  0.7485  0.5954  -0.8185   0.0000   0.0000   0.0000   0.5240
  -0.500   0.5775   0.01139   0.00582  -0.1424  0.7398  0.7148  -0.8609   0.0000   0.0000   0.0000   0.4961
   0.000   0.6276   0.01132   0.00591  -0.1407  0.7287  0.7957  -0.9030   0.0000   0.0000   0.0000   0.4729
   0.500   0.6763   0.01116   0.00576  -0.1382  0.7188  0.8607  -0.9457   0.0000   0.0000   0.0000   0.4523
   1.000   0.7170   0.01101   0.00573  -0.1343  0.7069  0.9347  -0.9894   0.0000   0.0000   0.0000   0.4346
   1.500   0.7842   0.01087   0.00544  -0.1366  0.6955  1.0000  -1.0500   0.0000   0.0000   0.0000   0.4207
   2.000   0.8425   0.01105   0.00553  -0.1374  0.6828  1.0000  -1.1097   0.0000   0.0000   0.0000   0.4090
   2.500   0.9018   0.01105   0.00537  -0.1380  0.6690  1.0000  -1.1761   0.0000   0.0000   0.0000   0.3983
   3.000   0.9573   0.01122   0.00553  -0.1382  0.6545  1.0000  -1.2397   0.0000   0.0000   0.0000   0.3889
   3.500   1.0146   0.01133   0.00551  -0.1384  0.6394  1.0000  -1.3098   0.0000   0.0000   0.0000   0.3804
   4.000   1.0687   0.01145   0.00560  -0.1381  0.6212  1.0000  -1.3860   0.0000   0.0000   0.0000   0.3725
   4.500   1.1221   0.01171   0.00586  -0.1378  0.6032  1.0000  -1.4634   0.0000   0.0000   0.0000   0.3654
   5.000   1.1749   0.01199   0.00609  -0.1373  0.5831  1.0000  -1.5544   0.0000   0.0000   0.0000   0.3588
   5.500   1.2262   0.01234   0.00638  -0.1365  0.5606  1.0000  -1.6493   0.0000   0.0000   0.0000   0.3527
   6.000   1.2759   0.01279   0.00678  -0.1356  0.5372  1.0000  -1.7650   0.0000   0.0000   0.0000   0.3469
   6.500   1.3229   0.01332   0.00727  -0.1342  0.5106  1.0000  -1.8834   0.0000   0.0000   0.0000   0.3413
   7.000   1.3679   0.01396   0.00788  -0.1325  0.4836  1.0000  -2.0192   0.0000   0.0000   0.0000   0.3360
   7.500   1.4097   0.01470   0.00859  -0.1304  0.4545  1.0000  -2.1669   0.0000   0.0000   0.0000   0.3308
   8.000   1.4472   0.01560   0.00941  -0.1276  0.4239  1.0000  -2.3192   0.0000   0.0000   0.0000   0.3257
   8.500   1.4812   0.01660   0.01040  -0.1243  0.3965  1.0000  -2.5143   0.0000   0.0000   0.0000   0.3207
   9.000   1.5066   0.01789   0.01159  -0.1198  0.3669  1.0000  -2.7404   0.0000   0.0000   0.0000   0.3155
   9.500   1.5301   0.01936   0.01304  -0.1154  0.3376  1.0000  -3.0011   0.0000   0.0000   0.0000   0.3106
  10.000   1.5520   0.02110   0.01478  -0.1113  0.3110  1.0000  -3.2632   0.0000   0.0000   0.0000   0.3060
  10.500   1.5707   0.02320   0.01690  -0.1072  0.2837  1.0000  -3.5208   0.0000   0.0000   0.0000   0.3016
  11.000   1.5858   0.02572   0.01940  -0.1032  0.2559  1.0000  -3.7736   0.0000   0.0000   0.0000   0.2975
  11.500   1.5972   0.02869   0.02234  -0.0994  0.2280  1.0000  -4.0236   0.0000   0.0000   0.0000   0.2937
  12.000   1.6059   0.03208   0.02570  -0.0957  0.2019  1.0000  -4.2660   0.0000   0.0000   0.0000   0.2901
  12.500   1.6115   0.03588   0.02948  -0.0922  0.1772  1.0000  -4.4992   0.0000   0.0000   0.0000   0.2867
  13.000   1.6139   0.04018   0.03379  -0.0890  0.1541  1.0000  -4.7204   0.0000   0.0000   0.0000   0.2836
  13.500   1.6150   0.04483   0.03847  -0.0862  0.1334  1.0000  -4.9366   0.0000   0.0000   0.0000   0.2808
  14.000   1.6148   0.04993   0.04361  -0.0838  0.1149  1.0000  -5.1473   0.0000   0.0000   0.0000   0.2782
  14.500   1.6124   0.05551   0.04925  -0.0818  0.0990  1.0000  -5.3476   0.0000   0.0000   0.0000   0.2760
  15.000   1.6027   0.06221   0.05596  -0.0802  0.0852  1.0000  -5.5098   0.0000   0.0000   0.0000   0.2742


