xflr5 v6.59

 Calculated polar for: revR_20_revT

 1 1 Reynolds number fixed          Mach number fixed         

 xtrf =   1.000 (top)        1.000 (bottom)
 Mach =   0.000     Re =     0.440 e 6     Ncrit =   9.000

  alpha     CL        CD       CDp       Cm    Top Xtr Bot Xtr   Cpmin    Chinge    XCp    
 ------- -------- --------- --------- -------- ------- ------- -------- --------- ---------
  -5.000  -0.1839   0.01126   0.00481  -0.0813  0.8615  0.0534  -2.5147   0.0000   0.0000   0.0000  -0.2053
  -4.500  -0.1323   0.01053   0.00398  -0.0804  0.8470  0.0752  -2.1730   0.0000   0.0000   0.0000  -0.3733
  -4.000  -0.0807   0.00989   0.00348  -0.0796  0.8333  0.1188  -1.8312   0.0000   0.0000   0.0000  -0.7587
  -3.500  -0.0276   0.00941   0.00314  -0.0791  0.8206  0.1786  -1.4965   0.0000   0.0000   0.0000  -2.6668
  -3.000   0.0250   0.00891   0.00284  -0.0786  0.8068  0.2555  -1.2323   0.0000   0.0000   0.0000   3.4427
  -2.500   0.0773   0.00836   0.00264  -0.0781  0.7935  0.3712  -1.0220   0.0000   0.0000   0.0000   1.2726
  -2.000   0.1294   0.00783   0.00248  -0.0774  0.7805  0.5029  -0.8206   0.0000   0.0000   0.0000   0.8532
  -1.500   0.1803   0.00739   0.00249  -0.0762  0.7665  0.6451  -0.6302   0.0000   0.0000   0.0000   0.6748
  -1.000   0.2334   0.00729   0.00248  -0.0751  0.7518  0.7233  -0.5565   0.0000   0.0000   0.0000   0.5724
  -0.500   0.2860   0.00722   0.00250  -0.0739  0.7369  0.7776  -0.5999   0.0000   0.0000   0.0000   0.5080
   0.000   0.3389   0.00722   0.00252  -0.0728  0.7218  0.8164  -0.6437   0.0000   0.0000   0.0000   0.4635
   0.500   0.3910   0.00724   0.00251  -0.0715  0.7042  0.8508  -0.6937   0.0000   0.0000   0.0000   0.4309
   1.000   0.4413   0.00721   0.00253  -0.0697  0.6864  0.8840  -0.7443   0.0000   0.0000   0.0000   0.4055
   2.000   0.5486   0.00724   0.00255  -0.0677  0.6442  0.9550  -0.8622   0.0000   0.0000   0.0000   0.3700
   2.500   0.6240   0.00737   0.00260  -0.0718  0.6186  0.9797  -0.9444   0.0000   0.0000   0.0000   0.3612
   3.000   0.7025   0.00757   0.00267  -0.0767  0.5888  0.9994  -1.0407   0.0000   0.0000   0.0000   0.3549
   3.500   0.7426   0.00781   0.00280  -0.0739  0.5608  1.0000  -1.1151   0.0000   0.0000   0.0000   0.3447
   4.000   0.7893   0.00811   0.00300  -0.0722  0.5294  1.0000  -1.2173   0.0000   0.0000   0.0000   0.3362
   4.500   0.8372   0.00850   0.00328  -0.0707  0.4969  1.0000  -1.3335   0.0000   0.0000   0.0000   0.3287
   5.000   0.8847   0.00895   0.00359  -0.0691  0.4586  1.0000  -1.4859   0.0000   0.0000   0.0000   0.3219
   5.500   0.9322   0.00944   0.00399  -0.0677  0.4251  1.0000  -1.7831   0.0000   0.0000   0.0000   0.3158
   6.000   0.9768   0.01007   0.00443  -0.0658  0.3782  1.0000  -2.1001   0.0000   0.0000   0.0000   0.3100
   6.500   1.0195   0.01082   0.00497  -0.0636  0.3281  1.0000  -2.4251   0.0000   0.0000   0.0000   0.3045
   7.000   1.0609   0.01163   0.00558  -0.0613  0.2803  1.0000  -2.7671   0.0000   0.0000   0.0000   0.2993
   7.500   1.1003   0.01254   0.00632  -0.0587  0.2340  1.0000  -3.1242   0.0000   0.0000   0.0000   0.2943
   8.000   1.1379   0.01349   0.00711  -0.0559  0.1922  1.0000  -3.4869   0.0000   0.0000   0.0000   0.2894
   8.500   1.1703   0.01464   0.00806  -0.0523  0.1484  1.0000  -3.8397   0.0000   0.0000   0.0000   0.2843
   9.000   1.1954   0.01587   0.00910  -0.0475  0.1114  1.0000  -4.1709   0.0000   0.0000   0.0000   0.2787
   9.500   1.2170   0.01717   0.01031  -0.0422  0.0834  1.0000  -4.4925   0.0000   0.0000   0.0000   0.2730
  10.000   1.2387   0.01855   0.01164  -0.0374  0.0635  1.0000  -4.8175   0.0000   0.0000   0.0000   0.2678
  10.500   1.2587   0.02010   0.01317  -0.0327  0.0481  1.0000  -5.1337   0.0000   0.0000   0.0000   0.2629
  11.000   1.2749   0.02200   0.01507  -0.0281  0.0342  1.0000  -5.4181   0.0000   0.0000   0.0000   0.2582
  11.500   1.2818   0.02469   0.01777  -0.0231  0.0224  1.0000  -5.6109   0.0000   0.0000   0.0000   0.2533
  12.000   1.2877   0.02772   0.02088  -0.0188  0.0181  1.0000  -5.8048   0.0000   0.0000   0.0000   0.2490
  12.500   1.2808   0.03207   0.02551  -0.0144  0.0160  1.0000  -5.8986   0.0000   0.0000   0.0000   0.2448
  13.000   1.2915   0.03536   0.02899  -0.0121  0.0155  1.0000  -6.1510   0.0000   0.0000   0.0000   0.2420
  13.500   1.2974   0.03933   0.03316  -0.0102  0.0149  1.0000  -6.3739   0.0000   0.0000   0.0000   0.2396
  14.000   1.3006   0.04390   0.03793  -0.0089  0.0143  1.0000  -6.5789   0.0000   0.0000   0.0000   0.2376
  14.500   1.3010   0.04912   0.04335  -0.0083  0.0138  1.0000  -6.7642   0.0000   0.0000   0.0000   0.2361
  15.000   1.2995   0.05502   0.04946  -0.0084  0.0134  1.0000  -6.9300   0.0000   0.0000   0.0000   0.2352


