xflr5 v6.59

 Calculated polar for: revR_55_revT

 1 1 Reynolds number fixed          Mach number fixed         

 xtrf =   1.000 (top)        1.000 (bottom)
 Mach =   0.000     Re =     0.455 e 6     Ncrit =   9.000

  alpha     CL        CD       CDp       Cm    Top Xtr Bot Xtr   Cpmin    Chinge    XCp    
 ------- -------- --------- --------- -------- ------- ------- -------- --------- ---------
  -5.000  -0.0462   0.01197   0.00550  -0.1125  0.8112  0.0464  -2.4257   0.0000   0.0000   0.0000  -2.2480
  -4.500   0.0088   0.01102   0.00441  -0.1125  0.8013  0.0622  -2.1001   0.0000   0.0000   0.0000  13.3817
  -4.000   0.0641   0.01042   0.00385  -0.1125  0.7918  0.0877  -1.7735   0.0000   0.0000   0.0000   2.0369
  -3.500   0.1199   0.00987   0.00343  -0.1126  0.7823  0.1388  -1.5214   0.0000   0.0000   0.0000   1.2040
  -3.000   0.1759   0.00948   0.00321  -0.1128  0.7730  0.2047  -1.2775   0.0000   0.0000   0.0000   0.8997
  -2.500   0.2318   0.00906   0.00300  -0.1130  0.7625  0.2805  -1.0433   0.0000   0.0000   0.0000   0.7424
  -2.000   0.2880   0.00871   0.00286  -0.1132  0.7519  0.3785  -0.8276   0.0000   0.0000   0.0000   0.6458
  -1.500   0.3434   0.00828   0.00280  -0.1132  0.7421  0.4940  -0.6610   0.0000   0.0000   0.0000   0.5811
  -1.000   0.3988   0.00799   0.00275  -0.1130  0.7310  0.6048  -0.7030   0.0000   0.0000   0.0000   0.5336
  -0.500   0.4526   0.00778   0.00285  -0.1123  0.7191  0.7126  -0.7443   0.0000   0.0000   0.0000   0.4975
   0.000   0.5072   0.00776   0.00285  -0.1116  0.7068  0.7722  -0.7893   0.0000   0.0000   0.0000   0.4686
   0.500   0.5606   0.00774   0.00293  -0.1107  0.6948  0.8206  -0.8370   0.0000   0.0000   0.0000   0.4454
   1.000   0.6125   0.00774   0.00292  -0.1094  0.6800  0.8619  -0.8860   0.0000   0.0000   0.0000   0.4259
   1.500   0.6620   0.00767   0.00294  -0.1076  0.6654  0.9039  -0.9400   0.0000   0.0000   0.0000   0.4092
   2.000   0.7134   0.00760   0.00290  -0.1061  0.6494  0.9615  -0.9975   0.0000   0.0000   0.0000   0.3949
   2.500   0.7783   0.00770   0.00288  -0.1082  0.6303  1.0000  -1.0680   0.0000   0.0000   0.0000   0.3846
   3.000   0.8348   0.00790   0.00298  -0.1085  0.6102  1.0000  -1.1370   0.0000   0.0000   0.0000   0.3751
   3.500   0.8904   0.00813   0.00313  -0.1086  0.5882  1.0000  -1.2126   0.0000   0.0000   0.0000   0.3665
   4.000   0.9447   0.00843   0.00334  -0.1085  0.5639  1.0000  -1.2953   0.0000   0.0000   0.0000   0.3588
   4.500   0.9978   0.00880   0.00361  -0.1081  0.5374  1.0000  -1.3855   0.0000   0.0000   0.0000   0.3517
   5.000   1.0505   0.00919   0.00394  -0.1077  0.5097  1.0000  -1.4986   0.0000   0.0000   0.0000   0.3453
   5.500   1.1021   0.00965   0.00433  -0.1071  0.4804  1.0000  -1.6157   0.0000   0.0000   0.0000   0.3394
   6.000   1.1512   0.01024   0.00478  -0.1062  0.4452  1.0000  -1.7700   0.0000   0.0000   0.0000   0.3338
   6.500   1.2001   0.01086   0.00532  -0.1052  0.4147  1.0000  -1.9364   0.0000   0.0000   0.0000   0.3286
   7.000   1.2471   0.01157   0.00593  -0.1040  0.3779  1.0000  -2.1655   0.0000   0.0000   0.0000   0.3236
   7.500   1.2916   0.01241   0.00665  -0.1025  0.3424  1.0000  -2.4723   0.0000   0.0000   0.0000   0.3189
   8.000   1.3353   0.01326   0.00744  -0.1009  0.3089  1.0000  -2.7994   0.0000   0.0000   0.0000   0.3144
   8.500   1.3736   0.01438   0.00839  -0.0985  0.2682  1.0000  -3.1212   0.0000   0.0000   0.0000   0.3098
   9.000   1.4073   0.01561   0.00946  -0.0954  0.2309  1.0000  -3.4381   0.0000   0.0000   0.0000   0.3052
   9.500   1.4370   0.01699   0.01071  -0.0919  0.1945  1.0000  -3.7499   0.0000   0.0000   0.0000   0.3005
  10.000   1.4596   0.01883   0.01236  -0.0878  0.1573  1.0000  -4.0424   0.0000   0.0000   0.0000   0.2959
  10.500   1.4827   0.02076   0.01423  -0.0842  0.1275  1.0000  -4.3426   0.0000   0.0000   0.0000   0.2917
  11.000   1.5015   0.02312   0.01649  -0.0806  0.1014  1.0000  -4.6301   0.0000   0.0000   0.0000   0.2878
  11.500   1.5187   0.02575   0.01907  -0.0772  0.0811  1.0000  -4.9146   0.0000   0.0000   0.0000   0.2840
  12.000   1.5345   0.02864   0.02199  -0.0741  0.0653  1.0000  -5.1950   0.0000   0.0000   0.0000   0.2806
  12.500   1.5460   0.03203   0.02540  -0.0711  0.0521  1.0000  -5.4679   0.0000   0.0000   0.0000   0.2773
  13.000   1.5516   0.03609   0.02947  -0.0682  0.0414  1.0000  -5.7117   0.0000   0.0000   0.0000   0.2743
  13.500   1.5600   0.04008   0.03366  -0.0658  0.0352  1.0000  -5.9659   0.0000   0.0000   0.0000   0.2715
  14.000   1.5585   0.04523   0.03887  -0.0635  0.0290  1.0000  -6.1661   0.0000   0.0000   0.0000   0.2691
  14.500   1.5502   0.05151   0.04537  -0.0616  0.0250  1.0000  -6.3069   0.0000   0.0000   0.0000   0.2670
  15.000   1.5507   0.05721   0.05127  -0.0607  0.0227  1.0000  -6.5056   0.0000   0.0000   0.0000   0.2653


