xflr5 v6.59

 Calculated polar for: revR_65_revT

 1 1 Reynolds number fixed          Mach number fixed         

 xtrf =   1.000 (top)        1.000 (bottom)
 Mach =   0.000     Re =     0.405 e 6     Ncrit =   9.000

  alpha     CL        CD       CDp       Cm    Top Xtr Bot Xtr   Cpmin    Chinge    XCp    
 ------- -------- --------- --------- -------- ------- ------- -------- --------- ---------
  -5.000  -0.0044   0.01243   0.00585  -0.1223  0.8088  0.0493  -2.3727   0.0000   0.0000   0.0000  -28.4506
  -4.500   0.0517   0.01177   0.00500  -0.1224  0.8002  0.0600  -2.0416   0.0000   0.0000   0.0000   2.6673
  -4.000   0.1068   0.01102   0.00435  -0.1224  0.7910  0.0889  -1.7829   0.0000   0.0000   0.0000   1.4178
  -3.500   0.1629   0.01048   0.00392  -0.1226  0.7818  0.1366  -1.5304   0.0000   0.0000   0.0000   1.0146
  -3.000   0.2195   0.01015   0.00370  -0.1229  0.7731  0.1969  -1.2802   0.0000   0.0000   0.0000   0.8174
  -2.500   0.2753   0.00970   0.00352  -0.1232  0.7636  0.2779  -1.0522   0.0000   0.0000   0.0000   0.7019
  -2.000   0.3319   0.00934   0.00332  -0.1234  0.7536  0.3630  -0.8324   0.0000   0.0000   0.0000   0.6243
  -1.500   0.3876   0.00898   0.00329  -0.1235  0.7436  0.4755  -0.7012   0.0000   0.0000   0.0000   0.5699
  -1.000   0.4430   0.00863   0.00327  -0.1233  0.7337  0.5988  -0.7419   0.0000   0.0000   0.0000   0.5287
  -0.500   0.4975   0.00849   0.00335  -0.1227  0.7229  0.7027  -0.7851   0.0000   0.0000   0.0000   0.4961
   0.000   0.5510   0.00840   0.00339  -0.1218  0.7110  0.7751  -0.8281   0.0000   0.0000   0.0000   0.4696
   1.500   0.7018   0.00827   0.00340  -0.1167  0.6726  0.9207  -0.9770   0.0000   0.0000   0.0000   0.4130
   2.000   0.7636   0.00816   0.00327  -0.1177  0.6577  1.0000  -1.0419   0.0000   0.0000   0.0000   0.4002
   2.500   0.8215   0.00830   0.00334  -0.1184  0.6409  1.0000  -1.1047   0.0000   0.0000   0.0000   0.3896
   3.000   0.8781   0.00848   0.00341  -0.1187  0.6222  1.0000  -1.1723   0.0000   0.0000   0.0000   0.3800
   3.500   0.9338   0.00872   0.00355  -0.1188  0.6036  1.0000  -1.2470   0.0000   0.0000   0.0000   0.3715
   4.500   1.0413   0.00932   0.00398  -0.1182  0.5568  1.0000  -1.4147   0.0000   0.0000   0.0000   0.3567
   5.000   1.0938   0.00971   0.00431  -0.1178  0.5321  1.0000  -1.5115   0.0000   0.0000   0.0000   0.3502
   5.500   1.1448   0.01015   0.00469  -0.1171  0.5036  1.0000  -1.6312   0.0000   0.0000   0.0000   0.3442
   6.000   1.1949   0.01066   0.00515  -0.1163  0.4755  1.0000  -1.7521   0.0000   0.0000   0.0000   0.3385
   6.500   1.2418   0.01132   0.00568  -0.1150  0.4411  1.0000  -1.9108   0.0000   0.0000   0.0000   0.3331
   7.000   1.2878   0.01204   0.00632  -0.1136  0.4106  1.0000  -2.0742   0.0000   0.0000   0.0000   0.3281
   7.500   1.3327   0.01278   0.00701  -0.1121  0.3786  1.0000  -2.2872   0.0000   0.0000   0.0000   0.3232
   8.000   1.3720   0.01378   0.00787  -0.1097  0.3413  1.0000  -2.5443   0.0000   0.0000   0.0000   0.3184
   8.500   1.4110   0.01475   0.00878  -0.1074  0.3112  1.0000  -2.8491   0.0000   0.0000   0.0000   0.3138
   9.000   1.4431   0.01590   0.00985  -0.1040  0.2773  1.0000  -3.1450   0.0000   0.0000   0.0000   0.3089
   9.500   1.4685   0.01744   0.01123  -0.0999  0.2429  1.0000  -3.4347   0.0000   0.0000   0.0000   0.3041
  10.000   1.4955   0.01900   0.01278  -0.0964  0.2132  1.0000  -3.7381   0.0000   0.0000   0.0000   0.2997
  10.500   1.5165   0.02105   0.01474  -0.0926  0.1813  1.0000  -4.0257   0.0000   0.0000   0.0000   0.2955
  11.000   1.5328   0.02360   0.01716  -0.0888  0.1506  1.0000  -4.3026   0.0000   0.0000   0.0000   0.2915
  11.500   1.5484   0.02637   0.01986  -0.0853  0.1228  1.0000  -4.5891   0.0000   0.0000   0.0000   0.2877
  12.000   1.5607   0.02954   0.02298  -0.0820  0.0999  1.0000  -4.8654   0.0000   0.0000   0.0000   0.2842
  12.500   1.5708   0.03305   0.02651  -0.0789  0.0819  1.0000  -5.1346   0.0000   0.0000   0.0000   0.2810
  13.000   1.5757   0.03716   0.03063  -0.0758  0.0669  1.0000  -5.3798   0.0000   0.0000   0.0000   0.2779
  13.500   1.5808   0.04143   0.03494  -0.0733  0.0556  1.0000  -5.6284   0.0000   0.0000   0.0000   0.2751
  14.000   1.5833   0.04619   0.03984  -0.0710  0.0467  1.0000  -5.8594   0.0000   0.0000   0.0000   0.2725
  14.500   1.5776   0.05214   0.04583  -0.0691  0.0388  1.0000  -6.0479   0.0000   0.0000   0.0000   0.2704
  15.000   1.5722   0.05844   0.05234  -0.0678  0.0341  1.0000  -6.2349   0.0000   0.0000   0.0000   0.2686


