xflr5 v6.59

 Calculated polar for: revR_70_revT

 1 1 Reynolds number fixed          Mach number fixed         

 xtrf =   1.000 (top)        1.000 (bottom)
 Mach =   0.000     Re =     0.100 e 6     Ncrit =   9.000

  alpha     CL        CD       CDp       Cm    Top Xtr Bot Xtr   Cpmin    Chinge    XCp    
 ------- -------- --------- --------- -------- ------- ------- -------- --------- ---------
  -5.000  -0.1805   0.03621   0.02889  -0.1061  0.9082  0.0900  -2.4612   0.0000   0.0000   0.0000  -0.3566
  -4.500  -0.0991   0.03167   0.02348  -0.1125  0.9013  0.0999  -2.2306   0.0000   0.0000   0.0000  -0.9166
  -4.000  -0.0408   0.02987   0.02131  -0.1137  0.8905  0.1140  -2.0065   0.0000   0.0000   0.0000  -2.6082
  -3.500   0.0276   0.02805   0.01942  -0.1166  0.8797  0.1481  -1.7751   0.0000   0.0000   0.0000   4.5712
  -3.000   0.1189   0.02653   0.01814  -0.1232  0.8736  0.2331  -1.5022   0.0000   0.0000   0.0000   1.3046
  -2.500   0.1557   0.02633   0.01834  -0.1211  0.8570  0.3248  -1.3277   0.0000   0.0000   0.0000   1.0400
  -2.000   0.2392   0.02537   0.01805  -0.1257  0.8500  0.4996  -1.0529   0.0000   0.0000   0.0000   0.7816
  -1.500   0.2696   0.02577   0.01901  -0.1212  0.8325  0.6492  -0.8894   0.0000   0.0000   0.0000   0.7036
  -1.000   0.3267   0.02540   0.01893  -0.1176  0.8248  0.8136  -0.6911   0.0000   0.0000   0.0000   0.6122
  -0.500   0.3430   0.02577   0.01942  -0.1093  0.8054  0.9670  -0.6658   0.0000   0.0000   0.0000   0.5698
   0.000   0.4391   0.02540   0.01858  -0.1163  0.7985  1.0000  -0.7322   0.0000   0.0000   0.0000   0.5145
   0.500   0.4841   0.02647   0.01942  -0.1163  0.7794  1.0000  -0.7691   0.0000   0.0000   0.0000   0.4891
   1.500   0.6142   0.02667   0.01920  -0.1189  0.7531  1.0000  -0.8806   0.0000   0.0000   0.0000   0.4408
   2.000   0.6583   0.02775   0.02019  -0.1178  0.7339  1.0000  -0.9285   0.0000   0.0000   0.0000   0.4256
   2.500   0.7390   0.02657   0.01887  -0.1197  0.7268  1.0000  -1.0102   0.0000   0.0000   0.0000   0.4080
   3.000   0.7840   0.02735   0.01963  -0.1183  0.7067  1.0000  -1.0609   0.0000   0.0000   0.0000   0.3963
   4.000   0.9122   0.02621   0.01844  -0.1184  0.6791  1.0000  -1.2206   0.0000   0.0000   0.0000   0.3739
   4.500   0.9610   0.02652   0.01881  -0.1170  0.6592  1.0000  -1.2926   0.0000   0.0000   0.0000   0.3652
   5.000   1.0183   0.02614   0.01848  -0.1161  0.6410  1.0000  -1.3868   0.0000   0.0000   0.0000   0.3569
   5.500   1.0976   0.02447   0.01676  -0.1176  0.6287  1.0000  -1.5141   0.0000   0.0000   0.0000   0.3493
   6.000   1.1501   0.02435   0.01673  -0.1163  0.6063  1.0000  -1.6367   0.0000   0.0000   0.0000   0.3426
   6.500   1.2059   0.02403   0.01646  -0.1153  0.5827  1.0000  -1.7671   0.0000   0.0000   0.0000   0.3364
   7.000   1.2619   0.02385   0.01631  -0.1144  0.5578  1.0000  -1.9369   0.0000   0.0000   0.0000   0.3307
   7.500   1.3133   0.02395   0.01641  -0.1129  0.5293  1.0000  -2.1098   0.0000   0.0000   0.0000   0.3253
   8.000   1.3555   0.02456   0.01714  -0.1104  0.4980  1.0000  -2.3159   0.0000   0.0000   0.0000   0.3200
   8.500   1.3997   0.02507   0.01763  -0.1081  0.4651  1.0000  -2.5574   0.0000   0.0000   0.0000   0.3150
   9.000   1.4419   0.02583   0.01829  -0.1056  0.4314  1.0000  -2.8631   0.0000   0.0000   0.0000   0.3102
   9.500   1.4706   0.02713   0.01975  -0.1015  0.3977  1.0000  -3.1352   0.0000   0.0000   0.0000   0.3052
  10.000   1.4993   0.02841   0.02092  -0.0975  0.3634  1.0000  -3.4353   0.0000   0.0000   0.0000   0.3003
  10.500   1.5116   0.03019   0.02275  -0.0915  0.3302  1.0000  -3.6820   0.0000   0.0000   0.0000   0.2949
  11.000   1.5184   0.03240   0.02501  -0.0854  0.2983  1.0000  -3.9101   0.0000   0.0000   0.0000   0.2898
  11.500   1.5257   0.03503   0.02754  -0.0801  0.2675  1.0000  -4.1426   0.0000   0.0000   0.0000   0.2851
  12.000   1.5254   0.03840   0.03092  -0.0749  0.2371  1.0000  -4.3424   0.0000   0.0000   0.0000   0.2808
  12.500   1.5187   0.04251   0.03516  -0.0701  0.2083  1.0000  -4.5129   0.0000   0.0000   0.0000   0.2769
  13.000   1.5122   0.04713   0.03981  -0.0662  0.1820  1.0000  -4.6799   0.0000   0.0000   0.0000   0.2735
  13.500   1.5054   0.05224   0.04495  -0.0628  0.1585  1.0000  -4.8388   0.0000   0.0000   0.0000   0.2704
  14.000   1.4989   0.05773   0.05050  -0.0600  0.1380  1.0000  -4.9891   0.0000   0.0000   0.0000   0.2677
  14.500   1.4917   0.06366   0.05648  -0.0577  0.1202  1.0000  -5.1292   0.0000   0.0000   0.0000   0.2653
  15.000   1.4898   0.06943   0.06220  -0.0556  0.1042  1.0000  -5.2854   0.0000   0.0000   0.0000   0.2630


