xflr5 v6.59

 Calculated polar for: revR_45_revT

 1 1 Reynolds number fixed          Mach number fixed         

 xtrf =   1.000 (top)        1.000 (bottom)
 Mach =   0.000     Re =     0.395 e 6     Ncrit =   9.000

  alpha     CL        CD       CDp       Cm    Top Xtr Bot Xtr   Cpmin    Chinge    XCp    
 ------- -------- --------- --------- -------- ------- ------- -------- --------- ---------
  -5.000  -0.0862   0.01248   0.00589  -0.1038  0.8329  0.0512  -2.4396   0.0000   0.0000   0.0000  -0.9843
  -4.500  -0.0324   0.01146   0.00476  -0.1035  0.8224  0.0690  -2.1191   0.0000   0.0000   0.0000  -3.0175
  -4.000   0.0220   0.01072   0.00408  -0.1034  0.8112  0.1031  -1.7943   0.0000   0.0000   0.0000   5.0315
  -3.500   0.0776   0.01025   0.00373  -0.1034  0.8009  0.1602  -1.4967   0.0000   0.0000   0.0000   1.6057
  -2.500   0.1878   0.00931   0.00323  -0.1035  0.7795  0.3222  -1.0362   0.0000   0.0000   0.0000   0.8069
  -2.000   0.2425   0.00885   0.00311  -0.1034  0.7680  0.4367  -0.8209   0.0000   0.0000   0.0000   0.6798
  -1.500   0.2969   0.00840   0.00303  -0.1031  0.7572  0.5703  -0.6266   0.0000   0.0000   0.0000   0.5988
  -1.000   0.3508   0.00819   0.00309  -0.1024  0.7453  0.6763  -0.6592   0.0000   0.0000   0.0000   0.5424
  -0.500   0.4042   0.00808   0.00309  -0.1014  0.7325  0.7561  -0.6994   0.0000   0.0000   0.0000   0.5002
   0.000   0.4573   0.00806   0.00315  -0.1003  0.7194  0.8058  -0.7452   0.0000   0.0000   0.0000   0.4681
   0.500   0.5102   0.00808   0.00314  -0.0992  0.7065  0.8476  -0.7924   0.0000   0.0000   0.0000   0.4424
   1.000   0.5590   0.00799   0.00315  -0.0971  0.6907  0.8885  -0.8411   0.0000   0.0000   0.0000   0.4211
   1.500   0.6072   0.00795   0.00311  -0.0948  0.6757  0.9325  -0.8939   0.0000   0.0000   0.0000   0.4030
   2.000   0.6743   0.00791   0.00299  -0.0969  0.6578  0.9878  -0.9634   0.0000   0.0000   0.0000   0.3900
   2.500   0.7337   0.00801   0.00302  -0.0979  0.6379  1.0000  -1.0288   0.0000   0.0000   0.0000   0.3793
   3.000   0.7896   0.00819   0.00311  -0.0981  0.6161  1.0000  -1.1003   0.0000   0.0000   0.0000   0.3695
   3.500   0.8447   0.00842   0.00327  -0.0981  0.5936  1.0000  -1.1769   0.0000   0.0000   0.0000   0.3609
   4.000   0.8986   0.00872   0.00346  -0.0978  0.5675  1.0000  -1.2620   0.0000   0.0000   0.0000   0.3531
   4.500   0.9515   0.00910   0.00373  -0.0974  0.5396  1.0000  -1.3640   0.0000   0.0000   0.0000   0.3460
   5.000   1.0040   0.00949   0.00406  -0.0969  0.5103  1.0000  -1.4763   0.0000   0.0000   0.0000   0.3396
   5.500   1.0551   0.00997   0.00446  -0.0962  0.4779  1.0000  -1.6203   0.0000   0.0000   0.0000   0.3337
   6.000   1.1042   0.01058   0.00493  -0.0952  0.4431  1.0000  -1.7775   0.0000   0.0000   0.0000   0.3281
   6.500   1.1537   0.01117   0.00547  -0.0944  0.4101  1.0000  -2.0362   0.0000   0.0000   0.0000   0.3231
   7.000   1.1994   0.01197   0.00612  -0.0930  0.3700  1.0000  -2.3463   0.0000   0.0000   0.0000   0.3181
   7.500   1.2457   0.01274   0.00683  -0.0917  0.3350  1.0000  -2.6838   0.0000   0.0000   0.0000   0.3136
   8.000   1.2872   0.01376   0.00768  -0.0898  0.2902  1.0000  -3.0212   0.0000   0.0000   0.0000   0.3090
   8.500   1.3253   0.01497   0.00870  -0.0875  0.2444  1.0000  -3.3589   0.0000   0.0000   0.0000   0.3045
   9.000   1.3598   0.01629   0.00985  -0.0847  0.2050  1.0000  -3.6940   0.0000   0.0000   0.0000   0.3001
   9.500   1.3894   0.01773   0.01115  -0.0812  0.1674  1.0000  -4.0200   0.0000   0.0000   0.0000   0.2955
  10.000   1.4138   0.01952   0.01279  -0.0774  0.1313  1.0000  -4.3317   0.0000   0.0000   0.0000   0.2910
  10.500   1.4344   0.02165   0.01479  -0.0736  0.1014  1.0000  -4.6325   0.0000   0.0000   0.0000   0.2867
  11.000   1.4530   0.02406   0.01717  -0.0700  0.0785  1.0000  -4.9273   0.0000   0.0000   0.0000   0.2828
  11.500   1.4706   0.02672   0.01982  -0.0668  0.0617  1.0000  -5.2185   0.0000   0.0000   0.0000   0.2792
  12.000   1.4863   0.02969   0.02286  -0.0639  0.0492  1.0000  -5.4984   0.0000   0.0000   0.0000   0.2758
  12.500   1.4935   0.03354   0.02677  -0.0608  0.0385  1.0000  -5.7257   0.0000   0.0000   0.0000   0.2726
  13.000   1.5010   0.03756   0.03088  -0.0583  0.0314  1.0000  -5.9511   0.0000   0.0000   0.0000   0.2698
  13.500   1.4916   0.04348   0.03699  -0.0555  0.0257  1.0000  -6.0472   0.0000   0.0000   0.0000   0.2672
  14.000   1.4942   0.04846   0.04219  -0.0539  0.0232  1.0000  -6.2265   0.0000   0.0000   0.0000   0.2650
  14.500   1.4919   0.05434   0.04825  -0.0528  0.0212  1.0000  -6.3946   0.0000   0.0000   0.0000   0.2633
  15.000   1.4829   0.06141   0.05554  -0.0524  0.0198  1.0000  -6.5270   0.0000   0.0000   0.0000   0.2621


