xflr5 v6.59

 Calculated polar for: revR_20_revT

 1 1 Reynolds number fixed          Mach number fixed         

 xtrf =   1.000 (top)        1.000 (bottom)
 Mach =   0.000     Re =     0.285 e 6     Ncrit =   9.000

  alpha     CL        CD       CDp       Cm    Top Xtr Bot Xtr   Cpmin    Chinge    XCp    
 ------- -------- --------- --------- -------- ------- ------- -------- --------- ---------
  -5.000  -0.1775   0.01327   0.00641  -0.0845  0.8995  0.0670  -2.4530   0.0000   0.0000   0.0000  -0.2398
  -4.500  -0.1272   0.01235   0.00546  -0.0834  0.8849  0.0930  -2.1331   0.0000   0.0000   0.0000  -0.4224
  -3.500  -0.0249   0.01089   0.00440  -0.0818  0.8561  0.2311  -1.4832   0.0000   0.0000   0.0000  -3.0974
  -3.000   0.0261   0.01025   0.00410  -0.0810  0.8429  0.3441  -1.2243   0.0000   0.0000   0.0000   3.4013
  -2.500   0.0762   0.00962   0.00387  -0.0798  0.8284  0.4793  -1.0194   0.0000   0.0000   0.0000   1.3097
  -2.000   0.1245   0.00914   0.00388  -0.0779  0.8137  0.6324  -0.8251   0.0000   0.0000   0.0000   0.8815
  -1.500   0.1764   0.00902   0.00389  -0.0763  0.8009  0.7247  -0.6327   0.0000   0.0000   0.0000   0.6849
  -1.000   0.2257   0.00897   0.00394  -0.0741  0.7850  0.7862  -0.5505   0.0000   0.0000   0.0000   0.5792
  -0.500   0.2760   0.00896   0.00393  -0.0721  0.7699  0.8312  -0.5926   0.0000   0.0000   0.0000   0.5108
   0.000   0.3259   0.00894   0.00385  -0.0699  0.7545  0.8714  -0.6350   0.0000   0.0000   0.0000   0.4634
   0.500   0.3735   0.00889   0.00384  -0.0673  0.7377  0.9094  -0.6817   0.0000   0.0000   0.0000   0.4283
   1.000   0.4307   0.00886   0.00375  -0.0667  0.7196  0.9454  -0.7363   0.0000   0.0000   0.0000   0.4025
   1.500   0.5108   0.00889   0.00368  -0.0713  0.7010  0.9708  -0.8092   0.0000   0.0000   0.0000   0.3867
   2.000   0.5956   0.00891   0.00360  -0.0772  0.6783  0.9888  -0.8929   0.0000   0.0000   0.0000   0.3763
   2.500   0.6641   0.00893   0.00354  -0.0803  0.6544  1.0000  -0.9725   0.0000   0.0000   0.0000   0.3671
   3.000   0.6982   0.00905   0.00357  -0.0763  0.6294  1.0000  -1.0343   0.0000   0.0000   0.0000   0.3550
   3.500   0.7413   0.00926   0.00369  -0.0738  0.6018  1.0000  -1.1105   0.0000   0.0000   0.0000   0.3448
   4.000   0.7883   0.00954   0.00388  -0.0720  0.5720  1.0000  -1.2130   0.0000   0.0000   0.0000   0.3362
   4.500   0.8359   0.00992   0.00412  -0.0704  0.5401  1.0000  -1.3277   0.0000   0.0000   0.0000   0.3285
   5.000   0.8834   0.01032   0.00446  -0.0688  0.5065  1.0000  -1.4795   0.0000   0.0000   0.0000   0.3217
   5.500   0.9288   0.01085   0.00485  -0.0669  0.4678  1.0000  -1.7526   0.0000   0.0000   0.0000   0.3152
   6.000   0.9750   0.01137   0.00534  -0.0651  0.4330  1.0000  -2.0705   0.0000   0.0000   0.0000   0.3095
   6.500   1.0177   0.01204   0.00587  -0.0629  0.3914  1.0000  -2.3925   0.0000   0.0000   0.0000   0.3039
   7.000   1.0585   0.01280   0.00650  -0.0604  0.3502  1.0000  -2.7216   0.0000   0.0000   0.0000   0.2985
   7.500   1.0957   0.01370   0.00726  -0.0573  0.3024  1.0000  -3.0501   0.0000   0.0000   0.0000   0.2932
   8.000   1.1294   0.01473   0.00811  -0.0539  0.2522  1.0000  -3.3925   0.0000   0.0000   0.0000   0.2880
   8.500   1.1593   0.01591   0.00910  -0.0499  0.2044  1.0000  -3.7293   0.0000   0.0000   0.0000   0.2827
   9.000   1.1815   0.01721   0.01022  -0.0447  0.1624  1.0000  -4.0423   0.0000   0.0000   0.0000   0.2768
   9.500   1.1996   0.01873   0.01162  -0.0392  0.1226  1.0000  -4.3425   0.0000   0.0000   0.0000   0.2710
  10.000   1.2158   0.02050   0.01326  -0.0339  0.0915  1.0000  -4.6348   0.0000   0.0000   0.0000   0.2655
  10.500   1.2313   0.02245   0.01519  -0.0291  0.0703  1.0000  -4.9213   0.0000   0.0000   0.0000   0.2605
  11.000   1.2419   0.02489   0.01761  -0.0244  0.0535  1.0000  -5.1752   0.0000   0.0000   0.0000   0.2557
  11.500   1.2497   0.02776   0.02051  -0.0202  0.0404  1.0000  -5.3975   0.0000   0.0000   0.0000   0.2514
  12.000   1.2551   0.03111   0.02402  -0.0164  0.0314  1.0000  -5.5657   0.0000   0.0000   0.0000   0.2475
  12.500   1.2406   0.03649   0.02954  -0.0123  0.0256  1.0000  -5.5964   0.0000   0.0000   0.0000   0.2435
  13.000   1.2423   0.04099   0.03432  -0.0100  0.0239  1.0000  -5.7280   0.0000   0.0000   0.0000   0.2407
  13.500   1.2462   0.04560   0.03916  -0.0084  0.0227  1.0000  -5.8783   0.0000   0.0000   0.0000   0.2385
  14.000   1.2492   0.05066   0.04447  -0.0074  0.0218  1.0000  -6.0173   0.0000   0.0000   0.0000   0.2367
  14.500   1.2515   0.05618   0.05024  -0.0069  0.0211  1.0000  -6.1460   0.0000   0.0000   0.0000   0.2353
  15.000   1.2522   0.06228   0.05662  -0.0070  0.0206  1.0000  -6.2575   0.0000   0.0000   0.0000   0.2344


