xflr5 v6.59

 Calculated polar for: revR_40_revT

 1 1 Reynolds number fixed          Mach number fixed         

 xtrf =   1.000 (top)        1.000 (bottom)
 Mach =   0.000     Re =     0.090 e 6     Ncrit =   9.000

  alpha     CL        CD       CDp       Cm    Top Xtr Bot Xtr   Cpmin    Chinge    XCp    
 ------- -------- --------- --------- -------- ------- ------- -------- --------- ---------
  -5.000  -0.3252   0.03352   0.02556  -0.0724  0.9685  0.0965  -2.6645   0.0000   0.0000   0.0000   0.0185
  -4.500  -0.2610   0.02930   0.02081  -0.0757  0.9579  0.1079  -2.4429   0.0000   0.0000   0.0000  -0.0502
  -4.000  -0.1798   0.02685   0.01801  -0.0811  0.9478  0.1335  -2.1413   0.0000   0.0000   0.0000  -0.2143
  -3.500  -0.1135   0.02520   0.01640  -0.0839  0.9351  0.1802  -1.8671   0.0000   0.0000   0.0000  -0.5068
  -3.000  -0.0328   0.02361   0.01535  -0.0893  0.9239  0.2997  -1.5352   0.0000   0.0000   0.0000  -2.5290
  -2.500   0.0252   0.02278   0.01535  -0.0905  0.9093  0.4796  -1.2989   0.0000   0.0000   0.0000   3.8942
  -2.000   0.0926   0.02250   0.01590  -0.0906  0.8978  0.7078  -1.0565   0.0000   0.0000   0.0000   1.2416
  -1.500   0.1162   0.02291   0.01649  -0.0824  0.8792  0.8361  -0.9056   0.0000   0.0000   0.0000   0.9671
  -1.000   0.1796   0.02295   0.01644  -0.0815  0.8640  0.9774  -0.6954   0.0000   0.0000   0.0000   0.7074
  -0.500   0.2758   0.02292   0.01597  -0.0901  0.8513  1.0000  -0.5888   0.0000   0.0000   0.0000   0.5774
   0.000   0.3278   0.02351   0.01628  -0.0909  0.8314  1.0000  -0.6280   0.0000   0.0000   0.0000   0.5271
   0.500   0.3872   0.02406   0.01659  -0.0923  0.8131  1.0000  -0.6756   0.0000   0.0000   0.0000   0.4872
   1.000   0.4714   0.02365   0.01597  -0.0960  0.8021  1.0000  -0.7453   0.0000   0.0000   0.0000   0.4516
   1.500   0.5230   0.02412   0.01633  -0.0954  0.7813  1.0000  -0.7966   0.0000   0.0000   0.0000   0.4299
   2.000   0.5752   0.02463   0.01677  -0.0949  0.7609  1.0000  -0.8514   0.0000   0.0000   0.0000   0.4118
   2.500   0.6316   0.02482   0.01690  -0.0944  0.7412  1.0000  -0.9120   0.0000   0.0000   0.0000   0.3957
   3.000   0.6941   0.02456   0.01662  -0.0942  0.7242  1.0000  -0.9867   0.0000   0.0000   0.0000   0.3814
   3.500   0.7611   0.02384   0.01587  -0.0941  0.7081  1.0000  -1.0718   0.0000   0.0000   0.0000   0.3689
   4.000   0.8155   0.02379   0.01586  -0.0929  0.6860  1.0000  -1.1542   0.0000   0.0000   0.0000   0.3587
   4.500   0.8717   0.02354   0.01567  -0.0917  0.6634  1.0000  -1.2514   0.0000   0.0000   0.0000   0.3494
   5.000   0.9286   0.02325   0.01543  -0.0906  0.6401  1.0000  -1.3665   0.0000   0.0000   0.0000   0.3412
   5.500   0.9867   0.02287   0.01509  -0.0896  0.6155  1.0000  -1.5088   0.0000   0.0000   0.0000   0.3338
   6.000   1.0467   0.02241   0.01462  -0.0887  0.5888  1.0000  -1.6810   0.0000   0.0000   0.0000   0.3271
   6.500   1.0939   0.02275   0.01509  -0.0866  0.5559  1.0000  -1.8880   0.0000   0.0000   0.0000   0.3210
   7.000   1.1475   0.02274   0.01506  -0.0851  0.5217  1.0000  -2.2159   0.0000   0.0000   0.0000   0.3153
   7.500   1.1942   0.02324   0.01560  -0.0829  0.4841  1.0000  -2.5350   0.0000   0.0000   0.0000   0.3099
   8.000   1.2424   0.02376   0.01597  -0.0809  0.4449  1.0000  -2.8744   0.0000   0.0000   0.0000   0.3049
   8.500   1.2789   0.02471   0.01698  -0.0776  0.4021  1.0000  -3.1823   0.0000   0.0000   0.0000   0.2997
   9.000   1.3114   0.02592   0.01824  -0.0740  0.3582  1.0000  -3.4884   0.0000   0.0000   0.0000   0.2947
   9.500   1.3381   0.02747   0.01975  -0.0698  0.3139  1.0000  -3.7873   0.0000   0.0000   0.0000   0.2896
  10.000   1.3549   0.02941   0.02160  -0.0645  0.2688  1.0000  -4.0509   0.0000   0.0000   0.0000   0.2843
  10.500   1.3607   0.03191   0.02394  -0.0584  0.2268  1.0000  -4.2691   0.0000   0.0000   0.0000   0.2788
  11.000   1.3611   0.03513   0.02697  -0.0526  0.1885  1.0000  -4.4587   0.0000   0.0000   0.0000   0.2737
  11.500   1.3621   0.03910   0.03097  -0.0479  0.1554  1.0000  -4.6258   0.0000   0.0000   0.0000   0.2694
  12.000   1.3647   0.04347   0.03533  -0.0440  0.1290  1.0000  -4.7867   0.0000   0.0000   0.0000   0.2655
  12.500   1.3668   0.04825   0.04026  -0.0406  0.1081  1.0000  -4.9325   0.0000   0.0000   0.0000   0.2622
  13.000   1.3740   0.05347   0.04560  -0.0377  0.0921  1.0000  -5.0674   0.0000   0.0000   0.0000   0.2590
  13.500   1.3835   0.05917   0.05124  -0.0352  0.0777  1.0000  -5.2087   0.0000   0.0000   0.0000   0.2562
  14.000   1.3746   0.06566   0.05834  -0.0331  0.0724  1.0000  -5.2384   0.0000   0.0000   0.0000   0.2539
  14.500   1.3612   0.07305   0.06617  -0.0320  0.0672  1.0000  -5.2543   0.0000   0.0000   0.0000   0.2524
  15.000   1.3500   0.08036   0.07370  -0.0317  0.0625  1.0000  -5.3098   0.0000   0.0000   0.0000   0.2514


