xflr5 v6.59

 Calculated polar for: revR_15_revT

 1 1 Reynolds number fixed          Mach number fixed         

 xtrf =   1.000 (top)        1.000 (bottom)
 Mach =   0.000     Re =     0.225 e 6     Ncrit =   9.000

  alpha     CL        CD       CDp       Cm    Top Xtr Bot Xtr   Cpmin    Chinge    XCp    
 ------- -------- --------- --------- -------- ------- ------- -------- --------- ---------
  -5.000  -0.2155   0.01537   0.00817  -0.0780  0.9245  0.0737  -2.5018   0.0000   0.0000   0.0000  -0.1229
  -4.500  -0.1571   0.01392   0.00669  -0.0786  0.9128  0.1027  -2.1546   0.0000   0.0000   0.0000  -0.2634
  -4.000  -0.0999   0.01279   0.00581  -0.0790  0.8993  0.1718  -1.8133   0.0000   0.0000   0.0000  -0.5587
  -3.500  -0.0497   0.01195   0.00539  -0.0782  0.8840  0.2767  -1.4928   0.0000   0.0000   0.0000  -1.3551
  -2.500   0.0495   0.01048   0.00491  -0.0754  0.8549  0.5728  -1.0220   0.0000   0.0000   0.0000   1.7946
  -2.000   0.0978   0.01022   0.00497  -0.0729  0.8396  0.6981  -0.8275   0.0000   0.0000   0.0000   1.0027
  -1.500   0.1486   0.01018   0.00496  -0.0707  0.8255  0.7722  -0.6373   0.0000   0.0000   0.0000   0.7287
  -1.000   0.1957   0.01020   0.00503  -0.0678  0.8090  0.8252  -0.5263   0.0000   0.0000   0.0000   0.5976
  -0.500   0.2434   0.01020   0.00498  -0.0648  0.7932  0.8691  -0.5670   0.0000   0.0000   0.0000   0.5163
   0.000   0.2937   0.01014   0.00485  -0.0622  0.7771  0.9084  -0.6096   0.0000   0.0000   0.0000   0.4609
   0.500   0.3539   0.01012   0.00479  -0.0622  0.7592  0.9440  -0.6642   0.0000   0.0000   0.0000   0.4241
   1.000   0.4397   0.01012   0.00467  -0.0677  0.7401  0.9682  -0.7358   0.0000   0.0000   0.0000   0.4018
   1.500   0.5317   0.01008   0.00452  -0.0750  0.7199  0.9855  -0.8185   0.0000   0.0000   0.0000   0.3883
   2.000   0.6137   0.00997   0.00431  -0.0806  0.6957  1.0000  -0.9026   0.0000   0.0000   0.0000   0.3781
   2.500   0.6454   0.00998   0.00425  -0.0763  0.6724  1.0000  -0.9567   0.0000   0.0000   0.0000   0.3645
   3.000   0.6810   0.01009   0.00428  -0.0725  0.6474  1.0000  -1.0225   0.0000   0.0000   0.0000   0.3523
   3.500   0.7231   0.01027   0.00436  -0.0697  0.6190  1.0000  -1.1048   0.0000   0.0000   0.0000   0.3418
   4.000   0.7694   0.01053   0.00451  -0.0677  0.5895  1.0000  -1.2083   0.0000   0.0000   0.0000   0.3329
   4.500   0.8164   0.01087   0.00476  -0.0659  0.5568  1.0000  -1.3346   0.0000   0.0000   0.0000   0.3251
   5.000   0.8632   0.01127   0.00508  -0.0641  0.5217  1.0000  -1.5083   0.0000   0.0000   0.0000   0.3182
   5.500   0.9088   0.01177   0.00549  -0.0621  0.4831  1.0000  -1.8159   0.0000   0.0000   0.0000   0.3117
   6.000   0.9536   0.01236   0.00597  -0.0600  0.4455  1.0000  -2.1362   0.0000   0.0000   0.0000   0.3058
   6.500   0.9968   0.01299   0.00653  -0.0578  0.4047  1.0000  -2.4657   0.0000   0.0000   0.0000   0.3003
   7.000   1.0373   0.01374   0.00718  -0.0552  0.3614  1.0000  -2.7996   0.0000   0.0000   0.0000   0.2949
   7.500   1.0753   0.01462   0.00798  -0.0523  0.3185  1.0000  -3.1363   0.0000   0.0000   0.0000   0.2897
   8.000   1.1095   0.01563   0.00886  -0.0489  0.2710  1.0000  -3.4688   0.0000   0.0000   0.0000   0.2845
   8.500   1.1385   0.01684   0.00989  -0.0448  0.2188  1.0000  -3.8002   0.0000   0.0000   0.0000   0.2792
   9.000   1.1589   0.01830   0.01111  -0.0395  0.1673  1.0000  -4.1077   0.0000   0.0000   0.0000   0.2732
   9.500   1.1729   0.02002   0.01266  -0.0334  0.1235  1.0000  -4.3899   0.0000   0.0000   0.0000   0.2670
  10.000   1.1845   0.02207   0.01454  -0.0277  0.0909  1.0000  -4.6582   0.0000   0.0000   0.0000   0.2612
  10.500   1.1953   0.02438   0.01682  -0.0226  0.0701  1.0000  -4.9131   0.0000   0.0000   0.0000   0.2560
  11.000   1.2032   0.02712   0.01959  -0.0179  0.0543  1.0000  -5.1410   0.0000   0.0000   0.0000   0.2512
  11.500   1.2124   0.03006   0.02267  -0.0141  0.0427  1.0000  -5.3468   0.0000   0.0000   0.0000   0.2471
  12.000   1.2042   0.03476   0.02750  -0.0097  0.0343  1.0000  -5.4068   0.0000   0.0000   0.0000   0.2427
  12.500   1.2101   0.03870   0.03165  -0.0071  0.0300  1.0000  -5.5515   0.0000   0.0000   0.0000   0.2397
  13.000   1.2134   0.04319   0.03635  -0.0052  0.0275  1.0000  -5.6989   0.0000   0.0000   0.0000   0.2371
  13.500   1.2142   0.04843   0.04176  -0.0035  0.0257  1.0000  -5.8075   0.0000   0.0000   0.0000   0.2349
  14.000   1.2164   0.05465   0.04831  -0.0020  0.0244  1.0000  -5.8563   0.0000   0.0000   0.0000   0.2328
  14.500   1.2122   0.06210   0.05618  -0.0015  0.0239  1.0000  -5.8679   0.0000   0.0000   0.0000   0.2316
  15.000   1.2027   0.06983   0.06430  -0.0026  0.0238  1.0000  -5.8967   0.0000   0.0000   0.0000   0.2315


