xflr5 v6.59

 Calculated polar for: revR_95_revT

 1 1 Reynolds number fixed          Mach number fixed         

 xtrf =   1.000 (top)        1.000 (bottom)
 Mach =   0.000     Re =     0.390 e 6     Ncrit =   9.000

  alpha     CL        CD       CDp       Cm    Top Xtr Bot Xtr   Cpmin    Chinge    XCp    
 ------- -------- --------- --------- -------- ------- ------- -------- --------- ---------
  -5.000   0.1202   0.01331   0.00664  -0.1500  0.7858  0.0471  -2.3369   0.0000   0.0000   0.0000   1.5288
  -4.500   0.1767   0.01270   0.00598  -0.1503  0.7786  0.0557  -2.0628   0.0000   0.0000   0.0000   1.1191
  -4.000   0.2341   0.01196   0.00517  -0.1507  0.7712  0.0734  -1.8131   0.0000   0.0000   0.0000   0.9061
  -3.500   0.2915   0.01141   0.00471  -0.1513  0.7632  0.1108  -1.5673   0.0000   0.0000   0.0000   0.7776
  -3.000   0.3481   0.01098   0.00444  -0.1517  0.7558  0.1630  -1.3196   0.0000   0.0000   0.0000   0.6917
  -2.500   0.4057   0.01061   0.00422  -0.1522  0.7480  0.2281  -1.0860   0.0000   0.0000   0.0000   0.6291
  -2.000   0.4640   0.01042   0.00411  -0.1528  0.7395  0.2983  -0.8606   0.0000   0.0000   0.0000   0.5818
  -1.000   0.5775   0.00978   0.00397  -0.1535  0.7220  0.4818  -0.8731   0.0000   0.0000   0.0000   0.5159
  -0.500   0.6350   0.00963   0.00405  -0.1538  0.7132  0.5960  -0.9184   0.0000   0.0000   0.0000   0.4914
   0.000   0.6887   0.00942   0.00417  -0.1531  0.7041  0.7067  -0.9617   0.0000   0.0000   0.0000   0.4708
   0.500   0.7424   0.00930   0.00415  -0.1522  0.6934  0.7845  -1.0056   0.0000   0.0000   0.0000   0.4528
   1.000   0.7946   0.00934   0.00425  -0.1511  0.6838  0.8413  -1.0540   0.0000   0.0000   0.0000   0.4372
   1.500   0.8398   0.00919   0.00424  -0.1483  0.6726  0.9078  -1.1034   0.0000   0.0000   0.0000   0.4230
   2.000   0.8966   0.00909   0.00406  -0.1483  0.6599  1.0000  -1.1610   0.0000   0.0000   0.0000   0.4110
   2.500   0.9542   0.00918   0.00412  -0.1488  0.6464  1.0000  -1.2267   0.0000   0.0000   0.0000   0.4010
   3.000   1.0116   0.00937   0.00419  -0.1493  0.6329  1.0000  -1.2955   0.0000   0.0000   0.0000   0.3919
   3.500   1.0669   0.00953   0.00429  -0.1494  0.6160  1.0000  -1.3636   0.0000   0.0000   0.0000   0.3836
   4.000   1.1214   0.00977   0.00449  -0.1493  0.5983  1.0000  -1.4322   0.0000   0.0000   0.0000   0.3761
   4.500   1.1752   0.01008   0.00472  -0.1491  0.5812  1.0000  -1.5136   0.0000   0.0000   0.0000   0.3691
   5.000   1.2274   0.01044   0.00500  -0.1486  0.5615  1.0000  -1.5948   0.0000   0.0000   0.0000   0.3627
   5.500   1.2775   0.01085   0.00536  -0.1477  0.5378  1.0000  -1.6898   0.0000   0.0000   0.0000   0.3565
   6.000   1.3268   0.01132   0.00580  -0.1468  0.5155  1.0000  -1.7889   0.0000   0.0000   0.0000   0.3508
   6.500   1.3734   0.01190   0.00632  -0.1455  0.4901  1.0000  -1.9107   0.0000   0.0000   0.0000   0.3453
   7.000   1.4173   0.01257   0.00694  -0.1437  0.4633  1.0000  -2.0314   0.0000   0.0000   0.0000   0.3400
   7.500   1.4581   0.01336   0.00765  -0.1414  0.4364  1.0000  -2.1700   0.0000   0.0000   0.0000   0.3349
   8.000   1.4924   0.01430   0.00851  -0.1381  0.4066  1.0000  -2.3102   0.0000   0.0000   0.0000   0.3296
   8.500   1.5244   0.01533   0.00950  -0.1345  0.3811  1.0000  -2.4515   0.0000   0.0000   0.0000   0.3245
   9.000   1.5524   0.01658   0.01071  -0.1306  0.3535  1.0000  -2.6290   0.0000   0.0000   0.0000   0.3196
   9.500   1.5771   0.01811   0.01220  -0.1266  0.3253  1.0000  -2.8243   0.0000   0.0000   0.0000   0.3148
  10.000   1.6001   0.01990   0.01399  -0.1227  0.3006  1.0000  -3.0696   0.0000   0.0000   0.0000   0.3104
  10.500   1.6206   0.02200   0.01606  -0.1189  0.2754  1.0000  -3.3194   0.0000   0.0000   0.0000   0.3062
  11.000   1.6379   0.02448   0.01850  -0.1152  0.2497  1.0000  -3.5645   0.0000   0.0000   0.0000   0.3022
  11.500   1.6520   0.02731   0.02131  -0.1115  0.2235  1.0000  -3.8067   0.0000   0.0000   0.0000   0.2983
  12.000   1.6633   0.03050   0.02446  -0.1079  0.1988  1.0000  -4.0481   0.0000   0.0000   0.0000   0.2947
  12.500   1.6722   0.03399   0.02794  -0.1044  0.1761  1.0000  -4.2840   0.0000   0.0000   0.0000   0.2913
  13.000   1.6780   0.03791   0.03184  -0.1011  0.1548  1.0000  -4.5112   0.0000   0.0000   0.0000   0.2880
  13.500   1.6811   0.04229   0.03621  -0.0980  0.1349  1.0000  -4.7294   0.0000   0.0000   0.0000   0.2850
  14.000   1.6810   0.04722   0.04115  -0.0952  0.1164  1.0000  -4.9360   0.0000   0.0000   0.0000   0.2823
  14.500   1.6790   0.05262   0.04655  -0.0928  0.1003  1.0000  -5.1350   0.0000   0.0000   0.0000   0.2798
  15.000   1.6808   0.05780   0.05182  -0.0909  0.0876  1.0000  -5.3517   0.0000   0.0000   0.0000   0.2775
  15.500   1.6764   0.06393   0.05804  -0.0894  0.0764  1.0000  -5.5390   0.0000   0.0000   0.0000   0.2755
  16.000   1.6690   0.07066   0.06482  -0.0882  0.0666  1.0000  -5.7113   0.0000   0.0000   0.0000   0.2739
  16.500   1.6634   0.07735   0.07168  -0.0875  0.0590  1.0000  -5.8915   0.0000   0.0000   0.0000   0.2725
  17.000   1.6508   0.08522   0.07963  -0.0874  0.0515  1.0000  -6.0385   0.0000   0.0000   0.0000   0.2716
  17.500   1.6384   0.09328   0.08790  -0.0877  0.0458  1.0000  -6.1935   0.0000   0.0000   0.0000   0.2709
  18.000   1.6228   0.10195   0.09669  -0.0886  0.0408  1.0000  -6.3387   0.0000   0.0000   0.0000   0.2708
  18.500   1.5975   0.11234   0.10723  -0.0904  0.0362  1.0000  -6.4085   0.0000   0.0000   0.0000   0.2715
  19.000   1.5896   0.12034   0.11545  -0.0922  0.0333  1.0000  -6.5923   0.0000   0.0000   0.0000   0.2717
  19.500   1.5737   0.12967   0.12492  -0.0949  0.0304  1.0000  -6.7148   0.0000   0.0000   0.0000   0.2727
  20.000   1.5488   0.14057   0.13595  -0.0987  0.0272  1.0000  -6.7464   0.0000   0.0000   0.0000   0.2748
  20.500   1.5437   0.14861   0.14421  -0.1019  0.0257  1.0000  -6.9214   0.0000   0.0000   0.0000   0.2758
  21.000   1.5362   0.15714   0.15291  -0.1058  0.0239  1.0000  -7.0698   0.0000   0.0000   0.0000   0.2773
  21.500   1.5267   0.16615   0.16205  -0.1104  0.0222  1.0000  -7.1927   0.0000   0.0000   0.0000   0.2794
  22.000   1.5156   0.17510   0.17108  -0.1151  0.0203  1.0000  -7.2728   0.0000   0.0000   0.0000   0.2817
  22.500   1.5124   0.18311   0.17930  -0.1198  0.0194  1.0000  -7.4154   0.0000   0.0000   0.0000   0.2835
  23.000   1.5087   0.19146   0.18788  -0.1250  0.0185  1.0000  -7.5520   0.0000   0.0000   0.0000   0.2857
  23.500   1.5042   0.20016   0.19676  -0.1308  0.0176  1.0000  -7.6697   0.0000   0.0000   0.0000   0.2883
  24.000   1.5015   0.20853   0.20529  -0.1367  0.0167  1.0000  -7.7979   0.0000   0.0000   0.0000   0.2909
  24.500   1.4973   0.21746   0.21435  -0.1432  0.0160  1.0000  -7.8986   0.0000   0.0000   0.0000   0.2940
  25.000   1.4937   0.22608   0.22309  -0.1497  0.0151  1.0000  -7.9864   0.0000   0.0000   0.0000   0.2970
  25.500   1.4763   0.23858   0.23587  -0.1592  0.0144  1.0000  -7.8224   0.0000   0.0000   0.0000   0.3033
  26.000   1.4565   0.25369   0.25128  -0.1709  0.0143  1.0000  -7.5728   0.0000   0.0000   0.0000   0.3116
  28.000   1.3727   0.35674   0.35468  -0.2384  0.0156  1.0000  -2.8971   0.0000   0.0000   0.0000   0.3687
  28.500   1.3862   0.35973   0.35771  -0.2415  0.0149  1.0000  -3.1278   0.0000   0.0000   0.0000   0.3672
  29.000   1.3968   0.36773   0.36571  -0.2464  0.0144  1.0000  -3.0940   0.0000   0.0000   0.0000   0.3678
  29.500   1.4090   0.37834   0.37630  -0.2566  0.0133  1.0000  -2.7312   0.0000   0.0000   0.0000   0.3723
  30.000   1.4212   0.38475   0.38272  -0.2625  0.0118  1.0000  -2.7145   0.0000   0.0000   0.0000   0.3731


