xflr5 v6.59

 Calculated polar for: revR_15_revT

 1 1 Reynolds number fixed          Mach number fixed         

 xtrf =   1.000 (top)        1.000 (bottom)
 Mach =   0.000     Re =     0.195 e 6     Ncrit =   9.000

  alpha     CL        CD       CDp       Cm    Top Xtr Bot Xtr   Cpmin    Chinge    XCp    
 ------- -------- --------- --------- -------- ------- ------- -------- --------- ---------
  -5.000  -0.2454   0.01731   0.00986  -0.0732  0.9294  0.0747  -2.5675   0.0000   0.0000   0.0000  -0.0583
  -4.500  -0.1738   0.01523   0.00777  -0.0765  0.9218  0.1047  -2.1937   0.0000   0.0000   0.0000  -0.2023
  -3.500  -0.0547   0.01291   0.00619  -0.0785  0.8970  0.2919  -1.5051   0.0000   0.0000   0.0000  -1.2133
  -3.000  -0.0075   0.01212   0.00590  -0.0770  0.8810  0.4307  -1.2389   0.0000   0.0000   0.0000  -10.1545
  -2.500   0.0447   0.01139   0.00581  -0.0756  0.8686  0.6101  -1.0294   0.0000   0.0000   0.0000   1.9633
  -2.000   0.0926   0.01120   0.00585  -0.0728  0.8523  0.7211  -0.8357   0.0000   0.0000   0.0000   1.0438
  -1.500   0.1395   0.01124   0.00595  -0.0696  0.8363  0.7931  -0.6520   0.0000   0.0000   0.0000   0.7524
  -1.000   0.1906   0.01123   0.00587  -0.0670  0.8233  0.8460  -0.5225   0.0000   0.0000   0.0000   0.6030
  -0.500   0.2351   0.01120   0.00583  -0.0632  0.8052  0.8902  -0.5613   0.0000   0.0000   0.0000   0.5191
   0.000   0.2932   0.01118   0.00575  -0.0623  0.7883  0.9293  -0.6077   0.0000   0.0000   0.0000   0.4616
   0.500   0.3781   0.01115   0.00556  -0.0672  0.7729  0.9579  -0.6773   0.0000   0.0000   0.0000   0.4261
   1.000   0.4761   0.01102   0.00528  -0.0753  0.7537  0.9777  -0.7566   0.0000   0.0000   0.0000   0.4059
   1.500   0.5675   0.01086   0.00504  -0.0826  0.7321  0.9976  -0.8417   0.0000   0.0000   0.0000   0.3929
   2.000   0.6081   0.01078   0.00488  -0.0802  0.7089  1.0000  -0.8967   0.0000   0.0000   0.0000   0.3787
   2.500   0.6407   0.01081   0.00482  -0.0759  0.6851  1.0000  -0.9513   0.0000   0.0000   0.0000   0.3648
   3.000   0.6789   0.01093   0.00486  -0.0725  0.6609  1.0000  -1.0189   0.0000   0.0000   0.0000   0.3527
   3.500   0.7229   0.01109   0.00489  -0.0700  0.6339  1.0000  -1.1026   0.0000   0.0000   0.0000   0.3422
   4.000   0.7688   0.01133   0.00508  -0.0679  0.6040  1.0000  -1.2054   0.0000   0.0000   0.0000   0.3333
   4.500   0.8158   0.01162   0.00532  -0.0660  0.5714  1.0000  -1.3310   0.0000   0.0000   0.0000   0.3254
   5.000   0.8634   0.01204   0.00557  -0.0642  0.5375  1.0000  -1.4991   0.0000   0.0000   0.0000   0.3183
   5.500   0.9089   0.01248   0.00602  -0.0622  0.4994  1.0000  -1.8049   0.0000   0.0000   0.0000   0.3119
   6.000   0.9534   0.01305   0.00648  -0.0600  0.4600  1.0000  -2.1231   0.0000   0.0000   0.0000   0.3059
   6.500   0.9966   0.01372   0.00705  -0.0578  0.4213  1.0000  -2.4512   0.0000   0.0000   0.0000   0.3003
   7.000   1.0366   0.01445   0.00769  -0.0550  0.3767  1.0000  -2.7819   0.0000   0.0000   0.0000   0.2948
   7.500   1.0748   0.01529   0.00852  -0.0521  0.3337  1.0000  -3.1174   0.0000   0.0000   0.0000   0.2896
   8.000   1.1090   0.01629   0.00941  -0.0486  0.2881  1.0000  -3.4479   0.0000   0.0000   0.0000   0.2843
   8.500   1.1380   0.01747   0.01047  -0.0445  0.2402  1.0000  -3.7675   0.0000   0.0000   0.0000   0.2789
   9.000   1.1576   0.01894   0.01172  -0.0391  0.1882  1.0000  -4.0691   0.0000   0.0000   0.0000   0.2729
   9.500   1.1687   0.02074   0.01333  -0.0326  0.1413  1.0000  -4.3351   0.0000   0.0000   0.0000   0.2664
  10.000   1.1796   0.02284   0.01526  -0.0269  0.1035  1.0000  -4.5970   0.0000   0.0000   0.0000   0.2606
  10.500   1.1887   0.02528   0.01760  -0.0218  0.0786  1.0000  -4.8446   0.0000   0.0000   0.0000   0.2554
  11.000   1.1974   0.02803   0.02044  -0.0172  0.0624  1.0000  -5.0702   0.0000   0.0000   0.0000   0.2507
  11.500   1.1969   0.03178   0.02424  -0.0127  0.0497  1.0000  -5.2206   0.0000   0.0000   0.0000   0.2461
  12.000   1.1994   0.03567   0.02824  -0.0094  0.0400  1.0000  -5.3647   0.0000   0.0000   0.0000   0.2425
  12.500   1.1964   0.04079   0.03354  -0.0062  0.0344  1.0000  -5.4153   0.0000   0.0000   0.0000   0.2389
  13.000   1.2059   0.04504   0.03810  -0.0042  0.0315  1.0000  -5.5542   0.0000   0.0000   0.0000   0.2364
  13.500   1.2142   0.04970   0.04301  -0.0027  0.0294  1.0000  -5.6931   0.0000   0.0000   0.0000   0.2343
  14.000   1.2202   0.05491   0.04847  -0.0018  0.0281  1.0000  -5.8229   0.0000   0.0000   0.0000   0.2326
  14.500   1.2217   0.06093   0.05479  -0.0015  0.0273  1.0000  -5.9229   0.0000   0.0000   0.0000   0.2315
  15.000   1.2159   0.06821   0.06242  -0.0022  0.0268  1.0000  -5.9717   0.0000   0.0000   0.0000   0.2311


