xflr5 v6.59

 Calculated polar for: revR_45_revT

 1 1 Reynolds number fixed          Mach number fixed         

 xtrf =   1.000 (top)        1.000 (bottom)
 Mach =   0.000     Re =     0.200 e 6     Ncrit =   9.000

  alpha     CL        CD       CDp       Cm    Top Xtr Bot Xtr   Cpmin    Chinge    XCp    
 ------- -------- --------- --------- -------- ------- ------- -------- --------- ---------
  -5.000  -0.0810   0.01739   0.01000  -0.1095  0.8899  0.0734  -2.3335   0.0000   0.0000   0.0000  -1.1366
  -4.500  -0.0274   0.01594   0.00847  -0.1090  0.8786  0.0933  -2.0474   0.0000   0.0000   0.0000  -3.8186
  -4.000   0.0254   0.01487   0.00752  -0.1087  0.8675  0.1393  -1.7517   0.0000   0.0000   0.0000   4.6099
  -3.500   0.0781   0.01395   0.00692  -0.1083  0.8551  0.2203  -1.4778   0.0000   0.0000   0.0000   1.6606
  -3.000   0.1316   0.01336   0.00661  -0.1080  0.8440  0.3178  -1.2529   0.0000   0.0000   0.0000   1.0823
  -2.500   0.1836   0.01273   0.00643  -0.1074  0.8314  0.4532  -1.0364   0.0000   0.0000   0.0000   0.8413
  -2.000   0.2350   0.01231   0.00646  -0.1061  0.8204  0.5983  -0.8306   0.0000   0.0000   0.0000   0.7052
  -1.500   0.2841   0.01208   0.00651  -0.1036  0.8068  0.7145  -0.6458   0.0000   0.0000   0.0000   0.6169
  -1.000   0.3318   0.01214   0.00665  -0.1009  0.7947  0.7948  -0.6423   0.0000   0.0000   0.0000   0.5549
  -0.500   0.3775   0.01205   0.00657  -0.0974  0.7817  0.8536  -0.6784   0.0000   0.0000   0.0000   0.5080
   0.000   0.4190   0.01200   0.00653  -0.0932  0.7678  0.9084  -0.7176   0.0000   0.0000   0.0000   0.4715
   0.500   0.4832   0.01169   0.00608  -0.0936  0.7551  0.9636  -0.7713   0.0000   0.0000   0.0000   0.4420
   1.000   0.5619   0.01162   0.00593  -0.0987  0.7393  1.0000  -0.8368   0.0000   0.0000   0.0000   0.4233
   1.500   0.6147   0.01167   0.00582  -0.0984  0.7243  1.0000  -0.8918   0.0000   0.0000   0.0000   0.4071
   2.000   0.6712   0.01167   0.00566  -0.0985  0.7077  1.0000  -0.9541   0.0000   0.0000   0.0000   0.3933
   2.500   0.7256   0.01178   0.00572  -0.0983  0.6890  1.0000  -1.0158   0.0000   0.0000   0.0000   0.3815
   3.000   0.7807   0.01188   0.00575  -0.0981  0.6695  1.0000  -1.0861   0.0000   0.0000   0.0000   0.3711
   3.500   0.8357   0.01198   0.00578  -0.0978  0.6490  1.0000  -1.1625   0.0000   0.0000   0.0000   0.3619
   4.000   0.8901   0.01213   0.00586  -0.0973  0.6266  1.0000  -1.2473   0.0000   0.0000   0.0000   0.3537
   4.500   0.9435   0.01234   0.00603  -0.0967  0.6022  1.0000  -1.3472   0.0000   0.0000   0.0000   0.3463
   5.000   0.9956   0.01261   0.00626  -0.0959  0.5744  1.0000  -1.4589   0.0000   0.0000   0.0000   0.3395
   5.500   1.0469   0.01299   0.00657  -0.0950  0.5451  1.0000  -1.5974   0.0000   0.0000   0.0000   0.3334
   6.000   1.0967   0.01350   0.00697  -0.0939  0.5137  1.0000  -1.7534   0.0000   0.0000   0.0000   0.3276
   6.500   1.1440   0.01406   0.00754  -0.0925  0.4783  1.0000  -1.9746   0.0000   0.0000   0.0000   0.3222
   7.000   1.1898   0.01482   0.00817  -0.0909  0.4438  1.0000  -2.2803   0.0000   0.0000   0.0000   0.3171
   7.500   1.2331   0.01559   0.00897  -0.0890  0.4057  1.0000  -2.5907   0.0000   0.0000   0.0000   0.3122
   8.000   1.2731   0.01658   0.00986  -0.0866  0.3670  1.0000  -2.9076   0.0000   0.0000   0.0000   0.3074
   8.500   1.3106   0.01768   0.01095  -0.0841  0.3297  1.0000  -3.2348   0.0000   0.0000   0.0000   0.3027
   9.000   1.3428   0.01897   0.01217  -0.0808  0.2893  1.0000  -3.5537   0.0000   0.0000   0.0000   0.2980
   9.500   1.3664   0.02054   0.01363  -0.0765  0.2499  1.0000  -3.8484   0.0000   0.0000   0.0000   0.2931
  10.000   1.3862   0.02245   0.01546  -0.0721  0.2117  1.0000  -4.1320   0.0000   0.0000   0.0000   0.2883
  10.500   1.4017   0.02484   0.01778  -0.0679  0.1736  1.0000  -4.4003   0.0000   0.0000   0.0000   0.2839
  11.000   1.4092   0.02806   0.02083  -0.0637  0.1376  1.0000  -4.6355   0.0000   0.0000   0.0000   0.2798
  11.500   1.4184   0.03150   0.02428  -0.0603  0.1074  1.0000  -4.8747   0.0000   0.0000   0.0000   0.2762
  12.000   1.4230   0.03556   0.02831  -0.0571  0.0852  1.0000  -5.0891   0.0000   0.0000   0.0000   0.2730
  12.500   1.4240   0.04019   0.03301  -0.0542  0.0697  1.0000  -5.2748   0.0000   0.0000   0.0000   0.2700
  13.000   1.4146   0.04609   0.03893  -0.0515  0.0575  1.0000  -5.3966   0.0000   0.0000   0.0000   0.2673
  13.500   1.4181   0.05099   0.04409  -0.0497  0.0500  1.0000  -5.5670   0.0000   0.0000   0.0000   0.2650
  14.000   1.4105   0.05739   0.05060  -0.0484  0.0434  1.0000  -5.6759   0.0000   0.0000   0.0000   0.2633
  14.500   1.4014   0.06406   0.05747  -0.0464  0.0386  1.0000  -5.7252   0.0000   0.0000   0.0000   0.2611
  15.000   1.4017   0.07018   0.06388  -0.0458  0.0355  1.0000  -5.8515   0.0000   0.0000   0.0000   0.2596


