xflr5 v6.59

 Calculated polar for: revR_65_revT

 1 1 Reynolds number fixed          Mach number fixed         

 xtrf =   1.000 (top)        1.000 (bottom)
 Mach =   0.000     Re =     0.455 e 6     Ncrit =   9.000

  alpha     CL        CD       CDp       Cm    Top Xtr Bot Xtr   Cpmin    Chinge    XCp    
 ------- -------- --------- --------- -------- ------- ------- -------- --------- ---------
  -5.000  -0.0047   0.01183   0.00529  -0.1219  0.8009  0.0467  -2.3911   0.0000   0.0000   0.0000  -26.4532
  -4.500   0.0511   0.01128   0.00468  -0.1220  0.7927  0.0565  -2.0463   0.0000   0.0000   0.0000   2.6877
  -4.000   0.1069   0.01053   0.00393  -0.1221  0.7831  0.0835  -1.7885   0.0000   0.0000   0.0000   1.4133
  -3.500   0.1635   0.01010   0.00359  -0.1224  0.7743  0.1296  -1.5325   0.0000   0.0000   0.0000   1.0105
  -3.000   0.2195   0.00965   0.00334  -0.1226  0.7655  0.1875  -1.2823   0.0000   0.0000   0.0000   0.8159
  -2.500   0.2760   0.00925   0.00313  -0.1229  0.7564  0.2634  -1.0521   0.0000   0.0000   0.0000   0.6998
  -2.000   0.3324   0.00895   0.00301  -0.1231  0.7462  0.3451  -0.8324   0.0000   0.0000   0.0000   0.6230
  -1.500   0.3886   0.00858   0.00292  -0.1233  0.7364  0.4468  -0.7024   0.0000   0.0000   0.0000   0.5686
  -1.000   0.4448   0.00830   0.00292  -0.1234  0.7264  0.5719  -0.7436   0.0000   0.0000   0.0000   0.5276
  -0.500   0.4991   0.00802   0.00297  -0.1229  0.7153  0.6810  -0.7867   0.0000   0.0000   0.0000   0.4955
   0.000   0.5537   0.00797   0.00301  -0.1222  0.7041  0.7571  -0.8303   0.0000   0.0000   0.0000   0.4693
   0.500   0.6072   0.00793   0.00309  -0.1214  0.6922  0.8096  -0.8798   0.0000   0.0000   0.0000   0.4477
   1.000   0.6601   0.00794   0.00308  -0.1203  0.6793  0.8525  -0.9298   0.0000   0.0000   0.0000   0.4295
   1.500   0.7091   0.00786   0.00311  -0.1184  0.6645  0.8995  -0.9822   0.0000   0.0000   0.0000   0.4136
   2.000   0.7596   0.00780   0.00305  -0.1168  0.6507  0.9610  -1.0400   0.0000   0.0000   0.0000   0.3998
   2.500   0.8227   0.00787   0.00303  -0.1185  0.6323  1.0000  -1.1064   0.0000   0.0000   0.0000   0.3895
   3.000   0.8796   0.00805   0.00315  -0.1189  0.6137  1.0000  -1.1741   0.0000   0.0000   0.0000   0.3800
   3.500   0.9355   0.00828   0.00331  -0.1190  0.5947  1.0000  -1.2490   0.0000   0.0000   0.0000   0.3716
   4.000   0.9899   0.00856   0.00350  -0.1189  0.5717  1.0000  -1.3263   0.0000   0.0000   0.0000   0.3638
   4.500   1.0434   0.00890   0.00376  -0.1186  0.5473  1.0000  -1.4173   0.0000   0.0000   0.0000   0.3568
   5.000   1.0959   0.00930   0.00408  -0.1182  0.5217  1.0000  -1.5149   0.0000   0.0000   0.0000   0.3503
   5.500   1.1467   0.00978   0.00446  -0.1175  0.4922  1.0000  -1.6344   0.0000   0.0000   0.0000   0.3443
   6.000   1.1964   0.01033   0.00492  -0.1166  0.4636  1.0000  -1.7554   0.0000   0.0000   0.0000   0.3387
   6.500   1.2442   0.01096   0.00545  -0.1155  0.4295  1.0000  -1.9159   0.0000   0.0000   0.0000   0.3334
   7.000   1.2915   0.01162   0.00605  -0.1143  0.4000  1.0000  -2.0834   0.0000   0.0000   0.0000   0.3284
   7.500   1.3343   0.01250   0.00678  -0.1125  0.3649  1.0000  -2.2924   0.0000   0.0000   0.0000   0.3234
   8.000   1.3767   0.01335   0.00757  -0.1106  0.3306  1.0000  -2.5620   0.0000   0.0000   0.0000   0.3188
   8.500   1.4156   0.01434   0.00847  -0.1083  0.2992  1.0000  -2.8678   0.0000   0.0000   0.0000   0.3141
   9.000   1.4467   0.01556   0.00956  -0.1047  0.2640  1.0000  -3.1626   0.0000   0.0000   0.0000   0.3093
   9.500   1.4764   0.01689   0.01083  -0.1012  0.2322  1.0000  -3.4688   0.0000   0.0000   0.0000   0.3047
  10.000   1.5005   0.01860   0.01242  -0.0973  0.2007  1.0000  -3.7626   0.0000   0.0000   0.0000   0.3001
  10.500   1.5228   0.02057   0.01429  -0.0936  0.1695  1.0000  -4.0567   0.0000   0.0000   0.0000   0.2959
  11.000   1.5410   0.02297   0.01658  -0.0899  0.1389  1.0000  -4.3454   0.0000   0.0000   0.0000   0.2919
  11.500   1.5543   0.02588   0.01937  -0.0862  0.1117  1.0000  -4.6237   0.0000   0.0000   0.0000   0.2881
  12.000   1.5679   0.02894   0.02239  -0.0829  0.0911  1.0000  -4.9071   0.0000   0.0000   0.0000   0.2846
  12.500   1.5802   0.03223   0.02571  -0.0799  0.0752  1.0000  -5.1887   0.0000   0.0000   0.0000   0.2813
  13.000   1.5903   0.03583   0.02938  -0.0771  0.0622  1.0000  -5.4620   0.0000   0.0000   0.0000   0.2782
  13.500   1.5916   0.04042   0.03398  -0.0741  0.0499  1.0000  -5.6919   0.0000   0.0000   0.0000   0.2753
  14.000   1.5970   0.04483   0.03848  -0.0719  0.0426  1.0000  -5.9446   0.0000   0.0000   0.0000   0.2727
  14.500   1.5898   0.05087   0.04464  -0.0698  0.0351  1.0000  -6.1242   0.0000   0.0000   0.0000   0.2705
  15.000   1.5946   0.05594   0.04988  -0.0686  0.0313  1.0000  -6.3812   0.0000   0.0000   0.0000   0.2685


