xflr5 v6.59

 Calculated polar for: revR_30_revT

 1 1 Reynolds number fixed          Mach number fixed         

 xtrf =   1.000 (top)        1.000 (bottom)
 Mach =   0.000     Re =     0.135 e 6     Ncrit =   9.000

  alpha     CL        CD       CDp       Cm    Top Xtr Bot Xtr   Cpmin    Chinge    XCp    
 ------- -------- --------- --------- -------- ------- ------- -------- --------- ---------
  -5.000  -0.2332   0.02239   0.01442  -0.0828  0.9376  0.0851  -2.5717   0.0000   0.0000   0.0000  -0.1166
  -4.500  -0.1626   0.02029   0.01216  -0.0858  0.9274  0.1057  -2.2522   0.0000   0.0000   0.0000  -0.2924
  -4.000  -0.0796   0.01858   0.01064  -0.0915  0.9210  0.1613  -1.8722   0.0000   0.0000   0.0000  -0.9262
  -3.500  -0.0261   0.01745   0.00993  -0.0918  0.9056  0.2591  -1.5839   0.0000   0.0000   0.0000  -3.3365
  -3.000   0.0464   0.01618   0.00934  -0.0951  0.8971  0.4241  -1.2680   0.0000   0.0000   0.0000   2.3314
  -2.500   0.0920   0.01568   0.00952  -0.0928  0.8807  0.6018  -1.0701   0.0000   0.0000   0.0000   1.2710
  -2.000   0.1447   0.01559   0.00972  -0.0902  0.8691  0.7351  -0.8635   0.0000   0.0000   0.0000   0.8801
  -1.500   0.1878   0.01563   0.00981  -0.0856  0.8534  0.8200  -0.6879   0.0000   0.0000   0.0000   0.7093
  -1.000   0.2248   0.01572   0.00989  -0.0798  0.8373  0.8863  -0.5536   0.0000   0.0000   0.0000   0.6067
  -0.500   0.2909   0.01536   0.00937  -0.0794  0.8265  0.9472  -0.6039   0.0000   0.0000   0.0000   0.5231
   0.000   0.4018   0.01506   0.00890  -0.0899  0.8118  0.9918  -0.6801   0.0000   0.0000   0.0000   0.4730
   0.500   0.4591   0.01492   0.00859  -0.0907  0.7950  1.0000  -0.7305   0.0000   0.0000   0.0000   0.4461
   1.000   0.5039   0.01483   0.00834  -0.0886  0.7786  1.0000  -0.7778   0.0000   0.0000   0.0000   0.4237
   1.500   0.5491   0.01498   0.00838  -0.0868  0.7585  1.0000  -0.8288   0.0000   0.0000   0.0000   0.4055
   2.000   0.6007   0.01505   0.00836  -0.0859  0.7385  1.0000  -0.8856   0.0000   0.0000   0.0000   0.3897
   2.500   0.6547   0.01509   0.00831  -0.0851  0.7186  1.0000  -0.9509   0.0000   0.0000   0.0000   0.3763
   3.000   0.7096   0.01507   0.00822  -0.0844  0.6979  1.0000  -1.0239   0.0000   0.0000   0.0000   0.3647
   3.500   0.7643   0.01507   0.00816  -0.0836  0.6755  1.0000  -1.1042   0.0000   0.0000   0.0000   0.3547
   4.000   0.8183   0.01511   0.00817  -0.0828  0.6511  1.0000  -1.1972   0.0000   0.0000   0.0000   0.3459
   4.500   0.8717   0.01520   0.00825  -0.0818  0.6247  1.0000  -1.3061   0.0000   0.0000   0.0000   0.3381
   5.000   0.9247   0.01532   0.00833  -0.0808  0.5955  1.0000  -1.4419   0.0000   0.0000   0.0000   0.3311
   5.500   0.9778   0.01556   0.00846  -0.0798  0.5653  1.0000  -1.6056   0.0000   0.0000   0.0000   0.3247
   6.000   1.0262   0.01600   0.00894  -0.0782  0.5294  1.0000  -1.8688   0.0000   0.0000   0.0000   0.3188
   6.500   1.0756   0.01654   0.00932  -0.0768  0.4930  1.0000  -2.1918   0.0000   0.0000   0.0000   0.3133
   7.000   1.1203   0.01721   0.01006  -0.0748  0.4529  1.0000  -2.5121   0.0000   0.0000   0.0000   0.3081
   7.500   1.1635   0.01803   0.01086  -0.0727  0.4111  1.0000  -2.8407   0.0000   0.0000   0.0000   0.3031
   8.000   1.2034   0.01902   0.01177  -0.0703  0.3680  1.0000  -3.1699   0.0000   0.0000   0.0000   0.2983
   8.500   1.2395   0.02023   0.01290  -0.0674  0.3244  1.0000  -3.4984   0.0000   0.0000   0.0000   0.2936
   9.000   1.2693   0.02167   0.01431  -0.0639  0.2769  1.0000  -3.8220   0.0000   0.0000   0.0000   0.2888
   9.500   1.2920   0.02348   0.01602  -0.0596  0.2284  1.0000  -4.1205   0.0000   0.0000   0.0000   0.2839
  10.000   1.3039   0.02584   0.01823  -0.0543  0.1826  1.0000  -4.3736   0.0000   0.0000   0.0000   0.2787
  10.500   1.3094   0.02907   0.02125  -0.0493  0.1434  1.0000  -4.5889   0.0000   0.0000   0.0000   0.2738
  11.000   1.3159   0.03266   0.02484  -0.0451  0.1121  1.0000  -4.7938   0.0000   0.0000   0.0000   0.2697
  11.500   1.3204   0.03670   0.02888  -0.0417  0.0893  1.0000  -4.9833   0.0000   0.0000   0.0000   0.2661
  12.000   1.3227   0.04128   0.03349  -0.0386  0.0728  1.0000  -5.1479   0.0000   0.0000   0.0000   0.2629
  12.500   1.3238   0.04616   0.03852  -0.0362  0.0606  1.0000  -5.2965   0.0000   0.0000   0.0000   0.2602
  13.000   1.3299   0.05120   0.04382  -0.0335  0.0522  1.0000  -5.4059   0.0000   0.0000   0.0000   0.2571
  13.500   1.3344   0.05637   0.04921  -0.0317  0.0465  1.0000  -5.5201   0.0000   0.0000   0.0000   0.2548
  14.000   1.3378   0.06236   0.05537  -0.0295  0.0422  1.0000  -5.6047   0.0000   0.0000   0.0000   0.2522
  14.500   1.3275   0.07128   0.06479  -0.0276  0.0401  1.0000  -5.5518   0.0000   0.0000   0.0000   0.2501
  15.000   1.3082   0.07992   0.07392  -0.0282  0.0395  1.0000  -5.5284   0.0000   0.0000   0.0000   0.2499


