xflr5 v6.59

 Calculated polar for: revR_35_revT

 1 1 Reynolds number fixed          Mach number fixed         

 xtrf =   1.000 (top)        1.000 (bottom)
 Mach =   0.000     Re =     0.420 e 6     Ncrit =   9.000

  alpha     CL        CD       CDp       Cm    Top Xtr Bot Xtr   Cpmin    Chinge    XCp    
 ------- -------- --------- --------- -------- ------- ------- -------- --------- ---------
  -5.000  -0.1290   0.01179   0.00528  -0.0940  0.8415  0.0533  -2.5002   0.0000   0.0000   0.0000  -0.4987
  -4.500  -0.0752   0.01094   0.00433  -0.0936  0.8293  0.0716  -2.1534   0.0000   0.0000   0.0000  -1.0237
  -4.000  -0.0207   0.01033   0.00378  -0.0935  0.8178  0.1078  -1.8155   0.0000   0.0000   0.0000  -4.3516
  -3.500   0.0340   0.00980   0.00340  -0.0934  0.8064  0.1664  -1.4917   0.0000   0.0000   0.0000   3.0401
  -3.000   0.0889   0.00934   0.00316  -0.0934  0.7955  0.2447  -1.2475   0.0000   0.0000   0.0000   1.3149
  -2.000   0.1982   0.00840   0.00280  -0.0932  0.7716  0.4524  -0.8175   0.0000   0.0000   0.0000   0.7238
  -1.500   0.2515   0.00791   0.00274  -0.0926  0.7593  0.6007  -0.6238   0.0000   0.0000   0.0000   0.6199
  -1.000   0.3052   0.00773   0.00278  -0.0918  0.7466  0.6973  -0.6180   0.0000   0.0000   0.0000   0.5512
  -0.500   0.3587   0.00766   0.00278  -0.0908  0.7328  0.7637  -0.6600   0.0000   0.0000   0.0000   0.5025
   0.000   0.4122   0.00764   0.00284  -0.0898  0.7194  0.8091  -0.7049   0.0000   0.0000   0.0000   0.4666
   0.500   0.4652   0.00766   0.00282  -0.0887  0.7045  0.8470  -0.7536   0.0000   0.0000   0.0000   0.4388
   1.000   0.5153   0.00761   0.00283  -0.0869  0.6880  0.8844  -0.8034   0.0000   0.0000   0.0000   0.4161
   1.500   0.5642   0.00758   0.00283  -0.0849  0.6708  0.9233  -0.8587   0.0000   0.0000   0.0000   0.3974
   2.000   0.6223   0.00755   0.00277  -0.0849  0.6520  0.9691  -0.9208   0.0000   0.0000   0.0000   0.3828
   2.500   0.6915   0.00763   0.00276  -0.0879  0.6295  1.0000  -0.9948   0.0000   0.0000   0.0000   0.3730
   3.000   0.7467   0.00783   0.00286  -0.0880  0.6068  1.0000  -1.0685   0.0000   0.0000   0.0000   0.3633
   3.500   0.8013   0.00808   0.00301  -0.0879  0.5808  1.0000  -1.1474   0.0000   0.0000   0.0000   0.3546
   4.000   0.8550   0.00839   0.00322  -0.0876  0.5517  1.0000  -1.2388   0.0000   0.0000   0.0000   0.3469
   4.500   0.9079   0.00877   0.00349  -0.0872  0.5220  1.0000  -1.3464   0.0000   0.0000   0.0000   0.3399
   5.000   0.9598   0.00922   0.00383  -0.0866  0.4897  1.0000  -1.4774   0.0000   0.0000   0.0000   0.3336
   5.500   1.0111   0.00970   0.00423  -0.0860  0.4545  1.0000  -1.6315   0.0000   0.0000   0.0000   0.3278
   6.000   1.0610   0.01030   0.00470  -0.0851  0.4198  1.0000  -1.8999   0.0000   0.0000   0.0000   0.3224
   6.500   1.1094   0.01099   0.00525  -0.0841  0.3779  1.0000  -2.2202   0.0000   0.0000   0.0000   0.3174
   7.000   1.1566   0.01176   0.00589  -0.0830  0.3349  1.0000  -2.5599   0.0000   0.0000   0.0000   0.3127
   7.500   1.2000   0.01279   0.00668  -0.0814  0.2826  1.0000  -2.9086   0.0000   0.0000   0.0000   0.3081
   8.000   1.2428   0.01384   0.00755  -0.0798  0.2374  1.0000  -3.2686   0.0000   0.0000   0.0000   0.3038
   8.500   1.2841   0.01495   0.00852  -0.0780  0.1982  1.0000  -3.6362   0.0000   0.0000   0.0000   0.2997
   9.000   1.3211   0.01628   0.00970  -0.0756  0.1579  1.0000  -3.9976   0.0000   0.0000   0.0000   0.2955
   9.500   1.3506   0.01789   0.01109  -0.0723  0.1167  1.0000  -4.3383   0.0000   0.0000   0.0000   0.2910
  10.000   1.3780   0.01955   0.01264  -0.0687  0.0886  1.0000  -4.6762   0.0000   0.0000   0.0000   0.2866
  10.500   1.4021   0.02144   0.01447  -0.0652  0.0674  1.0000  -5.0035   0.0000   0.0000   0.0000   0.2824
  11.000   1.4242   0.02357   0.01661  -0.0618  0.0517  1.0000  -5.3215   0.0000   0.0000   0.0000   0.2785
  11.500   1.4417   0.02621   0.01931  -0.0585  0.0388  1.0000  -5.6088   0.0000   0.0000   0.0000   0.2749
  12.000   1.4465   0.03010   0.02322  -0.0547  0.0269  1.0000  -5.7961   0.0000   0.0000   0.0000   0.2712
  12.500   1.4606   0.03339   0.02669  -0.0522  0.0228  1.0000  -6.0351   0.0000   0.0000   0.0000   0.2682
  13.000   1.4619   0.03808   0.03151  -0.0496  0.0198  1.0000  -6.1998   0.0000   0.0000   0.0000   0.2654
  13.500   1.4482   0.04456   0.03828  -0.0470  0.0179  1.0000  -6.2551   0.0000   0.0000   0.0000   0.2630
  14.000   1.4342   0.05144   0.04545  -0.0453  0.0171  1.0000  -6.3146   0.0000   0.0000   0.0000   0.2611
  14.500   1.4349   0.05718   0.05141  -0.0446  0.0168  1.0000  -6.4878   0.0000   0.0000   0.0000   0.2596
  15.000   1.4319   0.06362   0.05808  -0.0445  0.0164  1.0000  -6.6333   0.0000   0.0000   0.0000   0.2585


