xflr5 v6.59

 Calculated polar for: revR_25_revT

 1 1 Reynolds number fixed          Mach number fixed         

 xtrf =   1.000 (top)        1.000 (bottom)
 Mach =   0.000     Re =     0.260 e 6     Ncrit =   9.000

  alpha     CL        CD       CDp       Cm    Top Xtr Bot Xtr   Cpmin    Chinge    XCp    
 ------- -------- --------- --------- -------- ------- ------- -------- --------- ---------
  -5.000  -0.1596   0.01401   0.00702  -0.0892  0.8991  0.0685  -2.4382   0.0000   0.0000   0.0000  -0.3244
  -4.500  -0.1084   0.01302   0.00598  -0.0884  0.8850  0.0936  -2.1215   0.0000   0.0000   0.0000  -0.5851
  -4.000  -0.0548   0.01219   0.00524  -0.0878  0.8721  0.1474  -1.7882   0.0000   0.0000   0.0000  -1.3849
  -3.500  -0.0039   0.01146   0.00486  -0.0872  0.8574  0.2356  -1.4802   0.0000   0.0000   0.0000  -22.7993
  -3.000   0.0487   0.01083   0.00455  -0.0867  0.8449  0.3457  -1.2257   0.0000   0.0000   0.0000   2.0559
  -2.500   0.1002   0.01020   0.00435  -0.0859  0.8309  0.4832  -1.0180   0.0000   0.0000   0.0000   1.1174
  -2.000   0.1499   0.00973   0.00437  -0.0842  0.8167  0.6358  -0.8204   0.0000   0.0000   0.0000   0.8168
  -1.500   0.2014   0.00960   0.00438  -0.0824  0.8038  0.7296  -0.6282   0.0000   0.0000   0.0000   0.6616
  -1.000   0.2512   0.00960   0.00446  -0.0803  0.7888  0.7921  -0.5704   0.0000   0.0000   0.0000   0.5706
  -0.500   0.3010   0.00959   0.00442  -0.0780  0.7749  0.8394  -0.6121   0.0000   0.0000   0.0000   0.5089
   0.000   0.3485   0.00952   0.00435  -0.0753  0.7587  0.8803  -0.6537   0.0000   0.0000   0.0000   0.4650
   0.500   0.3952   0.00948   0.00430  -0.0724  0.7431  0.9225  -0.6984   0.0000   0.0000   0.0000   0.4315
   1.000   0.4574   0.00937   0.00410  -0.0729  0.7266  0.9616  -0.7562   0.0000   0.0000   0.0000   0.4069
   1.500   0.5420   0.00928   0.00388  -0.0786  0.7078  0.9919  -0.8332   0.0000   0.0000   0.0000   0.3922
   2.000   0.6002   0.00929   0.00382  -0.0796  0.6868  1.0000  -0.8962   0.0000   0.0000   0.0000   0.3793
   2.500   0.6497   0.00940   0.00384  -0.0786  0.6648  1.0000  -0.9602   0.0000   0.0000   0.0000   0.3672
   3.000   0.7026   0.00956   0.00390  -0.0781  0.6410  1.0000  -1.0326   0.0000   0.0000   0.0000   0.3569
   3.500   0.7559   0.00976   0.00401  -0.0776  0.6156  1.0000  -1.1151   0.0000   0.0000   0.0000   0.3479
   4.000   0.8088   0.01004   0.00418  -0.0770  0.5872  1.0000  -1.2164   0.0000   0.0000   0.0000   0.3399
   4.500   0.8609   0.01036   0.00446  -0.0763  0.5558  1.0000  -1.3298   0.0000   0.0000   0.0000   0.3329
   5.000   0.9121   0.01078   0.00478  -0.0755  0.5222  1.0000  -1.4780   0.0000   0.0000   0.0000   0.3264
   5.500   0.9622   0.01128   0.00519  -0.0745  0.4861  1.0000  -1.7064   0.0000   0.0000   0.0000   0.3206
   6.000   1.0112   0.01187   0.00569  -0.0735  0.4489  1.0000  -2.0263   0.0000   0.0000   0.0000   0.3152
   6.500   1.0592   0.01253   0.00627  -0.0723  0.4087  1.0000  -2.3582   0.0000   0.0000   0.0000   0.3102
   7.000   1.1052   0.01332   0.00698  -0.0709  0.3672  1.0000  -2.6985   0.0000   0.0000   0.0000   0.3054
   7.500   1.1492   0.01424   0.00777  -0.0693  0.3232  1.0000  -3.0493   0.0000   0.0000   0.0000   0.3009
   8.000   1.1902   0.01534   0.00869  -0.0673  0.2707  1.0000  -3.4146   0.0000   0.0000   0.0000   0.2966
   8.500   1.2276   0.01668   0.00981  -0.0651  0.2173  1.0000  -3.7774   0.0000   0.0000   0.0000   0.2923
   9.000   1.2620   0.01820   0.01119  -0.0625  0.1701  1.0000  -4.1364   0.0000   0.0000   0.0000   0.2881
   9.500   1.2892   0.02003   0.01280  -0.0590  0.1248  1.0000  -4.4715   0.0000   0.0000   0.0000   0.2837
  10.000   1.3122   0.02207   0.01471  -0.0552  0.0909  1.0000  -4.7902   0.0000   0.0000   0.0000   0.2793
  10.500   1.3323   0.02437   0.01698  -0.0515  0.0687  1.0000  -5.0914   0.0000   0.0000   0.0000   0.2751
  11.000   1.3472   0.02720   0.01985  -0.0478  0.0524  1.0000  -5.3551   0.0000   0.0000   0.0000   0.2711
  11.500   1.3489   0.03138   0.02406  -0.0438  0.0390  1.0000  -5.5171   0.0000   0.0000   0.0000   0.2673
  12.000   1.3608   0.03497   0.02789  -0.0413  0.0318  1.0000  -5.7168   0.0000   0.0000   0.0000   0.2642
  12.500   1.3482   0.04111   0.03420  -0.0380  0.0269  1.0000  -5.7541   0.0000   0.0000   0.0000   0.2612
  13.000   1.3465   0.04650   0.03985  -0.0356  0.0253  1.0000  -5.8525   0.0000   0.0000   0.0000   0.2585
  13.500   1.3506   0.05152   0.04513  -0.0340  0.0243  1.0000  -5.9991   0.0000   0.0000   0.0000   0.2563
  14.000   1.3518   0.05702   0.05092  -0.0326  0.0235  1.0000  -6.1224   0.0000   0.0000   0.0000   0.2543
  14.500   1.3509   0.06310   0.05729  -0.0316  0.0228  1.0000  -6.2267   0.0000   0.0000   0.0000   0.2527
  15.000   1.3461   0.06995   0.06446  -0.0313  0.0224  1.0000  -6.3030   0.0000   0.0000   0.0000   0.2515


