xflr5 v6.59

 Calculated polar for: revR_15_revT

 1 1 Reynolds number fixed          Mach number fixed         

 xtrf =   1.000 (top)        1.000 (bottom)
 Mach =   0.000     Re =     0.300 e 6     Ncrit =   9.000

  alpha     CL        CD       CDp       Cm    Top Xtr Bot Xtr   Cpmin    Chinge    XCp    
 ------- -------- --------- --------- -------- ------- ------- -------- --------- ---------
  -5.000  -0.1995   0.01289   0.00610  -0.0793  0.9039  0.0668  -2.4954   0.0000   0.0000   0.0000  -0.1593
  -4.500  -0.1471   0.01198   0.00515  -0.0786  0.8897  0.0943  -2.1414   0.0000   0.0000   0.0000  -0.2981
  -4.000  -0.0960   0.01118   0.00449  -0.0776  0.8741  0.1517  -1.8102   0.0000   0.0000   0.0000  -0.5761
  -3.500  -0.0458   0.01055   0.00414  -0.0767  0.8590  0.2348  -1.4865   0.0000   0.0000   0.0000  -1.4571
  -3.000   0.0054   0.00988   0.00382  -0.0759  0.8454  0.3523  -1.2179   0.0000   0.0000   0.0000  14.6410
  -2.500   0.0545   0.00923   0.00360  -0.0745  0.8295  0.4892  -1.0155   0.0000   0.0000   0.0000   1.6360
  -2.000   0.1029   0.00876   0.00362  -0.0726  0.8150  0.6417  -0.8212   0.0000   0.0000   0.0000   0.9624
  -1.500   0.1549   0.00865   0.00360  -0.0711  0.8012  0.7270  -0.6294   0.0000   0.0000   0.0000   0.7117
  -1.000   0.2046   0.00861   0.00366  -0.0690  0.7848  0.7871  -0.5331   0.0000   0.0000   0.0000   0.5881
  -0.500   0.2555   0.00861   0.00364  -0.0671  0.7691  0.8292  -0.5755   0.0000   0.0000   0.0000   0.5125
   0.000   0.3057   0.00860   0.00358  -0.0651  0.7533  0.8676  -0.6179   0.0000   0.0000   0.0000   0.4617
   0.500   0.3539   0.00855   0.00356  -0.0626  0.7355  0.9032  -0.6660   0.0000   0.0000   0.0000   0.4250
   1.000   0.4073   0.00853   0.00351  -0.0612  0.7164  0.9389  -0.7184   0.0000   0.0000   0.0000   0.3980
   1.500   0.4798   0.00858   0.00347  -0.0642  0.6969  0.9665  -0.7854   0.0000   0.0000   0.0000   0.3809
   2.000   0.5659   0.00862   0.00342  -0.0703  0.6725  0.9825  -0.8715   0.0000   0.0000   0.0000   0.3710
   2.500   0.6488   0.00867   0.00339  -0.0761  0.6469  0.9985  -0.9620   0.0000   0.0000   0.0000   0.3637
   3.000   0.6857   0.00876   0.00339  -0.0728  0.6196  1.0000  -1.0295   0.0000   0.0000   0.0000   0.3520
   3.500   0.7248   0.00898   0.00349  -0.0696  0.5912  1.0000  -1.1099   0.0000   0.0000   0.0000   0.3414
   4.000   0.7698   0.00931   0.00367  -0.0675  0.5608  1.0000  -1.2120   0.0000   0.0000   0.0000   0.3326
   4.500   0.8166   0.00965   0.00395  -0.0657  0.5265  1.0000  -1.3386   0.0000   0.0000   0.0000   0.3249
   5.000   0.8630   0.01012   0.00427  -0.0639  0.4908  1.0000  -1.5244   0.0000   0.0000   0.0000   0.3180
   5.500   0.9093   0.01060   0.00469  -0.0622  0.4521  1.0000  -1.8363   0.0000   0.0000   0.0000   0.3118
   6.000   0.9546   0.01119   0.00518  -0.0603  0.4163  1.0000  -2.1605   0.0000   0.0000   0.0000   0.3060
   6.500   0.9972   0.01188   0.00571  -0.0581  0.3718  1.0000  -2.4910   0.0000   0.0000   0.0000   0.3005
   7.000   1.0384   0.01264   0.00634  -0.0557  0.3259  1.0000  -2.8302   0.0000   0.0000   0.0000   0.2953
   7.500   1.0757   0.01359   0.00712  -0.0527  0.2744  1.0000  -3.1675   0.0000   0.0000   0.0000   0.2901
   8.000   1.1107   0.01465   0.00798  -0.0495  0.2234  1.0000  -3.5189   0.0000   0.0000   0.0000   0.2850
   8.500   1.1418   0.01586   0.00900  -0.0458  0.1757  1.0000  -3.8681   0.0000   0.0000   0.0000   0.2799
   9.000   1.1648   0.01725   0.01018  -0.0408  0.1310  1.0000  -4.1912   0.0000   0.0000   0.0000   0.2742
   9.500   1.1826   0.01881   0.01159  -0.0352  0.0959  1.0000  -4.4949   0.0000   0.0000   0.0000   0.2683
  10.000   1.1990   0.02054   0.01324  -0.0299  0.0713  1.0000  -4.7906   0.0000   0.0000   0.0000   0.2627
  10.500   1.2154   0.02243   0.01513  -0.0251  0.0544  1.0000  -5.0815   0.0000   0.0000   0.0000   0.2577
  11.000   1.2291   0.02464   0.01737  -0.0206  0.0412  1.0000  -5.3441   0.0000   0.0000   0.0000   0.2531
  11.500   1.2337   0.02770   0.02055  -0.0159  0.0299  1.0000  -5.5084   0.0000   0.0000   0.0000   0.2484
  12.000   1.2177   0.03274   0.02573  -0.0107  0.0239  1.0000  -5.5227   0.0000   0.0000   0.0000   0.2434
  12.500   1.2271   0.03621   0.02942  -0.0081  0.0226  1.0000  -5.7184   0.0000   0.0000   0.0000   0.2404
  13.000   1.2314   0.04042   0.03390  -0.0060  0.0214  1.0000  -5.8803   0.0000   0.0000   0.0000   0.2377
  13.500   1.2345   0.04509   0.03879  -0.0044  0.0205  1.0000  -6.0330   0.0000   0.0000   0.0000   0.2355
  14.000   1.2374   0.05013   0.04407  -0.0034  0.0199  1.0000  -6.1798   0.0000   0.0000   0.0000   0.2338
  14.500   1.2395   0.05562   0.04981  -0.0030  0.0193  1.0000  -6.3217   0.0000   0.0000   0.0000   0.2325
  15.000   1.2393   0.06174   0.05618  -0.0034  0.0189  1.0000  -6.4495   0.0000   0.0000   0.0000   0.2319


