xflr5 v6.59

 Calculated polar for: revR_75_revT

 1 1 Reynolds number fixed          Mach number fixed         

 xtrf =   1.000 (top)        1.000 (bottom)
 Mach =   0.000     Re =     0.330 e 6     Ncrit =   9.000

  alpha     CL        CD       CDp       Cm    Top Xtr Bot Xtr   Cpmin    Chinge    XCp    
 ------- -------- --------- --------- -------- ------- ------- -------- --------- ---------
  -5.000   0.0374   0.01390   0.00712  -0.1323  0.8138  0.0537  -2.3040   0.0000   0.0000   0.0000   3.8737
  -4.500   0.0933   0.01320   0.00631  -0.1324  0.8053  0.0651  -2.0260   0.0000   0.0000   0.0000   1.7007
  -4.000   0.1495   0.01250   0.00553  -0.1326  0.7972  0.0875  -1.7797   0.0000   0.0000   0.0000   1.1538
  -3.500   0.2044   0.01178   0.00497  -0.1327  0.7877  0.1339  -1.5342   0.0000   0.0000   0.0000   0.9097
  -3.000   0.2611   0.01126   0.00464  -0.1331  0.7790  0.2037  -1.2910   0.0000   0.0000   0.0000   0.7665
  -2.500   0.3177   0.01096   0.00451  -0.1335  0.7708  0.2783  -1.0584   0.0000   0.0000   0.0000   0.6744
  -2.000   0.3734   0.01057   0.00438  -0.1336  0.7607  0.3680  -0.8452   0.0000   0.0000   0.0000   0.6105
  -1.500   0.4302   0.01017   0.00423  -0.1338  0.7514  0.4802  -0.7415   0.0000   0.0000   0.0000   0.5623
  -1.000   0.4849   0.00991   0.00430  -0.1335  0.7412  0.5954  -0.7829   0.0000   0.0000   0.0000   0.5257
  -0.500   0.5385   0.00969   0.00438  -0.1327  0.7313  0.7123  -0.8244   0.0000   0.0000   0.0000   0.4957
   0.000   0.5916   0.00967   0.00443  -0.1315  0.7207  0.7848  -0.8658   0.0000   0.0000   0.0000   0.4709
   0.500   0.6418   0.00958   0.00443  -0.1297  0.7086  0.8428  -0.9115   0.0000   0.0000   0.0000   0.4501
   1.000   0.6898   0.00956   0.00440  -0.1274  0.6982  0.8978  -0.9605   0.0000   0.0000   0.0000   0.4319
   1.500   0.7427   0.00932   0.00424  -0.1262  0.6846  0.9748  -1.0126   0.0000   0.0000   0.0000   0.4165
   2.000   0.8051   0.00940   0.00417  -0.1278  0.6711  1.0000  -1.0784   0.0000   0.0000   0.0000   0.4047
   2.500   0.8626   0.00948   0.00418  -0.1283  0.6558  1.0000  -1.1436   0.0000   0.0000   0.0000   0.3941
   3.000   0.9192   0.00965   0.00428  -0.1286  0.6400  1.0000  -1.2088   0.0000   0.0000   0.0000   0.3846
   3.500   0.9749   0.00981   0.00434  -0.1286  0.6215  1.0000  -1.2789   0.0000   0.0000   0.0000   0.3760
   4.000   1.0297   0.01005   0.00449  -0.1285  0.6030  1.0000  -1.3572   0.0000   0.0000   0.0000   0.3683
   4.500   1.0833   0.01032   0.00475  -0.1282  0.5827  1.0000  -1.4372   0.0000   0.0000   0.0000   0.3612
   5.000   1.1352   0.01066   0.00502  -0.1276  0.5581  1.0000  -1.5334   0.0000   0.0000   0.0000   0.3546
   5.500   1.1863   0.01108   0.00539  -0.1269  0.5341  1.0000  -1.6349   0.0000   0.0000   0.0000   0.3485
   6.000   1.2353   0.01160   0.00583  -0.1258  0.5070  1.0000  -1.7590   0.0000   0.0000   0.0000   0.3428
   6.500   1.2824   0.01222   0.00636  -0.1245  0.4783  1.0000  -1.8830   0.0000   0.0000   0.0000   0.3373
   7.000   1.3282   0.01286   0.00698  -0.1230  0.4494  1.0000  -2.0434   0.0000   0.0000   0.0000   0.3321
   7.500   1.3703   0.01364   0.00770  -0.1210  0.4163  1.0000  -2.2042   0.0000   0.0000   0.0000   0.3271
   8.000   1.4101   0.01454   0.00855  -0.1187  0.3872  1.0000  -2.4085   0.0000   0.0000   0.0000   0.3221
   8.500   1.4432   0.01564   0.00954  -0.1153  0.3553  1.0000  -2.6406   0.0000   0.0000   0.0000   0.3171
   9.000   1.4734   0.01680   0.01066  -0.1116  0.3231  1.0000  -2.9314   0.0000   0.0000   0.0000   0.3122
   9.500   1.5004   0.01820   0.01205  -0.1077  0.2949  1.0000  -3.2203   0.0000   0.0000   0.0000   0.3074
  10.000   1.5213   0.02005   0.01381  -0.1035  0.2644  1.0000  -3.4958   0.0000   0.0000   0.0000   0.3028
  10.500   1.5398   0.02225   0.01593  -0.0995  0.2339  1.0000  -3.7685   0.0000   0.0000   0.0000   0.2985
  11.000   1.5584   0.02463   0.01829  -0.0960  0.2057  1.0000  -4.0478   0.0000   0.0000   0.0000   0.2946
  11.500   1.5729   0.02748   0.02112  -0.0925  0.1774  1.0000  -4.3155   0.0000   0.0000   0.0000   0.2908
  12.000   1.5826   0.03085   0.02443  -0.0890  0.1512  1.0000  -4.5679   0.0000   0.0000   0.0000   0.2873
  12.500   1.5892   0.03464   0.02818  -0.0856  0.1276  1.0000  -4.8175   0.0000   0.0000   0.0000   0.2840
  13.000   1.5934   0.03881   0.03234  -0.0825  0.1075  1.0000  -5.0593   0.0000   0.0000   0.0000   0.2809
  13.500   1.5969   0.04325   0.03683  -0.0798  0.0908  1.0000  -5.2984   0.0000   0.0000   0.0000   0.2781
  14.000   1.5970   0.04829   0.04192  -0.0775  0.0764  1.0000  -5.5212   0.0000   0.0000   0.0000   0.2755
  14.500   1.5879   0.05465   0.04828  -0.0755  0.0632  1.0000  -5.6949   0.0000   0.0000   0.0000   0.2735
  15.000   1.5914   0.05990   0.05373  -0.0743  0.0549  1.0000  -5.9332   0.0000   0.0000   0.0000   0.2715


