xflr5 v6.59

 Calculated polar for: revR_0_revT

 1 1 Reynolds number fixed          Mach number fixed         

 xtrf =   1.000 (top)        1.000 (bottom)
 Mach =   0.000     Re =     0.480 e 6     Ncrit =   9.000

  alpha     CL        CD       CDp       Cm    Top Xtr Bot Xtr   Cpmin    Chinge    XCp    
 ------- -------- --------- --------- -------- ------- ------- -------- --------- ---------
  -5.000  -0.2662   0.01064   0.00427  -0.0620  0.8969  0.0560  -2.7896   0.0000   0.0000   0.0000   0.0085
  -4.500  -0.2157   0.00997   0.00362  -0.0609  0.8779  0.0842  -2.3888   0.0000   0.0000   0.0000  -0.0417
  -4.000  -0.1645   0.00936   0.00316  -0.0601  0.8608  0.1367  -1.9964   0.0000   0.0000   0.0000  -0.1251
  -3.500  -0.1129   0.00884   0.00280  -0.0593  0.8436  0.2040  -1.6196   0.0000   0.0000   0.0000  -0.2872
  -3.000  -0.0615   0.00827   0.00250  -0.0585  0.8270  0.2976  -1.2774   0.0000   0.0000   0.0000  -0.7197
  -2.500  -0.0109   0.00762   0.00226  -0.0576  0.8112  0.4326  -1.0067   0.0000   0.0000   0.0000  -5.1327
  -2.000   0.0391   0.00705   0.00214  -0.0564  0.7950  0.5833  -0.7995   0.0000   0.0000   0.0000   1.7086
  -1.000   0.1434   0.00671   0.00211  -0.0540  0.7606  0.7460  -0.4821   0.0000   0.0000   0.0000   0.6276
  -0.500   0.1968   0.00670   0.00212  -0.0530  0.7432  0.7881  -0.5254   0.0000   0.0000   0.0000   0.5189
   0.000   0.2497   0.00670   0.00212  -0.0519  0.7229  0.8223  -0.5718   0.0000   0.0000   0.0000   0.4565
   0.500   0.3022   0.00672   0.00213  -0.0506  0.7028  0.8524  -0.6215   0.0000   0.0000   0.0000   0.4157
   1.000   0.3534   0.00675   0.00216  -0.0491  0.6801  0.8815  -0.6733   0.0000   0.0000   0.0000   0.3866
   1.500   0.4032   0.00679   0.00219  -0.0473  0.6558  0.9124  -0.7297   0.0000   0.0000   0.0000   0.3644
   2.000   0.4556   0.00685   0.00224  -0.0460  0.6295  0.9422  -0.7917   0.0000   0.0000   0.0000   0.3477
   2.500   0.5211   0.00702   0.00232  -0.0478  0.5975  0.9668  -0.8710   0.0000   0.0000   0.0000   0.3381
   3.000   0.5954   0.00726   0.00245  -0.0518  0.5632  0.9825  -0.9756   0.0000   0.0000   0.0000   0.3329
   3.500   0.6711   0.00756   0.00262  -0.0563  0.5237  0.9965  -1.1041   0.0000   0.0000   0.0000   0.3294
   4.000   0.7180   0.00790   0.00279  -0.0549  0.4834  1.0000  -1.2364   0.0000   0.0000   0.0000   0.3216
   4.500   0.7610   0.00828   0.00306  -0.0526  0.4480  1.0000  -1.4674   0.0000   0.0000   0.0000   0.3137
   5.000   0.8074   0.00872   0.00338  -0.0508  0.4106  1.0000  -1.7917   0.0000   0.0000   0.0000   0.3071
   5.500   0.8535   0.00928   0.00378  -0.0491  0.3643  1.0000  -2.1328   0.0000   0.0000   0.0000   0.3012
   6.000   0.8989   0.00997   0.00425  -0.0474  0.3122  1.0000  -2.4876   0.0000   0.0000   0.0000   0.2959
   6.500   0.9430   0.01079   0.00483  -0.0456  0.2539  1.0000  -2.8562   0.0000   0.0000   0.0000   0.2910
   7.000   0.9860   0.01171   0.00550  -0.0437  0.2014  1.0000  -3.2446   0.0000   0.0000   0.0000   0.2864
   7.500   1.0268   0.01280   0.00632  -0.0415  0.1446  1.0000  -3.6367   0.0000   0.0000   0.0000   0.2819
   8.000   1.0642   0.01410   0.00733  -0.0389  0.0922  1.0000  -4.0251   0.0000   0.0000   0.0000   0.2775
   8.500   1.1019   0.01529   0.00835  -0.0364  0.0615  1.0000  -4.4230   0.0000   0.0000   0.0000   0.2733
   9.000   1.1379   0.01648   0.00944  -0.0335  0.0414  1.0000  -4.8161   0.0000   0.0000   0.0000   0.2691
   9.500   1.1692   0.01783   0.01074  -0.0300  0.0253  1.0000  -5.1724   0.0000   0.0000   0.0000   0.2646
  10.000   1.1904   0.01937   0.01230  -0.0248  0.0169  1.0000  -5.4488   0.0000   0.0000   0.0000   0.2591
  10.500   1.2129   0.02082   0.01386  -0.0201  0.0146  1.0000  -5.7611   0.0000   0.0000   0.0000   0.2541
  11.000   1.2284   0.02277   0.01593  -0.0151  0.0133  1.0000  -6.0391   0.0000   0.0000   0.0000   0.2492
  11.500   1.2393   0.02518   0.01854  -0.0105  0.0126  1.0000  -6.2866   0.0000   0.0000   0.0000   0.2445
  12.000   1.2520   0.02774   0.02129  -0.0069  0.0123  1.0000  -6.5599   0.0000   0.0000   0.0000   0.2407
  12.500   1.2610   0.03086   0.02459  -0.0037  0.0120  1.0000  -6.8113   0.0000   0.0000   0.0000   0.2374
  13.000   1.2669   0.03457   0.02850  -0.0013  0.0118  1.0000  -7.0424   0.0000   0.0000   0.0000   0.2345
  13.500   1.2699   0.03892   0.03306   0.0004  0.0115  1.0000  -7.2515   0.0000   0.0000   0.0000   0.2323
  14.000   1.2703   0.04391   0.03826   0.0013  0.0114  1.0000  -7.4396   0.0000   0.0000   0.0000   0.2306
  14.500   1.2686   0.04955   0.04414   0.0014  0.0112  1.0000  -7.6081   0.0000   0.0000   0.0000   0.2295
  15.000   1.2649   0.05588   0.05070   0.0006  0.0111  1.0000  -7.8008   0.0000   0.0000   0.0000   0.2291


