xflr5 v6.59

 Calculated polar for: revR_35_revT

 1 1 Reynolds number fixed          Mach number fixed         

 xtrf =   1.000 (top)        1.000 (bottom)
 Mach =   0.000     Re =     0.395 e 6     Ncrit =   9.000

  alpha     CL        CD       CDp       Cm    Top Xtr Bot Xtr   Cpmin    Chinge    XCp    
 ------- -------- --------- --------- -------- ------- ------- -------- --------- ---------
  -5.000  -0.1276   0.01215   0.00557  -0.0944  0.8466  0.0544  -2.4861   0.0000   0.0000   0.0000  -0.5099
  -4.500  -0.0745   0.01121   0.00456  -0.0940  0.8340  0.0732  -2.1457   0.0000   0.0000   0.0000  -1.0419
  -4.000  -0.0201   0.01056   0.00395  -0.0938  0.8227  0.1114  -1.8116   0.0000   0.0000   0.0000  -4.5190
  -3.000   0.0893   0.00954   0.00332  -0.0937  0.8001  0.2546  -1.2458   0.0000   0.0000   0.0000   1.3139
  -2.500   0.1435   0.00902   0.00309  -0.0935  0.7873  0.3506  -1.0272   0.0000   0.0000   0.0000   0.9087
  -2.000   0.1981   0.00859   0.00295  -0.0934  0.7760  0.4686  -0.8170   0.0000   0.0000   0.0000   0.7249
  -1.500   0.2509   0.00809   0.00293  -0.0927  0.7634  0.6156  -0.6246   0.0000   0.0000   0.0000   0.6210
  -1.000   0.3046   0.00795   0.00296  -0.0918  0.7512  0.7083  -0.6175   0.0000   0.0000   0.0000   0.5517
  -0.500   0.3578   0.00786   0.00297  -0.0907  0.7369  0.7723  -0.6592   0.0000   0.0000   0.0000   0.5029
   0.000   0.4108   0.00787   0.00301  -0.0895  0.7238  0.8170  -0.7040   0.0000   0.0000   0.0000   0.4667
   0.500   0.4630   0.00786   0.00298  -0.0882  0.7088  0.8546  -0.7521   0.0000   0.0000   0.0000   0.4385
   1.000   0.5127   0.00781   0.00299  -0.0863  0.6923  0.8932  -0.8016   0.0000   0.0000   0.0000   0.4158
   1.500   0.5611   0.00777   0.00296  -0.0841  0.6757  0.9336  -0.8566   0.0000   0.0000   0.0000   0.3968
   2.000   0.6269   0.00775   0.00287  -0.0858  0.6566  0.9788  -0.9236   0.0000   0.0000   0.0000   0.3833
   2.500   0.6913   0.00785   0.00287  -0.0879  0.6345  1.0000  -0.9944   0.0000   0.0000   0.0000   0.3731
   3.000   0.7462   0.00806   0.00296  -0.0879  0.6117  1.0000  -1.0679   0.0000   0.0000   0.0000   0.3633
   3.500   0.8008   0.00829   0.00312  -0.0878  0.5864  1.0000  -1.1467   0.0000   0.0000   0.0000   0.3546
   4.000   0.8545   0.00858   0.00333  -0.0875  0.5576  1.0000  -1.2381   0.0000   0.0000   0.0000   0.3468
   4.500   0.9075   0.00894   0.00360  -0.0871  0.5281  1.0000  -1.3457   0.0000   0.0000   0.0000   0.3399
   5.000   0.9590   0.00941   0.00393  -0.0864  0.4954  1.0000  -1.4757   0.0000   0.0000   0.0000   0.3335
   5.500   1.0104   0.00988   0.00434  -0.0858  0.4611  1.0000  -1.6299   0.0000   0.0000   0.0000   0.3277
   6.000   1.0602   0.01047   0.00482  -0.0850  0.4259  1.0000  -1.8953   0.0000   0.0000   0.0000   0.3223
   6.500   1.1090   0.01113   0.00536  -0.0840  0.3860  1.0000  -2.2162   0.0000   0.0000   0.0000   0.3173
   7.000   1.1557   0.01192   0.00601  -0.0828  0.3443  1.0000  -2.5515   0.0000   0.0000   0.0000   0.3126
   7.500   1.1997   0.01288   0.00678  -0.0812  0.2942  1.0000  -2.9017   0.0000   0.0000   0.0000   0.3080
   8.000   1.2415   0.01399   0.00767  -0.0795  0.2453  1.0000  -3.2578   0.0000   0.0000   0.0000   0.3036
   8.500   1.2819   0.01515   0.00868  -0.0775  0.2055  1.0000  -3.6207   0.0000   0.0000   0.0000   0.2994
   9.500   1.3477   0.01811   0.01127  -0.0717  0.1229  1.0000  -4.3183   0.0000   0.0000   0.0000   0.2907
  10.000   1.3746   0.01980   0.01285  -0.0682  0.0932  1.0000  -4.6529   0.0000   0.0000   0.0000   0.2863
  10.500   1.3984   0.02172   0.01473  -0.0646  0.0711  1.0000  -4.9776   0.0000   0.0000   0.0000   0.2822
  11.000   1.4194   0.02396   0.01695  -0.0612  0.0543  1.0000  -5.2891   0.0000   0.0000   0.0000   0.2783
  11.500   1.4341   0.02684   0.01987  -0.0577  0.0402  1.0000  -5.5601   0.0000   0.0000   0.0000   0.2745
  12.000   1.4469   0.03007   0.02314  -0.0547  0.0304  1.0000  -5.8091   0.0000   0.0000   0.0000   0.2712
  12.500   1.4521   0.03419   0.02746  -0.0516  0.0243  1.0000  -5.9775   0.0000   0.0000   0.0000   0.2680
  13.000   1.4570   0.03857   0.03200  -0.0492  0.0213  1.0000  -6.1654   0.0000   0.0000   0.0000   0.2653
  13.500   1.4522   0.04416   0.03778  -0.0470  0.0193  1.0000  -6.2928   0.0000   0.0000   0.0000   0.2629
  14.000   1.4366   0.05122   0.04511  -0.0453  0.0180  1.0000  -6.3411   0.0000   0.0000   0.0000   0.2610
  14.500   1.4165   0.05924   0.05346  -0.0440  0.0172  1.0000  -6.3412   0.0000   0.0000   0.0000   0.2595
  15.000   1.4144   0.06561   0.06006  -0.0438  0.0170  1.0000  -6.4849   0.0000   0.0000   0.0000   0.2584


