xflr5 v6.59

 Calculated polar for: revR_25_revT

 1 1 Reynolds number fixed          Mach number fixed         

 xtrf =   1.000 (top)        1.000 (bottom)
 Mach =   0.000     Re =     0.175 e 6     Ncrit =   9.000

  alpha     CL        CD       CDp       Cm    Top Xtr Bot Xtr   Cpmin    Chinge    XCp    
 ------- -------- --------- --------- -------- ------- ------- -------- --------- ---------
  -5.000  -0.1883   0.01844   0.01079  -0.0872  0.9283  0.0782  -2.4504   0.0000   0.0000   0.0000  -0.2269
  -4.500  -0.1179   0.01616   0.00855  -0.0903  0.9207  0.1093  -2.1172   0.0000   0.0000   0.0000  -0.5355
  -4.000  -0.0663   0.01519   0.00776  -0.0899  0.9054  0.1708  -1.8039   0.0000   0.0000   0.0000  -1.1355
  -3.500  -0.0050   0.01404   0.00710  -0.0912  0.8947  0.2842  -1.4770   0.0000   0.0000   0.0000  -18.4070
  -3.000   0.0446   0.01326   0.00680  -0.0902  0.8791  0.4173  -1.2298   0.0000   0.0000   0.0000   2.3034
  -2.500   0.0948   0.01263   0.00679  -0.0885  0.8660  0.5903  -1.0246   0.0000   0.0000   0.0000   1.1959
  -2.000   0.1438   0.01241   0.00686  -0.0857  0.8521  0.7135  -0.8278   0.0000   0.0000   0.0000   0.8518
  -1.500   0.1890   0.01248   0.00700  -0.0822  0.8360  0.7912  -0.6467   0.0000   0.0000   0.0000   0.6878
  -1.000   0.2357   0.01246   0.00693  -0.0785  0.8237  0.8501  -0.5583   0.0000   0.0000   0.0000   0.5842
  -0.500   0.2769   0.01241   0.00686  -0.0740  0.8068  0.9001  -0.5948   0.0000   0.0000   0.0000   0.5172
   0.000   0.3344   0.01229   0.00666  -0.0729  0.7912  0.9481  -0.6416   0.0000   0.0000   0.0000   0.4670
   0.500   0.4277   0.01200   0.00616  -0.0795  0.7775  0.9831  -0.7140   0.0000   0.0000   0.0000   0.4342
   1.000   0.5035   0.01186   0.00593  -0.0841  0.7586  1.0000  -0.7801   0.0000   0.0000   0.0000   0.4148
   1.500   0.5452   0.01190   0.00587  -0.0818  0.7386  1.0000  -0.8292   0.0000   0.0000   0.0000   0.3973
   2.000   0.5930   0.01197   0.00583  -0.0804  0.7188  1.0000  -0.8855   0.0000   0.0000   0.0000   0.3823
   2.500   0.6454   0.01203   0.00578  -0.0796  0.6979  1.0000  -0.9513   0.0000   0.0000   0.0000   0.3696
   3.000   0.6989   0.01211   0.00577  -0.0789  0.6755  1.0000  -1.0239   0.0000   0.0000   0.0000   0.3587
   3.500   0.7521   0.01222   0.00582  -0.0782  0.6508  1.0000  -1.1060   0.0000   0.0000   0.0000   0.3492
   4.000   0.8051   0.01239   0.00594  -0.0774  0.6242  1.0000  -1.2062   0.0000   0.0000   0.0000   0.3409
   4.500   0.8575   0.01260   0.00609  -0.0765  0.5948  1.0000  -1.3193   0.0000   0.0000   0.0000   0.3335
   5.000   0.9098   0.01293   0.00628  -0.0756  0.5641  1.0000  -1.4675   0.0000   0.0000   0.0000   0.3268
   5.500   0.9594   0.01335   0.00672  -0.0744  0.5286  1.0000  -1.6709   0.0000   0.0000   0.0000   0.3207
   6.000   1.0085   0.01390   0.00714  -0.0730  0.4917  1.0000  -1.9880   0.0000   0.0000   0.0000   0.3150
   6.500   1.0557   0.01452   0.00775  -0.0716  0.4525  1.0000  -2.3133   0.0000   0.0000   0.0000   0.3098
   7.000   1.1010   0.01527   0.00847  -0.0699  0.4108  1.0000  -2.6472   0.0000   0.0000   0.0000   0.3049
   7.500   1.1440   0.01617   0.00927  -0.0679  0.3677  1.0000  -2.9859   0.0000   0.0000   0.0000   0.3001
   8.000   1.1842   0.01723   0.01024  -0.0657  0.3241  1.0000  -3.3259   0.0000   0.0000   0.0000   0.2956
   8.500   1.2206   0.01847   0.01139  -0.0631  0.2765  1.0000  -3.6766   0.0000   0.0000   0.0000   0.2911
   9.000   1.2522   0.01998   0.01284  -0.0601  0.2257  1.0000  -4.0172   0.0000   0.0000   0.0000   0.2866
   9.500   1.2758   0.02190   0.01457  -0.0561  0.1744  1.0000  -4.3279   0.0000   0.0000   0.0000   0.2819
  10.000   1.2909   0.02436   0.01683  -0.0515  0.1293  1.0000  -4.6012   0.0000   0.0000   0.0000   0.2771
  10.500   1.3002   0.02747   0.01973  -0.0471  0.0956  1.0000  -4.8436   0.0000   0.0000   0.0000   0.2726
  11.000   1.3099   0.03085   0.02312  -0.0434  0.0740  1.0000  -5.0744   0.0000   0.0000   0.0000   0.2687
  11.500   1.3143   0.03496   0.02728  -0.0400  0.0589  1.0000  -5.2597   0.0000   0.0000   0.0000   0.2652
  12.000   1.3216   0.03912   0.03168  -0.0372  0.0488  1.0000  -5.4243   0.0000   0.0000   0.0000   0.2620
  12.500   1.3147   0.04493   0.03761  -0.0341  0.0406  1.0000  -5.4910   0.0000   0.0000   0.0000   0.2589
  13.000   1.3214   0.04980   0.04276  -0.0316  0.0369  1.0000  -5.5985   0.0000   0.0000   0.0000   0.2560
  13.500   1.3276   0.05487   0.04813  -0.0296  0.0342  1.0000  -5.7130   0.0000   0.0000   0.0000   0.2536
  14.000   1.3305   0.06051   0.05408  -0.0281  0.0324  1.0000  -5.8151   0.0000   0.0000   0.0000   0.2515
  14.500   1.3280   0.06699   0.06089  -0.0273  0.0312  1.0000  -5.8911   0.0000   0.0000   0.0000   0.2500
  15.000   1.3185   0.07464   0.06890  -0.0274  0.0305  1.0000  -5.9245   0.0000   0.0000   0.0000   0.2492


