xflr5 v6.59

 Calculated polar for: revR_65_revT

 1 1 Reynolds number fixed          Mach number fixed         

 xtrf =   1.000 (top)        1.000 (bottom)
 Mach =   0.000     Re =     0.195 e 6     Ncrit =   9.000

  alpha     CL        CD       CDp       Cm    Top Xtr Bot Xtr   Cpmin    Chinge    XCp    
 ------- -------- --------- --------- -------- ------- ------- -------- --------- ---------
  -5.000  -0.0050   0.01853   0.01121  -0.1272  0.8658  0.0705  -2.2593   0.0000   0.0000   0.0000  -25.5761
  -4.500   0.0479   0.01706   0.00963  -0.1267  0.8554  0.0871  -1.9861   0.0000   0.0000   0.0000   2.9525
  -4.000   0.1051   0.01606   0.00858  -0.1268  0.8475  0.1190  -1.7404   0.0000   0.0000   0.0000   1.4809
  -3.500   0.1553   0.01532   0.00809  -0.1263  0.8349  0.1802  -1.5219   0.0000   0.0000   0.0000   1.0771
  -3.000   0.2128   0.01462   0.00758  -0.1266  0.8261  0.2695  -1.2796   0.0000   0.0000   0.0000   0.8532
  -2.500   0.2647   0.01428   0.00757  -0.1262  0.8146  0.3677  -1.0654   0.0000   0.0000   0.0000   0.7324
  -2.000   0.3195   0.01371   0.00739  -0.1258  0.8044  0.4995  -0.8507   0.0000   0.0000   0.0000   0.6473
  -1.500   0.3707   0.01345   0.00756  -0.1245  0.7940  0.6358  -0.6830   0.0000   0.0000   0.0000   0.5877
  -1.000   0.4196   0.01329   0.00760  -0.1220  0.7815  0.7448  -0.7204   0.0000   0.0000   0.0000   0.5415
  -0.500   0.4668   0.01329   0.00766  -0.1190  0.7714  0.8237  -0.7594   0.0000   0.0000   0.0000   0.5048
   0.000   0.5063   0.01319   0.00763  -0.1145  0.7585  0.8874  -0.7941   0.0000   0.0000   0.0000   0.4752
   0.500   0.5623   0.01287   0.00723  -0.1132  0.7477  0.9638  -0.8449   0.0000   0.0000   0.0000   0.4495
   1.000   0.6305   0.01281   0.00705  -0.1162  0.7335  1.0000  -0.9024   0.0000   0.0000   0.0000   0.4317
   1.500   0.6899   0.01291   0.00697  -0.1171  0.7207  1.0000  -0.9598   0.0000   0.0000   0.0000   0.4166
   2.000   0.7487   0.01290   0.00683  -0.1176  0.7065  1.0000  -1.0224   0.0000   0.0000   0.0000   0.4034
   2.500   0.8044   0.01301   0.00687  -0.1176  0.6899  1.0000  -1.0833   0.0000   0.0000   0.0000   0.3919
   3.000   0.8635   0.01303   0.00675  -0.1180  0.6758  1.0000  -1.1521   0.0000   0.0000   0.0000   0.3817
   3.500   0.9184   0.01306   0.00674  -0.1177  0.6573  1.0000  -1.2261   0.0000   0.0000   0.0000   0.3726
   4.000   0.9724   0.01318   0.00685  -0.1172  0.6375  1.0000  -1.3023   0.0000   0.0000   0.0000   0.3645
   4.500   1.0266   0.01337   0.00701  -0.1169  0.6178  1.0000  -1.3915   0.0000   0.0000   0.0000   0.3571
   5.000   1.0797   0.01356   0.00716  -0.1162  0.5950  1.0000  -1.4848   0.0000   0.0000   0.0000   0.3503
   5.500   1.1315   0.01384   0.00741  -0.1154  0.5702  1.0000  -1.6048   0.0000   0.0000   0.0000   0.3440
   6.000   1.1818   0.01423   0.00777  -0.1144  0.5436  1.0000  -1.7254   0.0000   0.0000   0.0000   0.3381
   6.500   1.2302   0.01472   0.00819  -0.1131  0.5142  1.0000  -1.8785   0.0000   0.0000   0.0000   0.3326
   7.000   1.2771   0.01539   0.00875  -0.1116  0.4845  1.0000  -2.0408   0.0000   0.0000   0.0000   0.3273
   7.500   1.3189   0.01610   0.00950  -0.1094  0.4498  1.0000  -2.2405   0.0000   0.0000   0.0000   0.3222
   8.000   1.3595   0.01700   0.01037  -0.1071  0.4179  1.0000  -2.4770   0.0000   0.0000   0.0000   0.3173
   8.500   1.3957   0.01807   0.01136  -0.1042  0.3849  1.0000  -2.7664   0.0000   0.0000   0.0000   0.3124
   9.000   1.4259   0.01924   0.01252  -0.1005  0.3491  1.0000  -3.0490   0.0000   0.0000   0.0000   0.3074
   9.500   1.4494   0.02069   0.01389  -0.0959  0.3179  1.0000  -3.3194   0.0000   0.0000   0.0000   0.3023
  10.000   1.4698   0.02240   0.01564  -0.0913  0.2871  1.0000  -3.5913   0.0000   0.0000   0.0000   0.2975
  10.500   1.4847   0.02455   0.01778  -0.0867  0.2533  1.0000  -3.8490   0.0000   0.0000   0.0000   0.2929
  11.000   1.4945   0.02733   0.02047  -0.0823  0.2216  1.0000  -4.0900   0.0000   0.0000   0.0000   0.2886
  11.500   1.5050   0.03040   0.02356  -0.0785  0.1917  1.0000  -4.3349   0.0000   0.0000   0.0000   0.2848
  12.000   1.5109   0.03407   0.02721  -0.0750  0.1622  1.0000  -4.5690   0.0000   0.0000   0.0000   0.2813
  12.500   1.5116   0.03842   0.03152  -0.0716  0.1364  1.0000  -4.7818   0.0000   0.0000   0.0000   0.2781
  13.000   1.5100   0.04325   0.03640  -0.0687  0.1148  1.0000  -4.9815   0.0000   0.0000   0.0000   0.2752
  13.500   1.5069   0.04850   0.04172  -0.0662  0.0967  1.0000  -5.1699   0.0000   0.0000   0.0000   0.2727
  14.000   1.5003   0.05449   0.04777  -0.0642  0.0822  1.0000  -5.3348   0.0000   0.0000   0.0000   0.2705
  14.500   1.4882   0.06141   0.05470  -0.0627  0.0700  1.0000  -5.4666   0.0000   0.0000   0.0000   0.2688
  15.000   1.4864   0.06760   0.06114  -0.0619  0.0610  1.0000  -5.6379   0.0000   0.0000   0.0000   0.2672


