xflr5 v6.59

 Calculated polar for: revR_45_revT

 1 1 Reynolds number fixed          Mach number fixed         

 xtrf =   1.000 (top)        1.000 (bottom)
 Mach =   0.000     Re =     0.095 e 6     Ncrit =   9.000

  alpha     CL        CD       CDp       Cm    Top Xtr Bot Xtr   Cpmin    Chinge    XCp    
 ------- -------- --------- --------- -------- ------- ------- -------- --------- ---------
  -5.000  -0.2864   0.03348   0.02551  -0.0804  0.9511  0.0937  -2.6196   0.0000   0.0000   0.0000  -0.0410
  -4.500  -0.2031   0.02868   0.02021  -0.0872  0.9444  0.1070  -2.3499   0.0000   0.0000   0.0000  -0.1924
  -4.000  -0.1462   0.02671   0.01799  -0.0882  0.9310  0.1296  -2.1072   0.0000   0.0000   0.0000  -0.3698
  -3.500  -0.0598   0.02497   0.01620  -0.0943  0.9221  0.1877  -1.7774   0.0000   0.0000   0.0000  -1.3632
  -3.000  -0.0050   0.02374   0.01545  -0.0951  0.9073  0.2850  -1.5221   0.0000   0.0000   0.0000  -19.1241
  -2.500   0.0772   0.02257   0.01521  -0.1003  0.8981  0.4812  -1.2453   0.0000   0.0000   0.0000   1.5697
  -2.000   0.1169   0.02245   0.01582  -0.0967  0.8810  0.6616  -1.0587   0.0000   0.0000   0.0000   1.0876
  -1.500   0.1586   0.02279   0.01641  -0.0914  0.8674  0.8107  -0.8722   0.0000   0.0000   0.0000   0.8322
  -1.000   0.2024   0.02265   0.01626  -0.0860  0.8526  0.9340  -0.6959   0.0000   0.0000   0.0000   0.6779
  -0.500   0.2831   0.02292   0.01619  -0.0922  0.8358  1.0000  -0.5992   0.0000   0.0000   0.0000   0.5766
   0.000   0.3705   0.02273   0.01566  -0.0977  0.8260  1.0000  -0.6631   0.0000   0.0000   0.0000   0.5134
   0.500   0.4209   0.02331   0.01602  -0.0978  0.8060  1.0000  -0.7043   0.0000   0.0000   0.0000   0.4811
   1.000   0.4756   0.02383   0.01637  -0.0980  0.7873  1.0000  -0.7521   0.0000   0.0000   0.0000   0.4542
   1.500   0.5551   0.02321   0.01557  -0.1004  0.7774  1.0000  -0.8246   0.0000   0.0000   0.0000   0.4283
   2.000   0.6047   0.02371   0.01600  -0.0995  0.7569  1.0000  -0.8783   0.0000   0.0000   0.0000   0.4114
   2.500   0.6579   0.02400   0.01624  -0.0987  0.7369  1.0000  -0.9363   0.0000   0.0000   0.0000   0.3964
   3.500   0.7872   0.02300   0.01516  -0.0986  0.7059  1.0000  -1.0956   0.0000   0.0000   0.0000   0.3705
   4.000   0.8406   0.02297   0.01516  -0.0974  0.6840  1.0000  -1.1754   0.0000   0.0000   0.0000   0.3605
   4.500   0.8955   0.02283   0.01506  -0.0963  0.6618  1.0000  -1.2681   0.0000   0.0000   0.0000   0.3516
   5.000   0.9516   0.02259   0.01488  -0.0952  0.6389  1.0000  -1.3799   0.0000   0.0000   0.0000   0.3436
   5.500   1.0086   0.02231   0.01464  -0.0942  0.6149  1.0000  -1.5090   0.0000   0.0000   0.0000   0.3363
   6.000   1.0673   0.02193   0.01425  -0.0933  0.5888  1.0000  -1.6747   0.0000   0.0000   0.0000   0.3297
   6.500   1.1185   0.02207   0.01445  -0.0917  0.5584  1.0000  -1.8575   0.0000   0.0000   0.0000   0.3237
   7.000   1.1678   0.02231   0.01474  -0.0899  0.5244  1.0000  -2.1331   0.0000   0.0000   0.0000   0.3180
   7.500   1.2196   0.02258   0.01492  -0.0884  0.4894  1.0000  -2.4637   0.0000   0.0000   0.0000   0.3127
   8.000   1.2611   0.02333   0.01573  -0.0857  0.4504  1.0000  -2.7718   0.0000   0.0000   0.0000   0.3075
   8.500   1.3008   0.02426   0.01665  -0.0829  0.4107  1.0000  -3.0855   0.0000   0.0000   0.0000   0.3025
   9.000   1.3363   0.02535   0.01766  -0.0796  0.3691  1.0000  -3.4042   0.0000   0.0000   0.0000   0.2976
   9.500   1.3631   0.02678   0.01907  -0.0754  0.3269  1.0000  -3.7007   0.0000   0.0000   0.0000   0.2925
  10.000   1.3807   0.02863   0.02096  -0.0702  0.2849  1.0000  -3.9646   0.0000   0.0000   0.0000   0.2873
  10.500   1.3875   0.03092   0.02315  -0.0640  0.2445  1.0000  -4.1885   0.0000   0.0000   0.0000   0.2818
  11.000   1.3900   0.03396   0.02594  -0.0583  0.2066  1.0000  -4.3914   0.0000   0.0000   0.0000   0.2768
  11.500   1.3871   0.03770   0.02986  -0.0533  0.1723  1.0000  -4.5578   0.0000   0.0000   0.0000   0.2723
  12.000   1.3873   0.04201   0.03407  -0.0492  0.1440  1.0000  -4.7245   0.0000   0.0000   0.0000   0.2685
  12.500   1.3878   0.04673   0.03873  -0.0457  0.1203  1.0000  -4.8807   0.0000   0.0000   0.0000   0.2650
  13.000   1.3886   0.05177   0.04393  -0.0428  0.1021  1.0000  -5.0168   0.0000   0.0000   0.0000   0.2620
  13.500   1.3913   0.05730   0.04966  -0.0401  0.0876  1.0000  -5.1359   0.0000   0.0000   0.0000   0.2591
  14.000   1.3993   0.06309   0.05542  -0.0377  0.0750  1.0000  -5.2678   0.0000   0.0000   0.0000   0.2564
  14.500   1.3888   0.06998   0.06288  -0.0362  0.0697  1.0000  -5.3023   0.0000   0.0000   0.0000   0.2546
  15.000   1.3745   0.07757   0.07087  -0.0357  0.0646  1.0000  -5.3383   0.0000   0.0000   0.0000   0.2535


