xflr5 v6.59

 Calculated polar for: revR_65_revT

 1 1 Reynolds number fixed          Mach number fixed         

 xtrf =   1.000 (top)        1.000 (bottom)
 Mach =   0.000     Re =     0.315 e 6     Ncrit =   9.000

  alpha     CL        CD       CDp       Cm    Top Xtr Bot Xtr   Cpmin    Chinge    XCp    
 ------- -------- --------- --------- -------- ------- ------- -------- --------- ---------
  -5.000  -0.0020   0.01422   0.00738  -0.1236  0.8272  0.0549  -2.3221   0.0000   0.0000   0.0000  -64.2638
  -4.500   0.0517   0.01304   0.00613  -0.1235  0.8185  0.0694  -2.0256   0.0000   0.0000   0.0000   2.6901
  -4.000   0.1068   0.01234   0.00542  -0.1234  0.8086  0.0973  -1.7670   0.0000   0.0000   0.0000   1.4273
  -3.500   0.1631   0.01177   0.00491  -0.1236  0.7994  0.1501  -1.5224   0.0000   0.0000   0.0000   1.0199
  -3.000   0.2177   0.01126   0.00468  -0.1237  0.7898  0.2236  -1.2792   0.0000   0.0000   0.0000   0.8259
  -2.500   0.2740   0.01080   0.00442  -0.1239  0.7802  0.3081  -1.0517   0.0000   0.0000   0.0000   0.7071
  -2.000   0.3296   0.01047   0.00434  -0.1240  0.7708  0.4052  -0.8348   0.0000   0.0000   0.0000   0.6291
  -1.500   0.3843   0.01000   0.00425  -0.1238  0.7593  0.5356  -0.6975   0.0000   0.0000   0.0000   0.5736
  -1.000   0.4390   0.00978   0.00431  -0.1232  0.7499  0.6572  -0.7380   0.0000   0.0000   0.0000   0.5310
  -0.500   0.4913   0.00966   0.00441  -0.1220  0.7386  0.7473  -0.7796   0.0000   0.0000   0.0000   0.4979
   0.000   0.5435   0.00960   0.00436  -0.1205  0.7273  0.8112  -0.8221   0.0000   0.0000   0.0000   0.4704
   0.500   0.5925   0.00955   0.00441  -0.1185  0.7149  0.8598  -0.8688   0.0000   0.0000   0.0000   0.4480
   1.000   0.6386   0.00944   0.00427  -0.1156  0.7030  0.9159  -0.9148   0.0000   0.0000   0.0000   0.4283
   2.000   0.7610   0.00936   0.00408  -0.1177  0.6742  1.0000  -1.0381   0.0000   0.0000   0.0000   0.4008
   2.500   0.8183   0.00946   0.00410  -0.1182  0.6586  1.0000  -1.1005   0.0000   0.0000   0.0000   0.3899
   3.000   0.8743   0.00959   0.00417  -0.1183  0.6402  1.0000  -1.1674   0.0000   0.0000   0.0000   0.3802
   3.500   0.9300   0.00978   0.00428  -0.1183  0.6218  1.0000  -1.2421   0.0000   0.0000   0.0000   0.3716
   4.000   0.9848   0.01002   0.00444  -0.1182  0.6022  1.0000  -1.3195   0.0000   0.0000   0.0000   0.3638
   4.500   1.0381   0.01031   0.00465  -0.1178  0.5787  1.0000  -1.4095   0.0000   0.0000   0.0000   0.3566
   5.000   1.0903   0.01066   0.00494  -0.1172  0.5542  1.0000  -1.5050   0.0000   0.0000   0.0000   0.3500
   5.500   1.1412   0.01108   0.00532  -0.1164  0.5273  1.0000  -1.6244   0.0000   0.0000   0.0000   0.3439
   6.000   1.1905   0.01159   0.00577  -0.1154  0.4978  1.0000  -1.7442   0.0000   0.0000   0.0000   0.3382
   6.500   1.2382   0.01219   0.00630  -0.1142  0.4679  1.0000  -1.9015   0.0000   0.0000   0.0000   0.3328
   7.000   1.2827   0.01294   0.00694  -0.1125  0.4342  1.0000  -2.0603   0.0000   0.0000   0.0000   0.3276
   7.500   1.3272   0.01369   0.00766  -0.1109  0.4043  1.0000  -2.2709   0.0000   0.0000   0.0000   0.3227
   8.000   1.3664   0.01464   0.00853  -0.1085  0.3688  1.0000  -2.5186   0.0000   0.0000   0.0000   0.3178
   8.500   1.4027   0.01570   0.00951  -0.1057  0.3349  1.0000  -2.8134   0.0000   0.0000   0.0000   0.3130
   9.000   1.4347   0.01683   0.01060  -0.1023  0.3044  1.0000  -3.1046   0.0000   0.0000   0.0000   0.3082
   9.500   1.4590   0.01837   0.01202  -0.0980  0.2701  1.0000  -3.3871   0.0000   0.0000   0.0000   0.3033
  10.000   1.4824   0.02011   0.01373  -0.0941  0.2377  1.0000  -3.6744   0.0000   0.0000   0.0000   0.2988
  10.500   1.5031   0.02218   0.01575  -0.0904  0.2069  1.0000  -3.9580   0.0000   0.0000   0.0000   0.2945
  11.000   1.5177   0.02484   0.01830  -0.0865  0.1756  1.0000  -4.2227   0.0000   0.0000   0.0000   0.2905
  11.500   1.5321   0.02773   0.02115  -0.0831  0.1469  1.0000  -4.4979   0.0000   0.0000   0.0000   0.2868
  12.000   1.5422   0.03112   0.02449  -0.0797  0.1204  1.0000  -4.7599   0.0000   0.0000   0.0000   0.2834
  12.500   1.5490   0.03496   0.02833  -0.0766  0.0985  1.0000  -5.0097   0.0000   0.0000   0.0000   0.2801
  13.000   1.5533   0.03919   0.03258  -0.0737  0.0813  1.0000  -5.2479   0.0000   0.0000   0.0000   0.2771
  13.500   1.5506   0.04430   0.03770  -0.0709  0.0671  1.0000  -5.4496   0.0000   0.0000   0.0000   0.2744
  14.000   1.5526   0.04927   0.04278  -0.0689  0.0569  1.0000  -5.6738   0.0000   0.0000   0.0000   0.2721
  14.500   1.5457   0.05554   0.04918  -0.0672  0.0484  1.0000  -5.8412   0.0000   0.0000   0.0000   0.2701
  15.000   1.5424   0.06171   0.05550  -0.0663  0.0421  1.0000  -6.0356   0.0000   0.0000   0.0000   0.2685


