xflr5 v6.59

 Calculated polar for: revR_50_revT

 1 1 Reynolds number fixed          Mach number fixed         

 xtrf =   1.000 (top)        1.000 (bottom)
 Mach =   0.000     Re =     0.310 e 6     Ncrit =   9.000

  alpha     CL        CD       CDp       Cm    Top Xtr Bot Xtr   Cpmin    Chinge    XCp    
 ------- -------- --------- --------- -------- ------- ------- -------- --------- ---------
  -5.000  -0.0632   0.01365   0.00683  -0.1100  0.8461  0.0591  -2.3985   0.0000   0.0000   0.0000  -1.5355
  -4.500  -0.0097   0.01273   0.00579  -0.1097  0.8352  0.0746  -2.0854   0.0000   0.0000   0.0000  -11.2912
  -4.000   0.0453   0.01201   0.00508  -0.1095  0.8250  0.1107  -1.7625   0.0000   0.0000   0.0000   2.7162
  -3.500   0.0990   0.01136   0.00467  -0.1094  0.8139  0.1744  -1.5005   0.0000   0.0000   0.0000   1.3740
  -3.000   0.1544   0.01085   0.00435  -0.1095  0.8038  0.2546  -1.2643   0.0000   0.0000   0.0000   0.9686
  -2.500   0.2088   0.01042   0.00420  -0.1094  0.7932  0.3496  -1.0382   0.0000   0.0000   0.0000   0.7796
  -2.000   0.2634   0.00989   0.00402  -0.1092  0.7816  0.4781  -0.8257   0.0000   0.0000   0.0000   0.6678
  -1.500   0.3169   0.00956   0.00404  -0.1086  0.7705  0.6003  -0.6363   0.0000   0.0000   0.0000   0.5943
  -1.000   0.3695   0.00933   0.00409  -0.1074  0.7590  0.7127  -0.6762   0.0000   0.0000   0.0000   0.5410
  -0.500   0.4219   0.00932   0.00415  -0.1060  0.7472  0.7800  -0.7161   0.0000   0.0000   0.0000   0.5008
   0.000   0.4728   0.00923   0.00409  -0.1042  0.7339  0.8317  -0.7602   0.0000   0.0000   0.0000   0.4692
   0.500   0.5210   0.00921   0.00411  -0.1019  0.7208  0.8790  -0.8043   0.0000   0.0000   0.0000   0.4437
   1.000   0.5683   0.00910   0.00398  -0.0993  0.7077  0.9261  -0.8512   0.0000   0.0000   0.0000   0.4221
   1.500   0.6351   0.00896   0.00383  -0.1011  0.6912  0.9839  -0.9153   0.0000   0.0000   0.0000   0.4061
   2.000   0.6969   0.00905   0.00379  -0.1027  0.6757  1.0000  -0.9803   0.0000   0.0000   0.0000   0.3937
   2.500   0.7539   0.00916   0.00376  -0.1031  0.6577  1.0000  -1.0446   0.0000   0.0000   0.0000   0.3825
   3.000   0.8092   0.00929   0.00385  -0.1031  0.6376  1.0000  -1.1134   0.0000   0.0000   0.0000   0.3726
   3.500   0.8641   0.00948   0.00397  -0.1030  0.6159  1.0000  -1.1900   0.0000   0.0000   0.0000   0.3638
   4.000   0.9184   0.00973   0.00416  -0.1027  0.5930  1.0000  -1.2737   0.0000   0.0000   0.0000   0.3560
   4.500   0.9714   0.01004   0.00438  -0.1022  0.5670  1.0000  -1.3681   0.0000   0.0000   0.0000   0.3488
   5.000   1.0234   0.01045   0.00468  -0.1016  0.5391  1.0000  -1.4811   0.0000   0.0000   0.0000   0.3422
   5.500   1.0743   0.01090   0.00509  -0.1008  0.5095  1.0000  -1.6073   0.0000   0.0000   0.0000   0.3362
   6.000   1.1238   0.01142   0.00555  -0.0999  0.4767  1.0000  -1.7634   0.0000   0.0000   0.0000   0.3306
   6.500   1.1709   0.01211   0.00611  -0.0985  0.4425  1.0000  -1.9464   0.0000   0.0000   0.0000   0.3253
   7.000   1.2181   0.01277   0.00676  -0.0973  0.4094  1.0000  -2.2280   0.0000   0.0000   0.0000   0.3203
   7.500   1.2603   0.01369   0.00752  -0.0954  0.3700  1.0000  -2.5310   0.0000   0.0000   0.0000   0.3154
   8.000   1.3035   0.01455   0.00835  -0.0936  0.3356  1.0000  -2.8615   0.0000   0.0000   0.0000   0.3109
   8.500   1.3403   0.01571   0.00940  -0.0910  0.2977  1.0000  -3.1833   0.0000   0.0000   0.0000   0.3062
   9.000   1.3733   0.01695   0.01052  -0.0879  0.2573  1.0000  -3.5022   0.0000   0.0000   0.0000   0.3016
   9.500   1.4013   0.01841   0.01189  -0.0842  0.2208  1.0000  -3.8112   0.0000   0.0000   0.0000   0.2969
  10.500   1.4415   0.02256   0.01574  -0.0762  0.1449  1.0000  -4.3863   0.0000   0.0000   0.0000   0.2881
  11.000   1.4563   0.02530   0.01839  -0.0724  0.1142  1.0000  -4.6565   0.0000   0.0000   0.0000   0.2841
  11.500   1.4708   0.02824   0.02131  -0.0691  0.0906  1.0000  -4.9263   0.0000   0.0000   0.0000   0.2805
  12.000   1.4808   0.03173   0.02479  -0.0660  0.0721  1.0000  -5.1746   0.0000   0.0000   0.0000   0.2771
  12.500   1.4855   0.03589   0.02896  -0.0629  0.0573  1.0000  -5.3939   0.0000   0.0000   0.0000   0.2740
  13.000   1.4942   0.03985   0.03307  -0.0605  0.0481  1.0000  -5.6268   0.0000   0.0000   0.0000   0.2712
  13.500   1.4793   0.04636   0.03967  -0.0577  0.0390  1.0000  -5.7200   0.0000   0.0000   0.0000   0.2686
  14.000   1.4870   0.05091   0.04445  -0.0563  0.0348  1.0000  -5.9444   0.0000   0.0000   0.0000   0.2665
  14.500   1.4813   0.05729   0.05102  -0.0554  0.0305  1.0000  -6.0958   0.0000   0.0000   0.0000   0.2649
  15.000   1.4569   0.06617   0.06011  -0.0545  0.0268  1.0000  -6.1033   0.0000   0.0000   0.0000   0.2639


