xflr5 v6.59

 Calculated polar for: revR_35_revT

 1 1 Reynolds number fixed          Mach number fixed         

 xtrf =   1.000 (top)        1.000 (bottom)
 Mach =   0.000     Re =     0.105 e 6     Ncrit =   9.000

  alpha     CL        CD       CDp       Cm    Top Xtr Bot Xtr   Cpmin    Chinge    XCp    
 ------- -------- --------- --------- -------- ------- ------- -------- --------- ---------
  -5.000  -0.2962   0.02841   0.02041  -0.0753  0.9539  0.0908  -2.6540   0.0000   0.0000   0.0000  -0.0136
  -4.500  -0.2136   0.02510   0.01659  -0.0808  0.9461  0.1068  -2.3635   0.0000   0.0000   0.0000  -0.1404
  -4.000  -0.1538   0.02352   0.01494  -0.0823  0.9330  0.1362  -2.0738   0.0000   0.0000   0.0000  -0.2998
  -3.500  -0.0719   0.02179   0.01345  -0.0878  0.9233  0.2141  -1.7393   0.0000   0.0000   0.0000  -0.9978
  -3.000  -0.0129   0.02061   0.01292  -0.0893  0.9091  0.3433  -1.4439   0.0000   0.0000   0.0000  -6.7832
  -2.500   0.0632   0.01955   0.01285  -0.0929  0.8992  0.5681  -1.1744   0.0000   0.0000   0.0000   1.7414
  -2.000   0.1046   0.01971   0.01344  -0.0887  0.8825  0.7297  -0.9869   0.0000   0.0000   0.0000   1.1089
  -1.500   0.1555   0.01983   0.01363  -0.0846  0.8710  0.8428  -0.7865   0.0000   0.0000   0.0000   0.7991
  -1.000   0.1995   0.01977   0.01351  -0.0798  0.8542  0.9350  -0.6174   0.0000   0.0000   0.0000   0.6527
  -0.500   0.3536   0.01905   0.01244  -0.0973  0.8495  1.0000  -0.6362   0.0000   0.0000   0.0000   0.5253
   0.000   0.3786   0.01937   0.01257  -0.0931  0.8279  1.0000  -0.6621   0.0000   0.0000   0.0000   0.4953
   0.500   0.4228   0.01970   0.01272  -0.0917  0.8080  1.0000  -0.7024   0.0000   0.0000   0.0000   0.4656
   1.000   0.4770   0.01991   0.01277  -0.0915  0.7895  1.0000  -0.7527   0.0000   0.0000   0.0000   0.4398
   1.500   0.5434   0.01962   0.01233  -0.0923  0.7763  1.0000  -0.8181   0.0000   0.0000   0.0000   0.4172
   2.000   0.5980   0.01967   0.01229  -0.0916  0.7568  1.0000  -0.8761   0.0000   0.0000   0.0000   0.4000
   2.500   0.6512   0.01978   0.01235  -0.0906  0.7361  1.0000  -0.9376   0.0000   0.0000   0.0000   0.3855
   3.000   0.7059   0.01980   0.01235  -0.0897  0.7157  1.0000  -1.0085   0.0000   0.0000   0.0000   0.3729
   3.500   0.7620   0.01970   0.01223  -0.0889  0.6949  1.0000  -1.0862   0.0000   0.0000   0.0000   0.3619
   4.000   0.8185   0.01952   0.01204  -0.0879  0.6731  1.0000  -1.1765   0.0000   0.0000   0.0000   0.3522
   4.500   0.8743   0.01937   0.01191  -0.0869  0.6495  1.0000  -1.2811   0.0000   0.0000   0.0000   0.3437
   5.000   0.9292   0.01929   0.01185  -0.0859  0.6239  1.0000  -1.4031   0.0000   0.0000   0.0000   0.3361
   5.500   0.9842   0.01917   0.01173  -0.0847  0.5956  1.0000  -1.5559   0.0000   0.0000   0.0000   0.3292
   6.000   1.0398   0.01916   0.01165  -0.0837  0.5660  1.0000  -1.7433   0.0000   0.0000   0.0000   0.3230
   6.500   1.0875   0.01958   0.01213  -0.0818  0.5303  1.0000  -2.0411   0.0000   0.0000   0.0000   0.3171
   7.000   1.1383   0.01995   0.01238  -0.0803  0.4941  1.0000  -2.3721   0.0000   0.0000   0.0000   0.3117
   7.500   1.1809   0.02068   0.01320  -0.0779  0.4535  1.0000  -2.6875   0.0000   0.0000   0.0000   0.3065
   8.000   1.2223   0.02155   0.01404  -0.0753  0.4117  1.0000  -3.0112   0.0000   0.0000   0.0000   0.3015
   8.500   1.2594   0.02261   0.01503  -0.0723  0.3683  1.0000  -3.3308   0.0000   0.0000   0.0000   0.2965
   9.000   1.2912   0.02396   0.01635  -0.0688  0.3241  1.0000  -3.6470   0.0000   0.0000   0.0000   0.2917
   9.500   1.3142   0.02565   0.01794  -0.0643  0.2776  1.0000  -3.9396   0.0000   0.0000   0.0000   0.2866
  10.000   1.3264   0.02780   0.01996  -0.0587  0.2322  1.0000  -4.1900   0.0000   0.0000   0.0000   0.2811
  10.500   1.3303   0.03060   0.02267  -0.0530  0.1897  1.0000  -4.4003   0.0000   0.0000   0.0000   0.2759
  11.000   1.3337   0.03418   0.02621  -0.0481  0.1530  1.0000  -4.5901   0.0000   0.0000   0.0000   0.2713
  11.500   1.3359   0.03831   0.03023  -0.0439  0.1248  1.0000  -4.7640   0.0000   0.0000   0.0000   0.2673
  12.000   1.3386   0.04277   0.03468  -0.0405  0.1027  1.0000  -4.9277   0.0000   0.0000   0.0000   0.2638
  12.500   1.3436   0.04749   0.03963  -0.0375  0.0857  1.0000  -5.0749   0.0000   0.0000   0.0000   0.2606
  13.000   1.3497   0.05271   0.04498  -0.0348  0.0729  1.0000  -5.2040   0.0000   0.0000   0.0000   0.2575
  13.500   1.3515   0.05794   0.05043  -0.0328  0.0640  1.0000  -5.3198   0.0000   0.0000   0.0000   0.2552
  14.000   1.3545   0.06482   0.05755  -0.0305  0.0568  1.0000  -5.3844   0.0000   0.0000   0.0000   0.2526
  14.500   1.3431   0.07219   0.06545  -0.0296  0.0540  1.0000  -5.3950   0.0000   0.0000   0.0000   0.2512
  15.000   1.3210   0.08134   0.07511  -0.0300  0.0522  1.0000  -5.3444   0.0000   0.0000   0.0000   0.2509


