xflr5 v6.59

 Calculated polar for: revR_50_revT

 1 1 Reynolds number fixed          Mach number fixed         

 xtrf =   1.000 (top)        1.000 (bottom)
 Mach =   0.000     Re =     0.215 e 6     Ncrit =   9.000

  alpha     CL        CD       CDp       Cm    Top Xtr Bot Xtr   Cpmin    Chinge    XCp    
 ------- -------- --------- --------- -------- ------- ------- -------- --------- ---------
  -5.000  -0.0579   0.01705   0.00977  -0.1136  0.8770  0.0690  -2.3137   0.0000   0.0000   0.0000  -1.7617
  -4.500  -0.0074   0.01547   0.00812  -0.1129  0.8661  0.0885  -2.0419   0.0000   0.0000   0.0000  -15.2946
  -4.000   0.0457   0.01438   0.00714  -0.1125  0.8548  0.1306  -1.7415   0.0000   0.0000   0.0000   2.7589
  -3.500   0.0991   0.01365   0.00664  -0.1122  0.8439  0.2044  -1.4886   0.0000   0.0000   0.0000   1.4010
  -3.000   0.1524   0.01303   0.00629  -0.1120  0.8319  0.2949  -1.2620   0.0000   0.0000   0.0000   0.9948
  -2.500   0.2065   0.01249   0.00611  -0.1117  0.8217  0.4173  -1.0381   0.0000   0.0000   0.0000   0.7968
  -2.000   0.2580   0.01202   0.00609  -0.1107  0.8093  0.5556  -0.8340   0.0000   0.0000   0.0000   0.6828
  -1.500   0.3095   0.01175   0.00612  -0.1090  0.7982  0.6822  -0.6423   0.0000   0.0000   0.0000   0.6039
  -1.000   0.3577   0.01171   0.00625  -0.1065  0.7849  0.7727  -0.6655   0.0000   0.0000   0.0000   0.5484
  -0.500   0.4057   0.01169   0.00624  -0.1037  0.7739  0.8340  -0.7032   0.0000   0.0000   0.0000   0.5053
   0.000   0.4486   0.01158   0.00615  -0.0999  0.7598  0.8896  -0.7426   0.0000   0.0000   0.0000   0.4715
   0.500   0.4983   0.01141   0.00594  -0.0974  0.7466  0.9477  -0.7876   0.0000   0.0000   0.0000   0.4437
   1.000   0.5819   0.01117   0.00557  -0.1029  0.7330  1.0000  -0.8559   0.0000   0.0000   0.0000   0.4243
   1.500   0.6344   0.01130   0.00559  -0.1028  0.7172  1.0000  -0.9101   0.0000   0.0000   0.0000   0.4090
   2.000   0.6921   0.01133   0.00545  -0.1031  0.7018  1.0000  -0.9726   0.0000   0.0000   0.0000   0.3954
   2.500   0.7483   0.01140   0.00542  -0.1032  0.6845  1.0000  -1.0361   0.0000   0.0000   0.0000   0.3838
   3.000   0.8031   0.01151   0.00548  -0.1030  0.6651  1.0000  -1.1044   0.0000   0.0000   0.0000   0.3736
   3.500   0.8581   0.01163   0.00555  -0.1027  0.6450  1.0000  -1.1806   0.0000   0.0000   0.0000   0.3645
   4.000   0.9125   0.01179   0.00565  -0.1024  0.6233  1.0000  -1.2641   0.0000   0.0000   0.0000   0.3564
   4.500   0.9660   0.01201   0.00582  -0.1018  0.5997  1.0000  -1.3573   0.0000   0.0000   0.0000   0.3491
   5.000   1.0183   0.01229   0.00606  -0.1011  0.5730  1.0000  -1.4704   0.0000   0.0000   0.0000   0.3423
   5.500   1.0695   0.01267   0.00637  -0.1002  0.5444  1.0000  -1.5938   0.0000   0.0000   0.0000   0.3362
   6.000   1.1194   0.01319   0.00676  -0.0992  0.5142  1.0000  -1.7503   0.0000   0.0000   0.0000   0.3304
   6.500   1.1667   0.01375   0.00734  -0.0978  0.4801  1.0000  -1.9282   0.0000   0.0000   0.0000   0.3250
   7.000   1.2123   0.01447   0.00796  -0.0962  0.4455  1.0000  -2.1925   0.0000   0.0000   0.0000   0.3198
   7.500   1.2560   0.01527   0.00875  -0.0943  0.4106  1.0000  -2.4970   0.0000   0.0000   0.0000   0.3149
   8.000   1.2951   0.01627   0.00962  -0.0919  0.3719  1.0000  -2.8033   0.0000   0.0000   0.0000   0.3100
   8.500   1.3334   0.01730   0.01069  -0.0894  0.3362  1.0000  -3.1255   0.0000   0.0000   0.0000   0.3054
   9.000   1.3641   0.01866   0.01191  -0.0859  0.2990  1.0000  -3.4324   0.0000   0.0000   0.0000   0.3006
   9.500   1.3895   0.02008   0.01329  -0.0818  0.2600  1.0000  -3.7281   0.0000   0.0000   0.0000   0.2957
  10.000   1.4094   0.02196   0.01510  -0.0774  0.2243  1.0000  -4.0077   0.0000   0.0000   0.0000   0.2909
  10.500   1.4260   0.02425   0.01732  -0.0732  0.1886  1.0000  -4.2776   0.0000   0.0000   0.0000   0.2866
  11.000   1.4377   0.02714   0.02017  -0.0693  0.1531  1.0000  -4.5290   0.0000   0.0000   0.0000   0.2825
  11.500   1.4448   0.03066   0.02357  -0.0656  0.1214  1.0000  -4.7612   0.0000   0.0000   0.0000   0.2789
  12.000   1.4474   0.03483   0.02766  -0.0622  0.0965  1.0000  -4.9696   0.0000   0.0000   0.0000   0.2755
  12.500   1.4505   0.03921   0.03206  -0.0594  0.0780  1.0000  -5.1756   0.0000   0.0000   0.0000   0.2725
  13.000   1.4536   0.04385   0.03685  -0.0570  0.0649  1.0000  -5.3699   0.0000   0.0000   0.0000   0.2698
  13.500   1.4410   0.05022   0.04327  -0.0545  0.0546  1.0000  -5.4741   0.0000   0.0000   0.0000   0.2674
  14.000   1.4439   0.05546   0.04876  -0.0532  0.0477  1.0000  -5.6517   0.0000   0.0000   0.0000   0.2655
  14.500   1.4311   0.06268   0.05607  -0.0521  0.0415  1.0000  -5.7467   0.0000   0.0000   0.0000   0.2640
  15.000   1.4242   0.06940   0.06304  -0.0508  0.0375  1.0000  -5.8389   0.0000   0.0000   0.0000   0.2623


