xflr5 v6.59

 Calculated polar for: revR_55_revT

 1 1 Reynolds number fixed          Mach number fixed         

 xtrf =   1.000 (top)        1.000 (bottom)
 Mach =   0.000     Re =     0.180 e 6     Ncrit =   9.000

  alpha     CL        CD       CDp       Cm    Top Xtr Bot Xtr   Cpmin    Chinge    XCp    
 ------- -------- --------- --------- -------- ------- ------- -------- --------- ---------
  -5.000  -0.0496   0.01888   0.01143  -0.1184  0.8839  0.0756  -2.3136   0.0000   0.0000   0.0000  -2.1957
  -4.500   0.0094   0.01731   0.00974  -0.1188  0.8754  0.0952  -2.0144   0.0000   0.0000   0.0000  13.1456
  -4.000   0.0595   0.01652   0.00898  -0.1181  0.8631  0.1314  -1.7355   0.0000   0.0000   0.0000   2.2743
  -3.500   0.1158   0.01551   0.00820  -0.1182  0.8529  0.2056  -1.5006   0.0000   0.0000   0.0000   1.2875
  -3.000   0.1681   0.01494   0.00796  -0.1179  0.8412  0.3019  -1.2764   0.0000   0.0000   0.0000   0.9616
  -2.500   0.2222   0.01429   0.00772  -0.1176  0.8301  0.4238  -1.0511   0.0000   0.0000   0.0000   0.7853
  -2.000   0.2741   0.01389   0.00776  -0.1165  0.8193  0.5619  -0.8484   0.0000   0.0000   0.0000   0.6788
  -1.500   0.3229   0.01363   0.00787  -0.1141  0.8068  0.6983  -0.6591   0.0000   0.0000   0.0000   0.6055
  -1.000   0.3698   0.01363   0.00797  -0.1110  0.7950  0.7857  -0.6768   0.0000   0.0000   0.0000   0.5510
  -0.500   0.4127   0.01357   0.00795  -0.1070  0.7824  0.8545  -0.7119   0.0000   0.0000   0.0000   0.5092
   0.000   0.4527   0.01347   0.00785  -0.1023  0.7699  0.9206  -0.7486   0.0000   0.0000   0.0000   0.4751
   1.000   0.5899   0.01316   0.00727  -0.1072  0.7424  1.0000  -0.8624   0.0000   0.0000   0.0000   0.4294
   1.500   0.6505   0.01310   0.00700  -0.1081  0.7300  1.0000  -0.9225   0.0000   0.0000   0.0000   0.4132
   2.000   0.7047   0.01323   0.00705  -0.1080  0.7126  1.0000  -0.9804   0.0000   0.0000   0.0000   0.3996
   2.500   0.7615   0.01329   0.00701  -0.1080  0.6965  1.0000  -1.0450   0.0000   0.0000   0.0000   0.3877
   3.000   0.8206   0.01325   0.00683  -0.1082  0.6809  1.0000  -1.1160   0.0000   0.0000   0.0000   0.3772
   3.500   0.8743   0.01332   0.00688  -0.1077  0.6606  1.0000  -1.1891   0.0000   0.0000   0.0000   0.3679
   4.000   0.9284   0.01345   0.00699  -0.1072  0.6400  1.0000  -1.2700   0.0000   0.0000   0.0000   0.3597
   4.500   0.9823   0.01359   0.00710  -0.1067  0.6178  1.0000  -1.3597   0.0000   0.0000   0.0000   0.3522
   5.000   1.0353   0.01379   0.00727  -0.1060  0.5938  1.0000  -1.4693   0.0000   0.0000   0.0000   0.3453
   5.500   1.0873   0.01407   0.00750  -0.1051  0.5673  1.0000  -1.5854   0.0000   0.0000   0.0000   0.3390
   6.000   1.1383   0.01447   0.00781  -0.1041  0.5389  1.0000  -1.7343   0.0000   0.0000   0.0000   0.3332
   6.500   1.1861   0.01501   0.00834  -0.1028  0.5077  1.0000  -1.8912   0.0000   0.0000   0.0000   0.3277
   7.000   1.2315   0.01563   0.00895  -0.1010  0.4732  1.0000  -2.0945   0.0000   0.0000   0.0000   0.3224
   7.500   1.2756   0.01645   0.00965  -0.0991  0.4399  1.0000  -2.3788   0.0000   0.0000   0.0000   0.3173
   8.000   1.3158   0.01732   0.01056  -0.0968  0.4040  1.0000  -2.6755   0.0000   0.0000   0.0000   0.3125
   8.500   1.3514   0.01844   0.01157  -0.0938  0.3669  1.0000  -2.9783   0.0000   0.0000   0.0000   0.3076
   9.000   1.3842   0.01962   0.01279  -0.0905  0.3314  1.0000  -3.2823   0.0000   0.0000   0.0000   0.3028
   9.500   1.4076   0.02115   0.01418  -0.0860  0.2971  1.0000  -3.5625   0.0000   0.0000   0.0000   0.2977
  10.000   1.4265   0.02286   0.01592  -0.0813  0.2599  1.0000  -3.8319   0.0000   0.0000   0.0000   0.2928
  10.500   1.4389   0.02524   0.01824  -0.0765  0.2255  1.0000  -4.0794   0.0000   0.0000   0.0000   0.2881
  11.000   1.4517   0.02792   0.02094  -0.0725  0.1915  1.0000  -4.3288   0.0000   0.0000   0.0000   0.2840
  11.500   1.4556   0.03153   0.02443  -0.0684  0.1599  1.0000  -4.5423   0.0000   0.0000   0.0000   0.2802
  12.000   1.4597   0.03550   0.02839  -0.0649  0.1313  1.0000  -4.7522   0.0000   0.0000   0.0000   0.2768
  12.500   1.4599   0.04004   0.03294  -0.0618  0.1079  1.0000  -4.9410   0.0000   0.0000   0.0000   0.2737
  13.000   1.4556   0.04529   0.03819  -0.0590  0.0895  1.0000  -5.1111   0.0000   0.0000   0.0000   0.2709
  13.500   1.4471   0.05123   0.04413  -0.0567  0.0745  1.0000  -5.2575   0.0000   0.0000   0.0000   0.2686
  14.000   1.4485   0.05659   0.04973  -0.0553  0.0639  1.0000  -5.4398   0.0000   0.0000   0.0000   0.2665
  14.500   1.4342   0.06374   0.05688  -0.0535  0.0544  1.0000  -5.5265   0.0000   0.0000   0.0000   0.2646
  15.000   1.4354   0.06973   0.06325  -0.0531  0.0492  1.0000  -5.6847   0.0000   0.0000   0.0000   0.2633


