xflr5 v6.59

 Calculated polar for: revR_35_revT

 1 1 Reynolds number fixed          Mach number fixed         

 xtrf =   1.000 (top)        1.000 (bottom)
 Mach =   0.000     Re =     0.480 e 6     Ncrit =   9.000

  alpha     CL        CD       CDp       Cm    Top Xtr Bot Xtr   Cpmin    Chinge    XCp    
 ------- -------- --------- --------- -------- ------- ------- -------- --------- ---------
  -5.000  -0.1312   0.01113   0.00472  -0.0932  0.8310  0.0507  -2.5262   0.0000   0.0000   0.0000  -0.4799
  -4.500  -0.0767   0.01044   0.00395  -0.0930  0.8193  0.0676  -2.1684   0.0000   0.0000   0.0000  -0.9913
  -4.000  -0.0218   0.00990   0.00344  -0.0929  0.8079  0.0991  -1.8215   0.0000   0.0000   0.0000  -4.1058
  -3.500   0.0333   0.00940   0.00311  -0.0929  0.7971  0.1561  -1.4961   0.0000   0.0000   0.0000   3.0835
  -3.000   0.0884   0.00893   0.00283  -0.0929  0.7856  0.2255  -1.2507   0.0000   0.0000   0.0000   1.3150
  -2.500   0.1435   0.00849   0.00263  -0.0929  0.7738  0.3179  -1.0295   0.0000   0.0000   0.0000   0.9044
  -2.000   0.1984   0.00804   0.00247  -0.0928  0.7623  0.4213  -0.8182   0.0000   0.0000   0.0000   0.7214
  -1.500   0.2526   0.00759   0.00241  -0.0925  0.7505  0.5628  -0.6225   0.0000   0.0000   0.0000   0.6180
  -1.000   0.3065   0.00730   0.00241  -0.0919  0.7370  0.6706  -0.6193   0.0000   0.0000   0.0000   0.5501
  -0.500   0.3606   0.00723   0.00246  -0.0911  0.7240  0.7452  -0.6614   0.0000   0.0000   0.0000   0.5021
   0.000   0.4148   0.00721   0.00248  -0.0903  0.7105  0.7929  -0.7069   0.0000   0.0000   0.0000   0.4664
   0.500   0.4685   0.00719   0.00251  -0.0895  0.6947  0.8295  -0.7559   0.0000   0.0000   0.0000   0.4390
   1.000   0.5205   0.00721   0.00253  -0.0882  0.6790  0.8676  -0.8070   0.0000   0.0000   0.0000   0.4168
   1.500   0.5711   0.00721   0.00254  -0.0866  0.6610  0.9022  -0.8636   0.0000   0.0000   0.0000   0.3985
   2.000   0.6204   0.00718   0.00254  -0.0847  0.6413  0.9446  -0.9200   0.0000   0.0000   0.0000   0.3829
   2.500   0.6912   0.00722   0.00252  -0.0877  0.6183  0.9968  -0.9952   0.0000   0.0000   0.0000   0.3728
   3.000   0.7474   0.00743   0.00263  -0.0881  0.5954  1.0000  -1.0696   0.0000   0.0000   0.0000   0.3633
   3.500   0.8019   0.00771   0.00278  -0.0880  0.5680  1.0000  -1.1485   0.0000   0.0000   0.0000   0.3547
   4.000   0.8556   0.00804   0.00300  -0.0877  0.5396  1.0000  -1.2401   0.0000   0.0000   0.0000   0.3470
   4.500   0.9092   0.00840   0.00328  -0.0875  0.5094  1.0000  -1.3485   0.0000   0.0000   0.0000   0.3401
   5.000   0.9613   0.00885   0.00361  -0.0869  0.4757  1.0000  -1.4806   0.0000   0.0000   0.0000   0.3338
   5.500   1.0126   0.00936   0.00401  -0.0863  0.4412  1.0000  -1.6348   0.0000   0.0000   0.0000   0.3280
   6.000   1.0632   0.00993   0.00447  -0.0856  0.4047  1.0000  -1.9110   0.0000   0.0000   0.0000   0.3227
   6.500   1.1113   0.01066   0.00502  -0.0846  0.3587  1.0000  -2.2318   0.0000   0.0000   0.0000   0.3177
   7.000   1.1584   0.01147   0.00566  -0.0835  0.3139  1.0000  -2.5773   0.0000   0.0000   0.0000   0.3130
   7.500   1.2025   0.01249   0.00644  -0.0821  0.2623  1.0000  -2.9297   0.0000   0.0000   0.0000   0.3085
   8.000   1.2467   0.01346   0.00727  -0.0806  0.2221  1.0000  -3.2965   0.0000   0.0000   0.0000   0.3043
   8.500   1.2879   0.01460   0.00823  -0.0788  0.1829  1.0000  -3.6652   0.0000   0.0000   0.0000   0.3001
   9.000   1.3247   0.01598   0.00942  -0.0764  0.1408  1.0000  -4.0276   0.0000   0.0000   0.0000   0.2959
   9.500   1.3562   0.01749   0.01073  -0.0733  0.1038  1.0000  -4.3784   0.0000   0.0000   0.0000   0.2915
  10.000   1.3841   0.01910   0.01224  -0.0698  0.0774  1.0000  -4.7201   0.0000   0.0000   0.0000   0.2872
  10.500   1.4094   0.02089   0.01398  -0.0663  0.0581  1.0000  -5.0539   0.0000   0.0000   0.0000   0.2830
  11.000   1.4326   0.02291   0.01598  -0.0629  0.0450  1.0000  -5.3801   0.0000   0.0000   0.0000   0.2791
  11.500   1.4533   0.02525   0.01841  -0.0598  0.0341  1.0000  -5.6866   0.0000   0.0000   0.0000   0.2754
  12.000   1.4655   0.02844   0.02167  -0.0564  0.0243  1.0000  -5.9182   0.0000   0.0000   0.0000   0.2719
  12.500   1.4693   0.03257   0.02589  -0.0530  0.0190  1.0000  -6.0876   0.0000   0.0000   0.0000   0.2686
  13.000   1.4639   0.03789   0.03149  -0.0499  0.0170  1.0000  -6.1909   0.0000   0.0000   0.0000   0.2656
  13.500   1.4717   0.04214   0.03595  -0.0481  0.0164  1.0000  -6.4189   0.0000   0.0000   0.0000   0.2632
  14.000   1.4738   0.04721   0.04123  -0.0467  0.0157  1.0000  -6.6135   0.0000   0.0000   0.0000   0.2612
  14.500   1.4723   0.05295   0.04719  -0.0457  0.0152  1.0000  -6.7864   0.0000   0.0000   0.0000   0.2595
  15.000   1.4684   0.05941   0.05387  -0.0455  0.0147  1.0000  -6.9431   0.0000   0.0000   0.0000   0.2584


