xflr5 v6.59

 Calculated polar for: revR_30_revT

 1 1 Reynolds number fixed          Mach number fixed         

 xtrf =   1.000 (top)        1.000 (bottom)
 Mach =   0.000     Re =     0.210 e 6     Ncrit =   9.000

  alpha     CL        CD       CDp       Cm    Top Xtr Bot Xtr   Cpmin    Chinge    XCp    
 ------- -------- --------- --------- -------- ------- ------- -------- --------- ---------
  -5.000  -0.1425   0.01625   0.00896  -0.0951  0.9080  0.0762  -2.3995   0.0000   0.0000   0.0000  -0.4351
  -4.500  -0.0842   0.01483   0.00744  -0.0954  0.8977  0.1004  -2.0748   0.0000   0.0000   0.0000  -0.9098
  -4.000  -0.0353   0.01371   0.00659  -0.0944  0.8827  0.1574  -1.7779   0.0000   0.0000   0.0000  -2.4776
  -3.500   0.0193   0.01287   0.00606  -0.0943  0.8711  0.2528  -1.4665   0.0000   0.0000   0.0000   5.2127
  -3.000   0.0699   0.01222   0.00575  -0.0935  0.8565  0.3634  -1.2251   0.0000   0.0000   0.0000   1.6066
  -2.500   0.1211   0.01158   0.00562  -0.0925  0.8444  0.5156  -1.0165   0.0000   0.0000   0.0000   1.0227
  -2.000   0.1700   0.01117   0.00565  -0.0903  0.8301  0.6610  -0.8188   0.0000   0.0000   0.0000   0.7858
  -1.500   0.2189   0.01115   0.00576  -0.0879  0.8161  0.7520  -0.6362   0.0000   0.0000   0.0000   0.6538
  -1.000   0.2675   0.01110   0.00574  -0.0849  0.8034  0.8144  -0.5847   0.0000   0.0000   0.0000   0.5684
  -0.500   0.3119   0.01112   0.00578  -0.0815  0.7876  0.8652  -0.6227   0.0000   0.0000   0.0000   0.5111
   0.000   0.3573   0.01102   0.00562  -0.0779  0.7735  0.9121  -0.6631   0.0000   0.0000   0.0000   0.4670
   0.500   0.4190   0.01084   0.00535  -0.0780  0.7579  0.9567  -0.7161   0.0000   0.0000   0.0000   0.4344
   1.000   0.5075   0.01071   0.00512  -0.0845  0.7413  0.9920  -0.7894   0.0000   0.0000   0.0000   0.4142
   1.500   0.5657   0.01068   0.00496  -0.0855  0.7234  1.0000  -0.8499   0.0000   0.0000   0.0000   0.3982
   2.000   0.6156   0.01074   0.00485  -0.0845  0.7053  1.0000  -0.9061   0.0000   0.0000   0.0000   0.3839
   2.500   0.6681   0.01081   0.00483  -0.0839  0.6845  1.0000  -0.9714   0.0000   0.0000   0.0000   0.3717
   3.000   0.7215   0.01092   0.00487  -0.0834  0.6620  1.0000  -1.0433   0.0000   0.0000   0.0000   0.3612
   3.500   0.7752   0.01107   0.00495  -0.0828  0.6381  1.0000  -1.1234   0.0000   0.0000   0.0000   0.3520
   4.000   0.8287   0.01129   0.00508  -0.0822  0.6126  1.0000  -1.2188   0.0000   0.0000   0.0000   0.3439
   4.500   0.8807   0.01156   0.00532  -0.0814  0.5830  1.0000  -1.3273   0.0000   0.0000   0.0000   0.3366
   5.000   0.9321   0.01191   0.00563  -0.0806  0.5515  1.0000  -1.4652   0.0000   0.0000   0.0000   0.3300
   5.500   0.9826   0.01239   0.00597  -0.0795  0.5181  1.0000  -1.6271   0.0000   0.0000   0.0000   0.3239
   6.000   1.0315   0.01291   0.00648  -0.0783  0.4811  1.0000  -1.9243   0.0000   0.0000   0.0000   0.3184
   6.500   1.0790   0.01360   0.00705  -0.0770  0.4444  1.0000  -2.2446   0.0000   0.0000   0.0000   0.3132
   7.000   1.1244   0.01433   0.00773  -0.0754  0.4029  1.0000  -2.5728   0.0000   0.0000   0.0000   0.3082
   7.500   1.1683   0.01519   0.00855  -0.0736  0.3620  1.0000  -2.9084   0.0000   0.0000   0.0000   0.3036
   8.000   1.2093   0.01622   0.00949  -0.0716  0.3202  1.0000  -3.2564   0.0000   0.0000   0.0000   0.2991
   8.500   1.2464   0.01743   0.01059  -0.0691  0.2736  1.0000  -3.6066   0.0000   0.0000   0.0000   0.2946
   9.000   1.2787   0.01890   0.01194  -0.0661  0.2239  1.0000  -3.9477   0.0000   0.0000   0.0000   0.2901
   9.500   1.3039   0.02066   0.01353  -0.0623  0.1766  1.0000  -4.2660   0.0000   0.0000   0.0000   0.2855
  10.000   1.3223   0.02290   0.01556  -0.0580  0.1323  1.0000  -4.5577   0.0000   0.0000   0.0000   0.2808
  10.500   1.3343   0.02575   0.01821  -0.0537  0.0976  1.0000  -4.8191   0.0000   0.0000   0.0000   0.2764
  11.000   1.3468   0.02885   0.02130  -0.0501  0.0754  1.0000  -5.0722   0.0000   0.0000   0.0000   0.2725
  11.500   1.3523   0.03275   0.02524  -0.0466  0.0590  1.0000  -5.2785   0.0000   0.0000   0.0000   0.2689
  12.000   1.3632   0.03645   0.02919  -0.0440  0.0484  1.0000  -5.4928   0.0000   0.0000   0.0000   0.2659
  12.500   1.3514   0.04251   0.03535  -0.0406  0.0397  1.0000  -5.5512   0.0000   0.0000   0.0000   0.2628
  13.000   1.3578   0.04713   0.04023  -0.0387  0.0351  1.0000  -5.6994   0.0000   0.0000   0.0000   0.2603
  13.500   1.3582   0.05248   0.04578  -0.0372  0.0317  1.0000  -5.8247   0.0000   0.0000   0.0000   0.2582
  14.000   1.3551   0.05846   0.05194  -0.0357  0.0294  1.0000  -5.9253   0.0000   0.0000   0.0000   0.2563
  14.500   1.3496   0.06503   0.05877  -0.0336  0.0276  1.0000  -5.9613   0.0000   0.0000   0.0000   0.2539
  15.000   1.3363   0.07337   0.06757  -0.0319  0.0267  1.0000  -5.9153   0.0000   0.0000   0.0000   0.2520


