xflr5 v6.59

 Calculated polar for: revR_05_revT

 1 1 Reynolds number fixed          Mach number fixed         

 xtrf =   1.000 (top)        1.000 (bottom)
 Mach =   0.000     Re =     0.400 e 6     Ncrit =   9.000

  alpha     CL        CD       CDp       Cm    Top Xtr Bot Xtr   Cpmin    Chinge    XCp    
 ------- -------- --------- --------- -------- ------- ------- -------- --------- ---------
  -5.000  -0.2431   0.01133   0.00483  -0.0680  0.9000  0.0609  -2.5934   0.0000   0.0000   0.0000  -0.0391
  -4.500  -0.1926   0.01057   0.00408  -0.0669  0.8820  0.0888  -2.2269   0.0000   0.0000   0.0000  -0.1074
  -4.000  -0.1409   0.00996   0.00358  -0.0660  0.8661  0.1418  -1.8597   0.0000   0.0000   0.0000  -0.2303
  -3.500  -0.0897   0.00940   0.00321  -0.0652  0.8499  0.2121  -1.5076   0.0000   0.0000   0.0000  -0.4925
  -3.000  -0.0391   0.00876   0.00291  -0.0643  0.8333  0.3169  -1.2146   0.0000   0.0000   0.0000  -1.4236
  -2.500   0.0112   0.00812   0.00268  -0.0633  0.8178  0.4576  -1.0098   0.0000   0.0000   0.0000   5.9607
  -2.000   0.0608   0.00756   0.00259  -0.0619  0.8028  0.6084  -0.8144   0.0000   0.0000   0.0000   1.2788
  -1.500   0.1123   0.00737   0.00260  -0.0605  0.7862  0.7012  -0.6241   0.0000   0.0000   0.0000   0.7924
  -1.000   0.1643   0.00732   0.00261  -0.0590  0.7698  0.7639  -0.5000   0.0000   0.0000   0.0000   0.6104
  -0.500   0.2173   0.00730   0.00258  -0.0579  0.7528  0.8021  -0.5432   0.0000   0.0000   0.0000   0.5160
   0.000   0.2691   0.00729   0.00260  -0.0564  0.7348  0.8382  -0.5875   0.0000   0.0000   0.0000   0.4584
   0.500   0.3204   0.00731   0.00259  -0.0549  0.7146  0.8698  -0.6382   0.0000   0.0000   0.0000   0.4193
   1.000   0.3703   0.00732   0.00260  -0.0529  0.6953  0.9004  -0.6886   0.0000   0.0000   0.0000   0.3905
   1.500   0.4212   0.00734   0.00260  -0.0512  0.6714  0.9332  -0.7430   0.0000   0.0000   0.0000   0.3686
   2.000   0.4845   0.00743   0.00263  -0.0523  0.6467  0.9600  -0.8141   0.0000   0.0000   0.0000   0.3547
   2.500   0.5615   0.00758   0.00270  -0.0567  0.6173  0.9769  -0.9001   0.0000   0.0000   0.0000   0.3472
   3.000   0.6374   0.00781   0.00277  -0.0610  0.5829  0.9913  -1.0023   0.0000   0.0000   0.0000   0.3416
   3.500   0.7005   0.00801   0.00290  -0.0630  0.5482  1.0000  -1.1200   0.0000   0.0000   0.0000   0.3354
   4.000   0.7361   0.00834   0.00307  -0.0592  0.5134  1.0000  -1.2206   0.0000   0.0000   0.0000   0.3255
   4.500   0.7798   0.00871   0.00334  -0.0569  0.4776  1.0000  -1.3854   0.0000   0.0000   0.0000   0.3176
   5.000   0.8247   0.00921   0.00367  -0.0549  0.4379  1.0000  -1.6856   0.0000   0.0000   0.0000   0.3107
   5.500   0.8719   0.00967   0.00407  -0.0533  0.4007  1.0000  -2.0195   0.0000   0.0000   0.0000   0.3048
   6.000   0.9163   0.01032   0.00453  -0.0514  0.3507  1.0000  -2.3611   0.0000   0.0000   0.0000   0.2992
   6.500   0.9583   0.01115   0.00509  -0.0491  0.2944  1.0000  -2.7093   0.0000   0.0000   0.0000   0.2938
   7.000   1.0005   0.01199   0.00574  -0.0470  0.2432  1.0000  -3.0716   0.0000   0.0000   0.0000   0.2890
   7.500   1.0406   0.01297   0.00653  -0.0446  0.1921  1.0000  -3.4370   0.0000   0.0000   0.0000   0.2843
   8.000   1.0759   0.01421   0.00747  -0.0416  0.1363  1.0000  -3.8030   0.0000   0.0000   0.0000   0.2795
   8.500   1.1103   0.01542   0.00850  -0.0384  0.0971  1.0000  -4.1835   0.0000   0.0000   0.0000   0.2748
   9.000   1.1402   0.01676   0.00968  -0.0346  0.0674  1.0000  -4.5505   0.0000   0.0000   0.0000   0.2699
   9.500   1.1652   0.01799   0.01089  -0.0298  0.0495  1.0000  -4.8962   0.0000   0.0000   0.0000   0.2645
  10.000   1.1831   0.01954   0.01240  -0.0242  0.0333  1.0000  -5.1904   0.0000   0.0000   0.0000   0.2587
  10.500   1.1917   0.02173   0.01462  -0.0179  0.0214  1.0000  -5.3719   0.0000   0.0000   0.0000   0.2525
  11.000   1.2070   0.02370   0.01674  -0.0132  0.0185  1.0000  -5.6241   0.0000   0.0000   0.0000   0.2477
  11.500   1.2173   0.02618   0.01935  -0.0088  0.0167  1.0000  -5.8693   0.0000   0.0000   0.0000   0.2432
  12.000   1.2175   0.02966   0.02302  -0.0044  0.0154  1.0000  -6.0397   0.0000   0.0000   0.0000   0.2387
  12.500   1.2089   0.03435   0.02800  -0.0005  0.0146  1.0000  -6.1341   0.0000   0.0000   0.0000   0.2347
  13.000   1.2187   0.03788   0.03172   0.0014  0.0143  1.0000  -6.3883   0.0000   0.0000   0.0000   0.2322
  13.500   1.2247   0.04204   0.03608   0.0028  0.0140  1.0000  -6.6127   0.0000   0.0000   0.0000   0.2302
  14.000   1.2273   0.04688   0.04114   0.0036  0.0137  1.0000  -6.8062   0.0000   0.0000   0.0000   0.2286
  14.500   1.2271   0.05239   0.04689   0.0038  0.0135  1.0000  -6.9690   0.0000   0.0000   0.0000   0.2275
  15.000   1.2245   0.05866   0.05342   0.0032  0.0133  1.0000  -7.1024   0.0000   0.0000   0.0000   0.2269


