xflr5 v6.59

 Calculated polar for: revR_85_revT

 1 1 Reynolds number fixed          Mach number fixed         

 xtrf =   1.000 (top)        1.000 (bottom)
 Mach =   0.000     Re =     0.295 e 6     Ncrit =   9.000

  alpha     CL        CD       CDp       Cm    Top Xtr Bot Xtr   Cpmin    Chinge    XCp    
 ------- -------- --------- --------- -------- ------- ------- -------- --------- ---------
  -5.000   0.0776   0.01511   0.00820  -0.1418  0.8129  0.0551  -2.2886   0.0000   0.0000   0.0000   2.1217
  -4.500   0.1330   0.01433   0.00735  -0.1419  0.8045  0.0660  -2.0256   0.0000   0.0000   0.0000   1.3407
  -4.000   0.1899   0.01344   0.00636  -0.1422  0.7966  0.0874  -1.7857   0.0000   0.0000   0.0000   1.0132
  -3.500   0.2451   0.01280   0.00586  -0.1424  0.7882  0.1308  -1.5468   0.0000   0.0000   0.0000   0.8407
  -3.000   0.3011   0.01228   0.00555  -0.1428  0.7791  0.1969  -1.3080   0.0000   0.0000   0.0000   0.7305
  -2.500   0.3590   0.01187   0.00526  -0.1432  0.7710  0.2713  -1.0731   0.0000   0.0000   0.0000   0.6532
  -2.000   0.4147   0.01163   0.00525  -0.1435  0.7625  0.3539  -0.8610   0.0000   0.0000   0.0000   0.5986
  -1.500   0.4709   0.01124   0.00515  -0.1436  0.7525  0.4607  -0.7799   0.0000   0.0000   0.0000   0.5564
  -1.000   0.5281   0.01094   0.00507  -0.1437  0.7435  0.5758  -0.8220   0.0000   0.0000   0.0000   0.5224
  -0.500   0.5800   0.01077   0.00530  -0.1426  0.7338  0.6982  -0.8634   0.0000   0.0000   0.0000   0.4954
   0.000   0.6326   0.01063   0.00527  -0.1413  0.7236  0.7811  -0.9074   0.0000   0.0000   0.0000   0.4720
   0.500   0.6826   0.01063   0.00531  -0.1395  0.7133  0.8460  -0.9503   0.0000   0.0000   0.0000   0.4522
   1.000   0.7253   0.01043   0.00522  -0.1359  0.7015  0.9112  -0.9956   0.0000   0.0000   0.0000   0.4346
   1.500   0.7872   0.01032   0.00499  -0.1368  0.6906  1.0000  -1.0531   0.0000   0.0000   0.0000   0.4203
   2.000   0.8452   0.01039   0.00502  -0.1375  0.6770  1.0000  -1.1128   0.0000   0.0000   0.0000   0.4086
   2.500   0.9041   0.01049   0.00496  -0.1382  0.6636  1.0000  -1.1788   0.0000   0.0000   0.0000   0.3981
   3.000   0.9603   0.01059   0.00503  -0.1384  0.6490  1.0000  -1.2431   0.0000   0.0000   0.0000   0.3887
   3.500   1.0160   0.01074   0.00512  -0.1384  0.6325  1.0000  -1.3118   0.0000   0.0000   0.0000   0.3802
   4.000   1.0717   0.01093   0.00518  -0.1384  0.6154  1.0000  -1.3895   0.0000   0.0000   0.0000   0.3725
   4.500   1.1249   0.01117   0.00542  -0.1381  0.5969  1.0000  -1.4671   0.0000   0.0000   0.0000   0.3654
   5.000   1.1771   0.01147   0.00570  -0.1375  0.5757  1.0000  -1.5577   0.0000   0.0000   0.0000   0.3588
   5.500   1.2280   0.01184   0.00603  -0.1368  0.5528  1.0000  -1.6523   0.0000   0.0000   0.0000   0.3527
   6.000   1.2776   0.01231   0.00645  -0.1358  0.5292  1.0000  -1.7683   0.0000   0.0000   0.0000   0.3469
   6.500   1.3245   0.01286   0.00694  -0.1344  0.5022  1.0000  -1.8867   0.0000   0.0000   0.0000   0.3413
   7.000   1.3696   0.01351   0.00755  -0.1328  0.4755  1.0000  -2.0234   0.0000   0.0000   0.0000   0.3361
   7.500   1.4104   0.01431   0.00826  -0.1305  0.4453  1.0000  -2.1698   0.0000   0.0000   0.0000   0.3309
   8.000   1.4479   0.01525   0.00911  -0.1278  0.4160  1.0000  -2.3222   0.0000   0.0000   0.0000   0.3258
   8.500   1.4819   0.01622   0.01009  -0.1244  0.3889  1.0000  -2.5185   0.0000   0.0000   0.0000   0.3208
   9.000   1.5092   0.01742   0.01126  -0.1203  0.3582  1.0000  -2.7535   0.0000   0.0000   0.0000   0.3157
   9.500   1.5333   0.01890   0.01271  -0.1160  0.3294  1.0000  -3.0171   0.0000   0.0000   0.0000   0.3108
  10.000   1.5554   0.02066   0.01445  -0.1119  0.3028  1.0000  -3.2806   0.0000   0.0000   0.0000   0.3062
  10.500   1.5736   0.02282   0.01659  -0.1078  0.2752  1.0000  -3.5375   0.0000   0.0000   0.0000   0.3019
  11.000   1.5876   0.02545   0.01916  -0.1038  0.2473  1.0000  -3.7895   0.0000   0.0000   0.0000   0.2978
  11.500   1.5986   0.02850   0.02216  -0.0999  0.2196  1.0000  -4.0380   0.0000   0.0000   0.0000   0.2940
  12.000   1.6088   0.03181   0.02545  -0.0964  0.1942  1.0000  -4.2872   0.0000   0.0000   0.0000   0.2904
  12.500   1.6164   0.03546   0.02911  -0.0931  0.1696  1.0000  -4.5295   0.0000   0.0000   0.0000   0.2871
  13.000   1.6200   0.03966   0.03332  -0.0899  0.1468  1.0000  -4.7571   0.0000   0.0000   0.0000   0.2839
  13.500   1.6201   0.04441   0.03806  -0.0870  0.1260  1.0000  -4.9706   0.0000   0.0000   0.0000   0.2811
  14.000   1.6180   0.04970   0.04335  -0.0845  0.1075  1.0000  -5.1741   0.0000   0.0000   0.0000   0.2785
  14.500   1.6191   0.05491   0.04865  -0.0826  0.0927  1.0000  -5.3931   0.0000   0.0000   0.0000   0.2763
  15.000   1.6165   0.06078   0.05462  -0.0811  0.0803  1.0000  -5.5915   0.0000   0.0000   0.0000   0.2743


