xflr5 v6.59

 Calculated polar for: revR_35_revT

 1 1 Reynolds number fixed          Mach number fixed         

 xtrf =   1.000 (top)        1.000 (bottom)
 Mach =   0.000     Re =     0.450 e 6     Ncrit =   9.000

  alpha     CL        CD       CDp       Cm    Top Xtr Bot Xtr   Cpmin    Chinge    XCp    
 ------- -------- --------- --------- -------- ------- ------- -------- --------- ---------
  -5.000  -0.1302   0.01143   0.00498  -0.0936  0.8359  0.0520  -2.5142   0.0000   0.0000   0.0000  -0.4883
  -4.500  -0.0759   0.01069   0.00413  -0.0933  0.8240  0.0697  -2.1611   0.0000   0.0000   0.0000  -1.0079
  -4.000  -0.0213   0.01010   0.00360  -0.0931  0.8125  0.1031  -1.8189   0.0000   0.0000   0.0000  -4.2180
  -3.500   0.0338   0.00962   0.00325  -0.0931  0.8013  0.1613  -1.4935   0.0000   0.0000   0.0000   3.0503
  -3.000   0.0886   0.00911   0.00299  -0.0931  0.7902  0.2353  -1.2493   0.0000   0.0000   0.0000   1.3155
  -2.500   0.1436   0.00868   0.00277  -0.0931  0.7779  0.3288  -1.0284   0.0000   0.0000   0.0000   0.9050
  -2.000   0.1984   0.00822   0.00263  -0.0930  0.7667  0.4355  -0.8178   0.0000   0.0000   0.0000   0.7224
  -1.500   0.2523   0.00777   0.00256  -0.0926  0.7545  0.5819  -0.6228   0.0000   0.0000   0.0000   0.6187
  -1.000   0.3059   0.00749   0.00258  -0.0919  0.7415  0.6835  -0.6187   0.0000   0.0000   0.0000   0.5507
  -0.500   0.3599   0.00745   0.00261  -0.0910  0.7283  0.7542  -0.6609   0.0000   0.0000   0.0000   0.5023
   0.000   0.4139   0.00741   0.00264  -0.0902  0.7147  0.8010  -0.7061   0.0000   0.0000   0.0000   0.4666
   0.500   0.4668   0.00740   0.00266  -0.0891  0.6994  0.8376  -0.7547   0.0000   0.0000   0.0000   0.4389
   1.000   0.5184   0.00743   0.00266  -0.0877  0.6833  0.8754  -0.8055   0.0000   0.0000   0.0000   0.4165
   1.500   0.5677   0.00737   0.00267  -0.0857  0.6656  0.9123  -0.8612   0.0000   0.0000   0.0000   0.3979
   2.000   0.6204   0.00734   0.00265  -0.0846  0.6464  0.9565  -0.9198   0.0000   0.0000   0.0000   0.3827
   2.500   0.6918   0.00740   0.00263  -0.0879  0.6236  1.0000  -0.9953   0.0000   0.0000   0.0000   0.3730
   3.000   0.7471   0.00761   0.00274  -0.0881  0.6009  1.0000  -1.0691   0.0000   0.0000   0.0000   0.3633
   3.500   0.8017   0.00787   0.00289  -0.0880  0.5741  1.0000  -1.1481   0.0000   0.0000   0.0000   0.3547
   4.000   0.8553   0.00820   0.00310  -0.0877  0.5452  1.0000  -1.2395   0.0000   0.0000   0.0000   0.3469
   4.500   0.9082   0.00859   0.00338  -0.0873  0.5155  1.0000  -1.3472   0.0000   0.0000   0.0000   0.3400
   5.000   0.9608   0.00900   0.00371  -0.0868  0.4826  1.0000  -1.4793   0.0000   0.0000   0.0000   0.3337
   5.500   1.0115   0.00955   0.00411  -0.0861  0.4472  1.0000  -1.6326   0.0000   0.0000   0.0000   0.3279
   6.000   1.0624   0.01008   0.00458  -0.0854  0.4125  1.0000  -1.9065   0.0000   0.0000   0.0000   0.3226
   6.500   1.1105   0.01080   0.00513  -0.0844  0.3688  1.0000  -2.2266   0.0000   0.0000   0.0000   0.3176
   7.000   1.1572   0.01162   0.00577  -0.0832  0.3243  1.0000  -2.5679   0.0000   0.0000   0.0000   0.3129
   7.500   1.2015   0.01261   0.00654  -0.0818  0.2720  1.0000  -2.9203   0.0000   0.0000   0.0000   0.3084
   8.000   1.2446   0.01366   0.00741  -0.0802  0.2298  1.0000  -3.2825   0.0000   0.0000   0.0000   0.3041
   8.500   1.2856   0.01480   0.00839  -0.0783  0.1895  1.0000  -3.6493   0.0000   0.0000   0.0000   0.2999
   9.000   1.3232   0.01610   0.00954  -0.0761  0.1490  1.0000  -4.0143   0.0000   0.0000   0.0000   0.2957
   9.500   1.3539   0.01765   0.01088  -0.0729  0.1103  1.0000  -4.3610   0.0000   0.0000   0.0000   0.2913
  10.000   1.3810   0.01932   0.01243  -0.0693  0.0829  1.0000  -4.6987   0.0000   0.0000   0.0000   0.2869
  10.500   1.4057   0.02116   0.01421  -0.0657  0.0628  1.0000  -5.0296   0.0000   0.0000   0.0000   0.2827
  11.000   1.4288   0.02321   0.01627  -0.0624  0.0485  1.0000  -5.3534   0.0000   0.0000   0.0000   0.2788
  11.500   1.4485   0.02565   0.01879  -0.0592  0.0365  1.0000  -5.6533   0.0000   0.0000   0.0000   0.2752
  12.000   1.4577   0.02911   0.02230  -0.0557  0.0258  1.0000  -5.8681   0.0000   0.0000   0.0000   0.2716
  12.500   1.4674   0.03276   0.02605  -0.0528  0.0211  1.0000  -6.0837   0.0000   0.0000   0.0000   0.2685
  13.000   1.4593   0.03834   0.03186  -0.0496  0.0179  1.0000  -6.1664   0.0000   0.0000   0.0000   0.2655
  13.500   1.4530   0.04406   0.03786  -0.0473  0.0170  1.0000  -6.2823   0.0000   0.0000   0.0000   0.2631
  14.000   1.4561   0.04909   0.04310  -0.0460  0.0165  1.0000  -6.4788   0.0000   0.0000   0.0000   0.2611
  14.500   1.4546   0.05496   0.04920  -0.0453  0.0160  1.0000  -6.6444   0.0000   0.0000   0.0000   0.2596
  15.000   1.4509   0.06143   0.05590  -0.0450  0.0156  1.0000  -6.7930   0.0000   0.0000   0.0000   0.2585


