xflr5 v6.59

 Calculated polar for: revR_70_revT

 1 1 Reynolds number fixed          Mach number fixed         

 xtrf =   1.000 (top)        1.000 (bottom)
 Mach =   0.000     Re =     0.295 e 6     Ncrit =   9.000

  alpha     CL        CD       CDp       Cm    Top Xtr Bot Xtr   Cpmin    Chinge    XCp    
 ------- -------- --------- --------- -------- ------- ------- -------- --------- ---------
  -5.000   0.0193   0.01510   0.00817  -0.1285  0.8271  0.0540  -2.2778   0.0000   0.0000   0.0000   7.0878
  -4.500   0.0724   0.01375   0.00676  -0.1284  0.8185  0.0695  -2.0104   0.0000   0.0000   0.0000   2.0626
  -4.000   0.1274   0.01295   0.00592  -0.1284  0.8089  0.0944  -1.7702   0.0000   0.0000   0.0000   1.2771
  -3.500   0.1838   0.01225   0.00531  -0.1286  0.8001  0.1472  -1.5257   0.0000   0.0000   0.0000   0.9609
  -3.000   0.2383   0.01179   0.00511  -0.1287  0.7904  0.2201  -1.2876   0.0000   0.0000   0.0000   0.7973
  -2.500   0.2947   0.01134   0.00488  -0.1290  0.7810  0.3020  -1.0570   0.0000   0.0000   0.0000   0.6923
  -2.000   0.3509   0.01102   0.00478  -0.1292  0.7721  0.4000  -0.8359   0.0000   0.0000   0.0000   0.6209
  -1.500   0.4053   0.01058   0.00472  -0.1289  0.7609  0.5251  -0.7172   0.0000   0.0000   0.0000   0.5695
  -1.000   0.4606   0.01029   0.00469  -0.1284  0.7513  0.6468  -0.7586   0.0000   0.0000   0.0000   0.5291
  -0.500   0.5119   0.01022   0.00488  -0.1270  0.7407  0.7472  -0.7983   0.0000   0.0000   0.0000   0.4976
   0.000   0.5635   0.01010   0.00481  -0.1254  0.7295  0.8121  -0.8411   0.0000   0.0000   0.0000   0.4711
   0.500   0.6118   0.01008   0.00485  -0.1232  0.7176  0.8647  -0.8865   0.0000   0.0000   0.0000   0.4493
   1.000   0.6562   0.00989   0.00469  -0.1198  0.7059  0.9266  -0.9322   0.0000   0.0000   0.0000   0.4299
   1.500   0.7219   0.00981   0.00457  -0.1217  0.6927  1.0000  -0.9922   0.0000   0.0000   0.0000   0.4153
   2.000   0.7819   0.00986   0.00444  -0.1227  0.6784  1.0000  -1.0569   0.0000   0.0000   0.0000   0.4030
   2.500   0.8384   0.00998   0.00453  -0.1231  0.6628  1.0000  -1.1196   0.0000   0.0000   0.0000   0.3923
   3.000   0.8954   0.01012   0.00457  -0.1233  0.6470  1.0000  -1.1840   0.0000   0.0000   0.0000   0.3826
   3.500   0.9514   0.01027   0.00458  -0.1234  0.6284  1.0000  -1.2595   0.0000   0.0000   0.0000   0.3739
   4.000   1.0055   0.01047   0.00479  -0.1231  0.6092  1.0000  -1.3348   0.0000   0.0000   0.0000   0.3661
   4.500   1.0590   0.01073   0.00502  -0.1228  0.5879  1.0000  -1.4218   0.0000   0.0000   0.0000   0.3590
   5.000   1.1112   0.01106   0.00527  -0.1222  0.5634  1.0000  -1.5157   0.0000   0.0000   0.0000   0.3524
   5.500   1.1624   0.01147   0.00564  -0.1215  0.5388  1.0000  -1.6287   0.0000   0.0000   0.0000   0.3463
   6.000   1.2114   0.01198   0.00606  -0.1204  0.5105  1.0000  -1.7497   0.0000   0.0000   0.0000   0.3405
   6.500   1.2589   0.01260   0.00660  -0.1191  0.4824  1.0000  -1.8894   0.0000   0.0000   0.0000   0.3350
   7.000   1.3042   0.01324   0.00722  -0.1175  0.4504  1.0000  -2.0495   0.0000   0.0000   0.0000   0.3298
   7.500   1.3468   0.01403   0.00794  -0.1156  0.4184  1.0000  -2.2302   0.0000   0.0000   0.0000   0.3248
   8.000   1.3866   0.01496   0.00881  -0.1132  0.3882  1.0000  -2.4443   0.0000   0.0000   0.0000   0.3199
   8.500   1.4217   0.01601   0.00979  -0.1102  0.3533  1.0000  -2.6966   0.0000   0.0000   0.0000   0.3150
   9.000   1.4513   0.01719   0.01092  -0.1064  0.3221  1.0000  -2.9881   0.0000   0.0000   0.0000   0.3100
   9.500   1.4769   0.01866   0.01235  -0.1023  0.2926  1.0000  -3.2776   0.0000   0.0000   0.0000   0.3051
  10.000   1.4982   0.02046   0.01409  -0.0981  0.2605  1.0000  -3.5598   0.0000   0.0000   0.0000   0.3005
  10.500   1.5182   0.02255   0.01614  -0.0943  0.2293  1.0000  -3.8435   0.0000   0.0000   0.0000   0.2963
  11.000   1.5335   0.02514   0.01866  -0.0905  0.1998  1.0000  -4.1141   0.0000   0.0000   0.0000   0.2923
  11.500   1.5451   0.02820   0.02165  -0.0868  0.1705  1.0000  -4.3743   0.0000   0.0000   0.0000   0.2885
  12.000   1.5562   0.03150   0.02497  -0.0835  0.1442  1.0000  -4.6351   0.0000   0.0000   0.0000   0.2850
  12.500   1.5627   0.03534   0.02878  -0.0803  0.1204  1.0000  -4.8784   0.0000   0.0000   0.0000   0.2818
  13.000   1.5661   0.03964   0.03308  -0.0773  0.1003  1.0000  -5.1086   0.0000   0.0000   0.0000   0.2788
  13.500   1.5648   0.04459   0.03804  -0.0745  0.0836  1.0000  -5.3159   0.0000   0.0000   0.0000   0.2760
  14.000   1.5621   0.05004   0.04352  -0.0724  0.0700  1.0000  -5.5215   0.0000   0.0000   0.0000   0.2737
  14.500   1.5628   0.05543   0.04907  -0.0708  0.0599  1.0000  -5.7415   0.0000   0.0000   0.0000   0.2716
  15.000   1.5469   0.06304   0.05673  -0.0695  0.0503  1.0000  -5.8660   0.0000   0.0000   0.0000   0.2701


