xflr5 v6.59

 Calculated polar for: revR_65_revT

 1 1 Reynolds number fixed          Mach number fixed         

 xtrf =   1.000 (top)        1.000 (bottom)
 Mach =   0.000     Re =     0.035 e 6     Ncrit =   9.000

  alpha     CL        CD       CDp       Cm    Top Xtr Bot Xtr   Cpmin    Chinge    XCp    
 ------- -------- --------- --------- -------- ------- ------- -------- --------- ---------
  -5.000  -0.3310   0.08995   0.08330   0.0167  1.0000  0.6097  -1.2352   0.0000   0.0000   0.0000   0.2922
  -4.500  -0.4552   0.07699   0.07041  -0.0205  1.0000  0.2754  -1.8232   0.0000   0.0000   0.0000   0.1998
  -4.000  -0.3866   0.05932   0.05165  -0.0463  1.0000  0.2132  -2.0124   0.0000   0.0000   0.0000   0.1243
  -3.500  -0.3175   0.05021   0.04139  -0.0581  1.0000  0.2170  -1.9875   0.0000   0.0000   0.0000   0.0603
  -3.000  -0.2591   0.04531   0.03581  -0.0627  1.0000  0.2390  -1.8757   0.0000   0.0000   0.0000   0.0004
  -2.500  -0.2031   0.04207   0.03211  -0.0655  1.0000  0.2799  -1.7356   0.0000   0.0000   0.0000  -0.0815
  -2.000  -0.1450   0.03979   0.02946  -0.0678  1.0000  0.3479  -1.6088   0.0000   0.0000   0.0000  -0.2284
  -1.500  -0.0943   0.03856   0.02860  -0.0673  1.0000  0.4753  -1.4629   0.0000   0.0000   0.0000  -0.4786
  -1.000  -0.0615   0.03781   0.02881  -0.0610  1.0000  0.6750  -1.3266   0.0000   0.0000   0.0000  -0.7613
  -0.500  -0.0601   0.03543   0.02701  -0.0513  1.0000  1.0000  -1.2614   0.0000   0.0000   0.0000  -0.6192
   0.000   0.0064   0.03751   0.02774  -0.0594  1.0000  1.0000  -1.0557   0.0000   0.0000   0.0000   9.6554
   0.500   0.0525   0.03967   0.02921  -0.0620  1.0000  1.0000  -0.8784   0.0000   0.0000   0.0000   1.4386
   1.000   0.0946   0.04203   0.03105  -0.0640  1.0000  1.0000  -0.7274   0.0000   0.0000   0.0000   0.9268
   1.500   0.1341   0.04461   0.03323  -0.0656  1.0000  1.0000  -0.5857   0.0000   0.0000   0.0000   0.7370
   2.000   0.1716   0.04741   0.03571  -0.0671  1.0000  1.0000  -0.5242   0.0000   0.0000   0.0000   0.6374
   2.500   0.2073   0.05043   0.03849  -0.0685  1.0000  1.0000  -0.5471   0.0000   0.0000   0.0000   0.5759
   3.000   0.2412   0.05370   0.04157  -0.0699  1.0000  1.0000  -0.5692   0.0000   0.0000   0.0000   0.5342
   3.500   0.2737   0.05722   0.04495  -0.0712  1.0000  1.0000  -0.5882   0.0000   0.0000   0.0000   0.5042
   4.000   0.3048   0.06099   0.04862  -0.0727  1.0000  1.0000  -0.6095   0.0000   0.0000   0.0000   0.4817
   4.500   0.3345   0.06501   0.05259  -0.0741  1.0000  1.0000  -0.6292   0.0000   0.0000   0.0000   0.4643
   5.000   0.3637   0.06932   0.05689  -0.0758  0.9989  1.0000  -0.6507   0.0000   0.0000   0.0000   0.4506
   5.500   0.4387   0.07736   0.06495  -0.0865  0.9668  1.0000  -0.7050   0.0000   0.0000   0.0000   0.4390
   6.000   0.5021   0.08439   0.07207  -0.0942  0.9240  1.0000  -0.7573   0.0000   0.0000   0.0000   0.4290
   6.500   0.5301   0.08883   0.07661  -0.0953  0.8870  1.0000  -0.7846   0.0000   0.0000   0.0000   0.4207
   7.000   0.5748   0.09508   0.08298  -0.0991  0.8536  1.0000  -0.8285   0.0000   0.0000   0.0000   0.4129
   7.500   0.6224   0.10269   0.09073  -0.1032  0.8227  1.0000  -0.8800   0.0000   0.0000   0.0000   0.4059
   8.000   0.6407   0.10753   0.09571  -0.1031  0.7962  1.0000  -0.9037   0.0000   0.0000   0.0000   0.4006
   8.500   0.6598   0.11216   0.10050  -0.1029  0.7622  1.0000  -0.9375   0.0000   0.0000   0.0000   0.3950
   9.000   0.6834   0.11829   0.10681  -0.1041  0.7380  1.0000  -0.9724   0.0000   0.0000   0.0000   0.3908
   9.500   0.7190   0.12519   0.11391  -0.1061  0.7064  1.0000  -1.0234   0.0000   0.0000   0.0000   0.3856
  10.000   0.7353   0.13125   0.12016  -0.1067  0.6836  1.0000  -1.0557   0.0000   0.0000   0.0000   0.3825
  10.500   0.7838   0.14119   0.13035  -0.1102  0.6534  1.0000  -1.1419   0.0000   0.0000   0.0000   0.3775
  11.000   0.7956   0.14689   0.13625  -0.1104  0.6306  1.0000  -1.1738   0.0000   0.0000   0.0000   0.3750
  11.500   0.8112   0.15352   0.14306  -0.1109  0.6043  1.0000  -1.2079   0.0000   0.0000   0.0000   0.3724
  12.000   0.8286   0.16053   0.15028  -0.1119  0.5802  1.0000  -1.2528   0.0000   0.0000   0.0000   0.3701
  12.500   0.8396   0.16648   0.15641  -0.1124  0.5551  1.0000  -1.2950   0.0000   0.0000   0.0000   0.3683
  13.000   0.8464   0.17133   0.16141  -0.1128  0.5271  1.0000  -1.3270   0.0000   0.0000   0.0000   0.3670
  13.500   0.8739   0.18096   0.17129  -0.1150  0.5070  1.0000  -1.3983   0.0000   0.0000   0.0000   0.3647
  14.000   0.8815   0.18589   0.17636  -0.1159  0.4801  1.0000  -1.4341   0.0000   0.0000   0.0000   0.3638
  14.500   0.9009   0.19378   0.18443  -0.1177  0.4571  1.0000  -1.5026   0.0000   0.0000   0.0000   0.3622
  15.000   0.9278   0.20396   0.19482  -0.1196  0.4349  1.0000  -1.6014   0.0000   0.0000   0.0000   0.3598


