xflr5 v6.59

 Calculated polar for: revR_50_revT

 1 1 Reynolds number fixed          Mach number fixed         

 xtrf =   1.000 (top)        1.000 (bottom)
 Mach =   0.000     Re =     0.415 e 6     Ncrit =   9.000

  alpha     CL        CD       CDp       Cm    Top Xtr Bot Xtr   Cpmin    Chinge    XCp    
 ------- -------- --------- --------- -------- ------- ------- -------- --------- ---------
  -5.000  -0.0658   0.01241   0.00583  -0.1082  0.8234  0.0489  -2.4271   0.0000   0.0000   0.0000  -1.4375
  -4.500  -0.0121   0.01131   0.00466  -0.1080  0.8130  0.0658  -2.1108   0.0000   0.0000   0.0000  -8.9036
  -4.000   0.0433   0.01065   0.00399  -0.1080  0.8028  0.0972  -1.7810   0.0000   0.0000   0.0000   2.7919
  -3.500   0.0984   0.01012   0.00366  -0.1081  0.7929  0.1512  -1.5099   0.0000   0.0000   0.0000   1.3658
  -3.000   0.1540   0.00964   0.00337  -0.1082  0.7827  0.2239  -1.2707   0.0000   0.0000   0.0000   0.9619
  -2.500   0.2097   0.00928   0.00319  -0.1083  0.7725  0.3035  -1.0402   0.0000   0.0000   0.0000   0.7717
  -2.000   0.2649   0.00880   0.00303  -0.1083  0.7611  0.4117  -0.8246   0.0000   0.0000   0.0000   0.6619
  -1.500   0.3202   0.00844   0.00298  -0.1083  0.7511  0.5353  -0.6401   0.0000   0.0000   0.0000   0.5895
  -1.000   0.3744   0.00813   0.00298  -0.1077  0.7392  0.6469  -0.6808   0.0000   0.0000   0.0000   0.5380
  -0.500   0.4282   0.00803   0.00304  -0.1068  0.7272  0.7390  -0.7216   0.0000   0.0000   0.0000   0.4988
   0.000   0.4817   0.00796   0.00306  -0.1059  0.7142  0.7929  -0.7668   0.0000   0.0000   0.0000   0.4684
   0.500   0.5346   0.00799   0.00310  -0.1048  0.7022  0.8364  -0.8138   0.0000   0.0000   0.0000   0.4440
   1.000   0.5851   0.00792   0.00308  -0.1031  0.6867  0.8783  -0.8630   0.0000   0.0000   0.0000   0.4236
   1.500   0.6332   0.00788   0.00308  -0.1009  0.6719  0.9224  -0.9156   0.0000   0.0000   0.0000   0.4062
   2.000   0.6945   0.00782   0.00298  -0.1016  0.6552  0.9803  -0.9809   0.0000   0.0000   0.0000   0.3926
   2.500   0.7557   0.00793   0.00298  -0.1030  0.6356  1.0000  -1.0479   0.0000   0.0000   0.0000   0.3820
   3.000   0.8120   0.00810   0.00309  -0.1033  0.6148  1.0000  -1.1174   0.0000   0.0000   0.0000   0.3724
   3.500   0.8673   0.00834   0.00324  -0.1033  0.5926  1.0000  -1.1946   0.0000   0.0000   0.0000   0.3638
   4.000   0.9215   0.00863   0.00344  -0.1031  0.5677  1.0000  -1.2786   0.0000   0.0000   0.0000   0.3560
   4.500   0.9745   0.00900   0.00370  -0.1027  0.5403  1.0000  -1.3739   0.0000   0.0000   0.0000   0.3489
   5.000   1.0267   0.00941   0.00403  -0.1022  0.5120  1.0000  -1.4873   0.0000   0.0000   0.0000   0.3425
   5.500   1.0783   0.00987   0.00443  -0.1016  0.4816  1.0000  -1.6166   0.0000   0.0000   0.0000   0.3366
   6.000   1.1274   0.01046   0.00489  -0.1007  0.4463  1.0000  -1.7725   0.0000   0.0000   0.0000   0.3310
   6.500   1.1764   0.01108   0.00544  -0.0997  0.4153  1.0000  -1.9630   0.0000   0.0000   0.0000   0.3258
   7.000   1.2227   0.01183   0.00607  -0.0984  0.3758  1.0000  -2.2532   0.0000   0.0000   0.0000   0.3209
   7.500   1.2681   0.01263   0.00678  -0.0970  0.3413  1.0000  -2.5748   0.0000   0.0000   0.0000   0.3162
   8.000   1.3107   0.01357   0.00760  -0.0952  0.3043  1.0000  -2.9069   0.0000   0.0000   0.0000   0.3117
   8.500   1.3487   0.01473   0.00859  -0.0929  0.2593  1.0000  -3.2360   0.0000   0.0000   0.0000   0.3072
   9.000   1.3832   0.01597   0.00968  -0.0900  0.2207  1.0000  -3.5634   0.0000   0.0000   0.0000   0.3026
   9.500   1.4107   0.01750   0.01104  -0.0862  0.1826  1.0000  -3.8739   0.0000   0.0000   0.0000   0.2979
  10.000   1.4364   0.01919   0.01260  -0.0825  0.1471  1.0000  -4.1846   0.0000   0.0000   0.0000   0.2935
  10.500   1.4561   0.02136   0.01466  -0.0786  0.1153  1.0000  -4.4762   0.0000   0.0000   0.0000   0.2892
  11.000   1.4763   0.02366   0.01690  -0.0751  0.0915  1.0000  -4.7735   0.0000   0.0000   0.0000   0.2853
  11.500   1.4932   0.02634   0.01956  -0.0718  0.0722  1.0000  -5.0594   0.0000   0.0000   0.0000   0.2816
  12.000   1.5049   0.02961   0.02281  -0.0685  0.0556  1.0000  -5.3205   0.0000   0.0000   0.0000   0.2781
  12.500   1.5193   0.03280   0.02606  -0.0659  0.0462  1.0000  -5.5955   0.0000   0.0000   0.0000   0.2750
  13.000   1.5248   0.03695   0.03033  -0.0631  0.0373  1.0000  -5.8142   0.0000   0.0000   0.0000   0.2720
  13.500   1.5294   0.04137   0.03484  -0.0607  0.0310  1.0000  -6.0303   0.0000   0.0000   0.0000   0.2694
  14.000   1.5157   0.04794   0.04160  -0.0582  0.0256  1.0000  -6.1316   0.0000   0.0000   0.0000   0.2670
  14.500   1.5191   0.05312   0.04702  -0.0571  0.0233  1.0000  -6.3434   0.0000   0.0000   0.0000   0.2652
  15.000   1.5156   0.05939   0.05348  -0.0564  0.0213  1.0000  -6.5143   0.0000   0.0000   0.0000   0.2637


