xflr5 v6.59

 Calculated polar for: revR_40_revT

 1 1 Reynolds number fixed          Mach number fixed         

 xtrf =   1.000 (top)        1.000 (bottom)
 Mach =   0.000     Re =     0.075 e 6     Ncrit =   9.000

  alpha     CL        CD       CDp       Cm    Top Xtr Bot Xtr   Cpmin    Chinge    XCp    
 ------- -------- --------- --------- -------- ------- ------- -------- --------- ---------
  -5.000  -0.4337   0.03983   0.03268  -0.0529  0.9987  0.1052  -2.7060   0.0000   0.0000   0.0000   0.1215
  -4.500  -0.3484   0.03433   0.02611  -0.0611  0.9893  0.1150  -2.5290   0.0000   0.0000   0.0000   0.0672
  -4.000  -0.2702   0.03020   0.02122  -0.0666  0.9783  0.1293  -2.3061   0.0000   0.0000   0.0000  -0.0053
  -3.500  -0.1783   0.02825   0.01886  -0.0740  0.9677  0.1698  -2.0003   0.0000   0.0000   0.0000  -0.1770
  -3.000  -0.1124   0.02656   0.01756  -0.0771  0.9533  0.2468  -1.7217   0.0000   0.0000   0.0000  -0.4523
  -2.500  -0.0335   0.02541   0.01731  -0.0824  0.9411  0.4275  -1.4140   0.0000   0.0000   0.0000  -2.2568
  -2.000   0.0238   0.02498   0.01798  -0.0816  0.9255  0.6718  -1.1912   0.0000   0.0000   0.0000   3.7315
  -1.500   0.0488   0.02541   0.01872  -0.0731  0.9082  0.8452  -1.0356   0.0000   0.0000   0.0000   1.7691
  -1.000   0.1175   0.02561   0.01865  -0.0751  0.8902  1.0000  -0.8103   0.0000   0.0000   0.0000   0.8955
  -0.500   0.2074   0.02630   0.01881  -0.0830  0.8742  1.0000  -0.5703   0.0000   0.0000   0.0000   0.6522
   0.000   0.2660   0.02716   0.01932  -0.0853  0.8537  1.0000  -0.5822   0.0000   0.0000   0.0000   0.5709
   0.500   0.3265   0.02808   0.01998  -0.0874  0.8333  1.0000  -0.6278   0.0000   0.0000   0.0000   0.5166
   1.000   0.3886   0.02896   0.02065  -0.0893  0.8132  1.0000  -0.6772   0.0000   0.0000   0.0000   0.4779
   1.500   0.4550   0.02964   0.02118  -0.0912  0.7939  1.0000  -0.7354   0.0000   0.0000   0.0000   0.4480
   2.500   0.5912   0.03018   0.02157  -0.0941  0.7569  1.0000  -0.8678   0.0000   0.0000   0.0000   0.4056
   3.000   0.6457   0.03067   0.02206  -0.0935  0.7347  1.0000  -0.9313   0.0000   0.0000   0.0000   0.3907
   3.500   0.7008   0.03104   0.02246  -0.0928  0.7127  1.0000  -1.0019   0.0000   0.0000   0.0000   0.3777
   4.500   0.8153   0.03101   0.02257  -0.0907  0.6691  1.0000  -1.1734   0.0000   0.0000   0.0000   0.3555
   5.000   0.8761   0.03048   0.02214  -0.0896  0.6475  1.0000  -1.2845   0.0000   0.0000   0.0000   0.3459
   5.500   0.9378   0.02978   0.02157  -0.0884  0.6251  1.0000  -1.4176   0.0000   0.0000   0.0000   0.3374
   6.000   0.9995   0.02892   0.02084  -0.0870  0.6002  1.0000  -1.5814   0.0000   0.0000   0.0000   0.3296
   6.500   1.0621   0.02801   0.02003  -0.0858  0.5729  1.0000  -1.7842   0.0000   0.0000   0.0000   0.3227
   7.000   1.1277   0.02699   0.01903  -0.0848  0.5431  1.0000  -2.1177   0.0000   0.0000   0.0000   0.3165
   7.500   1.1748   0.02730   0.01946  -0.0824  0.5064  1.0000  -2.4318   0.0000   0.0000   0.0000   0.3107
   8.000   1.2315   0.02715   0.01919  -0.0808  0.4682  1.0000  -2.7967   0.0000   0.0000   0.0000   0.3055
   8.500   1.2719   0.02787   0.01996  -0.0776  0.4254  1.0000  -3.1147   0.0000   0.0000   0.0000   0.3002
   9.000   1.3071   0.02888   0.02102  -0.0740  0.3804  1.0000  -3.4236   0.0000   0.0000   0.0000   0.2950
   9.500   1.3357   0.03025   0.02234  -0.0698  0.3340  1.0000  -3.7250   0.0000   0.0000   0.0000   0.2898
  10.000   1.3563   0.03215   0.02416  -0.0648  0.2874  1.0000  -3.9979   0.0000   0.0000   0.0000   0.2845
  10.500   1.3645   0.03456   0.02645  -0.0587  0.2426  1.0000  -4.2203   0.0000   0.0000   0.0000   0.2790
  11.000   1.3676   0.03773   0.02944  -0.0527  0.2030  1.0000  -4.4109   0.0000   0.0000   0.0000   0.2737
  11.500   1.3661   0.04140   0.03303  -0.0473  0.1696  1.0000  -4.5739   0.0000   0.0000   0.0000   0.2689
  12.000   1.3788   0.04596   0.03742  -0.0436  0.1401  1.0000  -4.7574   0.0000   0.0000   0.0000   0.2650
  12.500   1.3826   0.05078   0.04239  -0.0399  0.1182  1.0000  -4.9002   0.0000   0.0000   0.0000   0.2614
  13.000   1.3819   0.05597   0.04792  -0.0365  0.1037  1.0000  -4.9989   0.0000   0.0000   0.0000   0.2581
  13.500   1.3791   0.06268   0.05500  -0.0338  0.0924  1.0000  -5.0604   0.0000   0.0000   0.0000   0.2554
  14.000   1.3676   0.06905   0.06168  -0.0319  0.0839  1.0000  -5.1138   0.0000   0.0000   0.0000   0.2533
  14.500   1.3598   0.07873   0.07159  -0.0305  0.0778  1.0000  -5.1079   0.0000   0.0000   0.0000   0.2516
  15.000   1.3167   0.08937   0.08283  -0.0314  0.0771  1.0000  -4.9807   0.0000   0.0000   0.0000   0.2520


