xflr5 v6.59

 Calculated polar for: revR_55_revT

 1 1 Reynolds number fixed          Mach number fixed         

 xtrf =   1.000 (top)        1.000 (bottom)
 Mach =   0.000     Re =     0.390 e 6     Ncrit =   9.000

  alpha     CL        CD       CDp       Cm    Top Xtr Bot Xtr   Cpmin    Chinge    XCp    
 ------- -------- --------- --------- -------- ------- ------- -------- --------- ---------
  -5.000  -0.0453   0.01249   0.00583  -0.1132  0.8224  0.0510  -2.4197   0.0000   0.0000   0.0000  -2.3132
  -4.500   0.0095   0.01176   0.00504  -0.1131  0.8124  0.0646  -2.0834   0.0000   0.0000   0.0000  12.4017
  -4.000   0.0648   0.01099   0.00426  -0.1130  0.8025  0.0970  -1.7675   0.0000   0.0000   0.0000   2.0272
  -3.500   0.1200   0.01046   0.00393  -0.1132  0.7928  0.1508  -1.5169   0.0000   0.0000   0.0000   1.2084
  -3.000   0.1757   0.00999   0.00363  -0.1133  0.7828  0.2210  -1.2750   0.0000   0.0000   0.0000   0.9033
  -2.500   0.2316   0.00964   0.00347  -0.1135  0.7733  0.3030  -1.0415   0.0000   0.0000   0.0000   0.7449
  -2.000   0.2869   0.00916   0.00330  -0.1135  0.7618  0.4068  -0.8287   0.0000   0.0000   0.0000   0.6485
  -1.500   0.3426   0.00883   0.00324  -0.1135  0.7520  0.5264  -0.6599   0.0000   0.0000   0.0000   0.5826
  -1.000   0.3965   0.00849   0.00327  -0.1129  0.7408  0.6456  -0.7008   0.0000   0.0000   0.0000   0.5351
  -0.500   0.4505   0.00839   0.00330  -0.1120  0.7292  0.7366  -0.7424   0.0000   0.0000   0.0000   0.4981
   0.000   0.5035   0.00832   0.00335  -0.1110  0.7165  0.7941  -0.7863   0.0000   0.0000   0.0000   0.4691
   1.500   0.6527   0.00818   0.00330  -0.1054  0.6758  0.9330  -0.9336   0.0000   0.0000   0.0000   0.4082
   2.000   0.7198   0.00811   0.00318  -0.1075  0.6598  1.0000  -1.0010   0.0000   0.0000   0.0000   0.3956
   2.500   0.7771   0.00824   0.00323  -0.1081  0.6412  1.0000  -1.0662   0.0000   0.0000   0.0000   0.3848
   3.000   0.8335   0.00842   0.00333  -0.1084  0.6221  1.0000  -1.1351   0.0000   0.0000   0.0000   0.3751
   3.500   0.8888   0.00864   0.00347  -0.1084  0.6005  1.0000  -1.2104   0.0000   0.0000   0.0000   0.3665
   4.000   0.9432   0.00892   0.00366  -0.1082  0.5775  1.0000  -1.2930   0.0000   0.0000   0.0000   0.3587
   4.500   0.9965   0.00925   0.00391  -0.1079  0.5517  1.0000  -1.3833   0.0000   0.0000   0.0000   0.3516
   5.000   1.0487   0.00965   0.00423  -0.1073  0.5237  1.0000  -1.4955   0.0000   0.0000   0.0000   0.3451
   5.500   1.0996   0.01014   0.00462  -0.1066  0.4943  1.0000  -1.6114   0.0000   0.0000   0.0000   0.3391
   6.000   1.1489   0.01070   0.00508  -0.1057  0.4619  1.0000  -1.7648   0.0000   0.0000   0.0000   0.3335
   6.500   1.1976   0.01130   0.00562  -0.1047  0.4291  1.0000  -1.9289   0.0000   0.0000   0.0000   0.3283
   7.000   1.2437   0.01204   0.00626  -0.1033  0.3956  1.0000  -2.1512   0.0000   0.0000   0.0000   0.3233
   7.500   1.2881   0.01286   0.00697  -0.1017  0.3575  1.0000  -2.4540   0.0000   0.0000   0.0000   0.3185
   8.000   1.3300   0.01379   0.00782  -0.0998  0.3244  1.0000  -2.7738   0.0000   0.0000   0.0000   0.3139
   8.500   1.3692   0.01482   0.00876  -0.0975  0.2870  1.0000  -3.0972   0.0000   0.0000   0.0000   0.3093
   9.000   1.4007   0.01612   0.00989  -0.0942  0.2492  1.0000  -3.4047   0.0000   0.0000   0.0000   0.3046
   9.500   1.4309   0.01747   0.01115  -0.0907  0.2141  1.0000  -3.7168   0.0000   0.0000   0.0000   0.3000
  10.000   1.4535   0.01930   0.01282  -0.0867  0.1769  1.0000  -4.0078   0.0000   0.0000   0.0000   0.2954
  10.500   1.4735   0.02145   0.01485  -0.0828  0.1420  1.0000  -4.2939   0.0000   0.0000   0.0000   0.2911
  11.000   1.4905   0.02398   0.01728  -0.0791  0.1131  1.0000  -4.5716   0.0000   0.0000   0.0000   0.2872
  11.500   1.5068   0.02672   0.01998  -0.0758  0.0907  1.0000  -4.8492   0.0000   0.0000   0.0000   0.2835
  12.000   1.5191   0.02994   0.02318  -0.0726  0.0722  1.0000  -5.1107   0.0000   0.0000   0.0000   0.2800
  12.500   1.5294   0.03350   0.02674  -0.0696  0.0581  1.0000  -5.3730   0.0000   0.0000   0.0000   0.2769
  13.000   1.5387   0.03728   0.03064  -0.0670  0.0483  1.0000  -5.6317   0.0000   0.0000   0.0000   0.2739
  13.500   1.5317   0.04283   0.03625  -0.0641  0.0384  1.0000  -5.7951   0.0000   0.0000   0.0000   0.2712
  14.000   1.5408   0.04702   0.04067  -0.0624  0.0340  1.0000  -6.0498   0.0000   0.0000   0.0000   0.2688
  14.500   1.5334   0.05333   0.04707  -0.0608  0.0288  1.0000  -6.2046   0.0000   0.0000   0.0000   0.2669
  15.000   1.5149   0.06134   0.05534  -0.0597  0.0254  1.0000  -6.2690   0.0000   0.0000   0.0000   0.2656


