xflr5 v6.59

 Calculated polar for: revR_15_revT

 1 1 Reynolds number fixed          Mach number fixed         

 xtrf =   1.000 (top)        1.000 (bottom)
 Mach =   0.000     Re =     0.395 e 6     Ncrit =   9.000

  alpha     CL        CD       CDp       Cm    Top Xtr Bot Xtr   Cpmin    Chinge    XCp    
 ------- -------- --------- --------- -------- ------- ------- -------- --------- ---------
  -5.000  -0.2009   0.01180   0.00526  -0.0776  0.8801  0.0555  -2.5167   0.0000   0.0000   0.0000  -0.1479
  -4.500  -0.1511   0.01084   0.00422  -0.0764  0.8646  0.0808  -2.1707   0.0000   0.0000   0.0000  -0.2691
  -4.000  -0.0997   0.01015   0.00368  -0.0755  0.8499  0.1316  -1.8291   0.0000   0.0000   0.0000  -0.5248
  -3.500  -0.0478   0.00963   0.00334  -0.0749  0.8355  0.1963  -1.4973   0.0000   0.0000   0.0000  -1.3457
  -3.000   0.0044   0.00909   0.00304  -0.0743  0.8216  0.2894  -1.2233   0.0000   0.0000   0.0000  17.4333
  -2.500   0.0550   0.00843   0.00281  -0.0734  0.8066  0.4192  -1.0172   0.0000   0.0000   0.0000   1.6003
  -2.000   0.1061   0.00792   0.00272  -0.0724  0.7935  0.5617  -0.8185   0.0000   0.0000   0.0000   0.9389
  -1.500   0.1572   0.00761   0.00271  -0.0710  0.7787  0.6805  -0.6281   0.0000   0.0000   0.0000   0.7042
  -1.000   0.2093   0.00752   0.00273  -0.0697  0.7629  0.7492  -0.5368   0.0000   0.0000   0.0000   0.5836
  -0.500   0.2620   0.00752   0.00273  -0.0684  0.7478  0.7958  -0.5801   0.0000   0.0000   0.0000   0.5106
   0.000   0.3140   0.00749   0.00272  -0.0670  0.7318  0.8324  -0.6234   0.0000   0.0000   0.0000   0.4620
   0.500   0.3647   0.00748   0.00273  -0.0653  0.7131  0.8677  -0.6735   0.0000   0.0000   0.0000   0.4271
   1.000   0.4147   0.00748   0.00273  -0.0634  0.6953  0.8999  -0.7237   0.0000   0.0000   0.0000   0.4005
   1.500   0.4655   0.00749   0.00272  -0.0616  0.6744  0.9350  -0.7772   0.0000   0.0000   0.0000   0.3795
   2.000   0.5298   0.00755   0.00273  -0.0630  0.6515  0.9656  -0.8477   0.0000   0.0000   0.0000   0.3656
   2.500   0.6108   0.00768   0.00278  -0.0683  0.6251  0.9837  -0.9344   0.0000   0.0000   0.0000   0.3580
   3.000   0.6896   0.00785   0.00283  -0.0733  0.5932  0.9995  -1.0346   0.0000   0.0000   0.0000   0.3521
   3.500   0.7262   0.00807   0.00294  -0.0698  0.5649  1.0000  -1.1135   0.0000   0.0000   0.0000   0.3415
   4.000   0.7702   0.00839   0.00314  -0.0676  0.5326  1.0000  -1.2146   0.0000   0.0000   0.0000   0.3326
   4.500   0.8172   0.00877   0.00341  -0.0659  0.4987  1.0000  -1.3420   0.0000   0.0000   0.0000   0.3250
   5.000   0.8639   0.00923   0.00373  -0.0642  0.4598  1.0000  -1.5395   0.0000   0.0000   0.0000   0.3182
   5.500   0.9112   0.00972   0.00414  -0.0627  0.4255  1.0000  -1.8564   0.0000   0.0000   0.0000   0.3121
   6.000   0.9563   0.01032   0.00459  -0.0608  0.3812  1.0000  -2.1826   0.0000   0.0000   0.0000   0.3064
   6.500   0.9989   0.01107   0.00512  -0.0586  0.3301  1.0000  -2.5156   0.0000   0.0000   0.0000   0.3010
   7.000   1.0392   0.01195   0.00577  -0.0562  0.2775  1.0000  -2.8536   0.0000   0.0000   0.0000   0.2957
   7.500   1.0791   0.01285   0.00652  -0.0537  0.2319  1.0000  -3.2153   0.0000   0.0000   0.0000   0.2908
   8.000   1.1157   0.01389   0.00736  -0.0508  0.1854  1.0000  -3.5810   0.0000   0.0000   0.0000   0.2860
   8.500   1.1472   0.01514   0.00837  -0.0471  0.1379  1.0000  -3.9358   0.0000   0.0000   0.0000   0.2809
   9.000   1.1745   0.01636   0.00944  -0.0427  0.1022  1.0000  -4.2810   0.0000   0.0000   0.0000   0.2755
   9.500   1.1949   0.01774   0.01072  -0.0373  0.0754  1.0000  -4.6010   0.0000   0.0000   0.0000   0.2697
  10.000   1.2163   0.01915   0.01209  -0.0324  0.0570  1.0000  -4.9265   0.0000   0.0000   0.0000   0.2645
  10.500   1.2355   0.02076   0.01369  -0.0277  0.0425  1.0000  -5.2356   0.0000   0.0000   0.0000   0.2595
  11.000   1.2469   0.02299   0.01590  -0.0226  0.0280  1.0000  -5.4725   0.0000   0.0000   0.0000   0.2544
  11.500   1.2527   0.02581   0.01886  -0.0175  0.0210  1.0000  -5.6359   0.0000   0.0000   0.0000   0.2495
  12.000   1.2614   0.02870   0.02188  -0.0137  0.0184  1.0000  -5.8583   0.0000   0.0000   0.0000   0.2456
  12.500   1.2607   0.03262   0.02601  -0.0100  0.0167  1.0000  -6.0158   0.0000   0.0000   0.0000   0.2418
  13.000   1.2503   0.03784   0.03150  -0.0069  0.0157  1.0000  -6.0938   0.0000   0.0000   0.0000   0.2384
  13.500   1.2528   0.04235   0.03622  -0.0052  0.0153  1.0000  -6.2793   0.0000   0.0000   0.0000   0.2361
  14.000   1.2576   0.04695   0.04103  -0.0043  0.0150  1.0000  -6.4878   0.0000   0.0000   0.0000   0.2345
  14.500   1.2598   0.05220   0.04650  -0.0041  0.0146  1.0000  -6.6736   0.0000   0.0000   0.0000   0.2333
  15.000   1.2596   0.05812   0.05265  -0.0045  0.0142  1.0000  -6.8358   0.0000   0.0000   0.0000   0.2326


