xflr5 v6.59

 Calculated polar for: revR_50_revT

 1 1 Reynolds number fixed          Mach number fixed         

 xtrf =   1.000 (top)        1.000 (bottom)
 Mach =   0.000     Re =     0.460 e 6     Ncrit =   9.000

  alpha     CL        CD       CDp       Cm    Top Xtr Bot Xtr   Cpmin    Chinge    XCp    
 ------- -------- --------- --------- -------- ------- ------- -------- --------- ---------
  -5.000  -0.0675   0.01172   0.00526  -0.1077  0.8160  0.0479  -2.4509   0.0000   0.0000   0.0000  -1.3875
  -4.500  -0.0128   0.01083   0.00427  -0.1076  0.8057  0.0638  -2.1216   0.0000   0.0000   0.0000  -8.3273
  -4.000   0.0428   0.01031   0.00374  -0.1076  0.7958  0.0905  -1.7850   0.0000   0.0000   0.0000   2.8144
  -3.500   0.0983   0.00975   0.00336  -0.1077  0.7856  0.1425  -1.5130   0.0000   0.0000   0.0000   1.3639
  -3.000   0.1543   0.00937   0.00312  -0.1079  0.7759  0.2116  -1.2721   0.0000   0.0000   0.0000   0.9588
  -2.500   0.2097   0.00891   0.00291  -0.1080  0.7651  0.2893  -1.0417   0.0000   0.0000   0.0000   0.7703
  -2.000   0.2656   0.00853   0.00275  -0.1081  0.7546  0.3890  -0.8239   0.0000   0.0000   0.0000   0.6600
  -1.500   0.3207   0.00810   0.00270  -0.1081  0.7443  0.5127  -0.6409   0.0000   0.0000   0.0000   0.5885
  -1.000   0.3758   0.00781   0.00266  -0.1078  0.7327  0.6215  -0.6821   0.0000   0.0000   0.0000   0.5371
  -0.500   0.4296   0.00765   0.00275  -0.1070  0.7203  0.7234  -0.7229   0.0000   0.0000   0.0000   0.4985
   0.000   0.4841   0.00762   0.00275  -0.1063  0.7080  0.7784  -0.7687   0.0000   0.0000   0.0000   0.4682
   0.500   0.5378   0.00761   0.00282  -0.1055  0.6951  0.8231  -0.8160   0.0000   0.0000   0.0000   0.4441
   1.000   0.5892   0.00761   0.00282  -0.1040  0.6799  0.8644  -0.8660   0.0000   0.0000   0.0000   0.4239
   1.500   0.6392   0.00755   0.00284  -0.1023  0.6648  0.9040  -0.9197   0.0000   0.0000   0.0000   0.4069
   2.000   0.6900   0.00749   0.00281  -0.1007  0.6477  0.9565  -0.9782   0.0000   0.0000   0.0000   0.3922
   2.500   0.7564   0.00757   0.00279  -0.1031  0.6283  1.0000  -1.0489   0.0000   0.0000   0.0000   0.3820
   3.000   0.8128   0.00778   0.00289  -0.1034  0.6070  1.0000  -1.1185   0.0000   0.0000   0.0000   0.3724
   3.500   0.8681   0.00803   0.00305  -0.1034  0.5845  1.0000  -1.1957   0.0000   0.0000   0.0000   0.3638
   4.000   0.9224   0.00832   0.00326  -0.1033  0.5590  1.0000  -1.2799   0.0000   0.0000   0.0000   0.3561
   4.500   0.9759   0.00867   0.00352  -0.1030  0.5315  1.0000  -1.3761   0.0000   0.0000   0.0000   0.3491
   5.000   1.0284   0.00908   0.00385  -0.1025  0.5021  1.0000  -1.4898   0.0000   0.0000   0.0000   0.3426
   5.500   1.0794   0.00959   0.00424  -0.1019  0.4706  1.0000  -1.6193   0.0000   0.0000   0.0000   0.3367
   6.000   1.1293   0.01015   0.00471  -0.1011  0.4365  1.0000  -1.7764   0.0000   0.0000   0.0000   0.3312
   6.500   1.1788   0.01075   0.00523  -0.1002  0.4047  1.0000  -1.9694   0.0000   0.0000   0.0000   0.3261
   7.000   1.2249   0.01153   0.00587  -0.0989  0.3649  1.0000  -2.2633   0.0000   0.0000   0.0000   0.3212
   7.500   1.2710   0.01231   0.00655  -0.0976  0.3309  1.0000  -2.5902   0.0000   0.0000   0.0000   0.3165
   8.000   1.3135   0.01328   0.00737  -0.0958  0.2905  1.0000  -2.9229   0.0000   0.0000   0.0000   0.3120
   8.500   1.3517   0.01445   0.00836  -0.0935  0.2460  1.0000  -3.2538   0.0000   0.0000   0.0000   0.3075
   9.000   1.3859   0.01574   0.00946  -0.0906  0.2070  1.0000  -3.5810   0.0000   0.0000   0.0000   0.3029
   9.500   1.4168   0.01709   0.01069  -0.0873  0.1713  1.0000  -3.9056   0.0000   0.0000   0.0000   0.2984
  10.000   1.4405   0.01888   0.01231  -0.0833  0.1361  1.0000  -4.2098   0.0000   0.0000   0.0000   0.2938
  10.500   1.4636   0.02081   0.01418  -0.0796  0.1075  1.0000  -4.5169   0.0000   0.0000   0.0000   0.2896
  11.000   1.4837   0.02307   0.01637  -0.0761  0.0849  1.0000  -4.8161   0.0000   0.0000   0.0000   0.2857
  11.500   1.5023   0.02560   0.01889  -0.0729  0.0673  1.0000  -5.1111   0.0000   0.0000   0.0000   0.2820
  12.000   1.5174   0.02856   0.02185  -0.0697  0.0529  1.0000  -5.3912   0.0000   0.0000   0.0000   0.2785
  12.500   1.5260   0.03220   0.02548  -0.0666  0.0409  1.0000  -5.6371   0.0000   0.0000   0.0000   0.2753
  13.000   1.5394   0.03560   0.02904  -0.0641  0.0345  1.0000  -5.9025   0.0000   0.0000   0.0000   0.2723
  13.500   1.5321   0.04113   0.03464  -0.0611  0.0266  1.0000  -6.0435   0.0000   0.0000   0.0000   0.2695
  14.000   1.5388   0.04554   0.03928  -0.0593  0.0238  1.0000  -6.2806   0.0000   0.0000   0.0000   0.2672
  14.500   1.5381   0.05100   0.04490  -0.0578  0.0212  1.0000  -6.4765   0.0000   0.0000   0.0000   0.2652
  15.000   1.5281   0.05797   0.05205  -0.0569  0.0192  1.0000  -6.6068   0.0000   0.0000   0.0000   0.2637


