xflr5 v6.59

 Calculated polar for: revR_85_revT

 1 1 Reynolds number fixed          Mach number fixed         

 xtrf =   1.000 (top)        1.000 (bottom)
 Mach =   0.000     Re =     0.050 e 6     Ncrit =   9.000

  alpha     CL        CD       CDp       Cm    Top Xtr Bot Xtr   Cpmin    Chinge    XCp    
 ------- -------- --------- --------- -------- ------- ------- -------- --------- ---------
  -5.000  -0.4694   0.10128   0.09623   0.0037  1.0000  0.3117  -1.5349   0.0000   0.0000   0.0000   0.2519
  -4.500  -0.4708   0.09584   0.09087   0.0065  1.0000  0.3318  -1.5181   0.0000   0.0000   0.0000   0.2582
  -4.000  -0.4718   0.09094   0.08605   0.0079  1.0000  0.3613  -1.5028   0.0000   0.0000   0.0000   0.2616
  -3.500  -0.4694   0.08576   0.08092   0.0079  1.0000  0.4016  -1.4843   0.0000   0.0000   0.0000   0.2622
  -3.000  -0.4577   0.08055   0.07576   0.0115  1.0000  0.4341  -1.4353   0.0000   0.0000   0.0000   0.2708
  -2.500  -0.1909   0.04433   0.03545  -0.0783  1.0000  0.1757  -1.9043   0.0000   0.0000   0.0000  -0.1720
  -2.000  -0.1333   0.04268   0.03325  -0.0816  1.0000  0.2070  -1.7730   0.0000   0.0000   0.0000  -0.3770
  -1.500  -0.0794   0.04189   0.03235  -0.0837  1.0000  0.2566  -1.6303   0.0000   0.0000   0.0000  -0.8263
  -1.000  -0.0240   0.04182   0.03242  -0.0858  1.0000  0.3476  -1.4742   0.0000   0.0000   0.0000  -3.3856
  -0.500   0.1273   0.04365   0.03572  -0.0997  0.9455  0.7075  -1.1031   0.0000   0.0000   0.0000   1.0414
   0.500   0.2080   0.04599   0.03740  -0.0994  0.9147  1.0000  -0.7915   0.0000   0.0000   0.0000   0.7298
   1.000   0.2759   0.04882   0.03965  -0.1044  0.8907  1.0000  -0.6002   0.0000   0.0000   0.0000   0.6282
   1.500   0.3434   0.05181   0.04221  -0.1090  0.8680  1.0000  -0.6453   0.0000   0.0000   0.0000   0.5657
   2.000   0.4068   0.05461   0.04468  -0.1124  0.8435  1.0000  -0.6909   0.0000   0.0000   0.0000   0.5237
   2.500   0.4468   0.05715   0.04703  -0.1128  0.8228  1.0000  -0.7224   0.0000   0.0000   0.0000   0.4990
   3.000   0.4906   0.05988   0.04960  -0.1134  0.7987  1.0000  -0.7597   0.0000   0.0000   0.0000   0.4769
   3.500   0.5306   0.06282   0.05243  -0.1137  0.7754  1.0000  -0.7929   0.0000   0.0000   0.0000   0.4592
   4.000   0.5759   0.06569   0.05522  -0.1142  0.7502  1.0000  -0.8349   0.0000   0.0000   0.0000   0.4426
   4.500   0.6198   0.06859   0.05807  -0.1145  0.7249  1.0000  -0.8773   0.0000   0.0000   0.0000   0.4284
   5.000   0.6551   0.07190   0.06138  -0.1142  0.7017  1.0000  -0.9166   0.0000   0.0000   0.0000   0.4173
   5.500   0.6941   0.07503   0.06453  -0.1139  0.6768  1.0000  -0.9595   0.0000   0.0000   0.0000   0.4065
   6.000   0.7289   0.07846   0.06800  -0.1134  0.6532  1.0000  -1.0033   0.0000   0.0000   0.0000   0.3973
   6.500   0.7645   0.08175   0.07136  -0.1128  0.6283  1.0000  -1.0517   0.0000   0.0000   0.0000   0.3886
   7.000   0.7942   0.08577   0.07548  -0.1123  0.6066  1.0000  -1.0968   0.0000   0.0000   0.0000   0.3817
   7.500   0.8259   0.08946   0.07928  -0.1115  0.5827  1.0000  -1.1458   0.0000   0.0000   0.0000   0.3747
   8.000   0.8590   0.09336   0.08332  -0.1109  0.5608  1.0000  -1.2047   0.0000   0.0000   0.0000   0.3681
   8.500   0.8917   0.09701   0.08711  -0.1099  0.5371  1.0000  -1.2749   0.0000   0.0000   0.0000   0.3615
   9.000   0.9442   0.09937   0.08966  -0.1092  0.5157  1.0000  -1.3790   0.0000   0.0000   0.0000   0.3532
   9.500   0.9672   0.10357   0.09405  -0.1078  0.4926  1.0000  -1.4406   0.0000   0.0000   0.0000   0.3483
  10.000   0.9360   0.11331   0.10391  -0.1075  0.4727  1.0000  -1.3961   0.0000   0.0000   0.0000   0.3511
  10.500   0.9401   0.11996   0.11072  -0.1071  0.4515  1.0000  -1.4274   0.0000   0.0000   0.0000   0.3495
  11.000   0.9515   0.12626   0.11720  -0.1068  0.4314  1.0000  -1.4709   0.0000   0.0000   0.0000   0.3471
  11.500   0.9742   0.13164   0.12278  -0.1063  0.4106  1.0000  -1.5397   0.0000   0.0000   0.0000   0.3432
  12.000   0.9015   0.15101   0.14226  -0.1146  0.4527  1.0000  -1.3338   0.0000   0.0000   0.0000   0.3610
  12.500   0.9333   0.15591   0.14736  -0.1141  0.4216  1.0000  -1.4245   0.0000   0.0000   0.0000   0.3553
  13.000   0.9416   0.16225   0.15385  -0.1148  0.3989  1.0000  -1.4580   0.0000   0.0000   0.0000   0.3543
  14.500   1.0278   0.17845   0.17066  -0.1133  0.3176  1.0000  -1.8152   0.0000   0.0000   0.0000   0.3399


