xflr5 v6.59

 Calculated polar for: revR_05_revT

 1 1 Reynolds number fixed          Mach number fixed         

 xtrf =   1.000 (top)        1.000 (bottom)
 Mach =   0.000     Re =     0.445 e 6     Ncrit =   9.000

  alpha     CL        CD       CDp       Cm    Top Xtr Bot Xtr   Cpmin    Chinge    XCp    
 ------- -------- --------- --------- -------- ------- ------- -------- --------- ---------
  -5.000  -0.2434   0.01113   0.00471  -0.0675  0.8908  0.0545  -2.5926   0.0000   0.0000   0.0000  -0.0366
  -4.500  -0.1941   0.01023   0.00379  -0.0661  0.8725  0.0842  -2.2375   0.0000   0.0000   0.0000  -0.1007
  -4.000  -0.1431   0.00961   0.00334  -0.0653  0.8563  0.1346  -1.8701   0.0000   0.0000   0.0000  -0.2175
  -3.500  -0.0910   0.00912   0.00299  -0.0646  0.8408  0.1993  -1.5138   0.0000   0.0000   0.0000  -0.4746
  -3.000  -0.0395   0.00856   0.00268  -0.0638  0.8243  0.2912  -1.2165   0.0000   0.0000   0.0000  -1.3928
  -2.500   0.0111   0.00789   0.00246  -0.0629  0.8090  0.4292  -1.0112   0.0000   0.0000   0.0000   6.0132
  -2.000   0.0617   0.00735   0.00235  -0.0618  0.7946  0.5754  -0.8138   0.0000   0.0000   0.0000   1.2625
  -1.500   0.1128   0.00706   0.00232  -0.0604  0.7776  0.6838  -0.6242   0.0000   0.0000   0.0000   0.7893
  -1.000   0.1655   0.00698   0.00234  -0.0593  0.7610  0.7489  -0.5008   0.0000   0.0000   0.0000   0.6091
  -0.500   0.2187   0.00697   0.00234  -0.0582  0.7448  0.7904  -0.5442   0.0000   0.0000   0.0000   0.5156
   0.500   0.3231   0.00697   0.00234  -0.0555  0.7062  0.8569  -0.6401   0.0000   0.0000   0.0000   0.4199
   1.000   0.3740   0.00699   0.00237  -0.0539  0.6859  0.8873  -0.6911   0.0000   0.0000   0.0000   0.3917
   1.500   0.4234   0.00702   0.00237  -0.0519  0.6615  0.9196  -0.7447   0.0000   0.0000   0.0000   0.3698
   2.000   0.4796   0.00709   0.00242  -0.0515  0.6376  0.9489  -0.8110   0.0000   0.0000   0.0000   0.3541
   2.500   0.5502   0.00727   0.00248  -0.0544  0.6079  0.9715  -0.8912   0.0000   0.0000   0.0000   0.3452
   3.000   0.6244   0.00748   0.00261  -0.0584  0.5743  0.9871  -0.9917   0.0000   0.0000   0.0000   0.3394
   3.500   0.7023   0.00778   0.00275  -0.0633  0.5358  1.0000  -1.1227   0.0000   0.0000   0.0000   0.3357
   4.000   0.7373   0.00804   0.00292  -0.0595  0.5028  1.0000  -1.2229   0.0000   0.0000   0.0000   0.3257
   4.500   0.7797   0.00846   0.00318  -0.0570  0.4647  1.0000  -1.3863   0.0000   0.0000   0.0000   0.3176
   5.000   0.8261   0.00889   0.00350  -0.0552  0.4275  1.0000  -1.6947   0.0000   0.0000   0.0000   0.3109
   5.500   0.8722   0.00942   0.00390  -0.0535  0.3879  1.0000  -2.0262   0.0000   0.0000   0.0000   0.3049
   6.000   0.9165   0.01010   0.00436  -0.0516  0.3320  1.0000  -2.3685   0.0000   0.0000   0.0000   0.2993
   6.500   0.9591   0.01093   0.00492  -0.0494  0.2748  1.0000  -2.7194   0.0000   0.0000   0.0000   0.2941
   7.000   1.0022   0.01174   0.00555  -0.0475  0.2287  1.0000  -3.0855   0.0000   0.0000   0.0000   0.2893
   7.500   1.0415   0.01279   0.00636  -0.0450  0.1745  1.0000  -3.4489   0.0000   0.0000   0.0000   0.2846
   8.000   1.0784   0.01394   0.00727  -0.0422  0.1246  1.0000  -3.8301   0.0000   0.0000   0.0000   0.2799
   8.500   1.1127   0.01517   0.00829  -0.0390  0.0862  1.0000  -4.2119   0.0000   0.0000   0.0000   0.2752
   9.000   1.1461   0.01631   0.00938  -0.0356  0.0628  1.0000  -4.5962   0.0000   0.0000   0.0000   0.2706
   9.500   1.1726   0.01750   0.01052  -0.0311  0.0453  1.0000  -4.9497   0.0000   0.0000   0.0000   0.2654
  10.000   1.1912   0.01897   0.01194  -0.0255  0.0290  1.0000  -5.2439   0.0000   0.0000   0.0000   0.2596
  10.500   1.2027   0.02094   0.01393  -0.0194  0.0190  1.0000  -5.4553   0.0000   0.0000   0.0000   0.2536
  11.000   1.2140   0.02309   0.01616  -0.0141  0.0159  1.0000  -5.6949   0.0000   0.0000   0.0000   0.2483
  11.500   1.2168   0.02599   0.01928  -0.0087  0.0145  1.0000  -5.8736   0.0000   0.0000   0.0000   0.2431
  12.000   1.2308   0.02844   0.02193  -0.0053  0.0139  1.0000  -6.1614   0.0000   0.0000   0.0000   0.2395
  12.500   1.2403   0.03148   0.02516  -0.0023  0.0134  1.0000  -6.4210   0.0000   0.0000   0.0000   0.2361
  13.000   1.2460   0.03512   0.02900   0.0002  0.0129  1.0000  -6.6538   0.0000   0.0000   0.0000   0.2332
  13.500   1.2483   0.03943   0.03351   0.0021  0.0126  1.0000  -6.8568   0.0000   0.0000   0.0000   0.2308
  14.000   1.2485   0.04433   0.03863   0.0032  0.0124  1.0000  -7.0408   0.0000   0.0000   0.0000   0.2290
  14.500   1.2471   0.04979   0.04432   0.0036  0.0122  1.0000  -7.2101   0.0000   0.0000   0.0000   0.2277
  15.000   1.2440   0.05593   0.05069   0.0031  0.0120  1.0000  -7.3621   0.0000   0.0000   0.0000   0.2271


