xflr5 v6.59

 Calculated polar for: revR_45_revT

 1 1 Reynolds number fixed          Mach number fixed         

 xtrf =   1.000 (top)        1.000 (bottom)
 Mach =   0.000     Re =     0.335 e 6     Ncrit =   9.000

  alpha     CL        CD       CDp       Cm    Top Xtr Bot Xtr   Cpmin    Chinge    XCp    
 ------- -------- --------- --------- -------- ------- ------- -------- --------- ---------
  -5.000  -0.0845   0.01305   0.00626  -0.1048  0.8463  0.0570  -2.4295   0.0000   0.0000   0.0000  -1.0219
  -4.500  -0.0305   0.01238   0.00551  -0.1045  0.8349  0.0716  -2.0969   0.0000   0.0000   0.0000  -3.2550
  -4.000   0.0236   0.01147   0.00466  -0.1043  0.8242  0.1113  -1.7830   0.0000   0.0000   0.0000   4.7499
  -3.500   0.0777   0.01086   0.00428  -0.1042  0.8129  0.1747  -1.4922   0.0000   0.0000   0.0000   1.6137
  -3.000   0.1330   0.01038   0.00397  -0.1042  0.8026  0.2566  -1.2584   0.0000   0.0000   0.0000   1.0444
  -2.500   0.1874   0.00993   0.00380  -0.1042  0.7914  0.3478  -1.0351   0.0000   0.0000   0.0000   0.8119
  -2.000   0.2418   0.00940   0.00361  -0.1039  0.7797  0.4810  -0.8204   0.0000   0.0000   0.0000   0.6830
  -1.500   0.2951   0.00903   0.00364  -0.1033  0.7684  0.6068  -0.6291   0.0000   0.0000   0.0000   0.6017
  -1.000   0.3483   0.00883   0.00365  -0.1022  0.7568  0.7109  -0.6570   0.0000   0.0000   0.0000   0.5439
  -0.500   0.4007   0.00879   0.00372  -0.1009  0.7438  0.7784  -0.6963   0.0000   0.0000   0.0000   0.5014
   0.000   0.4530   0.00876   0.00367  -0.0995  0.7308  0.8273  -0.7421   0.0000   0.0000   0.0000   0.4683
   0.500   0.5025   0.00873   0.00372  -0.0975  0.7173  0.8716  -0.7870   0.0000   0.0000   0.0000   0.4422
   1.000   0.5500   0.00867   0.00363  -0.0950  0.7032  0.9142  -0.8348   0.0000   0.0000   0.0000   0.4201
   1.500   0.6062   0.00853   0.00349  -0.0944  0.6868  0.9655  -0.8925   0.0000   0.0000   0.0000   0.4026
   2.000   0.6765   0.00854   0.00344  -0.0977  0.6693  1.0000  -0.9637   0.0000   0.0000   0.0000   0.3907
   2.500   0.7327   0.00867   0.00346  -0.0980  0.6505  1.0000  -1.0270   0.0000   0.0000   0.0000   0.3795
   3.000   0.7884   0.00884   0.00352  -0.0980  0.6299  1.0000  -1.0983   0.0000   0.0000   0.0000   0.3697
   3.500   0.8433   0.00906   0.00365  -0.0979  0.6076  1.0000  -1.1747   0.0000   0.0000   0.0000   0.3609
   4.000   0.8972   0.00932   0.00384  -0.0976  0.5828  1.0000  -1.2596   0.0000   0.0000   0.0000   0.3531
   4.500   0.9502   0.00964   0.00410  -0.0972  0.5549  1.0000  -1.3613   0.0000   0.0000   0.0000   0.3459
   5.000   1.0023   0.01004   0.00442  -0.0966  0.5257  1.0000  -1.4732   0.0000   0.0000   0.0000   0.3395
   5.500   1.0528   0.01054   0.00481  -0.0958  0.4944  1.0000  -1.6151   0.0000   0.0000   0.0000   0.3335
   6.000   1.1025   0.01108   0.00529  -0.0948  0.4602  1.0000  -1.7711   0.0000   0.0000   0.0000   0.3279
   6.500   1.1508   0.01172   0.00584  -0.0938  0.4266  1.0000  -2.0214   0.0000   0.0000   0.0000   0.3227
   7.000   1.1969   0.01247   0.00649  -0.0924  0.3881  1.0000  -2.3315   0.0000   0.0000   0.0000   0.3178
   7.500   1.2410   0.01334   0.00725  -0.0908  0.3510  1.0000  -2.6557   0.0000   0.0000   0.0000   0.3131
   8.000   1.2840   0.01425   0.00808  -0.0890  0.3141  1.0000  -2.9960   0.0000   0.0000   0.0000   0.3086
   8.500   1.3213   0.01544   0.00912  -0.0866  0.2682  1.0000  -3.3292   0.0000   0.0000   0.0000   0.3040
   9.000   1.3545   0.01679   0.01030  -0.0836  0.2265  1.0000  -3.6577   0.0000   0.0000   0.0000   0.2995
   9.500   1.3819   0.01833   0.01168  -0.0798  0.1868  1.0000  -3.9729   0.0000   0.0000   0.0000   0.2948
  10.000   1.4060   0.02014   0.01336  -0.0760  0.1490  1.0000  -4.2811   0.0000   0.0000   0.0000   0.2903
  10.500   1.4246   0.02243   0.01549  -0.0721  0.1156  1.0000  -4.5712   0.0000   0.0000   0.0000   0.2861
  11.000   1.4432   0.02489   0.01795  -0.0686  0.0904  1.0000  -4.8628   0.0000   0.0000   0.0000   0.2822
  11.500   1.4584   0.02777   0.02082  -0.0654  0.0710  1.0000  -5.1394   0.0000   0.0000   0.0000   0.2786
  12.000   1.4680   0.03129   0.02434  -0.0621  0.0554  1.0000  -5.3856   0.0000   0.0000   0.0000   0.2752
  12.500   1.4768   0.03508   0.02818  -0.0594  0.0447  1.0000  -5.6244   0.0000   0.0000   0.0000   0.2721
  13.000   1.4802   0.03956   0.03284  -0.0567  0.0369  1.0000  -5.8153   0.0000   0.0000   0.0000   0.2693
  13.500   1.4800   0.04465   0.03803  -0.0546  0.0309  1.0000  -5.9859   0.0000   0.0000   0.0000   0.2668
  14.000   1.4562   0.05254   0.04616  -0.0523  0.0263  1.0000  -5.9813   0.0000   0.0000   0.0000   0.2648
  14.500   1.4585   0.05810   0.05197  -0.0515  0.0247  1.0000  -6.1517   0.0000   0.0000   0.0000   0.2632
  15.000   1.4546   0.06462   0.05871  -0.0512  0.0231  1.0000  -6.2998   0.0000   0.0000   0.0000   0.2620


