xflr5 v6.59

 Calculated polar for: revR_15_revT

 1 1 Reynolds number fixed          Mach number fixed         

 xtrf =   1.000 (top)        1.000 (bottom)
 Mach =   0.000     Re =     0.080 e 6     Ncrit =   9.000

  alpha     CL        CD       CDp       Cm    Top Xtr Bot Xtr   Cpmin    Chinge    XCp    
 ------- -------- --------- --------- -------- ------- ------- -------- --------- ---------
  -5.000  -0.5051   0.03324   0.02509  -0.0305  1.0000  0.0965  -2.9146   0.0000   0.0000   0.0000   0.1842
  -4.500  -0.4705   0.02951   0.02091  -0.0286  1.0000  0.1072  -2.7565   0.0000   0.0000   0.0000   0.1839
  -4.000  -0.4215   0.02698   0.01780  -0.0280  0.9968  0.1198  -2.5649   0.0000   0.0000   0.0000   0.1782
  -3.500  -0.3480   0.02490   0.01573  -0.0324  0.9833  0.1573  -2.2497   0.0000   0.0000   0.0000   0.1515
  -3.000  -0.2746   0.02336   0.01451  -0.0365  0.9684  0.2454  -1.9388   0.0000   0.0000   0.0000   0.1112
  -2.500  -0.2174   0.02177   0.01414  -0.0376  0.9520  0.4479  -1.6383   0.0000   0.0000   0.0000   0.0705
  -2.000  -0.1704   0.02156   0.01514  -0.0339  0.9353  0.7466  -1.3580   0.0000   0.0000   0.0000   0.0445
  -1.500  -0.0767   0.02239   0.01601  -0.0371  0.9213  0.9339  -1.0447   0.0000   0.0000   0.0000  -0.2452
  -1.000   0.0973   0.02305   0.01603  -0.0601  0.9096  1.0000  -0.6309   0.0000   0.0000   0.0000   0.8730
  -0.500   0.1455   0.02314   0.01582  -0.0612  0.8874  1.0000  -0.4936   0.0000   0.0000   0.0000   0.6721
   0.000   0.2355   0.02324   0.01562  -0.0681  0.8714  1.0000  -0.5464   0.0000   0.0000   0.0000   0.5390
   1.000   0.3505   0.02358   0.01560  -0.0697  0.8267  1.0000  -0.6464   0.0000   0.0000   0.0000   0.4467
   1.500   0.4085   0.02379   0.01570  -0.0698  0.8044  1.0000  -0.7010   0.0000   0.0000   0.0000   0.4185
   2.000   0.4671   0.02394   0.01579  -0.0698  0.7820  1.0000  -0.7630   0.0000   0.0000   0.0000   0.3964
   2.500   0.5277   0.02391   0.01573  -0.0696  0.7592  1.0000  -0.8305   0.0000   0.0000   0.0000   0.3784
   3.000   0.5867   0.02384   0.01568  -0.0690  0.7361  1.0000  -0.9058   0.0000   0.0000   0.0000   0.3637
   3.500   0.6469   0.02357   0.01544  -0.0682  0.7121  1.0000  -0.9926   0.0000   0.0000   0.0000   0.3510
   4.000   0.7063   0.02326   0.01518  -0.0671  0.6873  1.0000  -1.0991   0.0000   0.0000   0.0000   0.3403
   4.500   0.7665   0.02287   0.01484  -0.0661  0.6614  1.0000  -1.2196   0.0000   0.0000   0.0000   0.3309
   5.000   0.8291   0.02229   0.01429  -0.0651  0.6339  1.0000  -1.3893   0.0000   0.0000   0.0000   0.3228
   5.500   0.8753   0.02253   0.01463  -0.0625  0.5998  1.0000  -1.5820   0.0000   0.0000   0.0000   0.3151
   6.000   0.9327   0.02221   0.01433  -0.0609  0.5652  1.0000  -1.9270   0.0000   0.0000   0.0000   0.3085
   6.500   0.9798   0.02252   0.01468  -0.0584  0.5259  1.0000  -2.2523   0.0000   0.0000   0.0000   0.3022
   7.000   1.0278   0.02275   0.01484  -0.0558  0.4827  1.0000  -2.5985   0.0000   0.0000   0.0000   0.2963
   7.500   1.0717   0.02335   0.01542  -0.0529  0.4378  1.0000  -2.9412   0.0000   0.0000   0.0000   0.2907
   8.000   1.1073   0.02415   0.01618  -0.0489  0.3883  1.0000  -3.2641   0.0000   0.0000   0.0000   0.2849
   8.500   1.1353   0.02522   0.01718  -0.0441  0.3353  1.0000  -3.5646   0.0000   0.0000   0.0000   0.2789
   9.000   1.1564   0.02672   0.01851  -0.0386  0.2810  1.0000  -3.8372   0.0000   0.0000   0.0000   0.2727
   9.500   1.1678   0.02887   0.02041  -0.0323  0.2266  1.0000  -4.0649   0.0000   0.0000   0.0000   0.2663
  10.000   1.1749   0.03170   0.02299  -0.0258  0.1800  1.0000  -4.2519   0.0000   0.0000   0.0000   0.2598
  10.500   1.1779   0.03467   0.02598  -0.0193  0.1453  1.0000  -4.4120   0.0000   0.0000   0.0000   0.2536
  12.000   1.2141   0.04751   0.03915  -0.0078  0.0832  1.0000  -4.8600   0.0000   0.0000   0.0000   0.2414
  12.500   1.2346   0.05469   0.04647  -0.0063  0.0719  1.0000  -4.9644   0.0000   0.0000   0.0000   0.2394
  13.000   1.2169   0.06125   0.05363  -0.0026  0.0697  1.0000  -4.9290   0.0000   0.0000   0.0000   0.2357
  13.500   1.1869   0.06908   0.06203  -0.0008  0.0683  1.0000  -4.8499   0.0000   0.0000   0.0000   0.2334
  14.000   1.1438   0.07923   0.07270  -0.0018  0.0681  1.0000  -4.7070   0.0000   0.0000   0.0000   0.2334
  14.500   1.0873   0.09290   0.08682  -0.0069  0.0690  1.0000  -4.4759   0.0000   0.0000   0.0000   0.2373
  15.000   1.0185   0.11214   0.10637  -0.0173  0.0710  1.0000  -4.1096   0.0000   0.0000   0.0000   0.2473


