xflr5 v6.59

 Calculated polar for: revR_35_revT

 1 1 Reynolds number fixed          Mach number fixed         

 xtrf =   1.000 (top)        1.000 (bottom)
 Mach =   0.000     Re =     0.280 e 6     Ncrit =   9.000

  alpha     CL        CD       CDp       Cm    Top Xtr Bot Xtr   Cpmin    Chinge    XCp    
 ------- -------- --------- --------- -------- ------- ------- -------- --------- ---------
  -5.000  -0.1214   0.01378   0.00687  -0.0973  0.8757  0.0654  -2.4336   0.0000   0.0000   0.0000  -0.5730
  -4.500  -0.0693   0.01288   0.00590  -0.0967  0.8631  0.0861  -2.1051   0.0000   0.0000   0.0000  -1.1774
  -4.000  -0.0158   0.01205   0.00514  -0.0962  0.8511  0.1311  -1.7879   0.0000   0.0000   0.0000  -5.9493
  -3.500   0.0368   0.01142   0.00479  -0.0959  0.8382  0.2089  -1.4762   0.0000   0.0000   0.0000   2.9050
  -3.000   0.0909   0.01084   0.00444  -0.0957  0.8268  0.3032  -1.2371   0.0000   0.0000   0.0000   1.3175
  -2.500   0.1437   0.01032   0.00428  -0.0953  0.8142  0.4168  -1.0233   0.0000   0.0000   0.0000   0.9208
  -2.000   0.1961   0.00977   0.00416  -0.0944  0.8020  0.5712  -0.8171   0.0000   0.0000   0.0000   0.7351
  -1.500   0.2471   0.00952   0.00425  -0.0929  0.7887  0.6861  -0.6297   0.0000   0.0000   0.0000   0.6280
  -1.000   0.2991   0.00948   0.00428  -0.0913  0.7766  0.7640  -0.6124   0.0000   0.0000   0.0000   0.5557
  -0.500   0.3493   0.00942   0.00429  -0.0893  0.7620  0.8179  -0.6526   0.0000   0.0000   0.0000   0.5053
   0.000   0.3984   0.00940   0.00426  -0.0870  0.7481  0.8616  -0.6953   0.0000   0.0000   0.0000   0.4673
   0.500   0.4451   0.00931   0.00416  -0.0841  0.7339  0.9058  -0.7402   0.0000   0.0000   0.0000   0.4372
   1.000   0.4976   0.00921   0.00405  -0.0826  0.7176  0.9498  -0.7908   0.0000   0.0000   0.0000   0.4136
   1.500   0.5769   0.00913   0.00386  -0.0872  0.7009  0.9898  -0.8648   0.0000   0.0000   0.0000   0.3982
   2.000   0.6369   0.00919   0.00376  -0.0885  0.6827  1.0000  -0.9277   0.0000   0.0000   0.0000   0.3854
   2.500   0.6900   0.00928   0.00379  -0.0882  0.6621  1.0000  -0.9909   0.0000   0.0000   0.0000   0.3738
   3.000   0.7444   0.00942   0.00385  -0.0880  0.6396  1.0000  -1.0640   0.0000   0.0000   0.0000   0.3637
   3.500   0.7986   0.00963   0.00398  -0.0877  0.6163  1.0000  -1.1425   0.0000   0.0000   0.0000   0.3548
   4.000   0.8521   0.00989   0.00414  -0.0872  0.5899  1.0000  -1.2334   0.0000   0.0000   0.0000   0.3468
   4.500   0.9046   0.01021   0.00439  -0.0866  0.5609  1.0000  -1.3399   0.0000   0.0000   0.0000   0.3397
   5.000   0.9564   0.01060   0.00473  -0.0859  0.5298  1.0000  -1.4680   0.0000   0.0000   0.0000   0.3333
   5.500   1.0067   0.01111   0.00511  -0.0850  0.4962  1.0000  -1.6204   0.0000   0.0000   0.0000   0.3273
   6.000   1.0561   0.01165   0.00561  -0.0840  0.4607  1.0000  -1.8678   0.0000   0.0000   0.0000   0.3218
   6.500   1.1038   0.01234   0.00618  -0.0828  0.4241  1.0000  -2.1827   0.0000   0.0000   0.0000   0.3166
   7.000   1.1501   0.01307   0.00684  -0.0814  0.3837  1.0000  -2.5081   0.0000   0.0000   0.0000   0.3118
   7.500   1.1946   0.01394   0.00764  -0.0799  0.3463  1.0000  -2.8474   0.0000   0.0000   0.0000   0.3072
   8.000   1.2354   0.01499   0.00853  -0.0778  0.3005  1.0000  -3.1956   0.0000   0.0000   0.0000   0.3026
   8.500   1.2729   0.01623   0.00959  -0.0755  0.2512  1.0000  -3.5439   0.0000   0.0000   0.0000   0.2982
   9.000   1.3067   0.01765   0.01087  -0.0727  0.2058  1.0000  -3.8876   0.0000   0.0000   0.0000   0.2938
   9.500   1.3335   0.01931   0.01236  -0.0690  0.1640  1.0000  -4.2111   0.0000   0.0000   0.0000   0.2892
  10.000   1.3559   0.02131   0.01418  -0.0651  0.1238  1.0000  -4.5212   0.0000   0.0000   0.0000   0.2847
  10.500   1.3754   0.02360   0.01638  -0.0613  0.0937  1.0000  -4.8196   0.0000   0.0000   0.0000   0.2805
  11.000   1.3923   0.02624   0.01901  -0.0578  0.0722  1.0000  -5.1042   0.0000   0.0000   0.0000   0.2766
  11.500   1.4036   0.02952   0.02230  -0.0544  0.0560  1.0000  -5.3537   0.0000   0.0000   0.0000   0.2730
  12.000   1.4099   0.03345   0.02632  -0.0513  0.0435  1.0000  -5.5668   0.0000   0.0000   0.0000   0.2697
  12.500   1.4166   0.03761   0.03069  -0.0486  0.0359  1.0000  -5.7544   0.0000   0.0000   0.0000   0.2668
  13.000   1.4115   0.04312   0.03631  -0.0462  0.0298  1.0000  -5.8713   0.0000   0.0000   0.0000   0.2642
  13.500   1.3940   0.05018   0.04363  -0.0436  0.0266  1.0000  -5.8781   0.0000   0.0000   0.0000   0.2618
  14.000   1.3961   0.05556   0.04927  -0.0424  0.0253  1.0000  -6.0223   0.0000   0.0000   0.0000   0.2599
  14.500   1.3945   0.06158   0.05555  -0.0415  0.0241  1.0000  -6.1386   0.0000   0.0000   0.0000   0.2583
  15.000   1.3917   0.06804   0.06227  -0.0411  0.0231  1.0000  -6.2452   0.0000   0.0000   0.0000   0.2571


