xflr5 v6.59

 Calculated polar for: revR_90_revT

 1 1 Reynolds number fixed          Mach number fixed         

 xtrf =   1.000 (top)        1.000 (bottom)
 Mach =   0.000     Re =     0.420 e 6     Ncrit =   9.000

  alpha     CL        CD       CDp       Cm    Top Xtr Bot Xtr   Cpmin    Chinge    XCp    
 ------- -------- --------- --------- -------- ------- ------- -------- --------- ---------
  -5.000   0.1005   0.01313   0.00654  -0.1452  0.7850  0.0450  -2.3230   0.0000   0.0000   0.0000   1.7310
  -4.500   0.1564   0.01205   0.00541  -0.1456  0.7777  0.0559  -2.0672   0.0000   0.0000   0.0000   1.2016
  -4.000   0.2136   0.01141   0.00471  -0.1460  0.7699  0.0747  -1.8119   0.0000   0.0000   0.0000   0.9465
  -3.500   0.2707   0.01091   0.00429  -0.1465  0.7619  0.1109  -1.5593   0.0000   0.0000   0.0000   0.7998
  -3.000   0.3274   0.01049   0.00404  -0.1469  0.7544  0.1646  -1.3132   0.0000   0.0000   0.0000   0.7045
  -2.500   0.3849   0.01012   0.00382  -0.1474  0.7464  0.2301  -1.0778   0.0000   0.0000   0.0000   0.6368
  -2.000   0.4428   0.00994   0.00373  -0.1479  0.7377  0.2994  -0.8573   0.0000   0.0000   0.0000   0.5864
  -1.500   0.4992   0.00961   0.00365  -0.1482  0.7291  0.3843  -0.8108   0.0000   0.0000   0.0000   0.5480
  -1.000   0.5564   0.00929   0.00357  -0.1485  0.7200  0.4829  -0.8527   0.0000   0.0000   0.0000   0.5170
  -0.500   0.6133   0.00912   0.00366  -0.1487  0.7112  0.6026  -0.8974   0.0000   0.0000   0.0000   0.4917
   0.000   0.6676   0.00890   0.00374  -0.1482  0.7010  0.7086  -0.9409   0.0000   0.0000   0.0000   0.4704
   0.500   0.7216   0.00883   0.00376  -0.1474  0.6906  0.7837  -0.9848   0.0000   0.0000   0.0000   0.4520
   1.000   0.7742   0.00885   0.00387  -0.1464  0.6807  0.8359  -1.0343   0.0000   0.0000   0.0000   0.4361
   1.500   0.8221   0.00873   0.00383  -0.1442  0.6686  0.8964  -1.0854   0.0000   0.0000   0.0000   0.4218
   2.000   0.8751   0.00860   0.00372  -0.1432  0.6558  1.0000  -1.1404   0.0000   0.0000   0.0000   0.4094
   2.500   0.9335   0.00871   0.00374  -0.1439  0.6416  1.0000  -1.2077   0.0000   0.0000   0.0000   0.3993
   3.000   0.9905   0.00890   0.00386  -0.1444  0.6273  1.0000  -1.2761   0.0000   0.0000   0.0000   0.3902
   3.500   1.0460   0.00912   0.00395  -0.1444  0.6092  1.0000  -1.3443   0.0000   0.0000   0.0000   0.3818
   4.000   1.1006   0.00934   0.00414  -0.1444  0.5910  1.0000  -1.4153   0.0000   0.0000   0.0000   0.3743
   4.500   1.1545   0.00964   0.00441  -0.1442  0.5730  1.0000  -1.4972   0.0000   0.0000   0.0000   0.3674
   5.000   1.2067   0.01001   0.00471  -0.1437  0.5520  1.0000  -1.5798   0.0000   0.0000   0.0000   0.3609
   5.500   1.2571   0.01044   0.00507  -0.1430  0.5277  1.0000  -1.6776   0.0000   0.0000   0.0000   0.3548
   6.000   1.3063   0.01095   0.00552  -0.1420  0.5046  1.0000  -1.7825   0.0000   0.0000   0.0000   0.3491
   6.500   1.3532   0.01153   0.00604  -0.1407  0.4773  1.0000  -1.9067   0.0000   0.0000   0.0000   0.3436
   7.000   1.3982   0.01219   0.00664  -0.1391  0.4507  1.0000  -2.0351   0.0000   0.0000   0.0000   0.3384
   7.500   1.4397   0.01297   0.00735  -0.1370  0.4208  1.0000  -2.1864   0.0000   0.0000   0.0000   0.3333
   8.000   1.4773   0.01387   0.00817  -0.1343  0.3916  1.0000  -2.3345   0.0000   0.0000   0.0000   0.3282
   8.500   1.5090   0.01491   0.00915  -0.1306  0.3635  1.0000  -2.4930   0.0000   0.0000   0.0000   0.3231
   9.000   1.5361   0.01622   0.01036  -0.1266  0.3339  1.0000  -2.6958   0.0000   0.0000   0.0000   0.3181
   9.500   1.5613   0.01774   0.01183  -0.1226  0.3072  1.0000  -2.9564   0.0000   0.0000   0.0000   0.3133
  10.000   1.5857   0.01947   0.01354  -0.1189  0.2820  1.0000  -3.2217   0.0000   0.0000   0.0000   0.3089
  10.500   1.6055   0.02163   0.01565  -0.1150  0.2553  1.0000  -3.4806   0.0000   0.0000   0.0000   0.3047
  11.000   1.6240   0.02403   0.01801  -0.1114  0.2274  1.0000  -3.7477   0.0000   0.0000   0.0000   0.3007
  11.500   1.6393   0.02679   0.02073  -0.1079  0.2012  1.0000  -4.0090   0.0000   0.0000   0.0000   0.2969
  12.000   1.6512   0.02994   0.02385  -0.1043  0.1758  1.0000  -4.2618   0.0000   0.0000   0.0000   0.2933
  12.500   1.6596   0.03349   0.02735  -0.1008  0.1521  1.0000  -4.5053   0.0000   0.0000   0.0000   0.2899
  13.000   1.6653   0.03742   0.03125  -0.0975  0.1308  1.0000  -4.7400   0.0000   0.0000   0.0000   0.2867
  13.500   1.6686   0.04179   0.03561  -0.0945  0.1119  1.0000  -4.9673   0.0000   0.0000   0.0000   0.2837
  14.000   1.6683   0.04672   0.04054  -0.0917  0.0956  1.0000  -5.1798   0.0000   0.0000   0.0000   0.2809
  14.500   1.6718   0.05155   0.04545  -0.0895  0.0833  1.0000  -5.4107   0.0000   0.0000   0.0000   0.2784
  15.000   1.6721   0.05692   0.05091  -0.0877  0.0723  1.0000  -5.6268   0.0000   0.0000   0.0000   0.2762


