xflr5 v6.59

 Calculated polar for: revR_0_revT

 1 1 Reynolds number fixed          Mach number fixed         

 xtrf =   1.000 (top)        1.000 (bottom)
 Mach =   0.000     Re =     0.160 e 6     Ncrit =   9.000

  alpha     CL        CD       CDp       Cm    Top Xtr Bot Xtr   Cpmin    Chinge    XCp    
 ------- -------- --------- --------- -------- ------- ------- -------- --------- ---------
  -5.000  -0.3850   0.01916   0.01122  -0.0442  0.9659  0.0775  -2.9942   0.0000   0.0000   0.0000   0.1284
  -4.500  -0.3163   0.01744   0.00948  -0.0472  0.9539  0.1030  -2.6063   0.0000   0.0000   0.0000   0.0937
  -4.000  -0.2463   0.01584   0.00821  -0.0506  0.9425  0.1650  -2.1985   0.0000   0.0000   0.0000   0.0368
  -3.500  -0.1683   0.01422   0.00730  -0.0559  0.9334  0.3161  -1.7605   0.0000   0.0000   0.0000  -0.0911
  -3.000  -0.1081   0.01294   0.00697  -0.0569  0.9197  0.5336  -1.3962   0.0000   0.0000   0.0000  -0.2883
  -2.500  -0.0497   0.01249   0.00704  -0.0560  0.9056  0.7017  -1.0702   0.0000   0.0000   0.0000  -0.8970
  -2.000   0.0080   0.01244   0.00704  -0.0545  0.8904  0.7883  -0.8476   0.0000   0.0000   0.0000   7.2070
  -1.500   0.0615   0.01243   0.00701  -0.0520  0.8745  0.8459  -0.6634   0.0000   0.0000   0.0000   1.1040
  -1.000   0.1151   0.01243   0.00693  -0.0495  0.8583  0.8917  -0.5005   0.0000   0.0000   0.0000   0.6824
  -0.500   0.1820   0.01239   0.00676  -0.0498  0.8416  0.9298  -0.5118   0.0000   0.0000   0.0000   0.5239
   0.000   0.2802   0.01232   0.00652  -0.0569  0.8249  0.9546  -0.5838   0.0000   0.0000   0.0000   0.4522
   0.500   0.3779   0.01222   0.00629  -0.0648  0.8040  0.9774  -0.6610   0.0000   0.0000   0.0000   0.4200
   1.000   0.4754   0.01188   0.00582  -0.0732  0.7805  0.9962  -0.7456   0.0000   0.0000   0.0000   0.4018
   1.500   0.5219   0.01173   0.00559  -0.0719  0.7541  1.0000  -0.8026   0.0000   0.0000   0.0000   0.3852
   2.000   0.5574   0.01166   0.00543  -0.0682  0.7278  1.0000  -0.8575   0.0000   0.0000   0.0000   0.3693
   2.500   0.5936   0.01167   0.00533  -0.0644  0.7008  1.0000  -0.9218   0.0000   0.0000   0.0000   0.3550
   3.000   0.6305   0.01178   0.00538  -0.0607  0.6715  1.0000  -0.9998   0.0000   0.0000   0.0000   0.3424
   3.500   0.6713   0.01194   0.00545  -0.0576  0.6401  1.0000  -1.0926   0.0000   0.0000   0.0000   0.3314
   4.000   0.7154   0.01219   0.00559  -0.0550  0.6075  1.0000  -1.2191   0.0000   0.0000   0.0000   0.3221
   4.500   0.7603   0.01252   0.00587  -0.0526  0.5705  1.0000  -1.3958   0.0000   0.0000   0.0000   0.3140
   5.000   0.8061   0.01294   0.00617  -0.0505  0.5316  1.0000  -1.7075   0.0000   0.0000   0.0000   0.3069
   5.500   0.8509   0.01344   0.00661  -0.0482  0.4888  1.0000  -2.0327   0.0000   0.0000   0.0000   0.3004
   6.000   0.8954   0.01406   0.00714  -0.0460  0.4468  1.0000  -2.3716   0.0000   0.0000   0.0000   0.2946
   6.500   0.9375   0.01474   0.00776  -0.0435  0.3992  1.0000  -2.7168   0.0000   0.0000   0.0000   0.2891
   7.000   0.9778   0.01555   0.00849  -0.0409  0.3501  1.0000  -3.0673   0.0000   0.0000   0.0000   0.2839
   7.500   1.0151   0.01653   0.00936  -0.0379  0.2979  1.0000  -3.4164   0.0000   0.0000   0.0000   0.2788
   8.000   1.0482   0.01777   0.01047  -0.0345  0.2388  1.0000  -3.7551   0.0000   0.0000   0.0000   0.2738
   8.500   1.0740   0.01949   0.01191  -0.0303  0.1743  1.0000  -4.0662   0.0000   0.0000   0.0000   0.2684
   9.000   1.0932   0.02168   0.01378  -0.0254  0.1195  1.0000  -4.3511   0.0000   0.0000   0.0000   0.2628
   9.500   1.1069   0.02387   0.01579  -0.0198  0.0864  1.0000  -4.6096   0.0000   0.0000   0.0000   0.2569
  10.000   1.1140   0.02666   0.01853  -0.0140  0.0674  1.0000  -4.8085   0.0000   0.0000   0.0000   0.2508
  10.500   1.1224   0.02981   0.02177  -0.0090  0.0529  1.0000  -4.9631   0.0000   0.0000   0.0000   0.2456
  11.000   1.1312   0.03389   0.02582  -0.0050  0.0430  1.0000  -5.0774   0.0000   0.0000   0.0000   0.2412
  11.500   1.1513   0.03707   0.02931  -0.0021  0.0382  1.0000  -5.2443   0.0000   0.0000   0.0000   0.2379
  12.000   1.1694   0.04065   0.03301   0.0003  0.0348  1.0000  -5.4475   0.0000   0.0000   0.0000   0.2351
  12.500   1.1966   0.04670   0.03934   0.0019  0.0324  1.0000  -5.5841   0.0000   0.0000   0.0000   0.2331
  13.000   1.2015   0.05186   0.04496   0.0041  0.0319  1.0000  -5.6749   0.0000   0.0000   0.0000   0.2304
  13.500   1.1940   0.05829   0.05188   0.0057  0.0317  1.0000  -5.6998   0.0000   0.0000   0.0000   0.2283
  14.000   1.1741   0.06621   0.06028   0.0058  0.0316  1.0000  -5.6594   0.0000   0.0000   0.0000   0.2273
  14.500   1.1435   0.07602   0.07055   0.0036  0.0318  1.0000  -5.5626   0.0000   0.0000   0.0000   0.2281
  15.000   1.1035   0.08827   0.08324  -0.0014  0.0320  1.0000  -5.3878   0.0000   0.0000   0.0000   0.2316


