xflr5 v6.59

 Calculated polar for: revR_20_revT

 1 1 Reynolds number fixed          Mach number fixed         

 xtrf =   1.000 (top)        1.000 (bottom)
 Mach =   0.000     Re =     0.280 e 6     Ncrit =   9.000

  alpha     CL        CD       CDp       Cm    Top Xtr Bot Xtr   Cpmin    Chinge    XCp    
 ------- -------- --------- --------- -------- ------- ------- -------- --------- ---------
  -5.000  -0.1780   0.01340   0.00652  -0.0845  0.9008  0.0675  -2.4520   0.0000   0.0000   0.0000  -0.2386
  -4.500  -0.1271   0.01246   0.00554  -0.0836  0.8866  0.0937  -2.1314   0.0000   0.0000   0.0000  -0.4243
  -4.000  -0.0743   0.01164   0.00483  -0.0829  0.8727  0.1497  -1.7976   0.0000   0.0000   0.0000  -0.8896
  -3.500  -0.0250   0.01097   0.00447  -0.0819  0.8576  0.2339  -1.4831   0.0000   0.0000   0.0000  -3.0912
  -3.000   0.0263   0.01032   0.00416  -0.0811  0.8446  0.3480  -1.2236   0.0000   0.0000   0.0000   3.3815
  -2.500   0.0760   0.00969   0.00394  -0.0799  0.8298  0.4840  -1.0198   0.0000   0.0000   0.0000   1.3140
  -2.000   0.1242   0.00921   0.00396  -0.0779  0.8152  0.6365  -0.8254   0.0000   0.0000   0.0000   0.8830
  -1.500   0.1759   0.00909   0.00396  -0.0762  0.8022  0.7274  -0.6335   0.0000   0.0000   0.0000   0.6860
  -1.000   0.2252   0.00906   0.00403  -0.0740  0.7865  0.7888  -0.5501   0.0000   0.0000   0.0000   0.5797
  -0.500   0.2755   0.00906   0.00400  -0.0720  0.7715  0.8337  -0.5923   0.0000   0.0000   0.0000   0.5109
   0.000   0.3248   0.00902   0.00393  -0.0697  0.7557  0.8735  -0.6343   0.0000   0.0000   0.0000   0.4634
   0.500   0.3726   0.00898   0.00391  -0.0671  0.7391  0.9122  -0.6811   0.0000   0.0000   0.0000   0.4282
   1.000   0.4324   0.00895   0.00382  -0.0670  0.7212  0.9472  -0.7372   0.0000   0.0000   0.0000   0.4027
   1.500   0.5138   0.00898   0.00373  -0.0719  0.7025  0.9719  -0.8110   0.0000   0.0000   0.0000   0.3871
   2.000   0.5990   0.00899   0.00364  -0.0779  0.6798  0.9898  -0.8952   0.0000   0.0000   0.0000   0.3768
   2.500   0.6638   0.00901   0.00358  -0.0802  0.6561  1.0000  -0.9721   0.0000   0.0000   0.0000   0.3671
   3.000   0.6981   0.00913   0.00362  -0.0763  0.6312  1.0000  -1.0341   0.0000   0.0000   0.0000   0.3550
   3.500   0.7412   0.00933   0.00374  -0.0738  0.6036  1.0000  -1.1103   0.0000   0.0000   0.0000   0.3449
   4.000   0.7883   0.00961   0.00393  -0.0720  0.5738  1.0000  -1.2128   0.0000   0.0000   0.0000   0.3362
   4.500   0.8359   0.00998   0.00417  -0.0704  0.5417  1.0000  -1.3275   0.0000   0.0000   0.0000   0.3285
   5.000   0.8834   0.01039   0.00450  -0.0688  0.5084  1.0000  -1.4791   0.0000   0.0000   0.0000   0.3217
   5.500   0.9289   0.01091   0.00490  -0.0669  0.4696  1.0000  -1.7518   0.0000   0.0000   0.0000   0.3152
   6.000   0.9749   0.01144   0.00538  -0.0651  0.4348  1.0000  -2.0690   0.0000   0.0000   0.0000   0.3095
   6.500   1.0174   0.01212   0.00592  -0.0628  0.3934  1.0000  -2.3904   0.0000   0.0000   0.0000   0.3038
   7.000   1.0587   0.01285   0.00655  -0.0604  0.3523  1.0000  -2.7207   0.0000   0.0000   0.0000   0.2985
   7.500   1.0961   0.01373   0.00730  -0.0574  0.3052  1.0000  -3.0500   0.0000   0.0000   0.0000   0.2933
   8.000   1.1290   0.01480   0.00816  -0.0538  0.2550  1.0000  -3.3883   0.0000   0.0000   0.0000   0.2879
   8.500   1.1584   0.01599   0.00916  -0.0498  0.2065  1.0000  -3.7230   0.0000   0.0000   0.0000   0.2826
   9.000   1.1816   0.01725   0.01027  -0.0447  0.1645  1.0000  -4.0395   0.0000   0.0000   0.0000   0.2768
   9.500   1.1993   0.01879   0.01168  -0.0391  0.1246  1.0000  -4.3378   0.0000   0.0000   0.0000   0.2709
  10.000   1.2145   0.02060   0.01335  -0.0338  0.0926  1.0000  -4.6257   0.0000   0.0000   0.0000   0.2654
  10.500   1.2297   0.02258   0.01530  -0.0290  0.0712  1.0000  -4.9101   0.0000   0.0000   0.0000   0.2604
  11.000   1.2395   0.02508   0.01777  -0.0242  0.0540  1.0000  -5.1592   0.0000   0.0000   0.0000   0.2556
  11.500   1.2498   0.02780   0.02054  -0.0202  0.0416  1.0000  -5.3963   0.0000   0.0000   0.0000   0.2514
  12.000   1.2532   0.03131   0.02421  -0.0162  0.0321  1.0000  -5.5511   0.0000   0.0000   0.0000   0.2474
  12.500   1.2434   0.03630   0.02931  -0.0125  0.0263  1.0000  -5.6181   0.0000   0.0000   0.0000   0.2436
  13.000   1.2391   0.04136   0.03466  -0.0099  0.0242  1.0000  -5.7028   0.0000   0.0000   0.0000   0.2406
  13.500   1.2438   0.04591   0.03945  -0.0083  0.0231  1.0000  -5.8565   0.0000   0.0000   0.0000   0.2384
  14.000   1.2473   0.05095   0.04474  -0.0073  0.0221  1.0000  -5.9955   0.0000   0.0000   0.0000   0.2366
  14.500   1.2499   0.05646   0.05051  -0.0068  0.0214  1.0000  -6.1228   0.0000   0.0000   0.0000   0.2352
  15.000   1.2506   0.06260   0.05693  -0.0069  0.0210  1.0000  -6.2307   0.0000   0.0000   0.0000   0.2344


