xflr5 v6.59

 Calculated polar for: revR_25_revT

 1 1 Reynolds number fixed          Mach number fixed         

 xtrf =   1.000 (top)        1.000 (bottom)
 Mach =   0.000     Re =     0.315 e 6     Ncrit =   9.000

  alpha     CL        CD       CDp       Cm    Top Xtr Bot Xtr   Cpmin    Chinge    XCp    
 ------- -------- --------- --------- -------- ------- ------- -------- --------- ---------
  -5.000  -0.1631   0.01320   0.00639  -0.0872  0.8811  0.0589  -2.4600   0.0000   0.0000   0.0000  -0.2993
  -4.500  -0.1115   0.01202   0.00513  -0.0864  0.8682  0.0840  -2.1448   0.0000   0.0000   0.0000  -0.5441
  -4.000  -0.0591   0.01122   0.00449  -0.0858  0.8540  0.1339  -1.8088   0.0000   0.0000   0.0000  -1.2323
  -3.500  -0.0059   0.01064   0.00413  -0.0855  0.8411  0.2070  -1.4894   0.0000   0.0000   0.0000  -14.4802
  -3.000   0.0473   0.01002   0.00381  -0.0851  0.8283  0.3113  -1.2311   0.0000   0.0000   0.0000   2.0762
  -2.500   0.0999   0.00946   0.00362  -0.0847  0.8145  0.4331  -1.0206   0.0000   0.0000   0.0000   1.1074
  -2.000   0.1519   0.00893   0.00351  -0.0837  0.8017  0.5841  -0.8186   0.0000   0.0000   0.0000   0.8055
  -1.500   0.2032   0.00868   0.00359  -0.0823  0.7878  0.6960  -0.6271   0.0000   0.0000   0.0000   0.6571
  -1.000   0.2555   0.00864   0.00361  -0.0808  0.7744  0.7649  -0.5739   0.0000   0.0000   0.0000   0.5668
  -0.500   0.3069   0.00858   0.00359  -0.0791  0.7589  0.8136  -0.6165   0.0000   0.0000   0.0000   0.5073
   0.000   0.3576   0.00859   0.00360  -0.0773  0.7441  0.8538  -0.6598   0.0000   0.0000   0.0000   0.4650
   0.500   0.4066   0.00858   0.00354  -0.0750  0.7289  0.8932  -0.7063   0.0000   0.0000   0.0000   0.4326
   1.000   0.4548   0.00847   0.00345  -0.0725  0.7110  0.9309  -0.7557   0.0000   0.0000   0.0000   0.4071
   1.500   0.5186   0.00842   0.00337  -0.0737  0.6925  0.9694  -0.8193   0.0000   0.0000   0.0000   0.3892
   2.000   0.6016   0.00840   0.00326  -0.0794  0.6711  0.9992  -0.8988   0.0000   0.0000   0.0000   0.3786
   2.500   0.6506   0.00852   0.00328  -0.0784  0.6490  1.0000  -0.9625   0.0000   0.0000   0.0000   0.3667
   3.000   0.7034   0.00870   0.00335  -0.0780  0.6245  1.0000  -1.0349   0.0000   0.0000   0.0000   0.3565
   3.500   0.7568   0.00893   0.00348  -0.0776  0.5977  1.0000  -1.1174   0.0000   0.0000   0.0000   0.3477
   4.000   0.8095   0.00923   0.00367  -0.0770  0.5680  1.0000  -1.2190   0.0000   0.0000   0.0000   0.3398
   4.500   0.8618   0.00960   0.00394  -0.0764  0.5370  1.0000  -1.3329   0.0000   0.0000   0.0000   0.3328
   5.000   0.9134   0.01002   0.00429  -0.0757  0.5029  1.0000  -1.4824   0.0000   0.0000   0.0000   0.3265
   5.500   0.9635   0.01056   0.00470  -0.0748  0.4656  1.0000  -1.7203   0.0000   0.0000   0.0000   0.3207
   6.000   1.0134   0.01112   0.00520  -0.0739  0.4294  1.0000  -2.0444   0.0000   0.0000   0.0000   0.3155
   6.500   1.0614   0.01181   0.00576  -0.0728  0.3870  1.0000  -2.3782   0.0000   0.0000   0.0000   0.3105
   7.000   1.1078   0.01261   0.00645  -0.0715  0.3435  1.0000  -2.7217   0.0000   0.0000   0.0000   0.3059
   7.500   1.1514   0.01361   0.00723  -0.0700  0.2901  1.0000  -3.0840   0.0000   0.0000   0.0000   0.3014
   8.000   1.1925   0.01479   0.00818  -0.0681  0.2373  1.0000  -3.4521   0.0000   0.0000   0.0000   0.2971
   8.500   1.2326   0.01602   0.00925  -0.0662  0.1928  1.0000  -3.8276   0.0000   0.0000   0.0000   0.2931
   9.000   1.2680   0.01753   0.01059  -0.0638  0.1464  1.0000  -4.1939   0.0000   0.0000   0.0000   0.2889
   9.500   1.2976   0.01926   0.01211  -0.0606  0.1050  1.0000  -4.5433   0.0000   0.0000   0.0000   0.2846
  10.000   1.3219   0.02120   0.01393  -0.0568  0.0762  1.0000  -4.8708   0.0000   0.0000   0.0000   0.2802
  10.500   1.3434   0.02337   0.01607  -0.0531  0.0565  1.0000  -5.1814   0.0000   0.0000   0.0000   0.2760
  11.000   1.3617   0.02590   0.01861  -0.0497  0.0424  1.0000  -5.4670   0.0000   0.0000   0.0000   0.2721
  11.500   1.3754   0.02898   0.02181  -0.0463  0.0316  1.0000  -5.6945   0.0000   0.0000   0.0000   0.2685
  12.000   1.3703   0.03397   0.02704  -0.0424  0.0251  1.0000  -5.7724   0.0000   0.0000   0.0000   0.2648
  12.500   1.3779   0.03810   0.03140  -0.0400  0.0230  1.0000  -5.9545   0.0000   0.0000   0.0000   0.2620
  13.000   1.3809   0.04290   0.03643  -0.0381  0.0215  1.0000  -6.1184   0.0000   0.0000   0.0000   0.2596
  13.500   1.3813   0.04818   0.04192  -0.0365  0.0205  1.0000  -6.2719   0.0000   0.0000   0.0000   0.2575
  14.000   1.3795   0.05394   0.04791  -0.0354  0.0198  1.0000  -6.4113   0.0000   0.0000   0.0000   0.2558
  14.500   1.3758   0.06020   0.05439  -0.0349  0.0192  1.0000  -6.5385   0.0000   0.0000   0.0000   0.2545
  15.000   1.3702   0.06707   0.06151  -0.0349  0.0187  1.0000  -6.6472   0.0000   0.0000   0.0000   0.2536


