xflr5 v6.59

 Calculated polar for: revR_25_revT

 1 1 Reynolds number fixed          Mach number fixed         

 xtrf =   1.000 (top)        1.000 (bottom)
 Mach =   0.000     Re =     0.245 e 6     Ncrit =   9.000

  alpha     CL        CD       CDp       Cm    Top Xtr Bot Xtr   Cpmin    Chinge    XCp    
 ------- -------- --------- --------- -------- ------- ------- -------- --------- ---------
  -5.000  -0.1601   0.01450   0.00744  -0.0896  0.9036  0.0705  -2.4300   0.0000   0.0000   0.0000  -0.3255
  -4.500  -0.1070   0.01341   0.00629  -0.0891  0.8911  0.0963  -2.1120   0.0000   0.0000   0.0000  -0.6027
  -4.000  -0.0548   0.01247   0.00550  -0.0884  0.8768  0.1522  -1.7862   0.0000   0.0000   0.0000  -1.3970
  -3.000   0.0495   0.01108   0.00477  -0.0873  0.8502  0.3571  -1.2233   0.0000   0.0000   0.0000   2.0391
  -2.500   0.0997   0.01048   0.00465  -0.0863  0.8359  0.4995  -1.0183   0.0000   0.0000   0.0000   1.1254
  -2.000   0.1498   0.01004   0.00464  -0.0844  0.8225  0.6500  -0.8197   0.0000   0.0000   0.0000   0.8184
  -1.500   0.1999   0.00993   0.00471  -0.0824  0.8080  0.7388  -0.6303   0.0000   0.0000   0.0000   0.6646
  -1.000   0.2500   0.00996   0.00476  -0.0803  0.7941  0.8010  -0.5693   0.0000   0.0000   0.0000   0.5719
  -0.500   0.2991   0.00992   0.00469  -0.0777  0.7795  0.8485  -0.6106   0.0000   0.0000   0.0000   0.5097
   0.000   0.3446   0.00987   0.00466  -0.0745  0.7630  0.8900  -0.6510   0.0000   0.0000   0.0000   0.4652
   0.500   0.3937   0.00980   0.00454  -0.0720  0.7483  0.9318  -0.6972   0.0000   0.0000   0.0000   0.4311
   1.000   0.4629   0.00967   0.00429  -0.0740  0.7314  0.9698  -0.7591   0.0000   0.0000   0.0000   0.4075
   1.500   0.5520   0.00955   0.00410  -0.0809  0.7118  0.9985  -0.8389   0.0000   0.0000   0.0000   0.3936
   2.000   0.5990   0.00962   0.00407  -0.0796  0.6913  1.0000  -0.8947   0.0000   0.0000   0.0000   0.3796
   2.500   0.6492   0.00973   0.00408  -0.0787  0.6696  1.0000  -0.9591   0.0000   0.0000   0.0000   0.3674
   3.000   0.7022   0.00987   0.00413  -0.0782  0.6460  1.0000  -1.0316   0.0000   0.0000   0.0000   0.3571
   3.500   0.7555   0.01006   0.00424  -0.0777  0.6207  1.0000  -1.1140   0.0000   0.0000   0.0000   0.3480
   4.000   0.8083   0.01031   0.00438  -0.0770  0.5924  1.0000  -1.2152   0.0000   0.0000   0.0000   0.3400
   4.500   0.8605   0.01065   0.00462  -0.0763  0.5621  1.0000  -1.3288   0.0000   0.0000   0.0000   0.3329
   5.000   0.9118   0.01104   0.00497  -0.0755  0.5284  1.0000  -1.4767   0.0000   0.0000   0.0000   0.3265
   5.500   0.9616   0.01157   0.00535  -0.0744  0.4927  1.0000  -1.7014   0.0000   0.0000   0.0000   0.3205
   6.000   1.0109   0.01211   0.00587  -0.0734  0.4548  1.0000  -2.0213   0.0000   0.0000   0.0000   0.3151
   6.500   1.0585   0.01279   0.00645  -0.0721  0.4159  1.0000  -2.3516   0.0000   0.0000   0.0000   0.3101
   7.000   1.1038   0.01361   0.00716  -0.0706  0.3733  1.0000  -2.6890   0.0000   0.0000   0.0000   0.3053
   7.500   1.1485   0.01447   0.00796  -0.0690  0.3310  1.0000  -3.0382   0.0000   0.0000   0.0000   0.3008
   8.000   1.1887   0.01560   0.00890  -0.0670  0.2806  1.0000  -3.3997   0.0000   0.0000   0.0000   0.2964
   8.500   1.2263   0.01690   0.01001  -0.0647  0.2274  1.0000  -3.7623   0.0000   0.0000   0.0000   0.2921
   9.000   1.2603   0.01843   0.01140  -0.0621  0.1777  1.0000  -4.1187   0.0000   0.0000   0.0000   0.2879
   9.500   1.2873   0.02025   0.01301  -0.0586  0.1318  1.0000  -4.4517   0.0000   0.0000   0.0000   0.2834
  10.000   1.3077   0.02246   0.01503  -0.0545  0.0950  1.0000  -4.7578   0.0000   0.0000   0.0000   0.2789
  10.500   1.3271   0.02483   0.01739  -0.0508  0.0720  1.0000  -5.0532   0.0000   0.0000   0.0000   0.2747
  11.000   1.3395   0.02788   0.02045  -0.0470  0.0549  1.0000  -5.3026   0.0000   0.0000   0.0000   0.2707
  11.500   1.3463   0.03166   0.02428  -0.0435  0.0417  1.0000  -5.5006   0.0000   0.0000   0.0000   0.2671
  12.000   1.3527   0.03576   0.02866  -0.0406  0.0341  1.0000  -5.6573   0.0000   0.0000   0.0000   0.2639
  12.500   1.3525   0.04073   0.03376  -0.0381  0.0292  1.0000  -5.7876   0.0000   0.0000   0.0000   0.2611
  13.000   1.3349   0.04774   0.04104  -0.0347  0.0261  1.0000  -5.7612   0.0000   0.0000   0.0000   0.2580
  13.500   1.3413   0.05257   0.04612  -0.0331  0.0253  1.0000  -5.9165   0.0000   0.0000   0.0000   0.2558
  14.000   1.3441   0.05796   0.05180  -0.0317  0.0245  1.0000  -6.0448   0.0000   0.0000   0.0000   0.2538
  14.500   1.3435   0.06406   0.05822  -0.0308  0.0239  1.0000  -6.1450   0.0000   0.0000   0.0000   0.2522
  15.000   1.3376   0.07113   0.06563  -0.0305  0.0235  1.0000  -6.2075   0.0000   0.0000   0.0000   0.2511


