xflr5 v6.59

 Calculated polar for: revR_60_revT

 1 1 Reynolds number fixed          Mach number fixed         

 xtrf =   1.000 (top)        1.000 (bottom)
 Mach =   0.000     Re =     0.110 e 6     Ncrit =   9.000

  alpha     CL        CD       CDp       Cm    Top Xtr Bot Xtr   Cpmin    Chinge    XCp    
 ------- -------- --------- --------- -------- ------- ------- -------- --------- ---------
  -5.000  -0.1730   0.03034   0.02244  -0.1041  0.9116  0.0866  -2.5161   0.0000   0.0000   0.0000  -0.3704
  -4.500  -0.1005   0.02787   0.01965  -0.1079  0.9030  0.0999  -2.2222   0.0000   0.0000   0.0000  -0.8525
  -4.000  -0.0114   0.02542   0.01689  -0.1141  0.8978  0.1273  -1.9032   0.0000   0.0000   0.0000  -10.0336
  -3.500   0.0290   0.02445   0.01609  -0.1123  0.8819  0.1683  -1.6985   0.0000   0.0000   0.0000   4.2025
  -3.000   0.1154   0.02290   0.01492  -0.1182  0.8753  0.2797  -1.4244   0.0000   0.0000   0.0000   1.2907
  -2.500   0.1598   0.02263   0.01515  -0.1170  0.8600  0.3972  -1.2243   0.0000   0.0000   0.0000   0.9928
  -2.000   0.2313   0.02169   0.01493  -0.1189  0.8517  0.5815  -0.9760   0.0000   0.0000   0.0000   0.7695
  -1.500   0.2644   0.02215   0.01581  -0.1138  0.8355  0.7282  -0.8112   0.0000   0.0000   0.0000   0.6841
  -1.000   0.3134   0.02179   0.01552  -0.1090  0.8263  0.8476  -0.6357   0.0000   0.0000   0.0000   0.5997
  -0.500   0.3517   0.02193   0.01568  -0.1044  0.8087  0.9717  -0.6656   0.0000   0.0000   0.0000   0.5476
   0.000   0.4394   0.02148   0.01487  -0.1101  0.8012  1.0000  -0.7282   0.0000   0.0000   0.0000   0.5001
   0.500   0.4881   0.02216   0.01534  -0.1103  0.7825  1.0000  -0.7691   0.0000   0.0000   0.0000   0.4745
   1.000   0.5459   0.02250   0.01549  -0.1108  0.7674  1.0000  -0.8180   0.0000   0.0000   0.0000   0.4509
   1.500   0.6141   0.02211   0.01492  -0.1120  0.7556  1.0000  -0.8823   0.0000   0.0000   0.0000   0.4297
   2.000   0.6653   0.02261   0.01533  -0.1115  0.7378  1.0000  -0.9357   0.0000   0.0000   0.0000   0.4141
   2.500   0.7378   0.02181   0.01440  -0.1126  0.7286  1.0000  -1.0113   0.0000   0.0000   0.0000   0.3987
   3.000   0.7882   0.02205   0.01463  -0.1115  0.7087  1.0000  -1.0715   0.0000   0.0000   0.0000   0.3869
   3.500   0.8416   0.02223   0.01480  -0.1107  0.6906  1.0000  -1.1406   0.0000   0.0000   0.0000   0.3764
   4.000   0.9088   0.02147   0.01397  -0.1111  0.6771  1.0000  -1.2302   0.0000   0.0000   0.0000   0.3665
   4.500   0.9663   0.02115   0.01365  -0.1105  0.6578  1.0000  -1.3205   0.0000   0.0000   0.0000   0.3580
   5.000   1.0196   0.02114   0.01370  -0.1094  0.6364  1.0000  -1.4145   0.0000   0.0000   0.0000   0.3504
   5.500   1.0747   0.02099   0.01359  -0.1085  0.6139  1.0000  -1.5337   0.0000   0.0000   0.0000   0.3434
   6.000   1.1302   0.02085   0.01347  -0.1077  0.5899  1.0000  -1.6609   0.0000   0.0000   0.0000   0.3370
   6.500   1.1852   0.02079   0.01340  -0.1067  0.5638  1.0000  -1.8257   0.0000   0.0000   0.0000   0.3311
   7.000   1.2392   0.02091   0.01346  -0.1057  0.5351  1.0000  -2.0057   0.0000   0.0000   0.0000   0.3256
   7.500   1.2820   0.02154   0.01419  -0.1033  0.5021  1.0000  -2.2105   0.0000   0.0000   0.0000   0.3203
   8.000   1.3272   0.02207   0.01465  -0.1012  0.4675  1.0000  -2.4971   0.0000   0.0000   0.0000   0.3151
   8.500   1.3673   0.02299   0.01561  -0.0986  0.4327  1.0000  -2.7930   0.0000   0.0000   0.0000   0.3102
   9.000   1.4022   0.02406   0.01667  -0.0953  0.3967  1.0000  -3.0931   0.0000   0.0000   0.0000   0.3053
   9.500   1.4304   0.02537   0.01795  -0.0912  0.3595  1.0000  -3.3802   0.0000   0.0000   0.0000   0.3003
  10.000   1.4509   0.02692   0.01948  -0.0862  0.3238  1.0000  -3.6460   0.0000   0.0000   0.0000   0.2951
  10.500   1.4645   0.02891   0.02150  -0.0807  0.2901  1.0000  -3.8893   0.0000   0.0000   0.0000   0.2900
  11.000   1.4686   0.03142   0.02404  -0.0748  0.2561  1.0000  -4.0985   0.0000   0.0000   0.0000   0.2849
  11.500   1.4700   0.03461   0.02707  -0.0696  0.2230  1.0000  -4.3035   0.0000   0.0000   0.0000   0.2804
  12.000   1.4673   0.03848   0.03105  -0.0651  0.1918  1.0000  -4.4861   0.0000   0.0000   0.0000   0.2765
  12.500   1.4636   0.04296   0.03551  -0.0612  0.1641  1.0000  -4.6592   0.0000   0.0000   0.0000   0.2730
  13.000   1.4589   0.04793   0.04047  -0.0578  0.1402  1.0000  -4.8206   0.0000   0.0000   0.0000   0.2699
  13.500   1.4532   0.05336   0.04595  -0.0551  0.1197  1.0000  -4.9687   0.0000   0.0000   0.0000   0.2671
  14.000   1.4493   0.05900   0.05168  -0.0526  0.1028  1.0000  -5.1090   0.0000   0.0000   0.0000   0.2646
  14.500   1.4475   0.06478   0.05753  -0.0504  0.0887  1.0000  -5.2582   0.0000   0.0000   0.0000   0.2621
  15.000   1.4392   0.07136   0.06439  -0.0496  0.0785  1.0000  -5.3767   0.0000   0.0000   0.0000   0.2607


