xflr5 v6.59

 Calculated polar for: revR_25_revT

 1 1 Reynolds number fixed          Mach number fixed         

 xtrf =   1.000 (top)        1.000 (bottom)
 Mach =   0.000     Re =     0.305 e 6     Ncrit =   9.000

  alpha     CL        CD       CDp       Cm    Top Xtr Bot Xtr   Cpmin    Chinge    XCp    
 ------- -------- --------- --------- -------- ------- ------- -------- --------- ---------
  -5.000  -0.1631   0.01318   0.00633  -0.0874  0.8840  0.0612  -2.4657   0.0000   0.0000   0.0000  -0.3011
  -4.500  -0.1105   0.01215   0.00523  -0.0867  0.8713  0.0862  -2.1402   0.0000   0.0000   0.0000  -0.5539
  -4.000  -0.0587   0.01136   0.00461  -0.0861  0.8566  0.1363  -1.8063   0.0000   0.0000   0.0000  -1.2485
  -3.500  -0.0054   0.01078   0.00424  -0.0857  0.8441  0.2118  -1.4873   0.0000   0.0000   0.0000  -15.9571
  -2.500   0.1000   0.00958   0.00373  -0.0848  0.8174  0.4402  -1.0200   0.0000   0.0000   0.0000   1.1083
  -2.000   0.1514   0.00902   0.00363  -0.0837  0.8040  0.5936  -0.8192   0.0000   0.0000   0.0000   0.8076
  -1.500   0.2030   0.00883   0.00371  -0.0823  0.7904  0.7020  -0.6272   0.0000   0.0000   0.0000   0.6578
  -1.000   0.2552   0.00880   0.00372  -0.0807  0.7770  0.7698  -0.5737   0.0000   0.0000   0.0000   0.5670
  -0.500   0.3060   0.00874   0.00372  -0.0790  0.7612  0.8181  -0.6158   0.0000   0.0000   0.0000   0.5076
   0.000   0.3562   0.00874   0.00372  -0.0770  0.7467  0.8580  -0.6589   0.0000   0.0000   0.0000   0.4650
   0.500   0.4049   0.00871   0.00364  -0.0746  0.7313  0.8977  -0.7052   0.0000   0.0000   0.0000   0.4324
   1.000   0.4536   0.00860   0.00356  -0.0722  0.7133  0.9366  -0.7548   0.0000   0.0000   0.0000   0.4068
   1.500   0.5222   0.00856   0.00346  -0.0744  0.6950  0.9732  -0.8214   0.0000   0.0000   0.0000   0.3896
   2.000   0.6022   0.00854   0.00334  -0.0796  0.6739  1.0000  -0.8990   0.0000   0.0000   0.0000   0.3788
   2.500   0.6505   0.00867   0.00336  -0.0785  0.6519  1.0000  -0.9622   0.0000   0.0000   0.0000   0.3667
   3.000   0.7033   0.00883   0.00343  -0.0780  0.6275  1.0000  -1.0346   0.0000   0.0000   0.0000   0.3566
   3.500   0.7567   0.00906   0.00357  -0.0776  0.6008  1.0000  -1.1170   0.0000   0.0000   0.0000   0.3477
   4.000   0.8095   0.00935   0.00375  -0.0770  0.5711  1.0000  -1.2186   0.0000   0.0000   0.0000   0.3399
   4.500   0.8615   0.00974   0.00401  -0.0764  0.5401  1.0000  -1.3323   0.0000   0.0000   0.0000   0.3328
   5.000   0.9132   0.01014   0.00436  -0.0757  0.5063  1.0000  -1.4817   0.0000   0.0000   0.0000   0.3265
   5.500   0.9629   0.01069   0.00477  -0.0747  0.4688  1.0000  -1.7173   0.0000   0.0000   0.0000   0.3207
   6.000   1.0132   0.01123   0.00528  -0.0739  0.4328  1.0000  -2.0417   0.0000   0.0000   0.0000   0.3154
   6.500   1.0609   0.01193   0.00584  -0.0727  0.3908  1.0000  -2.3746   0.0000   0.0000   0.0000   0.3105
   7.000   1.1071   0.01274   0.00654  -0.0714  0.3482  1.0000  -2.7168   0.0000   0.0000   0.0000   0.3058
   7.500   1.1510   0.01370   0.00732  -0.0698  0.2964  1.0000  -3.0782   0.0000   0.0000   0.0000   0.3013
   8.000   1.1922   0.01486   0.00825  -0.0680  0.2425  1.0000  -3.4464   0.0000   0.0000   0.0000   0.2971
   8.500   1.2319   0.01612   0.00934  -0.0660  0.1968  1.0000  -3.8199   0.0000   0.0000   0.0000   0.2929
   9.000   1.2673   0.01761   0.01067  -0.0636  0.1506  1.0000  -4.1859   0.0000   0.0000   0.0000   0.2888
   9.500   1.2963   0.01937   0.01222  -0.0603  0.1082  1.0000  -4.5320   0.0000   0.0000   0.0000   0.2845
  10.000   1.3204   0.02134   0.01404  -0.0566  0.0788  1.0000  -4.8584   0.0000   0.0000   0.0000   0.2800
  10.500   1.3416   0.02353   0.01620  -0.0529  0.0585  1.0000  -5.1679   0.0000   0.0000   0.0000   0.2758
  11.000   1.3606   0.02601   0.01872  -0.0495  0.0445  1.0000  -5.4572   0.0000   0.0000   0.0000   0.2720
  11.500   1.3726   0.02924   0.02208  -0.0460  0.0330  1.0000  -5.6735   0.0000   0.0000   0.0000   0.2683
  12.000   1.3632   0.03464   0.02768  -0.0419  0.0257  1.0000  -5.7256   0.0000   0.0000   0.0000   0.2646
  12.500   1.3722   0.03867   0.03194  -0.0397  0.0237  1.0000  -5.9139   0.0000   0.0000   0.0000   0.2619
  13.000   1.3753   0.04349   0.03699  -0.0377  0.0222  1.0000  -6.0722   0.0000   0.0000   0.0000   0.2594
  13.500   1.3758   0.04877   0.04251  -0.0361  0.0212  1.0000  -6.2201   0.0000   0.0000   0.0000   0.2573
  14.000   1.3746   0.05446   0.04843  -0.0350  0.0204  1.0000  -6.3574   0.0000   0.0000   0.0000   0.2556
  14.500   1.3720   0.06060   0.05481  -0.0343  0.0199  1.0000  -6.4853   0.0000   0.0000   0.0000   0.2542
  15.000   1.3679   0.06730   0.06174  -0.0344  0.0193  1.0000  -6.6031   0.0000   0.0000   0.0000   0.2532


