xflr5 v6.59

 Calculated polar for: revR_70_revT

 1 1 Reynolds number fixed          Mach number fixed         

 xtrf =   1.000 (top)        1.000 (bottom)
 Mach =   0.000     Re =     0.285 e 6     Ncrit =   9.000

  alpha     CL        CD       CDp       Cm    Top Xtr Bot Xtr   Cpmin    Chinge    XCp    
 ------- -------- --------- --------- -------- ------- ------- -------- --------- ---------
  -5.000   0.0184   0.01502   0.00805  -0.1286  0.8295  0.0558  -2.2898   0.0000   0.0000   0.0000   7.4251
  -4.500   0.0729   0.01404   0.00699  -0.1286  0.8213  0.0705  -2.0041   0.0000   0.0000   0.0000   2.0538
  -4.000   0.1271   0.01322   0.00615  -0.1285  0.8115  0.0949  -1.7681   0.0000   0.0000   0.0000   1.2806
  -3.500   0.1833   0.01241   0.00546  -0.1287  0.8024  0.1493  -1.5258   0.0000   0.0000   0.0000   0.9637
  -3.000   0.2382   0.01199   0.00529  -0.1289  0.7931  0.2238  -1.2871   0.0000   0.0000   0.0000   0.7985
  -2.500   0.2939   0.01156   0.00508  -0.1291  0.7832  0.3058  -1.0581   0.0000   0.0000   0.0000   0.6937
  -2.000   0.3510   0.01122   0.00494  -0.1293  0.7744  0.4078  -0.8352   0.0000   0.0000   0.0000   0.6213
  -1.500   0.4045   0.01079   0.00493  -0.1290  0.7633  0.5319  -0.7163   0.0000   0.0000   0.0000   0.5703
  -1.000   0.4592   0.01046   0.00488  -0.1283  0.7533  0.6541  -0.7575   0.0000   0.0000   0.0000   0.5297
  -0.500   0.5108   0.01044   0.00507  -0.1269  0.7431  0.7522  -0.7973   0.0000   0.0000   0.0000   0.4980
   0.000   0.5616   0.01032   0.00502  -0.1251  0.7315  0.8174  -0.8396   0.0000   0.0000   0.0000   0.4714
   0.500   0.6098   0.01029   0.00502  -0.1228  0.7200  0.8709  -0.8850   0.0000   0.0000   0.0000   0.4493
   1.000   0.6538   0.01008   0.00486  -0.1194  0.7078  0.9350  -0.9303   0.0000   0.0000   0.0000   0.4299
   1.500   0.7216   0.01003   0.00472  -0.1218  0.6951  1.0000  -0.9916   0.0000   0.0000   0.0000   0.4155
   2.000   0.7808   0.01006   0.00461  -0.1226  0.6805  1.0000  -1.0557   0.0000   0.0000   0.0000   0.4031
   2.500   0.8377   0.01020   0.00469  -0.1230  0.6650  1.0000  -1.1186   0.0000   0.0000   0.0000   0.3924
   3.000   0.8951   0.01033   0.00470  -0.1234  0.6497  1.0000  -1.1835   0.0000   0.0000   0.0000   0.3827
   3.500   0.9504   0.01044   0.00473  -0.1232  0.6307  1.0000  -1.2582   0.0000   0.0000   0.0000   0.3740
   4.000   1.0046   0.01066   0.00494  -0.1231  0.6116  1.0000  -1.3337   0.0000   0.0000   0.0000   0.3662
   4.500   1.0583   0.01092   0.00516  -0.1227  0.5907  1.0000  -1.4207   0.0000   0.0000   0.0000   0.3590
   5.000   1.1105   0.01123   0.00541  -0.1221  0.5664  1.0000  -1.5146   0.0000   0.0000   0.0000   0.3524
   5.500   1.1618   0.01163   0.00577  -0.1214  0.5419  1.0000  -1.6275   0.0000   0.0000   0.0000   0.3463
   6.000   1.2109   0.01213   0.00618  -0.1203  0.5137  1.0000  -1.7486   0.0000   0.0000   0.0000   0.3405
   6.500   1.2584   0.01273   0.00671  -0.1190  0.4853  1.0000  -1.8880   0.0000   0.0000   0.0000   0.3350
   7.000   1.3035   0.01341   0.00733  -0.1174  0.4541  1.0000  -2.0478   0.0000   0.0000   0.0000   0.3298
   7.500   1.3462   0.01418   0.00805  -0.1155  0.4217  1.0000  -2.2282   0.0000   0.0000   0.0000   0.3247
   8.000   1.3864   0.01508   0.00892  -0.1132  0.3916  1.0000  -2.4430   0.0000   0.0000   0.0000   0.3198
   8.500   1.4206   0.01618   0.00992  -0.1100  0.3571  1.0000  -2.6920   0.0000   0.0000   0.0000   0.3149
   9.000   1.4505   0.01734   0.01104  -0.1062  0.3254  1.0000  -2.9831   0.0000   0.0000   0.0000   0.3099
   9.500   1.4766   0.01877   0.01245  -0.1022  0.2960  1.0000  -3.2743   0.0000   0.0000   0.0000   0.3051
  10.000   1.4957   0.02068   0.01426  -0.0977  0.2641  1.0000  -3.5479   0.0000   0.0000   0.0000   0.3004
  10.500   1.5163   0.02272   0.01629  -0.0940  0.2327  1.0000  -3.8335   0.0000   0.0000   0.0000   0.2961
  11.000   1.5323   0.02526   0.01878  -0.0902  0.2032  1.0000  -4.1067   0.0000   0.0000   0.0000   0.2921
  11.500   1.5434   0.02836   0.02179  -0.0865  0.1737  1.0000  -4.3639   0.0000   0.0000   0.0000   0.2884
  12.000   1.5525   0.03182   0.02524  -0.0831  0.1470  1.0000  -4.6158   0.0000   0.0000   0.0000   0.2849
  12.500   1.5593   0.03564   0.02906  -0.0799  0.1232  1.0000  -4.8592   0.0000   0.0000   0.0000   0.2816
  13.000   1.5618   0.04002   0.03344  -0.0769  0.1027  1.0000  -5.0851   0.0000   0.0000   0.0000   0.2786
  13.500   1.5584   0.04520   0.03859  -0.0741  0.0852  1.0000  -5.2812   0.0000   0.0000   0.0000   0.2759
  14.000   1.5602   0.05021   0.04369  -0.0721  0.0722  1.0000  -5.5074   0.0000   0.0000   0.0000   0.2736
  14.500   1.5579   0.05594   0.04957  -0.0705  0.0615  1.0000  -5.7099   0.0000   0.0000   0.0000   0.2715
  15.000   1.5466   0.06304   0.05672  -0.0693  0.0522  1.0000  -5.8619   0.0000   0.0000   0.0000   0.2700


