xflr5 v6.59

 Calculated polar for: revR_75_revT

 1 1 Reynolds number fixed          Mach number fixed         

 xtrf =   1.000 (top)        1.000 (bottom)
 Mach =   0.000     Re =     0.090 e 6     Ncrit =   9.000

  alpha     CL        CD       CDp       Cm    Top Xtr Bot Xtr   Cpmin    Chinge    XCp    
 ------- -------- --------- --------- -------- ------- ------- -------- --------- ---------
  -5.000  -0.2106   0.04224   0.03554  -0.1025  0.9172  0.0976  -2.4048   0.0000   0.0000   0.0000  -0.2528
  -4.500  -0.1437   0.03703   0.02931  -0.1076  0.9072  0.1028  -2.2715   0.0000   0.0000   0.0000  -0.5210
  -4.000  -0.0543   0.03304   0.02447  -0.1148  0.9000  0.1167  -2.0389   0.0000   0.0000   0.0000  -1.9174
  -3.500  -0.0016   0.03168   0.02289  -0.1154  0.8871  0.1400  -1.8507   0.0000   0.0000   0.0000  -75.7035
  -3.000   0.0752   0.03030   0.02159  -0.1197  0.8771  0.1942  -1.6181   0.0000   0.0000   0.0000   1.8730
  -2.500   0.1336   0.02975   0.02127  -0.1211  0.8644  0.2837  -1.4136   0.0000   0.0000   0.0000   1.1715
  -2.000   0.2005   0.02914   0.02131  -0.1237  0.8530  0.4237  -1.1754   0.0000   0.0000   0.0000   0.8750
  -1.500   0.2516   0.02916   0.02199  -0.1229  0.8393  0.5901  -0.9768   0.0000   0.0000   0.0000   0.7435
  -1.000   0.2975   0.02918   0.02250  -0.1186  0.8268  0.7744  -0.7896   0.0000   0.0000   0.0000   0.6518
   0.000   0.4047   0.02951   0.02249  -0.1163  0.7996  1.0000  -0.7076   0.0000   0.0000   0.0000   0.5375
   0.500   0.4464   0.03095   0.02365  -0.1162  0.7802  1.0000  -0.7394   0.0000   0.0000   0.0000   0.5093
   1.000   0.5336   0.03082   0.02322  -0.1205  0.7718  1.0000  -0.8103   0.0000   0.0000   0.0000   0.4740
   1.500   0.5780   0.03184   0.02407  -0.1196  0.7522  1.0000  -0.8500   0.0000   0.0000   0.0000   0.4543
   2.500   0.7074   0.03217   0.02415  -0.1215  0.7256  1.0000  -0.9779   0.0000   0.0000   0.0000   0.4177
   4.000   0.8774   0.03242   0.02432  -0.1199  0.6773  1.0000  -1.1764   0.0000   0.0000   0.0000   0.3807
   5.000   1.0135   0.03043   0.02238  -0.1201  0.6505  1.0000  -1.3637   0.0000   0.0000   0.0000   0.3613
   5.500   1.0602   0.03058   0.02263  -0.1182  0.6291  1.0000  -1.4520   0.0000   0.0000   0.0000   0.3535
   6.000   1.1087   0.03076   0.02292  -0.1164  0.6085  1.0000  -1.5474   0.0000   0.0000   0.0000   0.3464
   6.500   1.1679   0.03013   0.02240  -0.1156  0.5892  1.0000  -1.6813   0.0000   0.0000   0.0000   0.3397
   7.000   1.2369   0.02876   0.02109  -0.1155  0.5689  1.0000  -1.8387   0.0000   0.0000   0.0000   0.3334
   7.500   1.2975   0.02813   0.02053  -0.1149  0.5451  1.0000  -2.0214   0.0000   0.0000   0.0000   0.3278
   8.000   1.3500   0.02794   0.02040  -0.1133  0.5169  1.0000  -2.2095   0.0000   0.0000   0.0000   0.3224
   8.500   1.4020   0.02795   0.02043  -0.1117  0.4870  1.0000  -2.4499   0.0000   0.0000   0.0000   0.3173
   9.000   1.4554   0.02809   0.02045  -0.1104  0.4552  1.0000  -2.7346   0.0000   0.0000   0.0000   0.3127
   9.500   1.4825   0.02934   0.02186  -0.1060  0.4216  1.0000  -3.0114   0.0000   0.0000   0.0000   0.3075
  10.000   1.5126   0.03055   0.02308  -0.1021  0.3884  1.0000  -3.3083   0.0000   0.0000   0.0000   0.3026
  10.500   1.5420   0.03191   0.02430  -0.0982  0.3550  1.0000  -3.6135   0.0000   0.0000   0.0000   0.2979
  11.000   1.5446   0.03405   0.02658  -0.0911  0.3237  1.0000  -3.8210   0.0000   0.0000   0.0000   0.2924
  11.500   1.5485   0.03655   0.02910  -0.0851  0.2928  1.0000  -4.0356   0.0000   0.0000   0.0000   0.2874
  12.000   1.5540   0.03940   0.03192  -0.0800  0.2627  1.0000  -4.2577   0.0000   0.0000   0.0000   0.2830
  12.500   1.5542   0.04302   0.03550  -0.0751  0.2335  1.0000  -4.4549   0.0000   0.0000   0.0000   0.2788
  13.000   1.5447   0.04747   0.04004  -0.0704  0.2070  1.0000  -4.6088   0.0000   0.0000   0.0000   0.2751
  13.500   1.5362   0.05238   0.04501  -0.0665  0.1825  1.0000  -4.7612   0.0000   0.0000   0.0000   0.2718
  14.000   1.5278   0.05771   0.05038  -0.0633  0.1605  1.0000  -4.9080   0.0000   0.0000   0.0000   0.2689
  14.500   1.5231   0.06319   0.05588  -0.0606  0.1407  1.0000  -5.0690   0.0000   0.0000   0.0000   0.2662
  15.000   1.5209   0.06874   0.06135  -0.0583  0.1220  1.0000  -5.2376   0.0000   0.0000   0.0000   0.2637


