xflr5 v6.59

 Calculated polar for: revR_90_revT

 1 1 Reynolds number fixed          Mach number fixed         

 xtrf =   1.000 (top)        1.000 (bottom)
 Mach =   0.000     Re =     0.235 e 6     Ncrit =   9.000

  alpha     CL        CD       CDp       Cm    Top Xtr Bot Xtr   Cpmin    Chinge    XCp    
 ------- -------- --------- --------- -------- ------- ------- -------- --------- ---------
  -5.000   0.0946   0.01767   0.01050  -0.1472  0.8243  0.0606  -2.2532   0.0000   0.0000   0.0000   1.8453
  -4.500   0.1514   0.01652   0.00925  -0.1475  0.8171  0.0724  -2.0076   0.0000   0.0000   0.0000   1.2459
  -4.000   0.2035   0.01566   0.00841  -0.1472  0.8082  0.0937  -1.7896   0.0000   0.0000   0.0000   0.9880
  -3.500   0.2595   0.01479   0.00763  -0.1475  0.7992  0.1353  -1.5579   0.0000   0.0000   0.0000   0.8282
  -3.000   0.3185   0.01422   0.00719  -0.1482  0.7917  0.2047  -1.3167   0.0000   0.0000   0.0000   0.7219
  -2.000   0.4283   0.01357   0.00701  -0.1485  0.7731  0.3711  -0.8793   0.0000   0.0000   0.0000   0.5995
  -1.500   0.4873   0.01319   0.00684  -0.1489  0.7653  0.4772  -0.7962   0.0000   0.0000   0.0000   0.5570
  -1.000   0.5388   0.01299   0.00705  -0.1481  0.7545  0.6027  -0.8348   0.0000   0.0000   0.0000   0.5253
  -0.500   0.5917   0.01270   0.00703  -0.1467  0.7447  0.7202  -0.8775   0.0000   0.0000   0.0000   0.4975
   0.000   0.6416   0.01270   0.00712  -0.1446  0.7360  0.8075  -0.9184   0.0000   0.0000   0.0000   0.4741
   0.500   0.6842   0.01262   0.00715  -0.1412  0.7243  0.8754  -0.9552   0.0000   0.0000   0.0000   0.4544
   1.000   0.7394   0.01214   0.00661  -0.1398  0.7143  1.0000  -1.0072   0.0000   0.0000   0.0000   0.4364
   1.500   0.7975   0.01237   0.00676  -0.1409  0.7020  1.0000  -1.0625   0.0000   0.0000   0.0000   0.4233
   2.000   0.8591   0.01237   0.00659  -0.1421  0.6910  1.0000  -1.1226   0.0000   0.0000   0.0000   0.4113
   2.500   0.9154   0.01250   0.00666  -0.1423  0.6768  1.0000  -1.1872   0.0000   0.0000   0.0000   0.4007
   3.000   0.9747   0.01249   0.00650  -0.1428  0.6639  1.0000  -1.2573   0.0000   0.0000   0.0000   0.3911
   3.500   1.0289   0.01266   0.00667  -0.1427  0.6484  1.0000  -1.3239   0.0000   0.0000   0.0000   0.3826
   4.000   1.0864   0.01274   0.00663  -0.1429  0.6336  1.0000  -1.3966   0.0000   0.0000   0.0000   0.3747
   4.500   1.1394   0.01285   0.00672  -0.1423  0.6147  1.0000  -1.4777   0.0000   0.0000   0.0000   0.3675
   5.000   1.1915   0.01313   0.00702  -0.1418  0.5960  1.0000  -1.5593   0.0000   0.0000   0.0000   0.3609
   5.500   1.2437   0.01345   0.00731  -0.1412  0.5766  1.0000  -1.6569   0.0000   0.0000   0.0000   0.3547
   6.000   1.2934   0.01381   0.00761  -0.1401  0.5531  1.0000  -1.7590   0.0000   0.0000   0.0000   0.3488
   6.500   1.3415   0.01430   0.00806  -0.1389  0.5294  1.0000  -1.8835   0.0000   0.0000   0.0000   0.3432
   7.000   1.3866   0.01489   0.00863  -0.1372  0.5034  1.0000  -2.0072   0.0000   0.0000   0.0000   0.3379
   7.500   1.4284   0.01560   0.00932  -0.1350  0.4755  1.0000  -2.1575   0.0000   0.0000   0.0000   0.3327
   8.000   1.4671   0.01644   0.01013  -0.1324  0.4476  1.0000  -2.3064   0.0000   0.0000   0.0000   0.3276
   8.500   1.4995   0.01744   0.01110  -0.1288  0.4175  1.0000  -2.4600   0.0000   0.0000   0.0000   0.3225
   9.000   1.5265   0.01861   0.01224  -0.1244  0.3901  1.0000  -2.6548   0.0000   0.0000   0.0000   0.3173
   9.500   1.5490   0.02008   0.01367  -0.1198  0.3624  1.0000  -2.8865   0.0000   0.0000   0.0000   0.3123
  10.000   1.5662   0.02194   0.01549  -0.1149  0.3335  1.0000  -3.1251   0.0000   0.0000   0.0000   0.3074
  10.500   1.5829   0.02409   0.01762  -0.1105  0.3074  1.0000  -3.3670   0.0000   0.0000   0.0000   0.3030
  11.000   1.5980   0.02655   0.02010  -0.1065  0.2822  1.0000  -3.6081   0.0000   0.0000   0.0000   0.2988
  11.500   1.6082   0.02952   0.02305  -0.1024  0.2564  1.0000  -3.8408   0.0000   0.0000   0.0000   0.2949
  12.000   1.6160   0.03290   0.02646  -0.0986  0.2300  1.0000  -4.0714   0.0000   0.0000   0.0000   0.2912
  12.500   1.6214   0.03664   0.03022  -0.0950  0.2049  1.0000  -4.2957   0.0000   0.0000   0.0000   0.2878
  13.000   1.6235   0.04089   0.03448  -0.0917  0.1814  1.0000  -4.5082   0.0000   0.0000   0.0000   0.2846
  13.500   1.6227   0.04569   0.03929  -0.0887  0.1593  1.0000  -4.7092   0.0000   0.0000   0.0000   0.2818
  14.000   1.6196   0.05106   0.04467  -0.0862  0.1393  1.0000  -4.8997   0.0000   0.0000   0.0000   0.2792
  14.500   1.6188   0.05645   0.05016  -0.0842  0.1222  1.0000  -5.0996   0.0000   0.0000   0.0000   0.2769
  15.000   1.6151   0.06243   0.05627  -0.0826  0.1069  1.0000  -5.2850   0.0000   0.0000   0.0000   0.2749


