xflr5 v6.59

 Calculated polar for: revR_80_revT

 1 1 Reynolds number fixed          Mach number fixed         

 xtrf =   1.000 (top)        1.000 (bottom)
 Mach =   0.000     Re =     0.115 e 6     Ncrit =   9.000

  alpha     CL        CD       CDp       Cm    Top Xtr Bot Xtr   Cpmin    Chinge    XCp    
 ------- -------- --------- --------- -------- ------- ------- -------- --------- ---------
  -5.000  -0.0923   0.03262   0.02516  -0.1228  0.8811  0.0840  -2.3929   0.0000   0.0000   0.0000  -1.1199
  -4.500  -0.0067   0.02964   0.02167  -0.1288  0.8754  0.0957  -2.1073   0.0000   0.0000   0.0000  -19.5559
  -4.000   0.0409   0.02781   0.01954  -0.1282  0.8641  0.1090  -1.9444   0.0000   0.0000   0.0000   3.4597
  -3.500   0.1080   0.02653   0.01821  -0.1306  0.8542  0.1441  -1.7173   0.0000   0.0000   0.0000   1.4844
  -3.000   0.1931   0.02494   0.01678  -0.1358  0.8490  0.2241  -1.4522   0.0000   0.0000   0.0000   0.9651
  -2.500   0.2316   0.02496   0.01718  -0.1340  0.8331  0.3090  -1.2700   0.0000   0.0000   0.0000   0.8370
  -2.000   0.3041   0.02407   0.01678  -0.1367  0.8259  0.4463  -1.0214   0.0000   0.0000   0.0000   0.7046
  -1.500   0.3467   0.02432   0.01755  -0.1346  0.8120  0.5890  -0.8413   0.0000   0.0000   0.0000   0.6413
  -1.000   0.3984   0.02395   0.01757  -0.1316  0.8017  0.7452  -0.7107   0.0000   0.0000   0.0000   0.5820
   0.000   0.4819   0.02387   0.01753  -0.1234  0.7765  1.0000  -0.7777   0.0000   0.0000   0.0000   0.5057
   1.000   0.6087   0.02438   0.01752  -0.1269  0.7519  1.0000  -0.8805   0.0000   0.0000   0.0000   0.4564
   2.000   0.7306   0.02440   0.01722  -0.1280  0.7264  1.0000  -0.9952   0.0000   0.0000   0.0000   0.4216
   3.000   0.8509   0.02416   0.01681  -0.1283  0.7007  1.0000  -1.1296   0.0000   0.0000   0.0000   0.3958
   3.500   0.9011   0.02454   0.01718  -0.1273  0.6835  1.0000  -1.1901   0.0000   0.0000   0.0000   0.3857
   4.000   0.9748   0.02334   0.01591  -0.1285  0.6739  1.0000  -1.2793   0.0000   0.0000   0.0000   0.3756
   4.500   1.0227   0.02367   0.01629  -0.1271  0.6547  1.0000  -1.3526   0.0000   0.0000   0.0000   0.3674
   5.000   1.0817   0.02330   0.01593  -0.1267  0.6385  1.0000  -1.4419   0.0000   0.0000   0.0000   0.3596
   5.500   1.1522   0.02220   0.01476  -0.1276  0.6236  1.0000  -1.5590   0.0000   0.0000   0.0000   0.3526
   6.000   1.2016   0.02237   0.01503  -0.1263  0.6023  1.0000  -1.6638   0.0000   0.0000   0.0000   0.3462
   6.500   1.2545   0.02231   0.01502  -0.1252  0.5798  1.0000  -1.7903   0.0000   0.0000   0.0000   0.3401
   7.000   1.3074   0.02228   0.01501  -0.1241  0.5554  1.0000  -1.9312   0.0000   0.0000   0.0000   0.3345
   7.500   1.3583   0.02247   0.01520  -0.1228  0.5294  1.0000  -2.0957   0.0000   0.0000   0.0000   0.3292
   8.000   1.4082   0.02276   0.01543  -0.1213  0.5009  1.0000  -2.2782   0.0000   0.0000   0.0000   0.3242
   8.500   1.4482   0.02355   0.01624  -0.1186  0.4704  1.0000  -2.4908   0.0000   0.0000   0.0000   0.3192
   9.000   1.4815   0.02454   0.01732  -0.1151  0.4386  1.0000  -2.7230   0.0000   0.0000   0.0000   0.3141
   9.500   1.5125   0.02565   0.01841  -0.1113  0.4069  1.0000  -3.0116   0.0000   0.0000   0.0000   0.3092
  10.000   1.5425   0.02695   0.01958  -0.1075  0.3758  1.0000  -3.3066   0.0000   0.0000   0.0000   0.3044
  10.500   1.5544   0.02873   0.02144  -0.1014  0.3461  1.0000  -3.5423   0.0000   0.0000   0.0000   0.2991
  11.000   1.5617   0.03092   0.02375  -0.0955  0.3165  1.0000  -3.7654   0.0000   0.0000   0.0000   0.2941
  11.500   1.5668   0.03358   0.02645  -0.0900  0.2876  1.0000  -3.9823   0.0000   0.0000   0.0000   0.2895
  12.000   1.5697   0.03672   0.02958  -0.0851  0.2597  1.0000  -4.1924   0.0000   0.0000   0.0000   0.2853
  12.500   1.5696   0.04041   0.03323  -0.0806  0.2324  1.0000  -4.3908   0.0000   0.0000   0.0000   0.2814
  13.000   1.5661   0.04468   0.03740  -0.0764  0.2056  1.0000  -4.5789   0.0000   0.0000   0.0000   0.2779
  13.500   1.5588   0.04959   0.04237  -0.0729  0.1816  1.0000  -4.7493   0.0000   0.0000   0.0000   0.2748
  14.000   1.5510   0.05491   0.04770  -0.0698  0.1595  1.0000  -4.9139   0.0000   0.0000   0.0000   0.2720
  14.500   1.5408   0.06095   0.05397  -0.0676  0.1411  1.0000  -5.0600   0.0000   0.0000   0.0000   0.2698
  15.000   1.5317   0.06735   0.06056  -0.0659  0.1241  1.0000  -5.2022   0.0000   0.0000   0.0000   0.2678


