xflr5 v6.59

 Calculated polar for: revR_05_revT

 1 1 Reynolds number fixed          Mach number fixed         

 xtrf =   1.000 (top)        1.000 (bottom)
 Mach =   0.000     Re =     0.065 e 6     Ncrit =   9.000

  alpha     CL        CD       CDp       Cm    Top Xtr Bot Xtr   Cpmin    Chinge    XCp    
 ------- -------- --------- --------- -------- ------- ------- -------- --------- ---------
  -5.000  -0.5069   0.03323   0.02431  -0.0269  1.0000  0.1203  -2.8040   0.0000   0.0000   0.0000   0.1918
  -4.500  -0.4712   0.02935   0.02010  -0.0245  1.0000  0.1310  -2.6610   0.0000   0.0000   0.0000   0.1930
  -4.000  -0.4336   0.02674   0.01719  -0.0220  1.0000  0.1526  -2.4829   0.0000   0.0000   0.0000   0.1945
  -3.500  -0.3960   0.02489   0.01512  -0.0194  1.0000  0.1896  -2.2815   0.0000   0.0000   0.0000   0.1964
  -3.000  -0.3609   0.02304   0.01364  -0.0166  1.0000  0.2620  -2.0613   0.0000   0.0000   0.0000   0.1995
  -2.500  -0.3290   0.02116   0.01293  -0.0133  1.0000  0.4330  -1.8366   0.0000   0.0000   0.0000   0.2052
  -2.000  -0.3104   0.02049   0.01390  -0.0044  0.9974  0.7535  -1.6293   0.0000   0.0000   0.0000   0.2320
  -1.500  -0.1264   0.02285   0.01579  -0.0252  0.9857  1.0000  -1.0429   0.0000   0.0000   0.0000   0.0439
  -1.000  -0.0572   0.02333   0.01572  -0.0320  0.9607  1.0000  -0.8277   0.0000   0.0000   0.0000  -0.3199
  -0.500   0.0127   0.02407   0.01602  -0.0375  0.9354  1.0000  -0.6187   0.0000   0.0000   0.0000   3.2206
   0.000   0.0807   0.02493   0.01653  -0.0417  0.9108  1.0000  -0.4670   0.0000   0.0000   0.0000   0.7678
   0.500   0.1485   0.02577   0.01712  -0.0453  0.8853  1.0000  -0.4920   0.0000   0.0000   0.0000   0.5538
   1.000   0.2162   0.02658   0.01774  -0.0484  0.8593  1.0000  -0.5463   0.0000   0.0000   0.0000   0.4716
   1.500   0.2846   0.02731   0.01835  -0.0511  0.8332  1.0000  -0.6027   0.0000   0.0000   0.0000   0.4269
   2.000   0.3548   0.02790   0.01889  -0.0537  0.8075  1.0000  -0.6689   0.0000   0.0000   0.0000   0.3983
   2.500   0.4315   0.02814   0.01914  -0.0567  0.7817  1.0000  -0.7460   0.0000   0.0000   0.0000   0.3780
   3.500   0.5767   0.02794   0.01910  -0.0595  0.7305  1.0000  -0.9284   0.0000   0.0000   0.0000   0.3489
   4.000   0.6475   0.02739   0.01867  -0.0596  0.7042  1.0000  -1.0524   0.0000   0.0000   0.0000   0.3374
   4.500   0.7011   0.02748   0.01887  -0.0576  0.6741  1.0000  -1.1735   0.0000   0.0000   0.0000   0.3272
   5.000   0.7545   0.02734   0.01890  -0.0553  0.6408  1.0000  -1.3415   0.0000   0.0000   0.0000   0.3179
   5.500   0.8240   0.02633   0.01798  -0.0544  0.6094  1.0000  -1.6313   0.0000   0.0000   0.0000   0.3101
   6.000   0.8735   0.02637   0.01819  -0.0515  0.5707  1.0000  -1.9560   0.0000   0.0000   0.0000   0.3026
   6.500   0.9326   0.02593   0.01775  -0.0495  0.5299  1.0000  -2.3350   0.0000   0.0000   0.0000   0.2961
   7.000   0.9824   0.02592   0.01770  -0.0465  0.4820  1.0000  -2.6978   0.0000   0.0000   0.0000   0.2897
   7.500   1.0241   0.02642   0.01825  -0.0428  0.4298  1.0000  -3.0400   0.0000   0.0000   0.0000   0.2836
   8.000   1.0617   0.02707   0.01875  -0.0386  0.3719  1.0000  -3.3772   0.0000   0.0000   0.0000   0.2775
   8.500   1.0874   0.02835   0.01987  -0.0333  0.3088  1.0000  -3.6656   0.0000   0.0000   0.0000   0.2710
   9.000   1.1080   0.03047   0.02158  -0.0277  0.2447  1.0000  -3.9195   0.0000   0.0000   0.0000   0.2647
   9.500   1.1215   0.03340   0.02436  -0.0219  0.1908  1.0000  -4.1139   0.0000   0.0000   0.0000   0.2585
  10.000   1.1451   0.03728   0.02807  -0.0179  0.1505  1.0000  -4.3105   0.0000   0.0000   0.0000   0.2540
  10.500   1.1659   0.04177   0.03279  -0.0139  0.1237  1.0000  -4.4444   0.0000   0.0000   0.0000   0.2496
  11.000   1.1815   0.04672   0.03791  -0.0100  0.1042  1.0000  -4.5651   0.0000   0.0000   0.0000   0.2455
  11.500   1.1825   0.05093   0.04242  -0.0046  0.0921  1.0000  -4.6514   0.0000   0.0000   0.0000   0.2402
  12.000   1.1762   0.05802   0.04987  -0.0005  0.0847  1.0000  -4.6684   0.0000   0.0000   0.0000   0.2362
  12.500   1.1442   0.06497   0.05743   0.0038  0.0830  1.0000  -4.5837   0.0000   0.0000   0.0000   0.2317
  13.000   1.0992   0.07404   0.06700   0.0048  0.0829  1.0000  -4.4420   0.0000   0.0000   0.0000   0.2299
  13.500   1.0419   0.08633   0.07971   0.0014  0.0840  1.0000  -4.2261   0.0000   0.0000   0.0000   0.2321
  14.000   0.9772   0.10349   0.09711  -0.0071  0.0861  1.0000  -3.9080   0.0000   0.0000   0.0000   0.2401
  14.500   0.8132   0.15635   0.14980  -0.0410  0.1256  1.0000  -2.4021   0.0000   0.0000   0.0000   0.2847
  15.000   0.8378   0.16870   0.16224  -0.0419  0.1306  1.0000  -2.3819   0.0000   0.0000   0.0000   0.2838


