xflr5 v6.59

 Calculated polar for: revR_70_revT

 1 1 Reynolds number fixed          Mach number fixed         

 xtrf =   1.000 (top)        1.000 (bottom)
 Mach =   0.000     Re =     0.210 e 6     Ncrit =   9.000

  alpha     CL        CD       CDp       Cm    Top Xtr Bot Xtr   Cpmin    Chinge    XCp    
 ------- -------- --------- --------- -------- ------- ------- -------- --------- ---------
  -5.000   0.0167   0.01788   0.01064  -0.1310  0.8540  0.0668  -2.2434   0.0000   0.0000   0.0000   8.2824
  -4.500   0.0705   0.01650   0.00914  -0.1307  0.8451  0.0823  -1.9798   0.0000   0.0000   0.0000   2.1443
  -4.000   0.1225   0.01560   0.00826  -0.1303  0.8344  0.1101  -1.7597   0.0000   0.0000   0.0000   1.3342
  -3.500   0.1799   0.01478   0.00752  -0.1305  0.8259  0.1689  -1.5205   0.0000   0.0000   0.0000   0.9878
  -3.000   0.2324   0.01430   0.00734  -0.1304  0.8148  0.2495  -1.2928   0.0000   0.0000   0.0000   0.8190
  -2.500   0.2881   0.01381   0.00707  -0.1305  0.8052  0.3412  -1.0662   0.0000   0.0000   0.0000   0.7078
  -2.000   0.3435   0.01339   0.00701  -0.1304  0.7961  0.4652  -0.8473   0.0000   0.0000   0.0000   0.6327
  -1.500   0.3950   0.01306   0.00709  -0.1294  0.7842  0.5916  -0.7063   0.0000   0.0000   0.0000   0.5793
  -1.000   0.4483   0.01278   0.00704  -0.1277  0.7750  0.7172  -0.7471   0.0000   0.0000   0.0000   0.5354
  -0.500   0.4939   0.01284   0.00727  -0.1250  0.7620  0.8002  -0.7833   0.0000   0.0000   0.0000   0.5028
   0.000   0.5401   0.01265   0.00709  -0.1216  0.7525  0.8650  -0.8231   0.0000   0.0000   0.0000   0.4741
   0.500   0.5804   0.01252   0.00702  -0.1174  0.7390  0.9376  -0.8631   0.0000   0.0000   0.0000   0.4505
   1.000   0.6549   0.01225   0.00656  -0.1209  0.7281  1.0000  -0.9264   0.0000   0.0000   0.0000   0.4321
   1.500   0.7117   0.01245   0.00666  -0.1217  0.7139  1.0000  -0.9800   0.0000   0.0000   0.0000   0.4178
   2.000   0.7737   0.01241   0.00642  -0.1227  0.7018  1.0000  -1.0462   0.0000   0.0000   0.0000   0.4048
   2.500   0.8284   0.01251   0.00649  -0.1226  0.6849  1.0000  -1.1072   0.0000   0.0000   0.0000   0.3936
   3.000   0.8854   0.01262   0.00651  -0.1228  0.6702  1.0000  -1.1716   0.0000   0.0000   0.0000   0.3837
   3.500   0.9430   0.01262   0.00639  -0.1229  0.6538  1.0000  -1.2478   0.0000   0.0000   0.0000   0.3747
   4.000   0.9964   0.01274   0.00651  -0.1224  0.6339  1.0000  -1.3226   0.0000   0.0000   0.0000   0.3666
   4.500   1.0502   0.01296   0.00672  -0.1220  0.6146  1.0000  -1.4083   0.0000   0.0000   0.0000   0.3593
   5.000   1.1032   0.01318   0.00690  -0.1214  0.5927  1.0000  -1.5028   0.0000   0.0000   0.0000   0.3526
   5.500   1.1548   0.01347   0.00715  -0.1206  0.5682  1.0000  -1.6138   0.0000   0.0000   0.0000   0.3463
   6.000   1.2050   0.01388   0.00754  -0.1197  0.5428  1.0000  -1.7359   0.0000   0.0000   0.0000   0.3405
   6.500   1.2530   0.01437   0.00797  -0.1183  0.5138  1.0000  -1.8727   0.0000   0.0000   0.0000   0.3349
   7.000   1.2994   0.01503   0.00854  -0.1168  0.4851  1.0000  -2.0342   0.0000   0.0000   0.0000   0.3296
   7.500   1.3416   0.01577   0.00926  -0.1146  0.4522  1.0000  -2.2105   0.0000   0.0000   0.0000   0.3245
   8.000   1.3813   0.01664   0.01013  -0.1122  0.4201  1.0000  -2.4214   0.0000   0.0000   0.0000   0.3195
   8.500   1.4175   0.01769   0.01110  -0.1093  0.3891  1.0000  -2.6700   0.0000   0.0000   0.0000   0.3146
   9.000   1.4463   0.01888   0.01225  -0.1053  0.3552  1.0000  -2.9463   0.0000   0.0000   0.0000   0.3095
   9.500   1.4703   0.02028   0.01367  -0.1008  0.3236  1.0000  -3.2278   0.0000   0.0000   0.0000   0.3045
  10.000   1.4907   0.02202   0.01538  -0.0963  0.2944  1.0000  -3.5033   0.0000   0.0000   0.0000   0.2997
  10.500   1.5051   0.02426   0.01754  -0.0917  0.2635  1.0000  -3.7625   0.0000   0.0000   0.0000   0.2951
  11.000   1.5192   0.02677   0.02008  -0.0876  0.2317  1.0000  -4.0251   0.0000   0.0000   0.0000   0.2910
  11.500   1.5289   0.02986   0.02313  -0.0838  0.2023  1.0000  -4.2731   0.0000   0.0000   0.0000   0.2872
  12.000   1.5338   0.03357   0.02679  -0.0800  0.1742  1.0000  -4.5031   0.0000   0.0000   0.0000   0.2836
  12.500   1.5348   0.03785   0.03106  -0.0766  0.1483  1.0000  -4.7163   0.0000   0.0000   0.0000   0.2803
  13.000   1.5350   0.04247   0.03570  -0.0736  0.1257  1.0000  -4.9245   0.0000   0.0000   0.0000   0.2774
  13.500   1.5297   0.04788   0.04111  -0.0709  0.1063  1.0000  -5.1050   0.0000   0.0000   0.0000   0.2748
  14.000   1.5289   0.05327   0.04660  -0.0691  0.0904  1.0000  -5.3037   0.0000   0.0000   0.0000   0.2725
  14.500   1.5246   0.05927   0.05275  -0.0675  0.0774  1.0000  -5.4839   0.0000   0.0000   0.0000   0.2706
  15.000   1.5084   0.06691   0.06038  -0.0662  0.0660  1.0000  -5.5965   0.0000   0.0000   0.0000   0.2691


