xflr5 v6.59

 Calculated polar for: revR_0_revT

 1 1 Reynolds number fixed          Mach number fixed         

 xtrf =   1.000 (top)        1.000 (bottom)
 Mach =   0.000     Re =     0.455 e 6     Ncrit =   9.000

  alpha     CL        CD       CDp       Cm    Top Xtr Bot Xtr   Cpmin    Chinge    XCp    
 ------- -------- --------- --------- -------- ------- ------- -------- --------- ---------
  -5.000  -0.2646   0.01084   0.00441  -0.0625  0.9026  0.0576  -2.7765   0.0000   0.0000   0.0000   0.0052
  -4.500  -0.2144   0.01013   0.00373  -0.0613  0.8832  0.0864  -2.3799   0.0000   0.0000   0.0000  -0.0453
  -4.000  -0.1636   0.00949   0.00326  -0.0604  0.8657  0.1415  -1.9902   0.0000   0.0000   0.0000  -0.1294
  -3.500  -0.1122   0.00896   0.00291  -0.0596  0.8483  0.2100  -1.6149   0.0000   0.0000   0.0000  -0.2936
  -3.000  -0.0612   0.00836   0.00260  -0.0587  0.8313  0.3094  -1.2756   0.0000   0.0000   0.0000  -0.7285
  -2.500  -0.0109   0.00770   0.00236  -0.0578  0.8152  0.4475  -1.0061   0.0000   0.0000   0.0000  -5.1538
  -2.000   0.0388   0.00714   0.00225  -0.0564  0.7990  0.5988  -0.7995   0.0000   0.0000   0.0000   1.7222
  -1.500   0.0904   0.00692   0.00223  -0.0551  0.7819  0.6938  -0.6201   0.0000   0.0000   0.0000   0.8645
  -1.000   0.1430   0.00685   0.00223  -0.0539  0.7646  0.7533  -0.4818   0.0000   0.0000   0.0000   0.6282
  -0.500   0.1963   0.00685   0.00222  -0.0529  0.7477  0.7938  -0.5250   0.0000   0.0000   0.0000   0.5190
   0.000   0.2488   0.00685   0.00223  -0.0516  0.7277  0.8276  -0.5712   0.0000   0.0000   0.0000   0.4562
   0.500   0.3009   0.00686   0.00224  -0.0503  0.7069  0.8580  -0.6206   0.0000   0.0000   0.0000   0.4153
   1.000   0.3518   0.00690   0.00225  -0.0487  0.6851  0.8877  -0.6723   0.0000   0.0000   0.0000   0.3860
   1.500   0.4015   0.00692   0.00229  -0.0468  0.6602  0.9191  -0.7285   0.0000   0.0000   0.0000   0.3636
   2.000   0.4557   0.00700   0.00233  -0.0459  0.6346  0.9487  -0.7916   0.0000   0.0000   0.0000   0.3474
   2.500   0.5254   0.00717   0.00241  -0.0486  0.6027  0.9703  -0.8743   0.0000   0.0000   0.0000   0.3389
   3.000   0.6009   0.00740   0.00253  -0.0529  0.5679  0.9846  -0.9809   0.0000   0.0000   0.0000   0.3340
   3.500   0.6768   0.00771   0.00269  -0.0574  0.5285  0.9985  -1.1098   0.0000   0.0000   0.0000   0.3304
   4.000   0.7178   0.00801   0.00286  -0.0549  0.4898  1.0000  -1.2358   0.0000   0.0000   0.0000   0.3215
   4.500   0.7606   0.00841   0.00312  -0.0524  0.4533  1.0000  -1.4641   0.0000   0.0000   0.0000   0.3136
   5.000   0.8069   0.00886   0.00346  -0.0507  0.4168  1.0000  -1.7874   0.0000   0.0000   0.0000   0.3070
   5.500   0.8529   0.00942   0.00386  -0.0490  0.3705  1.0000  -2.1274   0.0000   0.0000   0.0000   0.3011
   6.000   0.8987   0.01006   0.00432  -0.0473  0.3211  1.0000  -2.4835   0.0000   0.0000   0.0000   0.2958
   6.500   0.9423   0.01091   0.00491  -0.0454  0.2619  1.0000  -2.8477   0.0000   0.0000   0.0000   0.2908
   7.000   0.9858   0.01179   0.00557  -0.0436  0.2097  1.0000  -3.2371   0.0000   0.0000   0.0000   0.2862
   7.500   1.0263   0.01289   0.00639  -0.0414  0.1542  1.0000  -3.6274   0.0000   0.0000   0.0000   0.2818
   8.000   1.0634   0.01420   0.00741  -0.0387  0.0992  1.0000  -4.0140   0.0000   0.0000   0.0000   0.2773
   8.500   1.1005   0.01543   0.00846  -0.0361  0.0663  1.0000  -4.4078   0.0000   0.0000   0.0000   0.2730
   9.000   1.1357   0.01668   0.00959  -0.0332  0.0441  1.0000  -4.7969   0.0000   0.0000   0.0000   0.2688
   9.500   1.1677   0.01798   0.01087  -0.0298  0.0280  1.0000  -5.1578   0.0000   0.0000   0.0000   0.2644
  10.000   1.1853   0.01972   0.01258  -0.0240  0.0176  1.0000  -5.4101   0.0000   0.0000   0.0000   0.2585
  10.500   1.2081   0.02117   0.01418  -0.0194  0.0155  1.0000  -5.7155   0.0000   0.0000   0.0000   0.2537
  11.000   1.2264   0.02297   0.01610  -0.0149  0.0141  1.0000  -6.0160   0.0000   0.0000   0.0000   0.2490
  11.500   1.2367   0.02545   0.01875  -0.0103  0.0132  1.0000  -6.2637   0.0000   0.0000   0.0000   0.2444
  12.000   1.2406   0.02868   0.02218  -0.0060  0.0127  1.0000  -6.4646   0.0000   0.0000   0.0000   0.2401
  12.500   1.2496   0.03190   0.02558  -0.0031  0.0125  1.0000  -6.7119   0.0000   0.0000   0.0000   0.2369
  13.000   1.2555   0.03571   0.02960  -0.0009  0.0123  1.0000  -6.9365   0.0000   0.0000   0.0000   0.2342
  13.500   1.2585   0.04016   0.03426   0.0007  0.0121  1.0000  -7.1389   0.0000   0.0000   0.0000   0.2320
  14.000   1.2591   0.04523   0.03955   0.0014  0.0119  1.0000  -7.3193   0.0000   0.0000   0.0000   0.2305
  14.500   1.2575   0.05094   0.04550   0.0015  0.0118  1.0000  -7.4788   0.0000   0.0000   0.0000   0.2295
  15.000   1.2542   0.05730   0.05211   0.0007  0.0117  1.0000  -7.6650   0.0000   0.0000   0.0000   0.2291


