xflr5 v6.59

 Calculated polar for: revR_35_revT

 1 1 Reynolds number fixed          Mach number fixed         

 xtrf =   1.000 (top)        1.000 (bottom)
 Mach =   0.000     Re =     0.200 e 6     Ncrit =   9.000

  alpha     CL        CD       CDp       Cm    Top Xtr Bot Xtr   Cpmin    Chinge    XCp    
 ------- -------- --------- --------- -------- ------- ------- -------- --------- ---------
  -5.000  -0.1224   0.01704   0.00965  -0.1001  0.9043  0.0763  -2.3720   0.0000   0.0000   0.0000  -0.5896
  -4.500  -0.0659   0.01550   0.00804  -0.1002  0.8941  0.0992  -2.0601   0.0000   0.0000   0.0000  -1.3073
  -4.000  -0.0153   0.01431   0.00707  -0.0995  0.8800  0.1530  -1.7717   0.0000   0.0000   0.0000  -6.3702
  -3.500   0.0384   0.01351   0.00657  -0.0993  0.8682  0.2443  -1.4648   0.0000   0.0000   0.0000   2.8813
  -3.000   0.0905   0.01279   0.00620  -0.0987  0.8549  0.3518  -1.2337   0.0000   0.0000   0.0000   1.3563
  -2.500   0.1415   0.01219   0.00611  -0.0977  0.8425  0.5014  -1.0242   0.0000   0.0000   0.0000   0.9488
  -2.000   0.1913   0.01174   0.00612  -0.0957  0.8296  0.6495  -0.8233   0.0000   0.0000   0.0000   0.7548
  -1.500   0.2393   0.01171   0.00626  -0.0931  0.8153  0.7461  -0.6418   0.0000   0.0000   0.0000   0.6413
  -1.000   0.2879   0.01166   0.00622  -0.0901  0.8034  0.8133  -0.6028   0.0000   0.0000   0.0000   0.5639
  -0.500   0.3310   0.01169   0.00628  -0.0864  0.7879  0.8674  -0.6392   0.0000   0.0000   0.0000   0.5109
   0.000   0.3762   0.01157   0.00608  -0.0827  0.7747  0.9178  -0.6798   0.0000   0.0000   0.0000   0.4688
   0.500   0.4418   0.01135   0.00578  -0.0836  0.7590  0.9657  -0.7349   0.0000   0.0000   0.0000   0.4376
   1.000   0.5344   0.01121   0.00553  -0.0912  0.7435  1.0000  -0.8098   0.0000   0.0000   0.0000   0.4184
   1.500   0.5805   0.01122   0.00538  -0.0897  0.7267  1.0000  -0.8628   0.0000   0.0000   0.0000   0.4016
   2.000   0.6329   0.01126   0.00528  -0.0891  0.7086  1.0000  -0.9206   0.0000   0.0000   0.0000   0.3874
   2.500   0.6862   0.01135   0.00531  -0.0887  0.6883  1.0000  -0.9838   0.0000   0.0000   0.0000   0.3753
   3.000   0.7404   0.01146   0.00535  -0.0883  0.6671  1.0000  -1.0565   0.0000   0.0000   0.0000   0.3648
   3.500   0.7945   0.01158   0.00540  -0.0878  0.6441  1.0000  -1.1348   0.0000   0.0000   0.0000   0.3556
   4.000   0.8482   0.01176   0.00553  -0.0872  0.6201  1.0000  -1.2254   0.0000   0.0000   0.0000   0.3474
   4.500   0.9013   0.01199   0.00567  -0.0865  0.5927  1.0000  -1.3318   0.0000   0.0000   0.0000   0.3400
   5.000   0.9536   0.01233   0.00591  -0.0857  0.5638  1.0000  -1.4583   0.0000   0.0000   0.0000   0.3334
   5.500   1.0037   0.01274   0.00633  -0.0847  0.5308  1.0000  -1.6099   0.0000   0.0000   0.0000   0.3273
   6.000   1.0529   0.01328   0.00675  -0.0835  0.4961  1.0000  -1.8382   0.0000   0.0000   0.0000   0.3216
   6.500   1.1005   0.01389   0.00734  -0.0821  0.4594  1.0000  -2.1501   0.0000   0.0000   0.0000   0.3163
   7.000   1.1458   0.01468   0.00800  -0.0805  0.4215  1.0000  -2.4697   0.0000   0.0000   0.0000   0.3112
   7.500   1.1891   0.01550   0.00880  -0.0786  0.3801  1.0000  -2.7953   0.0000   0.0000   0.0000   0.3065
   8.000   1.2305   0.01648   0.00975  -0.0765  0.3408  1.0000  -3.1329   0.0000   0.0000   0.0000   0.3019
   8.500   1.2671   0.01766   0.01083  -0.0739  0.2976  1.0000  -3.4733   0.0000   0.0000   0.0000   0.2973
   9.000   1.2990   0.01907   0.01215  -0.0708  0.2529  1.0000  -3.8049   0.0000   0.0000   0.0000   0.2927
   9.500   1.3232   0.02077   0.01370  -0.0667  0.2085  1.0000  -4.1129   0.0000   0.0000   0.0000   0.2879
  10.000   1.3409   0.02294   0.01570  -0.0622  0.1646  1.0000  -4.3969   0.0000   0.0000   0.0000   0.2832
  10.500   1.3550   0.02558   0.01819  -0.0581  0.1243  1.0000  -4.6657   0.0000   0.0000   0.0000   0.2788
  11.000   1.3657   0.02875   0.02127  -0.0544  0.0946  1.0000  -4.9147   0.0000   0.0000   0.0000   0.2749
  11.500   1.3730   0.03246   0.02498  -0.0509  0.0745  1.0000  -5.1381   0.0000   0.0000   0.0000   0.2713
  12.000   1.3728   0.03708   0.02968  -0.0477  0.0595  1.0000  -5.3113   0.0000   0.0000   0.0000   0.2681
  12.500   1.3808   0.04123   0.03407  -0.0453  0.0500  1.0000  -5.5058   0.0000   0.0000   0.0000   0.2653
  13.000   1.3671   0.04771   0.04062  -0.0425  0.0416  1.0000  -5.5623   0.0000   0.0000   0.0000   0.2626
  13.500   1.3705   0.05277   0.04595  -0.0407  0.0375  1.0000  -5.6903   0.0000   0.0000   0.0000   0.2602
  14.000   1.3712   0.05833   0.05175  -0.0393  0.0339  1.0000  -5.8033   0.0000   0.0000   0.0000   0.2583
  14.500   1.3700   0.06434   0.05796  -0.0384  0.0315  1.0000  -5.9139   0.0000   0.0000   0.0000   0.2567
  15.000   1.3666   0.07088   0.06472  -0.0377  0.0298  1.0000  -6.0001   0.0000   0.0000   0.0000   0.2552


