xflr5 v6.59

 Calculated polar for: revR_60_revT

 1 1 Reynolds number fixed          Mach number fixed         

 xtrf =   1.000 (top)        1.000 (bottom)
 Mach =   0.000     Re =     0.500 e 6     Ncrit =   9.000

  alpha     CL        CD       CDp       Cm    Top Xtr Bot Xtr   Cpmin    Chinge    XCp    
 ------- -------- --------- --------- -------- ------- ------- -------- --------- ---------
  -5.000  -0.0255   0.01168   0.00525  -0.1169  0.7995  0.0437  -2.4129   0.0000   0.0000   0.0000  -4.4429
  -4.500   0.0293   0.01066   0.00418  -0.1170  0.7906  0.0584  -2.0849   0.0000   0.0000   0.0000   4.3266
  -4.000   0.0854   0.01012   0.00361  -0.1170  0.7812  0.0824  -1.7839   0.0000   0.0000   0.0000   1.6461
  -3.500   0.1416   0.00966   0.00328  -0.1173  0.7724  0.1281  -1.5307   0.0000   0.0000   0.0000   1.0912
  -3.000   0.1978   0.00922   0.00302  -0.1175  0.7631  0.1878  -1.2826   0.0000   0.0000   0.0000   0.8518
  -2.500   0.2543   0.00887   0.00283  -0.1178  0.7531  0.2635  -1.0466   0.0000   0.0000   0.0000   0.7177
  -2.000   0.3104   0.00850   0.00270  -0.1180  0.7433  0.3478  -0.8311   0.0000   0.0000   0.0000   0.6327
  -1.500   0.3667   0.00815   0.00260  -0.1182  0.7337  0.4506  -0.6819   0.0000   0.0000   0.0000   0.5735
  -1.000   0.4225   0.00785   0.00260  -0.1182  0.7232  0.5646  -0.7245   0.0000   0.0000   0.0000   0.5299
  -0.500   0.4772   0.00758   0.00263  -0.1178  0.7115  0.6812  -0.7670   0.0000   0.0000   0.0000   0.4960
   0.000   0.5323   0.00756   0.00269  -0.1173  0.6998  0.7492  -0.8113   0.0000   0.0000   0.0000   0.4689
   0.500   0.5863   0.00751   0.00275  -0.1165  0.6878  0.8038  -0.8603   0.0000   0.0000   0.0000   0.4466
   1.000   0.6395   0.00751   0.00278  -0.1156  0.6736  0.8444  -0.9093   0.0000   0.0000   0.0000   0.4280
   1.500   0.6900   0.00748   0.00280  -0.1140  0.6591  0.8875  -0.9642   0.0000   0.0000   0.0000   0.4119
   2.000   0.7380   0.00742   0.00281  -0.1119  0.6434  0.9382  -1.0190   0.0000   0.0000   0.0000   0.3977
   2.500   0.8014   0.00746   0.00278  -0.1135  0.6247  1.0000  -1.0879   0.0000   0.0000   0.0000   0.3871
   3.000   0.8582   0.00768   0.00289  -0.1139  0.6057  1.0000  -1.1569   0.0000   0.0000   0.0000   0.3776
   3.500   0.9136   0.00794   0.00304  -0.1139  0.5835  1.0000  -1.2300   0.0000   0.0000   0.0000   0.3691
   4.500   1.0217   0.00859   0.00352  -0.1136  0.5345  1.0000  -1.4020   0.0000   0.0000   0.0000   0.3544
   5.000   1.0744   0.00898   0.00384  -0.1132  0.5069  1.0000  -1.5097   0.0000   0.0000   0.0000   0.3480
   5.500   1.1261   0.00944   0.00423  -0.1127  0.4786  1.0000  -1.6273   0.0000   0.0000   0.0000   0.3421
   6.000   1.1753   0.01003   0.00468  -0.1117  0.4439  1.0000  -1.7673   0.0000   0.0000   0.0000   0.3364
   6.500   1.2239   0.01066   0.00522  -0.1108  0.4134  1.0000  -1.9271   0.0000   0.0000   0.0000   0.3312
   7.000   1.2715   0.01133   0.00581  -0.1097  0.3800  1.0000  -2.1228   0.0000   0.0000   0.0000   0.3263
   7.500   1.3150   0.01221   0.00653  -0.1080  0.3424  1.0000  -2.3718   0.0000   0.0000   0.0000   0.3214
   8.000   1.3592   0.01302   0.00729  -0.1064  0.3117  1.0000  -2.6909   0.0000   0.0000   0.0000   0.3169
   8.500   1.3972   0.01412   0.00823  -0.1040  0.2732  1.0000  -3.0032   0.0000   0.0000   0.0000   0.3123
   9.000   1.4324   0.01521   0.00922  -0.1011  0.2399  1.0000  -3.3175   0.0000   0.0000   0.0000   0.3077
   9.500   1.4610   0.01663   0.01049  -0.0974  0.2053  1.0000  -3.6179   0.0000   0.0000   0.0000   0.3030
  10.000   1.4860   0.01829   0.01204  -0.0935  0.1695  1.0000  -3.9131   0.0000   0.0000   0.0000   0.2985
  10.500   1.5062   0.02038   0.01397  -0.0895  0.1372  1.0000  -4.2014   0.0000   0.0000   0.0000   0.2941
  11.000   1.5256   0.02269   0.01619  -0.0859  0.1105  1.0000  -4.4975   0.0000   0.0000   0.0000   0.2901
  11.500   1.5434   0.02525   0.01870  -0.0825  0.0893  1.0000  -4.7917   0.0000   0.0000   0.0000   0.2864
  12.000   1.5573   0.02827   0.02169  -0.0792  0.0712  1.0000  -5.0721   0.0000   0.0000   0.0000   0.2829
  12.500   1.5710   0.03143   0.02486  -0.0763  0.0585  1.0000  -5.3562   0.0000   0.0000   0.0000   0.2796
  13.000   1.5826   0.03490   0.02844  -0.0736  0.0481  1.0000  -5.6307   0.0000   0.0000   0.0000   0.2766
  13.500   1.5815   0.03970   0.03327  -0.0705  0.0375  1.0000  -5.8422   0.0000   0.0000   0.0000   0.2736
  14.000   1.5923   0.04357   0.03729  -0.0686  0.0332  1.0000  -6.1289   0.0000   0.0000   0.0000   0.2711
  14.500   1.5854   0.04952   0.04332  -0.0664  0.0272  1.0000  -6.3084   0.0000   0.0000   0.0000   0.2688
  15.000   1.5816   0.05556   0.04958  -0.0651  0.0243  1.0000  -6.4963   0.0000   0.0000   0.0000   0.2670


