xflr5 v6.59

 Calculated polar for: revR_50_revT

 1 1 Reynolds number fixed          Mach number fixed         

 xtrf =   1.000 (top)        1.000 (bottom)
 Mach =   0.000     Re =     0.125 e 6     Ncrit =   9.000

  alpha     CL        CD       CDp       Cm    Top Xtr Bot Xtr   Cpmin    Chinge    XCp    
 ------- -------- --------- --------- -------- ------- ------- -------- --------- ---------
  -5.000  -0.1615   0.02616   0.01829  -0.1019  0.9146  0.0860  -2.4617   0.0000   0.0000   0.0000  -0.3998
  -4.500  -0.0940   0.02340   0.01523  -0.1045  0.9051  0.1004  -2.1969   0.0000   0.0000   0.0000  -0.8907
  -4.000  -0.0116   0.02160   0.01333  -0.1095  0.8990  0.1381  -1.8563   0.0000   0.0000   0.0000  -9.3580
  -3.500   0.0379   0.02060   0.01263  -0.1092  0.8847  0.2034  -1.6001   0.0000   0.0000   0.0000   3.1842
  -3.000   0.1103   0.01932   0.01184  -0.1125  0.8762  0.3299  -1.3401   0.0000   0.0000   0.0000   1.2851
  -2.500   0.1600   0.01884   0.01197  -0.1117  0.8622  0.4735  -1.1293   0.0000   0.0000   0.0000   0.9574
  -2.000   0.2191   0.01820   0.01191  -0.1109  0.8522  0.6458  -0.9053   0.0000   0.0000   0.0000   0.7612
  -1.500   0.2560   0.01853   0.01249  -0.1059  0.8369  0.7680  -0.7383   0.0000   0.0000   0.0000   0.6668
  -0.500   0.3401   0.01830   0.01225  -0.0960  0.8099  0.9453  -0.6523   0.0000   0.0000   0.0000   0.5326
   0.000   0.4445   0.01766   0.01134  -0.1046  0.8022  1.0000  -0.7266   0.0000   0.0000   0.0000   0.4845
   0.500   0.4872   0.01804   0.01154  -0.1033  0.7836  1.0000  -0.7643   0.0000   0.0000   0.0000   0.4606
   1.000   0.5440   0.01815   0.01147  -0.1036  0.7684  1.0000  -0.8156   0.0000   0.0000   0.0000   0.4383
   1.500   0.6072   0.01788   0.01102  -0.1042  0.7555  1.0000  -0.8775   0.0000   0.0000   0.0000   0.4189
   2.000   0.6592   0.01819   0.01127  -0.1037  0.7373  1.0000  -0.9337   0.0000   0.0000   0.0000   0.4039
   2.500   0.7170   0.01810   0.01108  -0.1034  0.7209  1.0000  -0.9980   0.0000   0.0000   0.0000   0.3903
   3.000   0.7796   0.01772   0.01059  -0.1035  0.7063  1.0000  -1.0723   0.0000   0.0000   0.0000   0.3783
   3.500   0.8324   0.01782   0.01068  -0.1026  0.6857  1.0000  -1.1449   0.0000   0.0000   0.0000   0.3683
   4.000   0.8868   0.01782   0.01068  -0.1019  0.6650  1.0000  -1.2263   0.0000   0.0000   0.0000   0.3593
   4.500   0.9420   0.01777   0.01063  -0.1012  0.6436  1.0000  -1.3188   0.0000   0.0000   0.0000   0.3512
   5.000   0.9971   0.01774   0.01060  -0.1004  0.6207  1.0000  -1.4306   0.0000   0.0000   0.0000   0.3439
   5.500   1.0513   0.01775   0.01061  -0.0995  0.5953  1.0000  -1.5532   0.0000   0.0000   0.0000   0.3373
   6.000   1.1046   0.01786   0.01068  -0.0985  0.5676  1.0000  -1.7088   0.0000   0.0000   0.0000   0.3311
   7.000   1.2024   0.01870   0.01151  -0.0955  0.5035  1.0000  -2.1193   0.0000   0.0000   0.0000   0.3200
   7.500   1.2488   0.01930   0.01201  -0.0936  0.4681  1.0000  -2.4290   0.0000   0.0000   0.0000   0.3149
   8.000   1.2895   0.02019   0.01295  -0.0912  0.4315  1.0000  -2.7307   0.0000   0.0000   0.0000   0.3099
   8.500   1.3283   0.02119   0.01385  -0.0884  0.3934  1.0000  -3.0424   0.0000   0.0000   0.0000   0.3050
   9.000   1.3591   0.02239   0.01511  -0.0847  0.3537  1.0000  -3.3434   0.0000   0.0000   0.0000   0.3001
   9.500   1.3865   0.02387   0.01655  -0.0808  0.3163  1.0000  -3.6396   0.0000   0.0000   0.0000   0.2952
  10.000   1.4027   0.02562   0.01823  -0.0754  0.2784  1.0000  -3.9008   0.0000   0.0000   0.0000   0.2899
  10.500   1.4119   0.02787   0.02050  -0.0698  0.2404  1.0000  -4.1358   0.0000   0.0000   0.0000   0.2848
  11.000   1.4150   0.03093   0.02342  -0.0646  0.2050  1.0000  -4.3462   0.0000   0.0000   0.0000   0.2801
  11.500   1.4181   0.03448   0.02705  -0.0603  0.1709  1.0000  -4.5468   0.0000   0.0000   0.0000   0.2761
  12.000   1.4161   0.03885   0.03132  -0.0564  0.1424  1.0000  -4.7211   0.0000   0.0000   0.0000   0.2725
  12.500   1.4125   0.04375   0.03616  -0.0531  0.1183  1.0000  -4.8793   0.0000   0.0000   0.0000   0.2693
  13.000   1.4104   0.04885   0.04135  -0.0504  0.0994  1.0000  -5.0310   0.0000   0.0000   0.0000   0.2665
  13.500   1.4088   0.05425   0.04690  -0.0480  0.0842  1.0000  -5.1679   0.0000   0.0000   0.0000   0.2638
  14.000   1.4069   0.05992   0.05258  -0.0456  0.0721  1.0000  -5.2943   0.0000   0.0000   0.0000   0.2613
  14.500   1.4043   0.06593   0.05890  -0.0446  0.0637  1.0000  -5.4206   0.0000   0.0000   0.0000   0.2596
  15.000   1.4045   0.07214   0.06514  -0.0423  0.0551  1.0000  -5.5332   0.0000   0.0000   0.0000   0.2570


