xflr5 v6.59

 Calculated polar for: revR_90_revT

 1 1 Reynolds number fixed          Mach number fixed         

 xtrf =   1.000 (top)        1.000 (bottom)
 Mach =   0.000     Re =     0.410 e 6     Ncrit =   9.000

  alpha     CL        CD       CDp       Cm    Top Xtr Bot Xtr   Cpmin    Chinge    XCp    
 ------- -------- --------- --------- -------- ------- ------- -------- --------- ---------
  -5.000   0.1003   0.01317   0.00654  -0.1453  0.7865  0.0457  -2.3259   0.0000   0.0000   0.0000   1.7340
  -4.500   0.1562   0.01221   0.00555  -0.1457  0.7792  0.0563  -2.0646   0.0000   0.0000   0.0000   1.2029
  -4.000   0.2133   0.01154   0.00482  -0.1460  0.7714  0.0750  -1.8107   0.0000   0.0000   0.0000   0.9475
  -3.500   0.2707   0.01104   0.00438  -0.1465  0.7631  0.1120  -1.5585   0.0000   0.0000   0.0000   0.8001
  -3.000   0.3272   0.01061   0.00413  -0.1469  0.7559  0.1660  -1.3131   0.0000   0.0000   0.0000   0.7049
  -2.500   0.3845   0.01023   0.00392  -0.1474  0.7478  0.2325  -1.0782   0.0000   0.0000   0.0000   0.6372
  -2.000   0.4426   0.01004   0.00380  -0.1479  0.7391  0.3017  -0.8574   0.0000   0.0000   0.0000   0.5866
  -1.500   0.4989   0.00972   0.00374  -0.1482  0.7306  0.3881  -0.8104   0.0000   0.0000   0.0000   0.5482
  -1.000   0.5560   0.00940   0.00366  -0.1485  0.7213  0.4879  -0.8523   0.0000   0.0000   0.0000   0.5172
  -0.500   0.6131   0.00924   0.00375  -0.1487  0.7123  0.6076  -0.8970   0.0000   0.0000   0.0000   0.4919
   0.000   0.6670   0.00902   0.00384  -0.1481  0.7024  0.7132  -0.9403   0.0000   0.0000   0.0000   0.4705
   0.500   0.7208   0.00893   0.00385  -0.1473  0.6919  0.7874  -0.9841   0.0000   0.0000   0.0000   0.4520
   1.000   0.7733   0.00896   0.00395  -0.1462  0.6821  0.8398  -1.0336   0.0000   0.0000   0.0000   0.4361
   1.500   0.8201   0.00882   0.00392  -0.1438  0.6700  0.9012  -1.0840   0.0000   0.0000   0.0000   0.4217
   2.000   0.8748   0.00871   0.00379  -0.1432  0.6572  1.0000  -1.1400   0.0000   0.0000   0.0000   0.4094
   2.500   0.9329   0.00881   0.00382  -0.1439  0.6431  1.0000  -1.2071   0.0000   0.0000   0.0000   0.3993
   3.000   0.9900   0.00901   0.00393  -0.1443  0.6289  1.0000  -1.2756   0.0000   0.0000   0.0000   0.3902
   3.500   1.0456   0.00922   0.00401  -0.1444  0.6108  1.0000  -1.3439   0.0000   0.0000   0.0000   0.3818
   4.000   1.1001   0.00943   0.00421  -0.1443  0.5927  1.0000  -1.4147   0.0000   0.0000   0.0000   0.3743
   4.500   1.1540   0.00974   0.00448  -0.1441  0.5748  1.0000  -1.4965   0.0000   0.0000   0.0000   0.3673
   5.000   1.2062   0.01010   0.00477  -0.1437  0.5541  1.0000  -1.5792   0.0000   0.0000   0.0000   0.3609
   5.500   1.2565   0.01054   0.00513  -0.1429  0.5296  1.0000  -1.6769   0.0000   0.0000   0.0000   0.3548
   6.000   1.3056   0.01105   0.00557  -0.1419  0.5064  1.0000  -1.7815   0.0000   0.0000   0.0000   0.3490
   6.500   1.3525   0.01163   0.00610  -0.1406  0.4795  1.0000  -1.9055   0.0000   0.0000   0.0000   0.3436
   7.000   1.3974   0.01229   0.00670  -0.1390  0.4528  1.0000  -2.0335   0.0000   0.0000   0.0000   0.3383
   7.500   1.4391   0.01306   0.00741  -0.1369  0.4234  1.0000  -2.1850   0.0000   0.0000   0.0000   0.3332
   8.000   1.4768   0.01395   0.00823  -0.1342  0.3939  1.0000  -2.3332   0.0000   0.0000   0.0000   0.3282
   8.500   1.5087   0.01497   0.00920  -0.1306  0.3661  1.0000  -2.4917   0.0000   0.0000   0.0000   0.3231
   9.000   1.5359   0.01627   0.01041  -0.1265  0.3364  1.0000  -2.6943   0.0000   0.0000   0.0000   0.3180
   9.500   1.5610   0.01780   0.01188  -0.1225  0.3095  1.0000  -2.9543   0.0000   0.0000   0.0000   0.3133
  10.000   1.5852   0.01952   0.01360  -0.1187  0.2843  1.0000  -3.2190   0.0000   0.0000   0.0000   0.3089
  10.500   1.6048   0.02169   0.01571  -0.1149  0.2579  1.0000  -3.4764   0.0000   0.0000   0.0000   0.3046
  11.000   1.6216   0.02420   0.01816  -0.1111  0.2296  1.0000  -3.7371   0.0000   0.0000   0.0000   0.3006
  11.500   1.6372   0.02695   0.02087  -0.1076  0.2035  1.0000  -3.9990   0.0000   0.0000   0.0000   0.2969
  12.000   1.6491   0.03010   0.02399  -0.1041  0.1784  1.0000  -4.2517   0.0000   0.0000   0.0000   0.2933
  12.500   1.6577   0.03365   0.02750  -0.1006  0.1545  1.0000  -4.4952   0.0000   0.0000   0.0000   0.2898
  13.000   1.6630   0.03761   0.03143  -0.0973  0.1330  1.0000  -4.7285   0.0000   0.0000   0.0000   0.2866
  13.500   1.6658   0.04203   0.03584  -0.0942  0.1136  1.0000  -4.9531   0.0000   0.0000   0.0000   0.2836
  14.000   1.6656   0.04697   0.04077  -0.0915  0.0970  1.0000  -5.1656   0.0000   0.0000   0.0000   0.2809
  14.500   1.6702   0.05170   0.04560  -0.0894  0.0847  1.0000  -5.4008   0.0000   0.0000   0.0000   0.2784
  15.000   1.6691   0.05723   0.05121  -0.0875  0.0735  1.0000  -5.6097   0.0000   0.0000   0.0000   0.2762


