xflr5 v6.59

 Calculated polar for: revR_65_revT

 1 1 Reynolds number fixed          Mach number fixed         

 xtrf =   1.000 (top)        1.000 (bottom)
 Mach =   0.000     Re =     0.180 e 6     Ncrit =   9.000

  alpha     CL        CD       CDp       Cm    Top Xtr Bot Xtr   Cpmin    Chinge    XCp    
 ------- -------- --------- --------- -------- ------- ------- -------- --------- ---------
  -5.000  -0.0040   0.01956   0.01208  -0.1281  0.8739  0.0737  -2.2393   0.0000   0.0000   0.0000  -32.3688
  -4.500   0.0429   0.01818   0.01065  -0.1269  0.8613  0.0898  -1.9874   0.0000   0.0000   0.0000   3.2715
  -4.000   0.1000   0.01701   0.00942  -0.1270  0.8526  0.1209  -1.7461   0.0000   0.0000   0.0000   1.5457
  -3.500   0.1528   0.01621   0.00887  -0.1269  0.8420  0.1849  -1.5230   0.0000   0.0000   0.0000   1.0944
  -3.000   0.2073   0.01555   0.00844  -0.1268  0.8308  0.2731  -1.2899   0.0000   0.0000   0.0000   0.8704
  -2.500   0.2644   0.01499   0.00819  -0.1270  0.8225  0.3802  -1.0644   0.0000   0.0000   0.0000   0.7357
  -2.000   0.3143   0.01462   0.00829  -0.1260  0.8094  0.5112  -0.8606   0.0000   0.0000   0.0000   0.6545
  -1.500   0.3685   0.01418   0.00821  -0.1246  0.8008  0.6525  -0.6805   0.0000   0.0000   0.0000   0.5902
  -1.000   0.4128   0.01425   0.00852  -0.1216  0.7866  0.7565  -0.7146   0.0000   0.0000   0.0000   0.5453
  -0.500   0.4594   0.01404   0.00834  -0.1179  0.7770  0.8359  -0.7540   0.0000   0.0000   0.0000   0.5065
   0.000   0.4956   0.01411   0.00848  -0.1130  0.7634  0.9041  -0.7860   0.0000   0.0000   0.0000   0.4770
   1.000   0.6255   0.01378   0.00788  -0.1161  0.7382  1.0000  -0.8970   0.0000   0.0000   0.0000   0.4333
   1.500   0.6891   0.01366   0.00752  -0.1174  0.7272  1.0000  -0.9580   0.0000   0.0000   0.0000   0.4173
   2.000   0.7430   0.01386   0.00767  -0.1174  0.7108  1.0000  -1.0162   0.0000   0.0000   0.0000   0.4043
   2.500   0.8013   0.01385   0.00755  -0.1176  0.6961  1.0000  -1.0793   0.0000   0.0000   0.0000   0.3925
   3.000   0.8595   0.01382   0.00741  -0.1178  0.6807  1.0000  -1.1473   0.0000   0.0000   0.0000   0.3822
   3.500   0.9134   0.01395   0.00752  -0.1174  0.6623  1.0000  -1.2200   0.0000   0.0000   0.0000   0.3730
   4.000   0.9687   0.01399   0.00752  -0.1170  0.6433  1.0000  -1.2972   0.0000   0.0000   0.0000   0.3648
   4.500   1.0244   0.01410   0.00757  -0.1168  0.6247  1.0000  -1.3878   0.0000   0.0000   0.0000   0.3573
   5.000   1.0785   0.01424   0.00765  -0.1163  0.6028  1.0000  -1.4820   0.0000   0.0000   0.0000   0.3505
   5.500   1.1302   0.01449   0.00788  -0.1154  0.5780  1.0000  -1.6015   0.0000   0.0000   0.0000   0.3441
   6.000   1.1803   0.01486   0.00825  -0.1143  0.5517  1.0000  -1.7217   0.0000   0.0000   0.0000   0.3382
   6.500   1.2280   0.01532   0.00871  -0.1129  0.5219  1.0000  -1.8726   0.0000   0.0000   0.0000   0.3326
   7.000   1.2748   0.01592   0.00927  -0.1113  0.4920  1.0000  -2.0342   0.0000   0.0000   0.0000   0.3273
   7.500   1.3183   0.01667   0.00989  -0.1093  0.4588  1.0000  -2.2366   0.0000   0.0000   0.0000   0.3222
   8.000   1.3583   0.01752   0.01081  -0.1069  0.4256  1.0000  -2.4693   0.0000   0.0000   0.0000   0.3172
   8.500   1.3952   0.01855   0.01178  -0.1041  0.3929  1.0000  -2.7593   0.0000   0.0000   0.0000   0.3123
   9.000   1.4257   0.01977   0.01294  -0.1004  0.3577  1.0000  -3.0424   0.0000   0.0000   0.0000   0.3074
   9.500   1.4497   0.02113   0.01430  -0.0958  0.3249  1.0000  -3.3131   0.0000   0.0000   0.0000   0.3023
  10.000   1.4689   0.02288   0.01603  -0.0910  0.2943  1.0000  -3.5809   0.0000   0.0000   0.0000   0.2973
  10.500   1.4834   0.02501   0.01815  -0.0863  0.2618  1.0000  -3.8360   0.0000   0.0000   0.0000   0.2927
  11.000   1.4942   0.02765   0.02078  -0.0819  0.2288  1.0000  -4.0801   0.0000   0.0000   0.0000   0.2884
  11.500   1.4998   0.03098   0.02402  -0.0777  0.1988  1.0000  -4.3056   0.0000   0.0000   0.0000   0.2845
  12.000   1.5057   0.03464   0.02770  -0.0741  0.1698  1.0000  -4.5358   0.0000   0.0000   0.0000   0.2809
  12.500   1.5072   0.03890   0.03197  -0.0708  0.1431  1.0000  -4.7503   0.0000   0.0000   0.0000   0.2777
  13.000   1.5052   0.04375   0.03687  -0.0678  0.1207  1.0000  -4.9461   0.0000   0.0000   0.0000   0.2748
  13.500   1.4995   0.04923   0.04238  -0.0652  0.1024  1.0000  -5.1197   0.0000   0.0000   0.0000   0.2722
  14.000   1.4890   0.05556   0.04868  -0.0630  0.0867  1.0000  -5.2641   0.0000   0.0000   0.0000   0.2700
  14.500   1.4865   0.06154   0.05486  -0.0620  0.0746  1.0000  -5.4431   0.0000   0.0000   0.0000   0.2683
  15.000   1.4774   0.06841   0.06184  -0.0607  0.0647  1.0000  -5.5707   0.0000   0.0000   0.0000   0.2667


