xflr5 v6.59

 Calculated polar for: revR_90_revT

 1 1 Reynolds number fixed          Mach number fixed         

 xtrf =   1.000 (top)        1.000 (bottom)
 Mach =   0.000     Re =     0.115 e 6     Ncrit =   9.000

  alpha     CL        CD       CDp       Cm    Top Xtr Bot Xtr   Cpmin    Chinge    XCp    
 ------- -------- --------- --------- -------- ------- ------- -------- --------- ---------
  -5.000  -0.0428   0.03435   0.02715  -0.1333  0.8723  0.0846  -2.2945   0.0000   0.0000   0.0000  -2.9538
  -4.000   0.0636   0.02972   0.02155  -0.1349  0.8513  0.1037  -1.9635   0.0000   0.0000   0.0000   2.4205
  -3.500   0.1516   0.02773   0.01943  -0.1405  0.8463  0.1376  -1.7136   0.0000   0.0000   0.0000   1.1958
  -3.000   0.1886   0.02758   0.01938  -0.1384  0.8319  0.1800  -1.5476   0.0000   0.0000   0.0000   0.9972
  -2.500   0.2612   0.02659   0.01864  -0.1417  0.8235  0.2724  -1.3077   0.0000   0.0000   0.0000   0.8003
  -2.000   0.3409   0.02554   0.01804  -0.1454  0.8185  0.4009  -1.0441   0.0000   0.0000   0.0000   0.6815
  -1.500   0.3718   0.02628   0.01920  -0.1423  0.8008  0.5100  -0.8864   0.0000   0.0000   0.0000   0.6361
  -1.000   0.4370   0.02547   0.01892  -0.1419  0.7942  0.6820  -0.7464   0.0000   0.0000   0.0000   0.5764
  -0.500   0.4558   0.02648   0.02020  -0.1347  0.7768  0.8078  -0.7638   0.0000   0.0000   0.0000   0.5463
   0.000   0.5047   0.02548   0.01921  -0.1303  0.7685  1.0000  -0.8045   0.0000   0.0000   0.0000   0.5079
   1.000   0.6287   0.02638   0.01956  -0.1340  0.7438  1.0000  -0.9026   0.0000   0.0000   0.0000   0.4610
   1.500   0.7035   0.02578   0.01872  -0.1360  0.7367  1.0000  -0.9701   0.0000   0.0000   0.0000   0.4404
   2.500   0.8259   0.02565   0.01833  -0.1370  0.7134  1.0000  -1.0924   0.0000   0.0000   0.0000   0.4115
   3.000   0.8640   0.02680   0.01947  -0.1350  0.6934  1.0000  -1.1414   0.0000   0.0000   0.0000   0.4012
   3.500   0.9462   0.02515   0.01770  -0.1371  0.6875  1.0000  -1.2323   0.0000   0.0000   0.0000   0.3892
   4.000   0.9852   0.02607   0.01867  -0.1349  0.6676  1.0000  -1.2837   0.0000   0.0000   0.0000   0.3805
   5.000   1.1102   0.02488   0.01746  -0.1351  0.6405  1.0000  -1.4587   0.0000   0.0000   0.0000   0.3639
   5.500   1.1612   0.02485   0.01751  -0.1339  0.6220  1.0000  -1.5442   0.0000   0.0000   0.0000   0.3568
   6.000   1.2371   0.02354   0.01612  -0.1355  0.6090  1.0000  -1.6733   0.0000   0.0000   0.0000   0.3503
   6.500   1.2877   0.02356   0.01622  -0.1343  0.5884  1.0000  -1.7875   0.0000   0.0000   0.0000   0.3443
   7.000   1.3381   0.02355   0.01626  -0.1328  0.5654  1.0000  -1.9165   0.0000   0.0000   0.0000   0.3385
   7.500   1.3880   0.02368   0.01644  -0.1314  0.5414  1.0000  -2.0615   0.0000   0.0000   0.0000   0.3331
   8.000   1.4362   0.02394   0.01671  -0.1298  0.5157  1.0000  -2.2245   0.0000   0.0000   0.0000   0.3280
   8.500   1.4814   0.02437   0.01714  -0.1277  0.4878  1.0000  -2.3865   0.0000   0.0000   0.0000   0.3230
   9.000   1.5242   0.02507   0.01777  -0.1255  0.4590  1.0000  -2.6099   0.0000   0.0000   0.0000   0.3183
   9.500   1.5541   0.02619   0.01890  -0.1215  0.4289  1.0000  -2.8363   0.0000   0.0000   0.0000   0.3133
  10.000   1.5744   0.02757   0.02038  -0.1162  0.3998  1.0000  -3.0819   0.0000   0.0000   0.0000   0.3081
  10.500   1.5918   0.02925   0.02210  -0.1109  0.3718  1.0000  -3.3235   0.0000   0.0000   0.0000   0.3030
  11.000   1.6023   0.03130   0.02418  -0.1053  0.3435  1.0000  -3.5466   0.0000   0.0000   0.0000   0.2981
  11.500   1.6085   0.03380   0.02671  -0.0998  0.3157  1.0000  -3.7584   0.0000   0.0000   0.0000   0.2935
  12.000   1.6134   0.03674   0.02969  -0.0948  0.2891  1.0000  -3.9664   0.0000   0.0000   0.0000   0.2893
  12.500   1.6158   0.04015   0.03315  -0.0902  0.2634  1.0000  -4.1722   0.0000   0.0000   0.0000   0.2853
  13.000   1.6136   0.04413   0.03717  -0.0858  0.2380  1.0000  -4.3615   0.0000   0.0000   0.0000   0.2817
  13.500   1.6072   0.04873   0.04181  -0.0819  0.2138  1.0000  -4.5335   0.0000   0.0000   0.0000   0.2784
  14.000   1.5991   0.05385   0.04699  -0.0785  0.1913  1.0000  -4.6952   0.0000   0.0000   0.0000   0.2754
  14.500   1.5908   0.05945   0.05267  -0.0758  0.1704  1.0000  -4.8517   0.0000   0.0000   0.0000   0.2729
  15.000   1.5825   0.06543   0.05870  -0.0736  0.1516  1.0000  -5.0042   0.0000   0.0000   0.0000   0.2706


