xflr5 v6.59

 Calculated polar for: revR_75_revT

 1 1 Reynolds number fixed          Mach number fixed         

 xtrf =   1.000 (top)        1.000 (bottom)
 Mach =   0.000     Re =     0.300 e 6     Ncrit =   9.000

  alpha     CL        CD       CDp       Cm    Top Xtr Bot Xtr   Cpmin    Chinge    XCp    
 ------- -------- --------- --------- -------- ------- ------- -------- --------- ---------
  -5.000   0.0383   0.01465   0.00777  -0.1329  0.8212  0.0565  -2.2839   0.0000   0.0000   0.0000   3.8063
  -4.500   0.0929   0.01403   0.00704  -0.1328  0.8120  0.0663  -2.0123   0.0000   0.0000   0.0000   1.7110
  -4.000   0.1484   0.01289   0.00589  -0.1330  0.8036  0.0937  -1.7806   0.0000   0.0000   0.0000   1.1630
  -3.500   0.2042   0.01234   0.00542  -0.1331  0.7949  0.1404  -1.5318   0.0000   0.0000   0.0000   0.9125
  -3.000   0.2595   0.01184   0.00515  -0.1333  0.7851  0.2108  -1.2924   0.0000   0.0000   0.0000   0.7707
  -2.500   0.3167   0.01143   0.00490  -0.1337  0.7769  0.2877  -1.0592   0.0000   0.0000   0.0000   0.6766
  -2.000   0.3722   0.01111   0.00485  -0.1339  0.7675  0.3853  -0.8466   0.0000   0.0000   0.0000   0.6124
  -1.500   0.4279   0.01070   0.00475  -0.1339  0.7571  0.4965  -0.7390   0.0000   0.0000   0.0000   0.5643
  -1.000   0.4836   0.01043   0.00475  -0.1336  0.7476  0.6208  -0.7814   0.0000   0.0000   0.0000   0.5265
  -0.500   0.5352   0.01027   0.00491  -0.1323  0.7370  0.7279  -0.8214   0.0000   0.0000   0.0000   0.4967
   0.000   0.5883   0.01018   0.00485  -0.1310  0.7268  0.7998  -0.8630   0.0000   0.0000   0.0000   0.4714
   0.500   0.6359   0.01013   0.00491  -0.1287  0.7146  0.8574  -0.9070   0.0000   0.0000   0.0000   0.4503
   1.000   0.6810   0.00997   0.00477  -0.1256  0.7037  0.9176  -0.9542   0.0000   0.0000   0.0000   0.4316
   1.500   0.7435   0.00987   0.00465  -0.1267  0.6910  1.0000  -1.0119   0.0000   0.0000   0.0000   0.4170
   2.000   0.8036   0.00992   0.00453  -0.1277  0.6771  1.0000  -1.0763   0.0000   0.0000   0.0000   0.4049
   2.500   0.8604   0.01004   0.00461  -0.1281  0.6618  1.0000  -1.1409   0.0000   0.0000   0.0000   0.3943
   3.000   0.9179   0.01019   0.00463  -0.1285  0.6472  1.0000  -1.2069   0.0000   0.0000   0.0000   0.3848
   3.500   0.9732   0.01030   0.00466  -0.1284  0.6284  1.0000  -1.2767   0.0000   0.0000   0.0000   0.3761
   4.000   1.0274   0.01051   0.00487  -0.1282  0.6095  1.0000  -1.3543   0.0000   0.0000   0.0000   0.3683
   4.500   1.0813   0.01079   0.00511  -0.1280  0.5902  1.0000  -1.4345   0.0000   0.0000   0.0000   0.3612
   5.000   1.1336   0.01111   0.00536  -0.1274  0.5666  1.0000  -1.5307   0.0000   0.0000   0.0000   0.3546
   5.500   1.1846   0.01151   0.00570  -0.1266  0.5422  1.0000  -1.6317   0.0000   0.0000   0.0000   0.3485
   6.000   1.2341   0.01199   0.00614  -0.1256  0.5162  1.0000  -1.7561   0.0000   0.0000   0.0000   0.3427
   6.500   1.2811   0.01257   0.00665  -0.1243  0.4869  1.0000  -1.8801   0.0000   0.0000   0.0000   0.3372
   7.000   1.3264   0.01326   0.00727  -0.1227  0.4586  1.0000  -2.0390   0.0000   0.0000   0.0000   0.3320
   7.500   1.3681   0.01407   0.00800  -0.1206  0.4259  1.0000  -2.1987   0.0000   0.0000   0.0000   0.3269
   8.000   1.4083   0.01493   0.00884  -0.1183  0.3962  1.0000  -2.4018   0.0000   0.0000   0.0000   0.3220
   8.500   1.4431   0.01596   0.00981  -0.1152  0.3651  1.0000  -2.6350   0.0000   0.0000   0.0000   0.3171
   9.500   1.4958   0.01868   0.01241  -0.1069  0.3039  1.0000  -3.1980   0.0000   0.0000   0.0000   0.3071
  10.000   1.5190   0.02038   0.01410  -0.1030  0.2746  1.0000  -3.4808   0.0000   0.0000   0.0000   0.3026
  10.500   1.5367   0.02259   0.01623  -0.0989  0.2431  1.0000  -3.7501   0.0000   0.0000   0.0000   0.2982
  11.000   1.5514   0.02521   0.01878  -0.0950  0.2144  1.0000  -4.0128   0.0000   0.0000   0.0000   0.2942
  11.500   1.5651   0.02812   0.02169  -0.0914  0.1868  1.0000  -4.2760   0.0000   0.0000   0.0000   0.2905
  12.000   1.5764   0.03138   0.02493  -0.0881  0.1598  1.0000  -4.5332   0.0000   0.0000   0.0000   0.2870
  12.500   1.5832   0.03516   0.02869  -0.0848  0.1358  1.0000  -4.7792   0.0000   0.0000   0.0000   0.2836
  13.000   1.5866   0.03940   0.03293  -0.0817  0.1147  1.0000  -5.0159   0.0000   0.0000   0.0000   0.2806
  13.500   1.5872   0.04413   0.03768  -0.0789  0.0971  1.0000  -5.2392   0.0000   0.0000   0.0000   0.2778
  14.000   1.5813   0.04985   0.04338  -0.0764  0.0811  1.0000  -5.4290   0.0000   0.0000   0.0000   0.2753
  14.500   1.5832   0.05507   0.04872  -0.0748  0.0696  1.0000  -5.6580   0.0000   0.0000   0.0000   0.2732
  15.000   1.5775   0.06142   0.05522  -0.0735  0.0594  1.0000  -5.8417   0.0000   0.0000   0.0000   0.2714


