xflr5 v6.59

 Calculated polar for: revR_30_revT

 1 1 Reynolds number fixed          Mach number fixed         

 xtrf =   1.000 (top)        1.000 (bottom)
 Mach =   0.000     Re =     0.475 e 6     Ncrit =   9.000

  alpha     CL        CD       CDp       Cm    Top Xtr Bot Xtr   Cpmin    Chinge    XCp    
 ------- -------- --------- --------- -------- ------- ------- -------- --------- ---------
  -5.000  -0.1518   0.01110   0.00471  -0.0885  0.8388  0.0517  -2.5387   0.0000   0.0000   0.0000  -0.3495
  -4.500  -0.0976   0.01042   0.00391  -0.0882  0.8261  0.0699  -2.1819   0.0000   0.0000   0.0000  -0.6752
  -4.000  -0.0430   0.00985   0.00342  -0.0881  0.8144  0.1048  -1.8266   0.0000   0.0000   0.0000  -1.8401
  -3.500   0.0118   0.00935   0.00307  -0.0880  0.8028  0.1630  -1.5021   0.0000   0.0000   0.0000   7.8139
  -3.000   0.0666   0.00887   0.00281  -0.0880  0.7909  0.2355  -1.2427   0.0000   0.0000   0.0000   1.5891
  -2.500   0.1213   0.00841   0.00259  -0.0879  0.7785  0.3335  -1.0241   0.0000   0.0000   0.0000   0.9821
  -2.000   0.1760   0.00794   0.00245  -0.0878  0.7668  0.4422  -0.8155   0.0000   0.0000   0.0000   0.7528
  -1.500   0.2296   0.00750   0.00238  -0.0873  0.7541  0.5870  -0.6213   0.0000   0.0000   0.0000   0.6320
  -1.000   0.2832   0.00722   0.00240  -0.0865  0.7403  0.6878  -0.5985   0.0000   0.0000   0.0000   0.5560
  -0.500   0.3374   0.00719   0.00243  -0.0858  0.7271  0.7543  -0.6416   0.0000   0.0000   0.0000   0.5036
   0.000   0.3916   0.00716   0.00244  -0.0850  0.7127  0.7994  -0.6870   0.0000   0.0000   0.0000   0.4657
   0.500   0.4448   0.00714   0.00247  -0.0840  0.6965  0.8345  -0.7354   0.0000   0.0000   0.0000   0.4368
   1.000   0.4971   0.00718   0.00249  -0.0827  0.6801  0.8709  -0.7877   0.0000   0.0000   0.0000   0.4139
   1.500   0.5471   0.00717   0.00250  -0.0810  0.6613  0.9051  -0.8436   0.0000   0.0000   0.0000   0.3950
   2.000   0.5970   0.00715   0.00250  -0.0792  0.6407  0.9460  -0.9000   0.0000   0.0000   0.0000   0.3791
   3.000   0.7257   0.00740   0.00259  -0.0830  0.5926  1.0000  -1.0530   0.0000   0.0000   0.0000   0.3599
   3.500   0.7796   0.00770   0.00274  -0.0828  0.5643  1.0000  -1.1335   0.0000   0.0000   0.0000   0.3512
   4.000   0.8337   0.00800   0.00297  -0.0826  0.5353  1.0000  -1.2312   0.0000   0.0000   0.0000   0.3436
   4.500   0.8868   0.00838   0.00324  -0.0822  0.5031  1.0000  -1.3424   0.0000   0.0000   0.0000   0.3367
   5.000   0.9385   0.00886   0.00358  -0.0816  0.4683  1.0000  -1.4845   0.0000   0.0000   0.0000   0.3305
   5.500   0.9905   0.00934   0.00398  -0.0811  0.4337  1.0000  -1.6748   0.0000   0.0000   0.0000   0.3248
   6.000   1.0402   0.00996   0.00445  -0.0803  0.3919  1.0000  -1.9931   0.0000   0.0000   0.0000   0.3196
   6.500   1.0883   0.01072   0.00501  -0.0793  0.3425  1.0000  -2.3227   0.0000   0.0000   0.0000   0.3146
   7.000   1.1353   0.01156   0.00566  -0.0782  0.2958  1.0000  -2.6793   0.0000   0.0000   0.0000   0.3100
   7.500   1.1803   0.01255   0.00643  -0.0769  0.2462  1.0000  -3.0443   0.0000   0.0000   0.0000   0.3056
   8.000   1.2243   0.01357   0.00728  -0.0755  0.2052  1.0000  -3.4196   0.0000   0.0000   0.0000   0.3015
   8.500   1.2655   0.01477   0.00829  -0.0737  0.1632  1.0000  -3.7966   0.0000   0.0000   0.0000   0.2974
   9.000   1.3022   0.01621   0.00951  -0.0713  0.1190  1.0000  -4.1667   0.0000   0.0000   0.0000   0.2932
   9.500   1.3366   0.01762   0.01079  -0.0687  0.0883  1.0000  -4.5366   0.0000   0.0000   0.0000   0.2891
  10.000   1.3661   0.01916   0.01224  -0.0653  0.0659  1.0000  -4.8913   0.0000   0.0000   0.0000   0.2848
  10.500   1.3929   0.02085   0.01391  -0.0619  0.0496  1.0000  -5.2360   0.0000   0.0000   0.0000   0.2807
  11.000   1.4160   0.02288   0.01595  -0.0585  0.0362  1.0000  -5.5564   0.0000   0.0000   0.0000   0.2767
  11.500   1.4307   0.02568   0.01880  -0.0548  0.0242  1.0000  -5.8017   0.0000   0.0000   0.0000   0.2728
  12.000   1.4372   0.02939   0.02260  -0.0510  0.0183  1.0000  -5.9766   0.0000   0.0000   0.0000   0.2692
  12.500   1.4404   0.03367   0.02713  -0.0478  0.0166  1.0000  -6.1385   0.0000   0.0000   0.0000   0.2659
  13.000   1.4520   0.03741   0.03107  -0.0458  0.0158  1.0000  -6.3933   0.0000   0.0000   0.0000   0.2634
  13.500   1.4586   0.04179   0.03565  -0.0441  0.0151  1.0000  -6.6223   0.0000   0.0000   0.0000   0.2610
  14.000   1.4608   0.04688   0.04095  -0.0428  0.0144  1.0000  -6.8274   0.0000   0.0000   0.0000   0.2591
  14.500   1.4593   0.05261   0.04690  -0.0420  0.0139  1.0000  -7.0094   0.0000   0.0000   0.0000   0.2575
  15.000   1.4551   0.05913   0.05363  -0.0419  0.0135  1.0000  -7.1710   0.0000   0.0000   0.0000   0.2565


