xflr5 v6.59

 Calculated polar for: revR_85_revT

 1 1 Reynolds number fixed          Mach number fixed         

 xtrf =   1.000 (top)        1.000 (bottom)
 Mach =   0.000     Re =     0.265 e 6     Ncrit =   9.000

  alpha     CL        CD       CDp       Cm    Top Xtr Bot Xtr   Cpmin    Chinge    XCp    
 ------- -------- --------- --------- -------- ------- ------- -------- --------- ---------
  -5.000   0.0782   0.01606   0.00905  -0.1425  0.8209  0.0584  -2.2612   0.0000   0.0000   0.0000   2.1164
  -4.500   0.1321   0.01546   0.00833  -0.1423  0.8125  0.0678  -2.0083   0.0000   0.0000   0.0000   1.3512
  -4.000   0.1869   0.01419   0.00705  -0.1424  0.8034  0.0919  -1.7885   0.0000   0.0000   0.0000   1.0270
  -3.500   0.2446   0.01356   0.00644  -0.1429  0.7958  0.1347  -1.5422   0.0000   0.0000   0.0000   0.8437
  -3.000   0.2990   0.01308   0.00624  -0.1431  0.7867  0.2046  -1.3096   0.0000   0.0000   0.0000   0.7350
  -2.500   0.3554   0.01264   0.00599  -0.1433  0.7773  0.2802  -1.0791   0.0000   0.0000   0.0000   0.6577
  -2.000   0.4137   0.01231   0.00580  -0.1438  0.7696  0.3708  -0.8617   0.0000   0.0000   0.0000   0.6004
  -1.000   0.5234   0.01162   0.00578  -0.1434  0.7495  0.5998  -0.8176   0.0000   0.0000   0.0000   0.5244
  -0.500   0.5771   0.01153   0.00593  -0.1424  0.7410  0.7179  -0.8605   0.0000   0.0000   0.0000   0.4963
   0.000   0.6262   0.01147   0.00605  -0.1405  0.7298  0.7983  -0.9019   0.0000   0.0000   0.0000   0.4730
   0.500   0.6745   0.01128   0.00588  -0.1379  0.7198  0.8642  -0.9443   0.0000   0.0000   0.0000   0.4524
   1.000   0.7159   0.01114   0.00583  -0.1341  0.7081  0.9406  -0.9884   0.0000   0.0000   0.0000   0.4346
   1.500   0.7834   0.01102   0.00556  -0.1365  0.6965  1.0000  -1.0491   0.0000   0.0000   0.0000   0.4208
   2.000   0.8420   0.01120   0.00564  -0.1374  0.6841  1.0000  -1.1091   0.0000   0.0000   0.0000   0.4091
   2.500   0.9009   0.01118   0.00549  -0.1379  0.6701  1.0000  -1.1751   0.0000   0.0000   0.0000   0.3984
   3.000   0.9567   0.01136   0.00564  -0.1381  0.6557  1.0000  -1.2390   0.0000   0.0000   0.0000   0.3890
   3.500   1.0145   0.01145   0.00558  -0.1384  0.6408  1.0000  -1.3096   0.0000   0.0000   0.0000   0.3804
   4.000   1.0679   0.01158   0.00571  -0.1380  0.6224  1.0000  -1.3850   0.0000   0.0000   0.0000   0.3726
   4.500   1.1216   0.01184   0.00596  -0.1377  0.6046  1.0000  -1.4627   0.0000   0.0000   0.0000   0.3655
   5.000   1.1746   0.01211   0.00617  -0.1373  0.5847  1.0000  -1.5538   0.0000   0.0000   0.0000   0.3588
   5.500   1.2259   0.01246   0.00645  -0.1365  0.5623  1.0000  -1.6488   0.0000   0.0000   0.0000   0.3527
   6.000   1.2756   0.01290   0.00685  -0.1355  0.5389  1.0000  -1.7643   0.0000   0.0000   0.0000   0.3469
   6.500   1.3226   0.01343   0.00734  -0.1342  0.5124  1.0000  -1.8827   0.0000   0.0000   0.0000   0.3413
   7.000   1.3676   0.01406   0.00795  -0.1325  0.4853  1.0000  -2.0183   0.0000   0.0000   0.0000   0.3360
   7.500   1.4095   0.01480   0.00866  -0.1303  0.4564  1.0000  -2.1661   0.0000   0.0000   0.0000   0.3308
   8.000   1.4470   0.01568   0.00948  -0.1276  0.4256  1.0000  -2.3185   0.0000   0.0000   0.0000   0.3257
   8.500   1.4812   0.01669   0.01047  -0.1243  0.3982  1.0000  -2.5138   0.0000   0.0000   0.0000   0.3207
   9.000   1.5069   0.01795   0.01165  -0.1198  0.3688  1.0000  -2.7402   0.0000   0.0000   0.0000   0.3155
   9.500   1.5293   0.01947   0.01312  -0.1153  0.3392  1.0000  -2.9972   0.0000   0.0000   0.0000   0.3105
  10.000   1.5511   0.02121   0.01486  -0.1111  0.3127  1.0000  -3.2588   0.0000   0.0000   0.0000   0.3059
  10.500   1.5698   0.02330   0.01698  -0.1070  0.2854  1.0000  -3.5163   0.0000   0.0000   0.0000   0.3016
  11.000   1.5850   0.02581   0.01948  -0.1031  0.2578  1.0000  -3.7688   0.0000   0.0000   0.0000   0.2975
  11.500   1.5966   0.02876   0.02240  -0.0992  0.2299  1.0000  -4.0191   0.0000   0.0000   0.0000   0.2936
  12.000   1.6053   0.03214   0.02575  -0.0956  0.2035  1.0000  -4.2616   0.0000   0.0000   0.0000   0.2900
  12.500   1.6110   0.03593   0.02953  -0.0921  0.1788  1.0000  -4.4947   0.0000   0.0000   0.0000   0.2867
  13.000   1.6133   0.04022   0.03384  -0.0889  0.1557  1.0000  -4.7156   0.0000   0.0000   0.0000   0.2835
  13.500   1.6142   0.04489   0.03854  -0.0860  0.1349  1.0000  -4.9307   0.0000   0.0000   0.0000   0.2807
  14.000   1.6137   0.05002   0.04370  -0.0836  0.1164  1.0000  -5.1397   0.0000   0.0000   0.0000   0.2781
  14.500   1.6103   0.05571   0.04944  -0.0816  0.1004  1.0000  -5.3346   0.0000   0.0000   0.0000   0.2759
  15.000   1.5989   0.06260   0.05633  -0.0800  0.0860  1.0000  -5.4882   0.0000   0.0000   0.0000   0.2741


