xflr5 v6.59

 Calculated polar for: revR_35_revT

 1 1 Reynolds number fixed          Mach number fixed         

 xtrf =   1.000 (top)        1.000 (bottom)
 Mach =   0.000     Re =     0.245 e 6     Ncrit =   9.000

  alpha     CL        CD       CDp       Cm    Top Xtr Bot Xtr   Cpmin    Chinge    XCp    
 ------- -------- --------- --------- -------- ------- ------- -------- --------- ---------
  -5.000  -0.1198   0.01487   0.00783  -0.0988  0.8870  0.0702  -2.4038   0.0000   0.0000   0.0000  -0.5962
  -4.500  -0.0664   0.01371   0.00658  -0.0982  0.8756  0.0922  -2.0824   0.0000   0.0000   0.0000  -1.2641
  -4.000  -0.0151   0.01285   0.00584  -0.0975  0.8621  0.1398  -1.7803   0.0000   0.0000   0.0000  -6.3362
  -3.000   0.0906   0.01154   0.00508  -0.0967  0.8372  0.3212  -1.2361   0.0000   0.0000   0.0000   1.3326
  -2.500   0.1442   0.01094   0.00485  -0.0963  0.8262  0.4507  -1.0205   0.0000   0.0000   0.0000   0.9248
  -2.000   0.1940   0.01043   0.00486  -0.0948  0.8118  0.6052  -0.8201   0.0000   0.0000   0.0000   0.7430
  -1.500   0.2456   0.01027   0.00490  -0.0930  0.8002  0.7115  -0.6316   0.0000   0.0000   0.0000   0.6310
  -1.000   0.2950   0.01023   0.00498  -0.0909  0.7859  0.7835  -0.6088   0.0000   0.0000   0.0000   0.5589
  -0.500   0.3438   0.01023   0.00498  -0.0884  0.7730  0.8364  -0.6485   0.0000   0.0000   0.0000   0.5068
   0.000   0.3908   0.01013   0.00486  -0.0855  0.7581  0.8815  -0.6901   0.0000   0.0000   0.0000   0.4676
   0.500   0.4369   0.01005   0.00479  -0.0824  0.7432  0.9288  -0.7342   0.0000   0.0000   0.0000   0.4368
   1.000   0.5067   0.00992   0.00453  -0.0845  0.7290  0.9715  -0.7954   0.0000   0.0000   0.0000   0.4144
   1.500   0.5852   0.00980   0.00432  -0.0894  0.7106  1.0000  -0.8689   0.0000   0.0000   0.0000   0.3998
   2.000   0.6345   0.00990   0.00433  -0.0885  0.6919  1.0000  -0.9245   0.0000   0.0000   0.0000   0.3861
   2.500   0.6886   0.01002   0.00434  -0.0883  0.6722  1.0000  -0.9883   0.0000   0.0000   0.0000   0.3743
   3.000   0.7431   0.01014   0.00437  -0.0881  0.6506  1.0000  -1.0615   0.0000   0.0000   0.0000   0.3640
   3.500   0.7973   0.01031   0.00447  -0.0877  0.6275  1.0000  -1.1399   0.0000   0.0000   0.0000   0.3550
   4.000   0.8508   0.01054   0.00463  -0.0872  0.6020  1.0000  -1.2307   0.0000   0.0000   0.0000   0.3470
   4.500   0.9034   0.01082   0.00484  -0.0865  0.5730  1.0000  -1.3370   0.0000   0.0000   0.0000   0.3398
   5.000   0.9552   0.01122   0.00512  -0.0858  0.5433  1.0000  -1.4644   0.0000   0.0000   0.0000   0.3332
   5.500   1.0057   0.01167   0.00553  -0.0849  0.5100  1.0000  -1.6169   0.0000   0.0000   0.0000   0.3272
   6.000   1.0547   0.01223   0.00600  -0.0837  0.4744  1.0000  -1.8563   0.0000   0.0000   0.0000   0.3216
   6.500   1.1026   0.01288   0.00659  -0.0825  0.4385  1.0000  -2.1709   0.0000   0.0000   0.0000   0.3165
   7.000   1.1477   0.01368   0.00725  -0.0809  0.3985  1.0000  -2.4915   0.0000   0.0000   0.0000   0.3115
   7.500   1.1923   0.01449   0.00805  -0.0793  0.3592  1.0000  -2.8240   0.0000   0.0000   0.0000   0.3069
   8.000   1.2339   0.01549   0.00896  -0.0774  0.3188  1.0000  -3.1729   0.0000   0.0000   0.0000   0.3023
   8.500   1.2710   0.01670   0.01002  -0.0749  0.2719  1.0000  -3.5179   0.0000   0.0000   0.0000   0.2979
   9.000   1.3038   0.01812   0.01132  -0.0719  0.2251  1.0000  -3.8564   0.0000   0.0000   0.0000   0.2934
   9.500   1.3299   0.01979   0.01282  -0.0681  0.1810  1.0000  -4.1751   0.0000   0.0000   0.0000   0.2887
  10.000   1.3499   0.02190   0.01473  -0.0640  0.1389  1.0000  -4.4728   0.0000   0.0000   0.0000   0.2841
  10.500   1.3666   0.02439   0.01708  -0.0600  0.1041  1.0000  -4.7575   0.0000   0.0000   0.0000   0.2799
  11.000   1.3789   0.02742   0.02003  -0.0563  0.0793  1.0000  -5.0175   0.0000   0.0000   0.0000   0.2759
  11.500   1.3912   0.03067   0.02332  -0.0531  0.0625  1.0000  -5.2705   0.0000   0.0000   0.0000   0.2724
  12.000   1.4007   0.03437   0.02722  -0.0502  0.0504  1.0000  -5.4945   0.0000   0.0000   0.0000   0.2692
  12.500   1.3912   0.04007   0.03300  -0.0468  0.0404  1.0000  -5.5941   0.0000   0.0000   0.0000   0.2661
  13.000   1.3990   0.04441   0.03758  -0.0450  0.0348  1.0000  -5.7750   0.0000   0.0000   0.0000   0.2636
  13.500   1.3939   0.05026   0.04358  -0.0433  0.0307  1.0000  -5.8875   0.0000   0.0000   0.0000   0.2616
  14.000   1.3754   0.05777   0.05131  -0.0409  0.0274  1.0000  -5.8680   0.0000   0.0000   0.0000   0.2593
  14.500   1.3744   0.06371   0.05753  -0.0395  0.0264  1.0000  -5.9646   0.0000   0.0000   0.0000   0.2573
  15.000   1.3745   0.06989   0.06401  -0.0390  0.0256  1.0000  -6.0738   0.0000   0.0000   0.0000   0.2560


