xflr5 v6.59

 Calculated polar for: revR_20_revT

 1 1 Reynolds number fixed          Mach number fixed         

 xtrf =   1.000 (top)        1.000 (bottom)
 Mach =   0.000     Re =     0.075 e 6     Ncrit =   9.000

  alpha     CL        CD       CDp       Cm    Top Xtr Bot Xtr   Cpmin    Chinge    XCp    
 ------- -------- --------- --------- -------- ------- ------- -------- --------- ---------
  -5.000  -0.5005   0.03650   0.02835  -0.0329  1.0000  0.1002  -2.8662   0.0000   0.0000   0.0000   0.1788
  -4.500  -0.4672   0.03175   0.02331  -0.0315  1.0000  0.1108  -2.7104   0.0000   0.0000   0.0000   0.1772
  -4.000  -0.4275   0.02880   0.01967  -0.0295  1.0000  0.1202  -2.5621   0.0000   0.0000   0.0000   0.1758
  -3.500  -0.3528   0.02651   0.01715  -0.0340  0.9879  0.1517  -2.2855   0.0000   0.0000   0.0000   0.1481
  -3.000  -0.2838   0.02507   0.01580  -0.0373  0.9724  0.2182  -1.9912   0.0000   0.0000   0.0000   0.1126
  -2.500  -0.2209   0.02347   0.01524  -0.0395  0.9571  0.3760  -1.6947   0.0000   0.0000   0.0000   0.0645
  -2.000  -0.1643   0.02293   0.01624  -0.0382  0.9417  0.6994  -1.3964   0.0000   0.0000   0.0000   0.0103
  -1.500  -0.1065   0.02336   0.01696  -0.0351  0.9241  0.9142  -1.1514   0.0000   0.0000   0.0000  -0.0882
  -1.000   0.0523   0.02420   0.01713  -0.0557  0.9099  1.0000  -0.7576   0.0000   0.0000   0.0000   1.3265
  -0.500   0.1039   0.02456   0.01709  -0.0573  0.8882  1.0000  -0.5835   0.0000   0.0000   0.0000   0.8043
   0.000   0.1784   0.02512   0.01729  -0.0617  0.8697  1.0000  -0.5143   0.0000   0.0000   0.0000   0.5961
   0.500   0.2471   0.02555   0.01747  -0.0646  0.8492  1.0000  -0.5663   0.0000   0.0000   0.0000   0.5104
   1.000   0.3061   0.02604   0.01777  -0.0656  0.8268  1.0000  -0.6167   0.0000   0.0000   0.0000   0.4625
   1.500   0.3671   0.02650   0.01810  -0.0667  0.8046  1.0000  -0.6708   0.0000   0.0000   0.0000   0.4291
   2.000   0.4292   0.02690   0.01843  -0.0677  0.7824  1.0000  -0.7301   0.0000   0.0000   0.0000   0.4046
   2.500   0.4939   0.02707   0.01856  -0.0685  0.7600  1.0000  -0.7986   0.0000   0.0000   0.0000   0.3852
   3.000   0.5565   0.02715   0.01865  -0.0687  0.7375  1.0000  -0.8718   0.0000   0.0000   0.0000   0.3695
   3.500   0.6197   0.02705   0.01859  -0.0687  0.7148  1.0000  -0.9547   0.0000   0.0000   0.0000   0.3564
   4.000   0.6838   0.02670   0.01832  -0.0683  0.6914  1.0000  -1.0495   0.0000   0.0000   0.0000   0.3451
   4.500   0.7467   0.02628   0.01799  -0.0677  0.6671  1.0000  -1.1676   0.0000   0.0000   0.0000   0.3353
   5.000   0.8109   0.02563   0.01746  -0.0669  0.6413  1.0000  -1.3091   0.0000   0.0000   0.0000   0.3267
   5.500   0.8775   0.02482   0.01671  -0.0664  0.6138  1.0000  -1.4990   0.0000   0.0000   0.0000   0.3193
   6.000   0.9332   0.02459   0.01659  -0.0646  0.5816  1.0000  -1.7732   0.0000   0.0000   0.0000   0.3124
   6.500   0.9868   0.02444   0.01649  -0.0626  0.5452  1.0000  -2.1097   0.0000   0.0000   0.0000   0.3060
   7.000   1.0369   0.02456   0.01662  -0.0602  0.5053  1.0000  -2.4507   0.0000   0.0000   0.0000   0.3000
   7.500   1.0852   0.02483   0.01688  -0.0577  0.4619  1.0000  -2.8008   0.0000   0.0000   0.0000   0.2944
   8.000   1.1266   0.02548   0.01747  -0.0544  0.4156  1.0000  -3.1367   0.0000   0.0000   0.0000   0.2889
   8.500   1.1580   0.02639   0.01832  -0.0499  0.3651  1.0000  -3.4445   0.0000   0.0000   0.0000   0.2830
   9.000   1.1816   0.02768   0.01952  -0.0446  0.3127  1.0000  -3.7247   0.0000   0.0000   0.0000   0.2769
   9.500   1.1969   0.02948   0.02119  -0.0385  0.2600  1.0000  -3.9688   0.0000   0.0000   0.0000   0.2706
  10.000   1.2030   0.03188   0.02334  -0.0316  0.2114  1.0000  -4.1657   0.0000   0.0000   0.0000   0.2640
  10.500   1.2060   0.03492   0.02628  -0.0249  0.1715  1.0000  -4.3369   0.0000   0.0000   0.0000   0.2577
  11.000   1.2230   0.03886   0.02993  -0.0209  0.1375  1.0000  -4.5418   0.0000   0.0000   0.0000   0.2533
  11.500   1.2347   0.04306   0.03424  -0.0167  0.1141  1.0000  -4.6979   0.0000   0.0000   0.0000   0.2490
  12.000   1.2529   0.04837   0.03961  -0.0139  0.0946  1.0000  -4.8474   0.0000   0.0000   0.0000   0.2459
  12.500   1.2404   0.05280   0.04463  -0.0090  0.0859  1.0000  -4.8846   0.0000   0.0000   0.0000   0.2413
  13.000   1.2488   0.05848   0.05044  -0.0068  0.0767  1.0000  -4.9884   0.0000   0.0000   0.0000   0.2386
  13.500   1.2294   0.06830   0.06080  -0.0050  0.0736  1.0000  -4.9077   0.0000   0.0000   0.0000   0.2365
  14.000   1.1903   0.07731   0.07036  -0.0045  0.0730  1.0000  -4.7929   0.0000   0.0000   0.0000   0.2354
  14.500   1.1398   0.08925   0.08278  -0.0074  0.0732  1.0000  -4.6087   0.0000   0.0000   0.0000   0.2372


