xflr5 v6.59

 Calculated polar for: revR_10_revT

 1 1 Reynolds number fixed          Mach number fixed         

 xtrf =   1.000 (top)        1.000 (bottom)
 Mach =   0.000     Re =     0.345 e 6     Ncrit =   9.000

  alpha     CL        CD       CDp       Cm    Top Xtr Bot Xtr   Cpmin    Chinge    XCp    
 ------- -------- --------- --------- -------- ------- ------- -------- --------- ---------
  -5.000  -0.2209   0.01204   0.00541  -0.0737  0.9021  0.0642  -2.5458   0.0000   0.0000   0.0000  -0.0942
  -4.500  -0.1695   0.01123   0.00457  -0.0727  0.8860  0.0917  -2.1845   0.0000   0.0000   0.0000  -0.1910
  -3.500  -0.0675   0.00992   0.00363  -0.0709  0.8545  0.2234  -1.4972   0.0000   0.0000   0.0000  -0.8223
  -3.000  -0.0168   0.00929   0.00333  -0.0701  0.8396  0.3370  -1.2163   0.0000   0.0000   0.0000  -3.9920
  -2.500   0.0334   0.00864   0.00308  -0.0689  0.8238  0.4749  -1.0116   0.0000   0.0000   0.0000   2.3438
  -2.000   0.0821   0.00811   0.00307  -0.0673  0.8089  0.6283  -0.8172   0.0000   0.0000   0.0000   1.0778
  -1.500   0.1337   0.00798   0.00308  -0.0658  0.7943  0.7143  -0.6262   0.0000   0.0000   0.0000   0.7452
  -1.000   0.1852   0.00793   0.00307  -0.0641  0.7777  0.7763  -0.5170   0.0000   0.0000   0.0000   0.5972
  -0.500   0.2367   0.00790   0.00308  -0.0626  0.7608  0.8161  -0.5596   0.0000   0.0000   0.0000   0.5140
   0.000   0.2879   0.00792   0.00307  -0.0609  0.7448  0.8524  -0.6028   0.0000   0.0000   0.0000   0.4602
   0.500   0.3378   0.00792   0.00303  -0.0588  0.7261  0.8861  -0.6528   0.0000   0.0000   0.0000   0.4222
   1.000   0.3870   0.00789   0.00300  -0.0567  0.7065  0.9200  -0.7028   0.0000   0.0000   0.0000   0.3940
   1.500   0.4475   0.00791   0.00299  -0.0569  0.6848  0.9508  -0.7621   0.0000   0.0000   0.0000   0.3744
   2.000   0.5229   0.00800   0.00299  -0.0608  0.6599  0.9719  -0.8414   0.0000   0.0000   0.0000   0.3629
   2.500   0.6018   0.00814   0.00303  -0.0656  0.6335  0.9877  -0.9283   0.0000   0.0000   0.0000   0.3553
   3.000   0.6780   0.00826   0.00306  -0.0702  0.6006  1.0000  -1.0302   0.0000   0.0000   0.0000   0.3494
   3.500   0.7109   0.00844   0.00316  -0.0660  0.5716  1.0000  -1.1128   0.0000   0.0000   0.0000   0.3382
   4.000   0.7520   0.00878   0.00334  -0.0631  0.5380  1.0000  -1.2131   0.0000   0.0000   0.0000   0.3289
   4.500   0.7978   0.00915   0.00362  -0.0612  0.5037  1.0000  -1.3550   0.0000   0.0000   0.0000   0.3212
   5.000   0.8432   0.00965   0.00395  -0.0593  0.4638  1.0000  -1.6031   0.0000   0.0000   0.0000   0.3143
   5.500   0.8905   0.01011   0.00437  -0.0577  0.4281  1.0000  -1.9272   0.0000   0.0000   0.0000   0.3083
   6.000   0.9354   0.01071   0.00483  -0.0558  0.3865  1.0000  -2.2605   0.0000   0.0000   0.0000   0.3026
   6.500   0.9784   0.01142   0.00537  -0.0537  0.3380  1.0000  -2.6025   0.0000   0.0000   0.0000   0.2973
   7.000   1.0190   0.01228   0.00601  -0.0512  0.2833  1.0000  -2.9493   0.0000   0.0000   0.0000   0.2921
   7.500   1.0579   0.01324   0.00679  -0.0486  0.2330  1.0000  -3.3013   0.0000   0.0000   0.0000   0.2872
   8.000   1.0933   0.01439   0.00770  -0.0455  0.1816  1.0000  -3.6616   0.0000   0.0000   0.0000   0.2823
   8.500   1.1244   0.01570   0.00876  -0.0419  0.1317  1.0000  -4.0201   0.0000   0.0000   0.0000   0.2773
   9.000   1.1517   0.01704   0.00992  -0.0376  0.0949  1.0000  -4.3685   0.0000   0.0000   0.0000   0.2720
   9.500   1.1715   0.01847   0.01128  -0.0321  0.0691  1.0000  -4.6862   0.0000   0.0000   0.0000   0.2661
  10.000   1.1920   0.01995   0.01274  -0.0272  0.0521  1.0000  -5.0055   0.0000   0.0000   0.0000   0.2608
  10.500   1.2081   0.02178   0.01455  -0.0221  0.0374  1.0000  -5.2870   0.0000   0.0000   0.0000   0.2556
  11.000   1.2138   0.02442   0.01723  -0.0165  0.0252  1.0000  -5.4588   0.0000   0.0000   0.0000   0.2501
  11.500   1.2157   0.02760   0.02062  -0.0114  0.0214  1.0000  -5.5956   0.0000   0.0000   0.0000   0.2451
  12.000   1.2236   0.03070   0.02391  -0.0078  0.0197  1.0000  -5.7973   0.0000   0.0000   0.0000   0.2413
  12.500   1.2294   0.03426   0.02770  -0.0049  0.0185  1.0000  -5.9983   0.0000   0.0000   0.0000   0.2380
  13.000   1.2337   0.03828   0.03190  -0.0027  0.0176  1.0000  -6.1994   0.0000   0.0000   0.0000   0.2353
  13.500   1.2348   0.04295   0.03675  -0.0011  0.0169  1.0000  -6.3783   0.0000   0.0000   0.0000   0.2331
  14.000   1.2323   0.04838   0.04238  -0.0002  0.0162  1.0000  -6.5188   0.0000   0.0000   0.0000   0.2314
  14.500   1.2274   0.05458   0.04883   0.0002  0.0157  1.0000  -6.6193   0.0000   0.0000   0.0000   0.2302
  15.000   1.2204   0.06158   0.05613  -0.0002  0.0153  1.0000  -6.6801   0.0000   0.0000   0.0000   0.2295


