xflr5 v6.59

 Calculated polar for: revR_30_revT

 1 1 Reynolds number fixed          Mach number fixed         

 xtrf =   1.000 (top)        1.000 (bottom)
 Mach =   0.000     Re =     0.140 e 6     Ncrit =   9.000

  alpha     CL        CD       CDp       Cm    Top Xtr Bot Xtr   Cpmin    Chinge    XCp    
 ------- -------- --------- --------- -------- ------- ------- -------- --------- ---------
  -5.000  -0.2239   0.02175   0.01382  -0.0841  0.9341  0.0843  -2.5585   0.0000   0.0000   0.0000  -0.1377
  -4.500  -0.1483   0.01962   0.01158  -0.0881  0.9256  0.1069  -2.2181   0.0000   0.0000   0.0000  -0.3600
  -4.000  -0.0771   0.01817   0.01030  -0.0916  0.9167  0.1599  -1.8691   0.0000   0.0000   0.0000  -0.9640
  -3.500  -0.0163   0.01692   0.00948  -0.0931  0.9032  0.2647  -1.5580   0.0000   0.0000   0.0000  -5.5771
  -3.000   0.0467   0.01587   0.00906  -0.0947  0.8924  0.4166  -1.2680   0.0000   0.0000   0.0000   2.3080
  -2.500   0.0989   0.01518   0.00908  -0.0934  0.8783  0.6004  -1.0566   0.0000   0.0000   0.0000   1.2060
  -2.000   0.1469   0.01518   0.00936  -0.0904  0.8647  0.7298  -0.8598   0.0000   0.0000   0.0000   0.8713
  -1.500   0.1944   0.01510   0.00932  -0.0862  0.8514  0.8143  -0.6764   0.0000   0.0000   0.0000   0.6969
  -1.000   0.2307   0.01522   0.00944  -0.0805  0.8345  0.8794  -0.5577   0.0000   0.0000   0.0000   0.6007
  -0.500   0.2886   0.01496   0.00905  -0.0786  0.8233  0.9395  -0.6034   0.0000   0.0000   0.0000   0.5225
   0.000   0.3907   0.01465   0.00857  -0.0871  0.8084  0.9860  -0.6749   0.0000   0.0000   0.0000   0.4721
   0.500   0.4614   0.01448   0.00824  -0.0906  0.7914  1.0000  -0.7329   0.0000   0.0000   0.0000   0.4448
   1.000   0.5053   0.01443   0.00803  -0.0884  0.7754  1.0000  -0.7796   0.0000   0.0000   0.0000   0.4228
   1.500   0.5525   0.01446   0.00793  -0.0868  0.7565  1.0000  -0.8325   0.0000   0.0000   0.0000   0.4044
   2.000   0.6032   0.01454   0.00791  -0.0857  0.7361  1.0000  -0.8886   0.0000   0.0000   0.0000   0.3889
   2.500   0.6565   0.01460   0.00790  -0.0850  0.7158  1.0000  -0.9535   0.0000   0.0000   0.0000   0.3757
   3.000   0.7109   0.01462   0.00786  -0.0842  0.6947  1.0000  -1.0260   0.0000   0.0000   0.0000   0.3643
   3.500   0.7654   0.01464   0.00782  -0.0835  0.6720  1.0000  -1.1062   0.0000   0.0000   0.0000   0.3544
   4.000   0.8194   0.01469   0.00783  -0.0827  0.6476  1.0000  -1.1995   0.0000   0.0000   0.0000   0.3456
   4.500   0.8730   0.01479   0.00790  -0.0818  0.6213  1.0000  -1.3087   0.0000   0.0000   0.0000   0.3379
   5.000   0.9261   0.01493   0.00797  -0.0808  0.5924  1.0000  -1.4456   0.0000   0.0000   0.0000   0.3309
   5.500   0.9780   0.01524   0.00823  -0.0797  0.5612  1.0000  -1.6071   0.0000   0.0000   0.0000   0.3246
   6.000   1.0269   0.01567   0.00866  -0.0782  0.5254  1.0000  -1.8748   0.0000   0.0000   0.0000   0.3187
   6.500   1.0753   0.01623   0.00913  -0.0767  0.4884  1.0000  -2.1944   0.0000   0.0000   0.0000   0.3132
   7.000   1.1211   0.01692   0.00978  -0.0749  0.4492  1.0000  -2.5194   0.0000   0.0000   0.0000   0.3081
   7.500   1.1637   0.01773   0.01060  -0.0727  0.4067  1.0000  -2.8468   0.0000   0.0000   0.0000   0.3031
   8.000   1.2037   0.01872   0.01154  -0.0703  0.3636  1.0000  -3.1765   0.0000   0.0000   0.0000   0.2984
   8.500   1.2401   0.01992   0.01268  -0.0675  0.3200  1.0000  -3.5077   0.0000   0.0000   0.0000   0.2937
   9.000   1.2703   0.02136   0.01408  -0.0641  0.2726  1.0000  -3.8334   0.0000   0.0000   0.0000   0.2889
   9.500   1.2931   0.02317   0.01577  -0.0599  0.2241  1.0000  -4.1336   0.0000   0.0000   0.0000   0.2840
  10.000   1.3059   0.02552   0.01798  -0.0547  0.1787  1.0000  -4.3905   0.0000   0.0000   0.0000   0.2789
  10.500   1.3110   0.02879   0.02101  -0.0496  0.1401  1.0000  -4.6049   0.0000   0.0000   0.0000   0.2740
  11.000   1.3184   0.03226   0.02449  -0.0456  0.1087  1.0000  -4.8187   0.0000   0.0000   0.0000   0.2700
  11.500   1.3229   0.03628   0.02851  -0.0422  0.0864  1.0000  -5.0125   0.0000   0.0000   0.0000   0.2665
  12.000   1.3257   0.04081   0.03310  -0.0392  0.0704  1.0000  -5.1788   0.0000   0.0000   0.0000   0.2632
  12.500   1.3236   0.04622   0.03853  -0.0360  0.0575  1.0000  -5.2937   0.0000   0.0000   0.0000   0.2600
  13.000   1.3313   0.05082   0.04350  -0.0341  0.0507  1.0000  -5.4306   0.0000   0.0000   0.0000   0.2575
  13.500   1.3343   0.05608   0.04893  -0.0323  0.0451  1.0000  -5.5482   0.0000   0.0000   0.0000   0.2552
  14.000   1.3367   0.06337   0.05647  -0.0288  0.0403  1.0000  -5.5522   0.0000   0.0000   0.0000   0.2518
  14.500   1.3305   0.07017   0.06373  -0.0281  0.0393  1.0000  -5.5996   0.0000   0.0000   0.0000   0.2505
  15.000   1.3133   0.07870   0.07274  -0.0286  0.0386  1.0000  -5.5818   0.0000   0.0000   0.0000   0.2501


