xflr5 v6.59

 Calculated polar for: revR_65_revT

 1 1 Reynolds number fixed          Mach number fixed         

 xtrf =   1.000 (top)        1.000 (bottom)
 Mach =   0.000     Re =     0.240 e 6     Ncrit =   9.000

  alpha     CL        CD       CDp       Cm    Top Xtr Bot Xtr   Cpmin    Chinge    XCp    
 ------- -------- --------- --------- -------- ------- ------- -------- --------- ---------
  -5.000  -0.0005   0.01601   0.00887  -0.1257  0.8495  0.0633  -2.2922   0.0000   0.0000   0.0000  -271.4189
  -4.500   0.0518   0.01536   0.00811  -0.1252  0.8390  0.0769  -1.9906   0.0000   0.0000   0.0000   2.7180
  -4.000   0.1061   0.01410   0.00691  -0.1251  0.8295  0.1097  -1.7539   0.0000   0.0000   0.0000   1.4521
  -3.500   0.1608   0.01347   0.00641  -0.1250  0.8200  0.1680  -1.5181   0.0000   0.0000   0.0000   1.0403
  -3.000   0.2149   0.01293   0.00613  -0.1250  0.8090  0.2508  -1.2795   0.0000   0.0000   0.0000   0.8397
  -2.500   0.2719   0.01246   0.00586  -0.1253  0.8005  0.3419  -1.0524   0.0000   0.0000   0.0000   0.7156
  -2.000   0.3246   0.01208   0.00587  -0.1249  0.7890  0.4582  -0.8425   0.0000   0.0000   0.0000   0.6380
  -1.500   0.3792   0.01161   0.00576  -0.1243  0.7789  0.5942  -0.6916   0.0000   0.0000   0.0000   0.5794
  -1.000   0.4297   0.01148   0.00594  -0.1226  0.7674  0.7091  -0.7296   0.0000   0.0000   0.0000   0.5359
  -0.500   0.4803   0.01140   0.00596  -0.1207  0.7567  0.7901  -0.7705   0.0000   0.0000   0.0000   0.5008
   0.000   0.5277   0.01139   0.00598  -0.1180  0.7455  0.8518  -0.8098   0.0000   0.0000   0.0000   0.4724
   0.500   0.5709   0.01117   0.00579  -0.1143  0.7326  0.9094  -0.8533   0.0000   0.0000   0.0000   0.4483
   1.000   0.6358   0.01099   0.00556  -0.1155  0.7206  0.9865  -0.9099   0.0000   0.0000   0.0000   0.4291
   1.500   0.6975   0.01100   0.00541  -0.1170  0.7070  1.0000  -0.9689   0.0000   0.0000   0.0000   0.4146
   2.000   0.7548   0.01112   0.00543  -0.1175  0.6919  1.0000  -1.0303   0.0000   0.0000   0.0000   0.4019
   2.500   0.8143   0.01118   0.00531  -0.1182  0.6776  1.0000  -1.0945   0.0000   0.0000   0.0000   0.3907
   3.000   0.8689   0.01128   0.00541  -0.1180  0.6602  1.0000  -1.1599   0.0000   0.0000   0.0000   0.3809
   3.500   0.9241   0.01139   0.00546  -0.1178  0.6412  1.0000  -1.2341   0.0000   0.0000   0.0000   0.3720
   4.000   0.9793   0.01157   0.00558  -0.1177  0.6229  1.0000  -1.3116   0.0000   0.0000   0.0000   0.3640
   4.500   1.0334   0.01179   0.00572  -0.1173  0.6019  1.0000  -1.4018   0.0000   0.0000   0.0000   0.3568
   5.000   1.0857   0.01206   0.00595  -0.1167  0.5777  1.0000  -1.4959   0.0000   0.0000   0.0000   0.3501
   5.500   1.1369   0.01244   0.00630  -0.1159  0.5525  1.0000  -1.6154   0.0000   0.0000   0.0000   0.3439
   6.000   1.1862   0.01289   0.00672  -0.1148  0.5237  1.0000  -1.7350   0.0000   0.0000   0.0000   0.3381
   6.500   1.2340   0.01346   0.00723  -0.1135  0.4942  1.0000  -1.8896   0.0000   0.0000   0.0000   0.3326
   7.000   1.2790   0.01416   0.00783  -0.1118  0.4622  1.0000  -2.0492   0.0000   0.0000   0.0000   0.3273
   7.500   1.3219   0.01493   0.00857  -0.1099  0.4295  1.0000  -2.2534   0.0000   0.0000   0.0000   0.3223
   8.000   1.3626   0.01582   0.00946  -0.1076  0.3980  1.0000  -2.4955   0.0000   0.0000   0.0000   0.3175
   8.500   1.3965   0.01696   0.01045  -0.1044  0.3623  1.0000  -2.7812   0.0000   0.0000   0.0000   0.3125
   9.000   1.4277   0.01809   0.01159  -0.1009  0.3295  1.0000  -3.0677   0.0000   0.0000   0.0000   0.3076
   9.500   1.4532   0.01952   0.01298  -0.0967  0.2989  1.0000  -3.3485   0.0000   0.0000   0.0000   0.3027
  10.000   1.4719   0.02139   0.01479  -0.0921  0.2658  1.0000  -3.6166   0.0000   0.0000   0.0000   0.2979
  10.500   1.4907   0.02349   0.01688  -0.0881  0.2328  1.0000  -3.8901   0.0000   0.0000   0.0000   0.2935
  11.000   1.5042   0.02615   0.01948  -0.0841  0.2024  1.0000  -4.1477   0.0000   0.0000   0.0000   0.2895
  11.500   1.5141   0.02934   0.02261  -0.0804  0.1723  1.0000  -4.3952   0.0000   0.0000   0.0000   0.2857
  12.000   1.5230   0.03284   0.02609  -0.0770  0.1441  1.0000  -4.6471   0.0000   0.0000   0.0000   0.2823
  12.500   1.5271   0.03693   0.03016  -0.0738  0.1199  1.0000  -4.8785   0.0000   0.0000   0.0000   0.2791
  13.000   1.5282   0.04151   0.03479  -0.0709  0.0996  1.0000  -5.0957   0.0000   0.0000   0.0000   0.2762
  13.500   1.5247   0.04677   0.04009  -0.0684  0.0834  1.0000  -5.2877   0.0000   0.0000   0.0000   0.2735
  14.000   1.5153   0.05305   0.04638  -0.0663  0.0697  1.0000  -5.4455   0.0000   0.0000   0.0000   0.2714
  14.500   1.5170   0.05847   0.05200  -0.0650  0.0600  1.0000  -5.6533   0.0000   0.0000   0.0000   0.2695
  15.000   1.4974   0.06664   0.06023  -0.0639  0.0511  1.0000  -5.7363   0.0000   0.0000   0.0000   0.2682


