xflr5 v6.59

 Calculated polar for: revR_40_revT

 1 1 Reynolds number fixed          Mach number fixed         

 xtrf =   1.000 (top)        1.000 (bottom)
 Mach =   0.000     Re =     0.365 e 6     Ncrit =   9.000

  alpha     CL        CD       CDp       Cm    Top Xtr Bot Xtr   Cpmin    Chinge    XCp    
 ------- -------- --------- --------- -------- ------- ------- -------- --------- ---------
  -5.000  -0.1054   0.01279   0.00611  -0.0997  0.8461  0.0544  -2.4477   0.0000   0.0000   0.0000  -0.7201
  -4.500  -0.0526   0.01170   0.00495  -0.0992  0.8341  0.0732  -2.1206   0.0000   0.0000   0.0000  -1.6813
  -4.000   0.0018   0.01097   0.00427  -0.0990  0.8231  0.1109  -1.7992   0.0000   0.0000   0.0000  57.0633
  -3.500   0.0562   0.01041   0.00389  -0.0989  0.8115  0.1716  -1.4872   0.0000   0.0000   0.0000   2.0401
  -3.000   0.1113   0.00993   0.00362  -0.0990  0.8011  0.2564  -1.2515   0.0000   0.0000   0.0000   1.1516
  -2.500   0.1656   0.00943   0.00341  -0.0988  0.7890  0.3488  -1.0313   0.0000   0.0000   0.0000   0.8534
  -2.000   0.2203   0.00899   0.00326  -0.0987  0.7776  0.4712  -0.8191   0.0000   0.0000   0.0000   0.7013
  -1.500   0.2731   0.00852   0.00325  -0.0980  0.7656  0.6122  -0.6268   0.0000   0.0000   0.0000   0.6104
  -1.000   0.3269   0.00839   0.00327  -0.0970  0.7538  0.7087  -0.6374   0.0000   0.0000   0.0000   0.5473
  -0.500   0.3795   0.00829   0.00330  -0.0958  0.7399  0.7756  -0.6779   0.0000   0.0000   0.0000   0.5020
   0.000   0.4322   0.00829   0.00332  -0.0946  0.7272  0.8223  -0.7229   0.0000   0.0000   0.0000   0.4675
   0.500   0.4830   0.00824   0.00331  -0.0929  0.7130  0.8619  -0.7700   0.0000   0.0000   0.0000   0.4404
   1.000   0.5317   0.00820   0.00329  -0.0907  0.6973  0.9024  -0.8181   0.0000   0.0000   0.0000   0.4181
   1.500   0.5819   0.00815   0.00319  -0.0888  0.6816  0.9476  -0.8741   0.0000   0.0000   0.0000   0.3995
   2.000   0.6570   0.00808   0.00309  -0.0927  0.6627  1.0000  -0.9476   0.0000   0.0000   0.0000   0.3876
   2.500   0.7119   0.00821   0.00313  -0.0929  0.6421  1.0000  -1.0102   0.0000   0.0000   0.0000   0.3764
   3.000   0.7673   0.00839   0.00322  -0.0930  0.6199  1.0000  -1.0835   0.0000   0.0000   0.0000   0.3666
   3.500   0.8222   0.00862   0.00337  -0.0929  0.5970  1.0000  -1.1606   0.0000   0.0000   0.0000   0.3579
   4.000   0.8758   0.00891   0.00355  -0.0925  0.5696  1.0000  -1.2498   0.0000   0.0000   0.0000   0.3500
   4.500   0.9286   0.00929   0.00381  -0.0921  0.5416  1.0000  -1.3524   0.0000   0.0000   0.0000   0.3429
   5.000   0.9809   0.00968   0.00415  -0.0915  0.5109  1.0000  -1.4734   0.0000   0.0000   0.0000   0.3366
   5.500   1.0318   0.01017   0.00455  -0.0908  0.4775  1.0000  -1.6224   0.0000   0.0000   0.0000   0.3307
   6.000   1.0812   0.01077   0.00503  -0.0899  0.4433  1.0000  -1.8059   0.0000   0.0000   0.0000   0.3252
   6.500   1.1299   0.01139   0.00558  -0.0889  0.4061  1.0000  -2.1178   0.0000   0.0000   0.0000   0.3201
   7.000   1.1765   0.01216   0.00623  -0.0876  0.3677  1.0000  -2.4380   0.0000   0.0000   0.0000   0.3152
   7.500   1.2212   0.01303   0.00699  -0.0861  0.3289  1.0000  -2.7782   0.0000   0.0000   0.0000   0.3106
   8.000   1.2617   0.01414   0.00788  -0.0841  0.2785  1.0000  -3.1200   0.0000   0.0000   0.0000   0.3061
   9.000   1.3370   0.01660   0.01005  -0.0794  0.1943  1.0000  -3.8171   0.0000   0.0000   0.0000   0.2974
   9.500   1.3660   0.01811   0.01141  -0.0759  0.1553  1.0000  -4.1467   0.0000   0.0000   0.0000   0.2929
  10.000   1.3891   0.02002   0.01313  -0.0720  0.1180  1.0000  -4.4582   0.0000   0.0000   0.0000   0.2883
  10.500   1.4115   0.02205   0.01509  -0.0684  0.0910  1.0000  -4.7705   0.0000   0.0000   0.0000   0.2841
  11.000   1.4310   0.02443   0.01742  -0.0649  0.0704  1.0000  -5.0714   0.0000   0.0000   0.0000   0.2802
  11.500   1.4477   0.02717   0.02023  -0.0617  0.0547  1.0000  -5.3569   0.0000   0.0000   0.0000   0.2766
  12.000   1.4547   0.03091   0.02396  -0.0582  0.0410  1.0000  -5.5832   0.0000   0.0000   0.0000   0.2731
  12.500   1.4689   0.03422   0.02740  -0.0558  0.0338  1.0000  -5.8419   0.0000   0.0000   0.0000   0.2702
  13.000   1.4598   0.03991   0.03325  -0.0526  0.0267  1.0000  -5.9327   0.0000   0.0000   0.0000   0.2672
  13.500   1.4644   0.04458   0.03814  -0.0507  0.0240  1.0000  -6.1129   0.0000   0.0000   0.0000   0.2649
  14.000   1.4630   0.05007   0.04383  -0.0492  0.0220  1.0000  -6.2666   0.0000   0.0000   0.0000   0.2629
  14.500   1.4568   0.05653   0.05048  -0.0484  0.0205  1.0000  -6.3939   0.0000   0.0000   0.0000   0.2614
  15.000   1.4445   0.06407   0.05824  -0.0481  0.0194  1.0000  -6.4751   0.0000   0.0000   0.0000   0.2604


