xflr5 v6.59

 Calculated polar for: revR_70_revT

 1 1 Reynolds number fixed          Mach number fixed         

 xtrf =   1.000 (top)        1.000 (bottom)
 Mach =   0.000     Re =     0.040 e 6     Ncrit =   9.000

  alpha     CL        CD       CDp       Cm    Top Xtr Bot Xtr   Cpmin    Chinge    XCp    
 ------- -------- --------- --------- -------- ------- ------- -------- --------- ---------
  -5.000  -0.4247   0.09623   0.09039   0.0172  1.0000  0.4745  -1.3857   0.0000   0.0000   0.0000   0.2843
  -4.500  -0.4223   0.09148   0.08572   0.0227  1.0000  0.5126  -1.3544   0.0000   0.0000   0.0000   0.2978
  -4.000  -0.3746   0.05800   0.05045  -0.0534  1.0000  0.1889  -2.0843   0.0000   0.0000   0.0000   0.1011
  -3.500  -0.3100   0.04946   0.04094  -0.0624  1.0000  0.1873  -2.0472   0.0000   0.0000   0.0000   0.0414
  -3.000  -0.2543   0.04526   0.03620  -0.0665  1.0000  0.2094  -1.9147   0.0000   0.0000   0.0000  -0.0197
  -2.500  -0.1924   0.04188   0.03197  -0.0706  1.0000  0.2398  -1.7907   0.0000   0.0000   0.0000  -0.1270
  -2.000  -0.1366   0.03986   0.02963  -0.0727  1.0000  0.2912  -1.6599   0.0000   0.0000   0.0000  -0.2942
  -1.500  -0.0840   0.03893   0.02895  -0.0736  1.0000  0.3937  -1.5076   0.0000   0.0000   0.0000  -0.6436
  -1.000  -0.0357   0.03843   0.02929  -0.0723  1.0000  0.5724  -1.3446   0.0000   0.0000   0.0000  -1.8092
  -0.500  -0.0281   0.03757   0.02965  -0.0596  1.0000  0.8413  -1.2450   0.0000   0.0000   0.0000  -1.9083
   0.000   0.0130   0.03788   0.02908  -0.0637  1.0000  1.0000  -1.0961   0.0000   0.0000   0.0000   5.2166
   0.500   0.0607   0.04018   0.03063  -0.0668  1.0000  1.0000  -0.9171   0.0000   0.0000   0.0000   1.3575
   1.000   0.1032   0.04266   0.03259  -0.0689  1.0000  1.0000  -0.7629   0.0000   0.0000   0.0000   0.9188
   1.500   0.1428   0.04535   0.03488  -0.0706  1.0000  1.0000  -0.6177   0.0000   0.0000   0.0000   0.7429
   2.000   0.1801   0.04825   0.03747  -0.0721  1.0000  1.0000  -0.5274   0.0000   0.0000   0.0000   0.6471
   2.500   0.2157   0.05139   0.04036  -0.0735  1.0000  1.0000  -0.5494   0.0000   0.0000   0.0000   0.5866
   3.000   0.2496   0.05476   0.04354  -0.0749  1.0000  1.0000  -0.5719   0.0000   0.0000   0.0000   0.5450
   3.500   0.2820   0.05837   0.04702  -0.0763  1.0000  1.0000  -0.5914   0.0000   0.0000   0.0000   0.5146
   4.000   0.3351   0.06355   0.05207  -0.0819  0.9905  1.0000  -0.6260   0.0000   0.0000   0.0000   0.4879
   4.500   0.3998   0.06936   0.05784  -0.0896  0.9536  1.0000  -0.6703   0.0000   0.0000   0.0000   0.4674
   5.000   0.4668   0.07629   0.06472  -0.0971  0.9210  1.0000  -0.7235   0.0000   0.0000   0.0000   0.4508
   5.500   0.5033   0.08009   0.06857  -0.0987  0.8804  1.0000  -0.7524   0.0000   0.0000   0.0000   0.4384
   6.000   0.5701   0.08762   0.07614  -0.1051  0.8479  1.0000  -0.8139   0.0000   0.0000   0.0000   0.4262
   6.500   0.5821   0.09071   0.07932  -0.1031  0.8176  1.0000  -0.8289   0.0000   0.0000   0.0000   0.4185
   7.000   0.6113   0.09593   0.08464  -0.1042  0.7921  1.0000  -0.8612   0.0000   0.0000   0.0000   0.4112
   7.500   0.6433   0.10093   0.08976  -0.1051  0.7587  1.0000  -0.8973   0.0000   0.0000   0.0000   0.4036
   8.000   0.6666   0.10654   0.09550  -0.1058  0.7363  1.0000  -0.9287   0.0000   0.0000   0.0000   0.3983
   8.500   0.7064   0.11271   0.10183  -0.1077  0.7053  1.0000  -0.9868   0.0000   0.0000   0.0000   0.3915
   9.000   0.7973   0.11360   0.10289  -0.1061  0.6024  1.0000  -1.1471   0.0000   0.0000   0.0000   0.3716
   9.500   0.8129   0.11908   0.10855  -0.1055  0.5773  1.0000  -1.1830   0.0000   0.0000   0.0000   0.3678
  10.500   0.8853   0.12809   0.11798  -0.1040  0.5062  1.0000  -1.3655   0.0000   0.0000   0.0000   0.3541


