xflr5 v6.59

 Calculated polar for: revR_15_revT

 1 1 Reynolds number fixed          Mach number fixed         

 xtrf =   1.000 (top)        1.000 (bottom)
 Mach =   0.000     Re =     0.230 e 6     Ncrit =   9.000

  alpha     CL        CD       CDp       Cm    Top Xtr Bot Xtr   Cpmin    Chinge    XCp    
 ------- -------- --------- --------- -------- ------- ------- -------- --------- ---------
  -5.000  -0.2119   0.01511   0.00795  -0.0785  0.9237  0.0734  -2.4940   0.0000   0.0000   0.0000  -0.1319
  -4.500  -0.1558   0.01377   0.00657  -0.0787  0.9109  0.1016  -2.1517   0.0000   0.0000   0.0000  -0.2681
  -4.000  -0.0979   0.01262   0.00567  -0.0792  0.8979  0.1712  -1.8078   0.0000   0.0000   0.0000  -0.5773
  -3.500  -0.0487   0.01181   0.00527  -0.0782  0.8821  0.2742  -1.4904   0.0000   0.0000   0.0000  -1.3859
  -3.000   0.0039   0.01103   0.00489  -0.0776  0.8691  0.4053  -1.2177   0.0000   0.0000   0.0000  20.5106
  -2.500   0.0505   0.01035   0.00478  -0.0755  0.8532  0.5670  -1.0202   0.0000   0.0000   0.0000   1.7629
  -2.000   0.0982   0.01008   0.00485  -0.0729  0.8374  0.6941  -0.8271   0.0000   0.0000   0.0000   0.9996
  -1.500   0.1497   0.01005   0.00485  -0.0707  0.8240  0.7686  -0.6357   0.0000   0.0000   0.0000   0.7259
  -1.000   0.1969   0.01006   0.00489  -0.0680  0.8072  0.8228  -0.5272   0.0000   0.0000   0.0000   0.5964
  -0.500   0.2443   0.01006   0.00487  -0.0650  0.7911  0.8656  -0.5677   0.0000   0.0000   0.0000   0.5159
   0.000   0.2948   0.01001   0.00474  -0.0625  0.7755  0.9049  -0.6104   0.0000   0.0000   0.0000   0.4609
   0.500   0.3514   0.00998   0.00467  -0.0617  0.7576  0.9418  -0.6630   0.0000   0.0000   0.0000   0.4239
   1.000   0.4346   0.00998   0.00457  -0.0667  0.7382  0.9670  -0.7330   0.0000   0.0000   0.0000   0.4011
   1.500   0.5278   0.00995   0.00443  -0.0741  0.7179  0.9835  -0.8160   0.0000   0.0000   0.0000   0.3877
   2.000   0.6145   0.00985   0.00423  -0.0806  0.6935  1.0000  -0.9034   0.0000   0.0000   0.0000   0.3780
   2.500   0.6460   0.00987   0.00418  -0.0763  0.6703  1.0000  -0.9574   0.0000   0.0000   0.0000   0.3645
   3.000   0.6812   0.00997   0.00420  -0.0725  0.6452  1.0000  -1.0230   0.0000   0.0000   0.0000   0.3522
   3.500   0.7233   0.01015   0.00427  -0.0697  0.6169  1.0000  -1.1053   0.0000   0.0000   0.0000   0.3418
   4.000   0.7696   0.01043   0.00442  -0.0677  0.5876  1.0000  -1.2089   0.0000   0.0000   0.0000   0.3329
   4.500   0.8164   0.01076   0.00469  -0.0659  0.5543  1.0000  -1.3348   0.0000   0.0000   0.0000   0.3251
   5.000   0.8633   0.01118   0.00501  -0.0641  0.5195  1.0000  -1.5098   0.0000   0.0000   0.0000   0.3181
   5.500   0.9088   0.01167   0.00542  -0.0621  0.4804  1.0000  -1.8174   0.0000   0.0000   0.0000   0.3117
   6.000   0.9536   0.01227   0.00589  -0.0600  0.4435  1.0000  -2.1379   0.0000   0.0000   0.0000   0.3058
   6.500   0.9967   0.01289   0.00646  -0.0578  0.4020  1.0000  -2.4675   0.0000   0.0000   0.0000   0.3003
   7.000   1.0375   0.01364   0.00711  -0.0553  0.3590  1.0000  -2.8025   0.0000   0.0000   0.0000   0.2950
   7.500   1.0757   0.01451   0.00790  -0.0524  0.3157  1.0000  -3.1400   0.0000   0.0000   0.0000   0.2898
   8.000   1.1099   0.01552   0.00878  -0.0490  0.2677  1.0000  -3.4729   0.0000   0.0000   0.0000   0.2846
   8.500   1.1385   0.01675   0.00981  -0.0448  0.2150  1.0000  -3.8047   0.0000   0.0000   0.0000   0.2792
   9.000   1.1586   0.01823   0.01104  -0.0395  0.1641  1.0000  -4.1116   0.0000   0.0000   0.0000   0.2732
   9.500   1.1733   0.01993   0.01257  -0.0335  0.1211  1.0000  -4.3969   0.0000   0.0000   0.0000   0.2671
  10.000   1.1863   0.02190   0.01441  -0.0280  0.0895  1.0000  -4.6722   0.0000   0.0000   0.0000   0.2614
  10.500   1.1978   0.02416   0.01665  -0.0229  0.0692  1.0000  -4.9310   0.0000   0.0000   0.0000   0.2562
  11.000   1.2025   0.02709   0.01958  -0.0179  0.0529  1.0000  -5.1410   0.0000   0.0000   0.0000   0.2511
  11.500   1.2136   0.02990   0.02250  -0.0142  0.0416  1.0000  -5.3600   0.0000   0.0000   0.0000   0.2472
  12.000   1.2074   0.03441   0.02718  -0.0099  0.0336  1.0000  -5.4291   0.0000   0.0000   0.0000   0.2429
  12.500   1.2124   0.03839   0.03135  -0.0073  0.0294  1.0000  -5.5757   0.0000   0.0000   0.0000   0.2398
  13.000   1.2139   0.04303   0.03619  -0.0053  0.0269  1.0000  -5.7144   0.0000   0.0000   0.0000   0.2372
  13.500   1.2131   0.04855   0.04191  -0.0034  0.0251  1.0000  -5.7948   0.0000   0.0000   0.0000   0.2348
  14.000   1.2142   0.05520   0.04894  -0.0018  0.0239  1.0000  -5.8164   0.0000   0.0000   0.0000   0.2327
  14.500   1.2146   0.06130   0.05539  -0.0017  0.0237  1.0000  -5.9130   0.0000   0.0000   0.0000   0.2316
  15.000   1.2068   0.06884   0.06331  -0.0026  0.0235  1.0000  -5.9513   0.0000   0.0000   0.0000   0.2315


