xflr5 v6.59

 Calculated polar for: revR_70_revT

 1 1 Reynolds number fixed          Mach number fixed         

 xtrf =   1.000 (top)        1.000 (bottom)
 Mach =   0.000     Re =     0.455 e 6     Ncrit =   9.000

  alpha     CL        CD       CDp       Cm    Top Xtr Bot Xtr   Cpmin    Chinge    XCp    
 ------- -------- --------- --------- -------- ------- ------- -------- --------- ---------
  -5.000   0.0163   0.01195   0.00543  -0.1266  0.7965  0.0459  -2.3579   0.0000   0.0000   0.0000   8.2089
  -4.500   0.0724   0.01143   0.00483  -0.1267  0.7883  0.0536  -2.0435   0.0000   0.0000   0.0000   2.0379
  -4.000   0.1284   0.01061   0.00400  -0.1269  0.7792  0.0814  -1.7947   0.0000   0.0000   0.0000   1.2562
  -3.500   0.1849   0.01018   0.00366  -0.1272  0.7709  0.1232  -1.5361   0.0000   0.0000   0.0000   0.9486
  -3.000   0.2413   0.00974   0.00341  -0.1275  0.7622  0.1804  -1.2899   0.0000   0.0000   0.0000   0.7851
  -2.500   0.2982   0.00939   0.00320  -0.1278  0.7533  0.2499  -1.0554   0.0000   0.0000   0.0000   0.6829
  -2.000   0.3546   0.00907   0.00309  -0.1281  0.7436  0.3309  -0.8326   0.0000   0.0000   0.0000   0.6137
  -1.500   0.4110   0.00870   0.00298  -0.1283  0.7338  0.4293  -0.7240   0.0000   0.0000   0.0000   0.5634
  -0.500   0.5223   0.00815   0.00304  -0.1281  0.7135  0.6633  -0.8075   0.0000   0.0000   0.0000   0.4946
   0.000   0.5773   0.00810   0.00308  -0.1276  0.7025  0.7476  -0.8521   0.0000   0.0000   0.0000   0.4695
   0.500   0.6309   0.00805   0.00317  -0.1268  0.6913  0.8027  -0.9010   0.0000   0.0000   0.0000   0.4488
   1.500   0.7327   0.00796   0.00320  -0.1238  0.6645  0.8965  -1.0026   0.0000   0.0000   0.0000   0.4156
   2.000   0.7827   0.00789   0.00304  -0.1221  0.6507  0.9615  -1.0610   0.0000   0.0000   0.0000   0.4019
   2.500   0.8452   0.00796   0.00313  -0.1236  0.6337  1.0000  -1.1281   0.0000   0.0000   0.0000   0.3917
   3.000   0.9020   0.00814   0.00323  -0.1240  0.6150  1.0000  -1.1921   0.0000   0.0000   0.0000   0.3823
   3.500   0.9579   0.00838   0.00339  -0.1242  0.5970  1.0000  -1.2678   0.0000   0.0000   0.0000   0.3739
   4.000   1.0124   0.00866   0.00359  -0.1241  0.5760  1.0000  -1.3439   0.0000   0.0000   0.0000   0.3662
   4.500   1.0657   0.00900   0.00384  -0.1238  0.5513  1.0000  -1.4319   0.0000   0.0000   0.0000   0.3591
   5.000   1.1183   0.00939   0.00416  -0.1233  0.5274  1.0000  -1.5261   0.0000   0.0000   0.0000   0.3527
   5.500   1.1692   0.00984   0.00454  -0.1227  0.4990  1.0000  -1.6414   0.0000   0.0000   0.0000   0.3466
   6.000   1.2192   0.01036   0.00499  -0.1219  0.4713  1.0000  -1.7637   0.0000   0.0000   0.0000   0.3410
   6.500   1.2663   0.01102   0.00553  -0.1206  0.4384  1.0000  -1.9072   0.0000   0.0000   0.0000   0.3356
   7.000   1.3122   0.01173   0.00614  -0.1192  0.4077  1.0000  -2.0689   0.0000   0.0000   0.0000   0.3305
   7.500   1.3571   0.01247   0.00684  -0.1177  0.3775  1.0000  -2.2590   0.0000   0.0000   0.0000   0.3257
   8.000   1.3966   0.01344   0.00766  -0.1154  0.3405  1.0000  -2.4778   0.0000   0.0000   0.0000   0.3208
   8.500   1.4338   0.01443   0.00857  -0.1127  0.3108  1.0000  -2.7561   0.0000   0.0000   0.0000   0.3160
   9.000   1.4671   0.01553   0.00960  -0.1095  0.2798  1.0000  -3.0675   0.0000   0.0000   0.0000   0.3113
   9.500   1.4934   0.01701   0.01097  -0.1055  0.2458  1.0000  -3.3642   0.0000   0.0000   0.0000   0.3065
  10.000   1.5183   0.01868   0.01256  -0.1017  0.2163  1.0000  -3.6640   0.0000   0.0000   0.0000   0.3020
  10.500   1.5415   0.02059   0.01441  -0.0982  0.1868  1.0000  -3.9653   0.0000   0.0000   0.0000   0.2978
  11.000   1.5601   0.02296   0.01668  -0.0945  0.1578  1.0000  -4.2550   0.0000   0.0000   0.0000   0.2938
  11.500   1.5736   0.02586   0.01947  -0.0908  0.1299  1.0000  -4.5289   0.0000   0.0000   0.0000   0.2900
  12.000   1.5850   0.02907   0.02262  -0.0873  0.1057  1.0000  -4.7979   0.0000   0.0000   0.0000   0.2865
  13.000   1.6050   0.03614   0.02970  -0.0812  0.0728  1.0000  -5.3350   0.0000   0.0000   0.0000   0.2800
  13.500   1.6125   0.04014   0.03377  -0.0786  0.0609  1.0000  -5.6035   0.0000   0.0000   0.0000   0.2771
  14.000   1.6100   0.04530   0.03895  -0.0759  0.0490  1.0000  -5.8208   0.0000   0.0000   0.0000   0.2745
  14.500   1.6152   0.04999   0.04376  -0.0741  0.0424  1.0000  -6.0812   0.0000   0.0000   0.0000   0.2722
  15.000   1.6037   0.05682   0.05067  -0.0723  0.0347  1.0000  -6.2394   0.0000   0.0000   0.0000   0.2703


