xflr5 v6.59

 Calculated polar for: revR_10_revT

 1 1 Reynolds number fixed          Mach number fixed         

 xtrf =   1.000 (top)        1.000 (bottom)
 Mach =   0.000     Re =     0.070 e 6     Ncrit =   9.000

  alpha     CL        CD       CDp       Cm    Top Xtr Bot Xtr   Cpmin    Chinge    XCp    
 ------- -------- --------- --------- -------- ------- ------- -------- --------- ---------
  -5.000  -0.5068   0.03383   0.02556  -0.0289  1.0000  0.1125  -2.8042   0.0000   0.0000   0.0000   0.1877
  -4.500  -0.4693   0.03046   0.02121  -0.0264  1.0000  0.1200  -2.7045   0.0000   0.0000   0.0000   0.1886
  -4.000  -0.4318   0.02702   0.01763  -0.0242  1.0000  0.1357  -2.5285   0.0000   0.0000   0.0000   0.1888
  -3.500  -0.3945   0.02541   0.01576  -0.0219  1.0000  0.1673  -2.3163   0.0000   0.0000   0.0000   0.1896
  -3.000  -0.3588   0.02357   0.01424  -0.0195  1.0000  0.2214  -2.0937   0.0000   0.0000   0.0000   0.1910
  -2.500  -0.2952   0.02199   0.01376  -0.0220  0.9884  0.3973  -1.7998   0.0000   0.0000   0.0000   0.1706
  -2.000  -0.2479   0.02149   0.01495  -0.0183  0.9707  0.7505  -1.5077   0.0000   0.0000   0.0000   0.1713
  -1.500  -0.0818   0.02325   0.01643  -0.0348  0.9594  0.9835  -1.0036   0.0000   0.0000   0.0000  -0.1852
  -1.000   0.0063   0.02371   0.01632  -0.0445  0.9386  1.0000  -0.7543   0.0000   0.0000   0.0000   7.4524
  -0.500   0.0681   0.02415   0.01637  -0.0482  0.9149  1.0000  -0.5690   0.0000   0.0000   0.0000   0.9623
   0.000   0.1397   0.02480   0.01668  -0.0526  0.8932  1.0000  -0.4820   0.0000   0.0000   0.0000   0.6268
   0.500   0.2139   0.02533   0.01698  -0.0567  0.8707  1.0000  -0.5380   0.0000   0.0000   0.0000   0.5140
   1.000   0.2819   0.02579   0.01727  -0.0594  0.8472  1.0000  -0.5942   0.0000   0.0000   0.0000   0.4587
   1.500   0.3515   0.02615   0.01752  -0.0619  0.8238  1.0000  -0.6538   0.0000   0.0000   0.0000   0.4235
   2.500   0.4900   0.02637   0.01769  -0.0652  0.7763  1.0000  -0.7955   0.0000   0.0000   0.0000   0.3796
   3.000   0.5547   0.02632   0.01767  -0.0654  0.7521  1.0000  -0.8755   0.0000   0.0000   0.0000   0.3641
   3.500   0.6196   0.02604   0.01745  -0.0652  0.7274  1.0000  -0.9671   0.0000   0.0000   0.0000   0.3510
   4.000   0.6620   0.02652   0.01801  -0.0622  0.6966  1.0000  -1.0553   0.0000   0.0000   0.0000   0.3393
   5.000   0.7821   0.02574   0.01747  -0.0595  0.6389  1.0000  -1.3433   0.0000   0.0000   0.0000   0.3205
   5.500   0.8503   0.02484   0.01662  -0.0587  0.6091  1.0000  -1.6061   0.0000   0.0000   0.0000   0.3130
   6.000   0.8969   0.02504   0.01697  -0.0558  0.5711  1.0000  -1.9161   0.0000   0.0000   0.0000   0.3057
   6.500   0.9561   0.02467   0.01658  -0.0541  0.5326  1.0000  -2.2893   0.0000   0.0000   0.0000   0.2995
   7.000   1.0076   0.02467   0.01648  -0.0516  0.4872  1.0000  -2.6536   0.0000   0.0000   0.0000   0.2934
   7.500   1.0497   0.02522   0.01706  -0.0482  0.4384  1.0000  -2.9939   0.0000   0.0000   0.0000   0.2875
   8.000   1.0838   0.02608   0.01793  -0.0439  0.3854  1.0000  -3.3117   0.0000   0.0000   0.0000   0.2814
   8.500   1.1120   0.02712   0.01882  -0.0389  0.3271  1.0000  -3.6134   0.0000   0.0000   0.0000   0.2752
   9.000   1.1320   0.02892   0.02038  -0.0332  0.2670  1.0000  -3.8742   0.0000   0.0000   0.0000   0.2689
   9.500   1.1427   0.03132   0.02261  -0.0268  0.2108  1.0000  -4.0827   0.0000   0.0000   0.0000   0.2623
  10.000   1.1581   0.03467   0.02579  -0.0216  0.1663  1.0000  -4.2707   0.0000   0.0000   0.0000   0.2568
  10.500   1.1828   0.03888   0.02972  -0.0182  0.1319  1.0000  -4.4657   0.0000   0.0000   0.0000   0.2528
  11.000   1.1976   0.04319   0.03417  -0.0138  0.1091  1.0000  -4.6171   0.0000   0.0000   0.0000   0.2483
  11.500   1.2004   0.04709   0.03845  -0.0083  0.0950  1.0000  -4.7118   0.0000   0.0000   0.0000   0.2430
  12.000   1.2018   0.05313   0.04485  -0.0045  0.0845  1.0000  -4.7693   0.0000   0.0000   0.0000   0.2391
  12.500   1.1868   0.05943   0.05172  -0.0004  0.0797  1.0000  -4.7474   0.0000   0.0000   0.0000   0.2350
  13.000   1.1592   0.06715   0.05995   0.0020  0.0776  1.0000  -4.6761   0.0000   0.0000   0.0000   0.2321
  13.500   1.1103   0.07751   0.07084   0.0013  0.0778  1.0000  -4.5075   0.0000   0.0000   0.0000   0.2319
  14.000   1.0273   0.09452   0.08834  -0.0064  0.0816  1.0000  -4.1457   0.0000   0.0000   0.0000   0.2385
  14.500   0.9411   0.11958   0.11357  -0.0210  0.0876  1.0000  -3.6114   0.0000   0.0000   0.0000   0.2542
  15.000   0.8233   0.16700   0.16069  -0.0491  0.1276  1.0000  -2.2910   0.0000   0.0000   0.0000   0.2931


