xflr5 v6.59

 Calculated polar for: revR_20_revT

 1 1 Reynolds number fixed          Mach number fixed         

 xtrf =   1.000 (top)        1.000 (bottom)
 Mach =   0.000     Re =     0.415 e 6     Ncrit =   9.000

  alpha     CL        CD       CDp       Cm    Top Xtr Bot Xtr   Cpmin    Chinge    XCp    
 ------- -------- --------- --------- -------- ------- ------- -------- --------- ---------
  -5.000  -0.1822   0.01155   0.00504  -0.0818  0.8668  0.0545  -2.5011   0.0000   0.0000   0.0000  -0.2122
  -4.500  -0.1315   0.01074   0.00414  -0.0807  0.8518  0.0764  -2.1666   0.0000   0.0000   0.0000  -0.3795
  -4.000  -0.0798   0.01009   0.00363  -0.0800  0.8381  0.1217  -1.8269   0.0000   0.0000   0.0000  -0.7736
  -3.500  -0.0270   0.00958   0.00326  -0.0794  0.8250  0.1848  -1.4939   0.0000   0.0000   0.0000  -2.7482
  -3.000   0.0253   0.00907   0.00299  -0.0789  0.8114  0.2657  -1.2310   0.0000   0.0000   0.0000   3.4175
  -2.500   0.0774   0.00851   0.00276  -0.0783  0.7979  0.3869  -1.0211   0.0000   0.0000   0.0000   1.2732
  -2.000   0.1289   0.00795   0.00263  -0.0775  0.7847  0.5199  -0.8211   0.0000   0.0000   0.0000   0.8564
  -1.500   0.1799   0.00757   0.00264  -0.0762  0.7710  0.6574  -0.6303   0.0000   0.0000   0.0000   0.6758
  -1.000   0.2325   0.00745   0.00262  -0.0750  0.7561  0.7320  -0.5559   0.0000   0.0000   0.0000   0.5731
  -0.500   0.2850   0.00740   0.00266  -0.0737  0.7411  0.7845  -0.5991   0.0000   0.0000   0.0000   0.5083
   0.500   0.3889   0.00740   0.00264  -0.0710  0.7084  0.8581  -0.6924   0.0000   0.0000   0.0000   0.4305
   1.000   0.4391   0.00739   0.00267  -0.0692  0.6907  0.8922  -0.7428   0.0000   0.0000   0.0000   0.4051
   1.500   0.4888   0.00738   0.00266  -0.0672  0.6708  0.9275  -0.7966   0.0000   0.0000   0.0000   0.3846
   2.000   0.5511   0.00743   0.00267  -0.0682  0.6489  0.9619  -0.8638   0.0000   0.0000   0.0000   0.3703
   2.500   0.6295   0.00755   0.00271  -0.0729  0.6234  0.9839  -0.9483   0.0000   0.0000   0.0000   0.3619
   3.000   0.7037   0.00772   0.00277  -0.0770  0.5941  1.0000  -1.0414   0.0000   0.0000   0.0000   0.3552
   3.500   0.7424   0.00797   0.00289  -0.0738  0.5662  1.0000  -1.1146   0.0000   0.0000   0.0000   0.3447
   4.000   0.7889   0.00829   0.00309  -0.0721  0.5354  1.0000  -1.2166   0.0000   0.0000   0.0000   0.3361
   4.500   0.8372   0.00865   0.00337  -0.0706  0.5028  1.0000  -1.3330   0.0000   0.0000   0.0000   0.3286
   5.000   0.8841   0.00912   0.00369  -0.0690  0.4650  1.0000  -1.4844   0.0000   0.0000   0.0000   0.3218
   5.500   0.9319   0.00959   0.00409  -0.0676  0.4310  1.0000  -1.7798   0.0000   0.0000   0.0000   0.3157
   6.000   0.9770   0.01019   0.00453  -0.0657  0.3885  1.0000  -2.0978   0.0000   0.0000   0.0000   0.3099
   6.500   1.0197   0.01091   0.00505  -0.0636  0.3384  1.0000  -2.4228   0.0000   0.0000   0.0000   0.3044
   7.000   1.0607   0.01174   0.00567  -0.0612  0.2892  1.0000  -2.7601   0.0000   0.0000   0.0000   0.2992
   7.500   1.0999   0.01264   0.00641  -0.0586  0.2430  1.0000  -3.1156   0.0000   0.0000   0.0000   0.2941
   8.000   1.1365   0.01364   0.00723  -0.0556  0.2000  1.0000  -3.4740   0.0000   0.0000   0.0000   0.2892
   8.500   1.1688   0.01478   0.00818  -0.0520  0.1566  1.0000  -3.8253   0.0000   0.0000   0.0000   0.2841
   9.000   1.1924   0.01607   0.00925  -0.0469  0.1164  1.0000  -4.1493   0.0000   0.0000   0.0000   0.2783
   9.500   1.2147   0.01735   0.01046  -0.0418  0.0880  1.0000  -4.4735   0.0000   0.0000   0.0000   0.2727
  10.000   1.2360   0.01876   0.01182  -0.0369  0.0672  1.0000  -4.7956   0.0000   0.0000   0.0000   0.2675
  10.500   1.2552   0.02038   0.01341  -0.0322  0.0508  1.0000  -5.1070   0.0000   0.0000   0.0000   0.2626
  11.000   1.2700   0.02239   0.01541  -0.0275  0.0365  1.0000  -5.3850   0.0000   0.0000   0.0000   0.2578
  11.500   1.2755   0.02521   0.01824  -0.0225  0.0240  1.0000  -5.5677   0.0000   0.0000   0.0000   0.2529
  12.000   1.2854   0.02800   0.02115  -0.0186  0.0198  1.0000  -5.7837   0.0000   0.0000   0.0000   0.2489
  12.500   1.2848   0.03187   0.02521  -0.0147  0.0173  1.0000  -5.9329   0.0000   0.0000   0.0000   0.2450
  13.000   1.2730   0.03713   0.03075  -0.0113  0.0160  1.0000  -5.9983   0.0000   0.0000   0.0000   0.2415
  13.500   1.2809   0.04105   0.03487  -0.0097  0.0157  1.0000  -6.2297   0.0000   0.0000   0.0000   0.2393
  14.000   1.2851   0.04562   0.03964  -0.0086  0.0152  1.0000  -6.4365   0.0000   0.0000   0.0000   0.2374
  14.500   1.2872   0.05080   0.04503  -0.0081  0.0147  1.0000  -6.6254   0.0000   0.0000   0.0000   0.2361
  15.000   1.2867   0.05668   0.05113  -0.0084  0.0143  1.0000  -6.7930   0.0000   0.0000   0.0000   0.2353


