xflr5 v6.59

 Calculated polar for: revR_10_revT

 1 1 Reynolds number fixed          Mach number fixed         

 xtrf =   1.000 (top)        1.000 (bottom)
 Mach =   0.000     Re =     0.275 e 6     Ncrit =   9.000

  alpha     CL        CD       CDp       Cm    Top Xtr Bot Xtr   Cpmin    Chinge    XCp    
 ------- -------- --------- --------- -------- ------- ------- -------- --------- ---------
  -5.000  -0.2221   0.01348   0.00658  -0.0747  0.9214  0.0706  -2.5187   0.0000   0.0000   0.0000  -0.0967
  -4.500  -0.1697   0.01241   0.00547  -0.0740  0.9058  0.0996  -2.1710   0.0000   0.0000   0.0000  -0.1979
  -4.000  -0.1160   0.01149   0.00477  -0.0736  0.8910  0.1659  -1.8117   0.0000   0.0000   0.0000  -0.3991
  -3.500  -0.0659   0.01074   0.00435  -0.0726  0.8750  0.2625  -1.4889   0.0000   0.0000   0.0000  -0.8749
  -3.000  -0.0169   0.01002   0.00405  -0.0715  0.8593  0.3881  -1.2139   0.0000   0.0000   0.0000  -4.0563
  -2.500   0.0322   0.00935   0.00386  -0.0699  0.8443  0.5430  -1.0114   0.0000   0.0000   0.0000   2.4489
  -2.000   0.0801   0.00898   0.00388  -0.0676  0.8278  0.6780  -0.8182   0.0000   0.0000   0.0000   1.1023
  -1.500   0.1307   0.00894   0.00393  -0.0657  0.8129  0.7507  -0.6294   0.0000   0.0000   0.0000   0.7564
  -1.000   0.1814   0.00894   0.00392  -0.0636  0.7973  0.8045  -0.5140   0.0000   0.0000   0.0000   0.6016
  -0.500   0.2309   0.00892   0.00388  -0.0614  0.7796  0.8456  -0.5554   0.0000   0.0000   0.0000   0.5158
   0.000   0.2790   0.00890   0.00388  -0.0588  0.7623  0.8820  -0.5967   0.0000   0.0000   0.0000   0.4595
   1.000   0.3928   0.00889   0.00372  -0.0573  0.7254  0.9480  -0.7053   0.0000   0.0000   0.0000   0.3935
   1.500   0.4720   0.00894   0.00367  -0.0617  0.7043  0.9694  -0.7777   0.0000   0.0000   0.0000   0.3780
   2.000   0.5570   0.00899   0.00361  -0.0676  0.6788  0.9853  -0.8641   0.0000   0.0000   0.0000   0.3682
   2.500   0.6403   0.00900   0.00357  -0.0736  0.6520  0.9997  -0.9589   0.0000   0.0000   0.0000   0.3613
   3.000   0.6723   0.00906   0.00357  -0.0693  0.6233  1.0000  -1.0234   0.0000   0.0000   0.0000   0.3491
   3.500   0.7090   0.00926   0.00366  -0.0657  0.5936  1.0000  -1.1087   0.0000   0.0000   0.0000   0.3382
   4.000   0.7520   0.00958   0.00383  -0.0632  0.5623  1.0000  -1.2110   0.0000   0.0000   0.0000   0.3290
   4.500   0.7975   0.00994   0.00412  -0.0612  0.5270  1.0000  -1.3515   0.0000   0.0000   0.0000   0.3212
   5.000   0.8433   0.01041   0.00444  -0.0592  0.4900  1.0000  -1.5914   0.0000   0.0000   0.0000   0.3142
   5.500   0.8891   0.01090   0.00487  -0.0574  0.4501  1.0000  -1.9093   0.0000   0.0000   0.0000   0.3080
   6.000   0.9342   0.01150   0.00536  -0.0554  0.4129  1.0000  -2.2404   0.0000   0.0000   0.0000   0.3023
   6.500   0.9765   0.01220   0.00591  -0.0531  0.3677  1.0000  -2.5777   0.0000   0.0000   0.0000   0.2968
   7.000   1.0177   0.01297   0.00655  -0.0507  0.3221  1.0000  -2.9243   0.0000   0.0000   0.0000   0.2917
   7.500   1.0558   0.01390   0.00735  -0.0479  0.2713  1.0000  -3.2713   0.0000   0.0000   0.0000   0.2866
   8.000   1.0908   0.01499   0.00824  -0.0447  0.2175  1.0000  -3.6161   0.0000   0.0000   0.0000   0.2816
   8.500   1.1197   0.01637   0.00933  -0.0408  0.1612  1.0000  -3.9584   0.0000   0.0000   0.0000   0.2764
   9.000   1.1430   0.01786   0.01060  -0.0360  0.1160  1.0000  -4.2857   0.0000   0.0000   0.0000   0.2708
   9.500   1.1616   0.01940   0.01206  -0.0304  0.0851  1.0000  -4.5937   0.0000   0.0000   0.0000   0.2649
  10.000   1.1790   0.02110   0.01374  -0.0252  0.0647  1.0000  -4.8920   0.0000   0.0000   0.0000   0.2594
  10.500   1.1911   0.02325   0.01587  -0.0199  0.0484  1.0000  -5.1511   0.0000   0.0000   0.0000   0.2540
  11.000   1.1914   0.02637   0.01903  -0.0142  0.0341  1.0000  -5.3022   0.0000   0.0000   0.0000   0.2484
  11.500   1.2026   0.02910   0.02192  -0.0104  0.0277  1.0000  -5.4968   0.0000   0.0000   0.0000   0.2443
  12.000   1.1966   0.03347   0.02643  -0.0062  0.0241  1.0000  -5.5913   0.0000   0.0000   0.0000   0.2400
  12.500   1.1930   0.03830   0.03150  -0.0029  0.0225  1.0000  -5.6740   0.0000   0.0000   0.0000   0.2365
  13.000   1.2014   0.04236   0.03583  -0.0010  0.0218  1.0000  -5.8508   0.0000   0.0000   0.0000   0.2340
  13.500   1.2081   0.04693   0.04067   0.0005  0.0211  1.0000  -6.0073   0.0000   0.0000   0.0000   0.2319
  14.000   1.2126   0.05209   0.04611   0.0014  0.0207  1.0000  -6.1423   0.0000   0.0000   0.0000   0.2302
  14.500   1.2131   0.05806   0.05240   0.0017  0.0204  1.0000  -6.2447   0.0000   0.0000   0.0000   0.2290
  15.000   1.2074   0.06517   0.05987   0.0009  0.0201  1.0000  -6.3044   0.0000   0.0000   0.0000   0.2287


