xflr5 v6.59

 Calculated polar for: revR_40_revT

 1 1 Reynolds number fixed          Mach number fixed         

 xtrf =   1.000 (top)        1.000 (bottom)
 Mach =   0.000     Re =     0.035 e 6     Ncrit =   9.000

  alpha     CL        CD       CDp       Cm    Top Xtr Bot Xtr   Cpmin    Chinge    XCp    
 ------- -------- --------- --------- -------- ------- ------- -------- --------- ---------
  -5.000  -0.4564   0.06027   0.05273  -0.0364  1.0000  0.2088  -2.1624   0.0000   0.0000   0.0000   0.1652
  -4.500  -0.4152   0.05094   0.04250  -0.0441  1.0000  0.2126  -2.1840   0.0000   0.0000   0.0000   0.1384
  -4.000  -0.3603   0.04343   0.03406  -0.0494  1.0000  0.2213  -2.1228   0.0000   0.0000   0.0000   0.1069
  -3.500  -0.3091   0.03931   0.02941  -0.0511  1.0000  0.2527  -1.9897   0.0000   0.0000   0.0000   0.0784
  -3.000  -0.2542   0.03571   0.02530  -0.0526  1.0000  0.2988  -1.8454   0.0000   0.0000   0.0000   0.0365
  -2.500  -0.2045   0.03347   0.02319  -0.0521  1.0000  0.3969  -1.6615   0.0000   0.0000   0.0000  -0.0122
  -2.000  -0.1632   0.03180   0.02239  -0.0480  1.0000  0.5709  -1.4817   0.0000   0.0000   0.0000  -0.0525
  -1.500  -0.1613   0.03077   0.02238  -0.0330  1.0000  0.8039  -1.3909   0.0000   0.0000   0.0000   0.0384
  -1.000  -0.1097   0.02957   0.02039  -0.0377  1.0000  1.0000  -1.2249   0.0000   0.0000   0.0000  -0.1021
  -0.500  -0.0583   0.03088   0.02079  -0.0414  1.0000  1.0000  -1.0371   0.0000   0.0000   0.0000  -0.4720
   0.000  -0.0128   0.03245   0.02173  -0.0436  1.0000  1.0000  -0.8659   0.0000   0.0000   0.0000  -3.1881
   0.500   0.0299   0.03426   0.02305  -0.0454  1.0000  1.0000  -0.7090   0.0000   0.0000   0.0000   1.7729
   1.000   0.0704   0.03629   0.02470  -0.0469  1.0000  1.0000  -0.5629   0.0000   0.0000   0.0000   0.9140
   1.500   0.1091   0.03856   0.02666  -0.0483  1.0000  1.0000  -0.4803   0.0000   0.0000   0.0000   0.6892
   2.000   0.1460   0.04108   0.02895  -0.0497  1.0000  1.0000  -0.5045   0.0000   0.0000   0.0000   0.5857
   2.500   0.2161   0.04504   0.03270  -0.0575  0.9787  1.0000  -0.5516   0.0000   0.0000   0.0000   0.5112
   3.000   0.3056   0.04996   0.03745  -0.0681  0.9421  1.0000  -0.6141   0.0000   0.0000   0.0000   0.4680
   3.500   0.3585   0.05353   0.04098  -0.0722  0.9117  1.0000  -0.6557   0.0000   0.0000   0.0000   0.4459
   4.000   0.4208   0.05760   0.04504  -0.0773  0.8783  1.0000  -0.7092   0.0000   0.0000   0.0000   0.4278
   4.500   0.4750   0.06168   0.04916  -0.0807  0.8449  1.0000  -0.7595   0.0000   0.0000   0.0000   0.4137
   5.000   0.5135   0.06546   0.05303  -0.0819  0.8137  1.0000  -0.8013   0.0000   0.0000   0.0000   0.4029
   5.500   0.5789   0.06982   0.05751  -0.0858  0.7763  1.0000  -0.8759   0.0000   0.0000   0.0000   0.3913
   6.000   0.6029   0.07393   0.06175  -0.0854  0.7481  1.0000  -0.9112   0.0000   0.0000   0.0000   0.3841
   6.500   0.6340   0.07823   0.06621  -0.0855  0.7169  1.0000  -0.9612   0.0000   0.0000   0.0000   0.3770
   7.000   0.6926   0.08272   0.07092  -0.0876  0.6814  1.0000  -1.0533   0.0000   0.0000   0.0000   0.3682
   7.500   0.7078   0.08773   0.07612  -0.0868  0.6549  1.0000  -1.0941   0.0000   0.0000   0.0000   0.3637
   8.000   0.7246   0.09293   0.08151  -0.0862  0.6270  1.0000  -1.1394   0.0000   0.0000   0.0000   0.3595
   9.000   0.7926   0.10320   0.09229  -0.0861  0.5619  1.0000  -1.3188   0.0000   0.0000   0.0000   0.3481
   9.500   0.7692   0.11279   0.10203  -0.0878  0.5698  1.0000  -1.2780   0.0000   0.0000   0.0000   0.3531
  10.000   0.7717   0.12057   0.10999  -0.0886  0.5581  1.0000  -1.2993   0.0000   0.0000   0.0000   0.3533
  14.500   0.8574   0.19024   0.18124  -0.1032  0.4128  1.0000  -1.7039   0.0000   0.0000   0.0000   0.3535
  15.000   0.8785   0.19767   0.18881  -0.1043  0.3803  1.0000  -1.7651   0.0000   0.0000   0.0000   0.3511


