xflr5 v6.59

 Calculated polar for: revR_10_revT

 1 1 Reynolds number fixed          Mach number fixed         

 xtrf =   1.000 (top)        1.000 (bottom)
 Mach =   0.000     Re =     0.200 e 6     Ncrit =   9.000

  alpha     CL        CD       CDp       Cm    Top Xtr Bot Xtr   Cpmin    Chinge    XCp    
 ------- -------- --------- --------- -------- ------- ------- -------- --------- ---------
  -5.000  -0.2669   0.01704   0.00959  -0.0679  0.9366  0.0740  -2.6057   0.0000   0.0000   0.0000  -0.0132
  -4.500  -0.2031   0.01499   0.00758  -0.0697  0.9255  0.1041  -2.2549   0.0000   0.0000   0.0000  -0.1035
  -4.000  -0.1322   0.01360   0.00652  -0.0731  0.9171  0.1840  -1.8510   0.0000   0.0000   0.0000  -0.3165
  -3.500  -0.0801   0.01259   0.00597  -0.0727  0.9009  0.2994  -1.5267   0.0000   0.0000   0.0000  -0.6756
  -3.000  -0.0274   0.01169   0.00562  -0.0721  0.8869  0.4532  -1.2315   0.0000   0.0000   0.0000  -2.4251
  -2.500   0.0239   0.01098   0.00552  -0.0704  0.8729  0.6309  -1.0235   0.0000   0.0000   0.0000   3.2316
  -2.000   0.0712   0.01087   0.00560  -0.0675  0.8556  0.7295  -0.8314   0.0000   0.0000   0.0000   1.2085
  -1.500   0.1205   0.01089   0.00564  -0.0647  0.8406  0.7992  -0.6437   0.0000   0.0000   0.0000   0.7911
  -1.000   0.1696   0.01087   0.00558  -0.0619  0.8252  0.8474  -0.5052   0.0000   0.0000   0.0000   0.6164
  -0.500   0.2152   0.01087   0.00556  -0.0583  0.8070  0.8902  -0.5447   0.0000   0.0000   0.0000   0.5210
   0.000   0.2734   0.01086   0.00547  -0.0574  0.7900  0.9267  -0.5912   0.0000   0.0000   0.0000   0.4589
   0.500   0.3563   0.01085   0.00530  -0.0618  0.7738  0.9541  -0.6605   0.0000   0.0000   0.0000   0.4217
   1.000   0.4505   0.01076   0.00509  -0.0691  0.7530  0.9735  -0.7375   0.0000   0.0000   0.0000   0.4012
   1.500   0.5400   0.01065   0.00488  -0.0760  0.7307  0.9923  -0.8219   0.0000   0.0000   0.0000   0.3880
   2.000   0.5992   0.01052   0.00465  -0.0771  0.7058  1.0000  -0.8906   0.0000   0.0000   0.0000   0.3756
   2.500   0.6317   0.01053   0.00458  -0.0729  0.6812  1.0000  -0.9481   0.0000   0.0000   0.0000   0.3618
   3.000   0.6672   0.01065   0.00460  -0.0690  0.6559  1.0000  -1.0155   0.0000   0.0000   0.0000   0.3495
   3.500   0.7067   0.01081   0.00471  -0.0658  0.6259  1.0000  -1.1022   0.0000   0.0000   0.0000   0.3386
   4.000   0.7511   0.01106   0.00488  -0.0634  0.5947  1.0000  -1.2058   0.0000   0.0000   0.0000   0.3295
   4.500   0.7977   0.01140   0.00508  -0.0614  0.5615  1.0000  -1.3458   0.0000   0.0000   0.0000   0.3216
   5.000   0.8438   0.01180   0.00544  -0.0594  0.5250  1.0000  -1.5709   0.0000   0.0000   0.0000   0.3145
   5.500   0.8890   0.01232   0.00583  -0.0573  0.4858  1.0000  -1.8848   0.0000   0.0000   0.0000   0.3081
   6.000   0.9335   0.01288   0.00633  -0.0552  0.4458  1.0000  -2.2110   0.0000   0.0000   0.0000   0.3022
   6.500   0.9764   0.01354   0.00691  -0.0529  0.4041  1.0000  -2.5465   0.0000   0.0000   0.0000   0.2966
   7.000   1.0165   0.01430   0.00757  -0.0502  0.3588  1.0000  -2.8858   0.0000   0.0000   0.0000   0.2913
   7.500   1.0543   0.01519   0.00840  -0.0473  0.3133  1.0000  -3.2277   0.0000   0.0000   0.0000   0.2861
   8.000   1.0886   0.01623   0.00932  -0.0439  0.2658  1.0000  -3.5658   0.0000   0.0000   0.0000   0.2810
   8.500   1.1173   0.01750   0.01043  -0.0398  0.2130  1.0000  -3.8882   0.0000   0.0000   0.0000   0.2756
   9.000   1.1351   0.01918   0.01179  -0.0342  0.1572  1.0000  -4.1769   0.0000   0.0000   0.0000   0.2695
   9.500   1.1463   0.02108   0.01349  -0.0279  0.1126  1.0000  -4.4449   0.0000   0.0000   0.0000   0.2630
  10.000   1.1601   0.02308   0.01542  -0.0225  0.0831  1.0000  -4.7189   0.0000   0.0000   0.0000   0.2574
  10.500   1.1687   0.02558   0.01791  -0.0172  0.0649  1.0000  -4.9531   0.0000   0.0000   0.0000   0.2520
  11.000   1.1683   0.02898   0.02134  -0.0119  0.0499  1.0000  -5.1154   0.0000   0.0000   0.0000   0.2467
  11.500   1.1791   0.03196   0.02448  -0.0084  0.0400  1.0000  -5.3034   0.0000   0.0000   0.0000   0.2428
  12.000   1.1712   0.03710   0.02974  -0.0043  0.0335  1.0000  -5.3359   0.0000   0.0000   0.0000   0.2385
  12.500   1.1827   0.04089   0.03379  -0.0019  0.0307  1.0000  -5.4921   0.0000   0.0000   0.0000   0.2356
  13.000   1.1929   0.04518   0.03837   0.0000  0.0287  1.0000  -5.6419   0.0000   0.0000   0.0000   0.2332
  13.500   1.2012   0.04993   0.04338   0.0015  0.0274  1.0000  -5.7851   0.0000   0.0000   0.0000   0.2311
  14.000   1.2056   0.05539   0.04913   0.0023  0.0265  1.0000  -5.9047   0.0000   0.0000   0.0000   0.2296
  14.500   1.2030   0.06190   0.05599   0.0023  0.0260  1.0000  -5.9778   0.0000   0.0000   0.0000   0.2286
  15.000   1.1912   0.06995   0.06443   0.0011  0.0258  1.0000  -5.9856   0.0000   0.0000   0.0000   0.2287


