xflr5 v6.59

 Calculated polar for: revR_30_revT

 1 1 Reynolds number fixed          Mach number fixed         

 xtrf =   1.000 (top)        1.000 (bottom)
 Mach =   0.000     Re =     0.480 e 6     Ncrit =   9.000

  alpha     CL        CD       CDp       Cm    Top Xtr Bot Xtr   Cpmin    Chinge    XCp    
 ------- -------- --------- --------- -------- ------- ------- -------- --------- ---------
  -5.000  -0.1520   0.01105   0.00467  -0.0885  0.8379  0.0515  -2.5407   0.0000   0.0000   0.0000  -0.3484
  -4.000  -0.0431   0.00982   0.00340  -0.0880  0.8136  0.1040  -1.8271   0.0000   0.0000   0.0000  -1.8347
  -3.500   0.0118   0.00933   0.00305  -0.0879  0.8020  0.1622  -1.5023   0.0000   0.0000   0.0000   7.8258
  -3.000   0.0666   0.00884   0.00279  -0.0879  0.7901  0.2340  -1.2429   0.0000   0.0000   0.0000   1.5894
  -2.500   0.1214   0.00840   0.00257  -0.0878  0.7777  0.3317  -1.0242   0.0000   0.0000   0.0000   0.9818
  -2.000   0.1760   0.00792   0.00242  -0.0878  0.7660  0.4399  -0.8155   0.0000   0.0000   0.0000   0.7525
  -1.500   0.2297   0.00747   0.00236  -0.0873  0.7534  0.5840  -0.6212   0.0000   0.0000   0.0000   0.6318
  -1.000   0.2833   0.00719   0.00237  -0.0865  0.7396  0.6857  -0.5986   0.0000   0.0000   0.0000   0.5559
  -0.500   0.3376   0.00716   0.00240  -0.0858  0.7264  0.7529  -0.6417   0.0000   0.0000   0.0000   0.5036
   0.000   0.3917   0.00713   0.00242  -0.0850  0.7120  0.7981  -0.6871   0.0000   0.0000   0.0000   0.4657
   0.500   0.4451   0.00711   0.00245  -0.0840  0.6957  0.8332  -0.7356   0.0000   0.0000   0.0000   0.4368
   1.000   0.4973   0.00714   0.00247  -0.0828  0.6793  0.8697  -0.7879   0.0000   0.0000   0.0000   0.4140
   1.500   0.5476   0.00714   0.00248  -0.0811  0.6606  0.9036  -0.8439   0.0000   0.0000   0.0000   0.3951
   3.000   0.7257   0.00738   0.00257  -0.0830  0.5917  1.0000  -1.0530   0.0000   0.0000   0.0000   0.3599
   3.500   0.7798   0.00767   0.00273  -0.0828  0.5634  1.0000  -1.1337   0.0000   0.0000   0.0000   0.3512
   4.000   0.8339   0.00797   0.00295  -0.0826  0.5343  1.0000  -1.2314   0.0000   0.0000   0.0000   0.3436
   4.500   0.8869   0.00836   0.00323  -0.0822  0.5020  1.0000  -1.3425   0.0000   0.0000   0.0000   0.3368
   5.000   0.9387   0.00883   0.00357  -0.0817  0.4674  1.0000  -1.4849   0.0000   0.0000   0.0000   0.3305
   5.500   0.9906   0.00931   0.00396  -0.0812  0.4326  1.0000  -1.6755   0.0000   0.0000   0.0000   0.3249
   6.000   1.0404   0.00993   0.00443  -0.0804  0.3902  1.0000  -1.9940   0.0000   0.0000   0.0000   0.3196
   6.500   1.0884   0.01070   0.00499  -0.0794  0.3408  1.0000  -2.3240   0.0000   0.0000   0.0000   0.3147
   7.000   1.1355   0.01154   0.00564  -0.0783  0.2942  1.0000  -2.6809   0.0000   0.0000   0.0000   0.3101
   7.500   1.1805   0.01252   0.00641  -0.0770  0.2447  1.0000  -3.0461   0.0000   0.0000   0.0000   0.3057
   8.000   1.2247   0.01354   0.00726  -0.0755  0.2040  1.0000  -3.4221   0.0000   0.0000   0.0000   0.3015
   8.500   1.2659   0.01474   0.00826  -0.0738  0.1622  1.0000  -3.7995   0.0000   0.0000   0.0000   0.2974
   9.000   1.3026   0.01618   0.00949  -0.0714  0.1182  1.0000  -4.1700   0.0000   0.0000   0.0000   0.2933
   9.500   1.3371   0.01759   0.01076  -0.0688  0.0875  1.0000  -4.5398   0.0000   0.0000   0.0000   0.2891
  10.000   1.3666   0.01912   0.01221  -0.0654  0.0652  1.0000  -4.8949   0.0000   0.0000   0.0000   0.2848
  10.500   1.3935   0.02081   0.01387  -0.0620  0.0491  1.0000  -5.2402   0.0000   0.0000   0.0000   0.2807
  11.000   1.4167   0.02282   0.01590  -0.0586  0.0358  1.0000  -5.5614   0.0000   0.0000   0.0000   0.2768
  11.500   1.4317   0.02560   0.01873  -0.0549  0.0239  1.0000  -5.8079   0.0000   0.0000   0.0000   0.2729
  12.000   1.4367   0.02944   0.02266  -0.0510  0.0180  1.0000  -5.9688   0.0000   0.0000   0.0000   0.2691
  12.500   1.4430   0.03342   0.02689  -0.0480  0.0165  1.0000  -6.1588   0.0000   0.0000   0.0000   0.2660
  13.000   1.4546   0.03715   0.03081  -0.0460  0.0157  1.0000  -6.4139   0.0000   0.0000   0.0000   0.2634
  13.500   1.4613   0.04152   0.03538  -0.0442  0.0149  1.0000  -6.6445   0.0000   0.0000   0.0000   0.2611
  14.000   1.4636   0.04658   0.04064  -0.0429  0.0143  1.0000  -6.8516   0.0000   0.0000   0.0000   0.2591
  14.500   1.4622   0.05228   0.04656  -0.0420  0.0138  1.0000  -7.0361   0.0000   0.0000   0.0000   0.2575
  15.000   1.4579   0.05879   0.05329  -0.0419  0.0134  1.0000  -7.1985   0.0000   0.0000   0.0000   0.2565


