xflr5 v6.59

 Calculated polar for: revR_25_revT

 1 1 Reynolds number fixed          Mach number fixed         

 xtrf =   1.000 (top)        1.000 (bottom)
 Mach =   0.000     Re =     0.435 e 6     Ncrit =   9.000

  alpha     CL        CD       CDp       Cm    Top Xtr Bot Xtr   Cpmin    Chinge    XCp    
 ------- -------- --------- --------- -------- ------- ------- -------- --------- ---------
  -5.000  -0.1711   0.01141   0.00492  -0.0843  0.8535  0.0522  -2.5298   0.0000   0.0000   0.0000  -0.2572
  -4.500  -0.1176   0.01064   0.00410  -0.0839  0.8400  0.0731  -2.1840   0.0000   0.0000   0.0000  -0.4814
  -4.000  -0.0634   0.01004   0.00355  -0.0836  0.8274  0.1136  -1.8331   0.0000   0.0000   0.0000  -1.0960
  -3.000   0.0455   0.00908   0.00293  -0.0833  0.8025  0.2485  -1.2393   0.0000   0.0000   0.0000   2.1068
  -2.500   0.0993   0.00850   0.00272  -0.0831  0.7892  0.3612  -1.0251   0.0000   0.0000   0.0000   1.0970
  -1.500   0.2058   0.00755   0.00256  -0.0821  0.7637  0.6317  -0.6254   0.0000   0.0000   0.0000   0.6508
  -1.000   0.2593   0.00741   0.00257  -0.0811  0.7498  0.7163  -0.5774   0.0000   0.0000   0.0000   0.5633
  -0.500   0.3131   0.00735   0.00258  -0.0802  0.7353  0.7733  -0.6211   0.0000   0.0000   0.0000   0.5056
   0.000   0.3665   0.00735   0.00262  -0.0792  0.7207  0.8140  -0.6660   0.0000   0.0000   0.0000   0.4648
   0.500   0.4196   0.00737   0.00260  -0.0781  0.7040  0.8492  -0.7151   0.0000   0.0000   0.0000   0.4342
   1.000   0.4703   0.00734   0.00261  -0.0764  0.6867  0.8833  -0.7661   0.0000   0.0000   0.0000   0.4100
   2.000   0.5743   0.00732   0.00260  -0.0737  0.6464  0.9598  -0.8814   0.0000   0.0000   0.0000   0.3749
   2.500   0.6495   0.00739   0.00259  -0.0778  0.6218  0.9960  -0.9636   0.0000   0.0000   0.0000   0.3659
   3.000   0.7044   0.00759   0.00268  -0.0780  0.5963  1.0000  -1.0375   0.0000   0.0000   0.0000   0.3563
   3.500   0.7578   0.00787   0.00283  -0.0777  0.5675  1.0000  -1.1201   0.0000   0.0000   0.0000   0.3476
   4.000   0.8111   0.00820   0.00305  -0.0773  0.5375  1.0000  -1.2228   0.0000   0.0000   0.0000   0.3400
   4.500   0.8640   0.00857   0.00333  -0.0769  0.5048  1.0000  -1.3378   0.0000   0.0000   0.0000   0.3331
   5.000   0.9153   0.00907   0.00367  -0.0762  0.4682  1.0000  -1.4883   0.0000   0.0000   0.0000   0.3269
   5.500   0.9672   0.00954   0.00407  -0.0757  0.4336  1.0000  -1.7449   0.0000   0.0000   0.0000   0.3213
   6.000   1.0167   0.01017   0.00455  -0.0748  0.3895  1.0000  -2.0705   0.0000   0.0000   0.0000   0.3161
   6.500   1.0646   0.01094   0.00511  -0.0738  0.3391  1.0000  -2.4068   0.0000   0.0000   0.0000   0.3112
   7.000   1.1113   0.01181   0.00579  -0.0727  0.2893  1.0000  -2.7684   0.0000   0.0000   0.0000   0.3067
   7.500   1.1564   0.01281   0.00657  -0.0714  0.2398  1.0000  -3.1416   0.0000   0.0000   0.0000   0.3024
   8.000   1.2006   0.01385   0.00744  -0.0700  0.1973  1.0000  -3.5256   0.0000   0.0000   0.0000   0.2983
   8.500   1.2414   0.01510   0.00848  -0.0682  0.1522  1.0000  -3.9090   0.0000   0.0000   0.0000   0.2943
   9.000   1.2785   0.01655   0.00974  -0.0660  0.1097  1.0000  -4.2874   0.0000   0.0000   0.0000   0.2902
   9.500   1.3122   0.01811   0.01113  -0.0633  0.0782  1.0000  -4.6588   0.0000   0.0000   0.0000   0.2861
  10.000   1.3418   0.01967   0.01262  -0.0600  0.0567  1.0000  -5.0160   0.0000   0.0000   0.0000   0.2819
  10.500   1.3676   0.02147   0.01439  -0.0565  0.0417  1.0000  -5.3542   0.0000   0.0000   0.0000   0.2777
  11.000   1.3860   0.02387   0.01678  -0.0526  0.0275  1.0000  -5.6282   0.0000   0.0000   0.0000   0.2736
  11.500   1.4018   0.02665   0.01971  -0.0491  0.0208  1.0000  -5.8610   0.0000   0.0000   0.0000   0.2698
  12.000   1.4032   0.03087   0.02414  -0.0452  0.0173  1.0000  -5.9946   0.0000   0.0000   0.0000   0.2661
  12.500   1.4077   0.03513   0.02864  -0.0424  0.0163  1.0000  -6.1787   0.0000   0.0000   0.0000   0.2631
  13.000   1.4181   0.03906   0.03278  -0.0406  0.0157  1.0000  -6.4273   0.0000   0.0000   0.0000   0.2607
  13.500   1.4236   0.04368   0.03760  -0.0391  0.0151  1.0000  -6.6489   0.0000   0.0000   0.0000   0.2586
  14.000   1.4253   0.04891   0.04305  -0.0380  0.0145  1.0000  -6.8488   0.0000   0.0000   0.0000   0.2568
  14.500   1.4232   0.05487   0.04923  -0.0375  0.0140  1.0000  -7.0216   0.0000   0.0000   0.0000   0.2554
  15.000   1.4183   0.06154   0.05614  -0.0376  0.0137  1.0000  -7.1677   0.0000   0.0000   0.0000   0.2546


