xflr5 v6.59

 Calculated polar for: revR_90_revT

 1 1 Reynolds number fixed          Mach number fixed         

 xtrf =   1.000 (top)        1.000 (bottom)
 Mach =   0.000     Re =     0.365 e 6     Ncrit =   9.000

  alpha     CL        CD       CDp       Cm    Top Xtr Bot Xtr   Cpmin    Chinge    XCp    
 ------- -------- --------- --------- -------- ------- ------- -------- --------- ---------
  -5.000   0.0997   0.01357   0.00683  -0.1456  0.7937  0.0494  -2.3221   0.0000   0.0000   0.0000   1.7472
  -4.500   0.1558   0.01307   0.00625  -0.1459  0.7867  0.0581  -2.0489   0.0000   0.0000   0.0000   1.2066
  -4.000   0.2118   0.01219   0.00536  -0.1462  0.7786  0.0787  -1.8093   0.0000   0.0000   0.0000   0.9533
  -3.500   0.2692   0.01157   0.00482  -0.1466  0.7704  0.1164  -1.5570   0.0000   0.0000   0.0000   0.8035
  -3.000   0.3264   0.01123   0.00460  -0.1471  0.7627  0.1740  -1.3119   0.0000   0.0000   0.0000   0.7067
  -2.500   0.3827   0.01085   0.00445  -0.1475  0.7547  0.2429  -1.0801   0.0000   0.0000   0.0000   0.6394
  -2.000   0.4403   0.01051   0.00425  -0.1479  0.7461  0.3146  -0.8608   0.0000   0.0000   0.0000   0.5884
  -1.500   0.4980   0.01030   0.00421  -0.1484  0.7373  0.4084  -0.8088   0.0000   0.0000   0.0000   0.5492
  -1.000   0.5537   0.00996   0.00419  -0.1485  0.7280  0.5115  -0.8498   0.0000   0.0000   0.0000   0.5184
  -0.500   0.6099   0.00968   0.00419  -0.1484  0.7191  0.6324  -0.8942   0.0000   0.0000   0.0000   0.4927
   0.000   0.6642   0.00962   0.00434  -0.1478  0.7096  0.7361  -0.9377   0.0000   0.0000   0.0000   0.4710
   0.500   0.7161   0.00950   0.00436  -0.1465  0.6981  0.8037  -0.9802   0.0000   0.0000   0.0000   0.4523
   1.000   0.7676   0.00948   0.00434  -0.1450  0.6883  0.8590  -1.0295   0.0000   0.0000   0.0000   0.4360
   1.500   0.8107   0.00934   0.00435  -0.1418  0.6772  0.9301  -1.0771   0.0000   0.0000   0.0000   0.4213
   2.000   0.8728   0.00926   0.00415  -0.1430  0.6639  1.0000  -1.1378   0.0000   0.0000   0.0000   0.4096
   2.500   0.9304   0.00940   0.00424  -0.1436  0.6504  1.0000  -1.2042   0.0000   0.0000   0.0000   0.3994
   3.000   0.9883   0.00957   0.00425  -0.1441  0.6360  1.0000  -1.2734   0.0000   0.0000   0.0000   0.3902
   3.500   1.0431   0.00971   0.00441  -0.1441  0.6193  1.0000  -1.3409   0.0000   0.0000   0.0000   0.3819
   4.000   1.0976   0.00994   0.00457  -0.1440  0.6012  1.0000  -1.4117   0.0000   0.0000   0.0000   0.3743
   4.500   1.1515   0.01025   0.00478  -0.1437  0.5833  1.0000  -1.4936   0.0000   0.0000   0.0000   0.3673
   5.000   1.2039   0.01058   0.00508  -0.1433  0.5632  1.0000  -1.5762   0.0000   0.0000   0.0000   0.3608
   5.500   1.2542   0.01099   0.00543  -0.1425  0.5389  1.0000  -1.6735   0.0000   0.0000   0.0000   0.3547
   6.000   1.3036   0.01147   0.00587  -0.1415  0.5159  1.0000  -1.7776   0.0000   0.0000   0.0000   0.3489
   6.500   1.3504   0.01205   0.00639  -0.1402  0.4899  1.0000  -1.9016   0.0000   0.0000   0.0000   0.3434
   7.000   1.3946   0.01273   0.00700  -0.1384  0.4623  1.0000  -2.0275   0.0000   0.0000   0.0000   0.3382
   7.500   1.4358   0.01352   0.00772  -0.1363  0.4346  1.0000  -2.1780   0.0000   0.0000   0.0000   0.3330
   8.000   1.4726   0.01444   0.00857  -0.1334  0.4046  1.0000  -2.3246   0.0000   0.0000   0.0000   0.3279
   8.500   1.5048   0.01543   0.00954  -0.1298  0.3778  1.0000  -2.4807   0.0000   0.0000   0.0000   0.3228
   9.000   1.5329   0.01667   0.01073  -0.1258  0.3488  1.0000  -2.6831   0.0000   0.0000   0.0000   0.3178
   9.500   1.5577   0.01818   0.01219  -0.1218  0.3203  1.0000  -2.9386   0.0000   0.0000   0.0000   0.3130
  10.000   1.5811   0.01993   0.01394  -0.1179  0.2951  1.0000  -3.1997   0.0000   0.0000   0.0000   0.3086
  10.500   1.6016   0.02202   0.01600  -0.1141  0.2696  1.0000  -3.4576   0.0000   0.0000   0.0000   0.3043
  11.000   1.6172   0.02458   0.01851  -0.1103  0.2413  1.0000  -3.7123   0.0000   0.0000   0.0000   0.3003
  11.500   1.6305   0.02748   0.02135  -0.1065  0.2145  1.0000  -3.9642   0.0000   0.0000   0.0000   0.2965
  12.000   1.6411   0.03073   0.02458  -0.1029  0.1897  1.0000  -4.2105   0.0000   0.0000   0.0000   0.2929
  12.500   1.6489   0.03435   0.02817  -0.0995  0.1654  1.0000  -4.4491   0.0000   0.0000   0.0000   0.2895
  13.000   1.6535   0.03841   0.03220  -0.0961  0.1433  1.0000  -4.6777   0.0000   0.0000   0.0000   0.2863
  13.500   1.6570   0.04279   0.03657  -0.0932  0.1232  1.0000  -4.9039   0.0000   0.0000   0.0000   0.2833
  14.000   1.6589   0.04756   0.04137  -0.0906  0.1059  1.0000  -5.1243   0.0000   0.0000   0.0000   0.2806
  14.500   1.6586   0.05283   0.04671  -0.0884  0.0917  1.0000  -5.3347   0.0000   0.0000   0.0000   0.2782
  15.000   1.6524   0.05896   0.05287  -0.0865  0.0785  1.0000  -5.5177   0.0000   0.0000   0.0000   0.2761


