xflr5 v6.59

 Calculated polar for: revR_20_revT

 1 1 Reynolds number fixed          Mach number fixed         

 xtrf =   1.000 (top)        1.000 (bottom)
 Mach =   0.000     Re =     0.190 e 6     Ncrit =   9.000

  alpha     CL        CD       CDp       Cm    Top Xtr Bot Xtr   Cpmin    Chinge    XCp    
 ------- -------- --------- --------- -------- ------- ------- -------- --------- ---------
  -5.000  -0.2181   0.01758   0.01010  -0.0796  0.9250  0.0755  -2.5077   0.0000   0.0000   0.0000  -0.1263
  -4.500  -0.1506   0.01571   0.00817  -0.0820  0.9167  0.1025  -2.1714   0.0000   0.0000   0.0000  -0.3093
  -4.000  -0.0967   0.01446   0.00720  -0.0820  0.9026  0.1652  -1.8500   0.0000   0.0000   0.0000  -0.6169
  -3.500  -0.0376   0.01339   0.00659  -0.0829  0.8910  0.2770  -1.5129   0.0000   0.0000   0.0000  -1.9961
  -3.000   0.0147   0.01253   0.00617  -0.0823  0.8769  0.4124  -1.2424   0.0000   0.0000   0.0000   5.9474
  -2.500   0.0620   0.01187   0.00615  -0.0802  0.8627  0.5841  -1.0426   0.0000   0.0000   0.0000   1.5598
  -2.000   0.1145   0.01156   0.00613  -0.0781  0.8497  0.7106  -0.8391   0.0000   0.0000   0.0000   0.9388
  -1.500   0.1593   0.01160   0.00625  -0.0746  0.8330  0.7860  -0.6589   0.0000   0.0000   0.0000   0.7215
  -1.000   0.2076   0.01162   0.00625  -0.0715  0.8195  0.8432  -0.5374   0.0000   0.0000   0.0000   0.5959
  -0.500   0.2549   0.01155   0.00613  -0.0682  0.8039  0.8901  -0.5779   0.0000   0.0000   0.0000   0.5174
   0.000   0.3128   0.01153   0.00605  -0.0673  0.7869  0.9320  -0.6243   0.0000   0.0000   0.0000   0.4641
   0.500   0.3989   0.01148   0.00585  -0.0724  0.7719  0.9624  -0.6934   0.0000   0.0000   0.0000   0.4299
   1.000   0.5006   0.01131   0.00552  -0.0813  0.7544  0.9827  -0.7758   0.0000   0.0000   0.0000   0.4101
   1.500   0.5856   0.01113   0.00525  -0.0875  0.7333  1.0000  -0.8549   0.0000   0.0000   0.0000   0.3967
   2.000   0.6164   0.01111   0.00516  -0.0831  0.7116  1.0000  -0.9027   0.0000   0.0000   0.0000   0.3816
   2.500   0.6505   0.01115   0.00512  -0.0790  0.6889  1.0000  -0.9573   0.0000   0.0000   0.0000   0.3678
   3.000   0.6918   0.01127   0.00515  -0.0761  0.6654  1.0000  -1.0241   0.0000   0.0000   0.0000   0.3559
   3.500   0.7382   0.01141   0.00520  -0.0741  0.6398  1.0000  -1.1020   0.0000   0.0000   0.0000   0.3457
   4.000   0.7870   0.01161   0.00529  -0.0724  0.6123  1.0000  -1.2063   0.0000   0.0000   0.0000   0.3369
   4.500   0.8348   0.01190   0.00553  -0.0707  0.5816  1.0000  -1.3195   0.0000   0.0000   0.0000   0.3291
   5.000   0.8822   0.01225   0.00582  -0.0689  0.5479  1.0000  -1.4699   0.0000   0.0000   0.0000   0.3220
   5.500   0.9293   0.01273   0.00619  -0.0671  0.5135  1.0000  -1.7265   0.0000   0.0000   0.0000   0.3155
   6.000   0.9735   0.01324   0.00665  -0.0649  0.4737  1.0000  -2.0355   0.0000   0.0000   0.0000   0.3094
   6.500   1.0172   0.01389   0.00723  -0.0627  0.4369  1.0000  -2.3567   0.0000   0.0000   0.0000   0.3038
   7.000   1.0570   0.01464   0.00784  -0.0599  0.3946  1.0000  -2.6791   0.0000   0.0000   0.0000   0.2982
   7.500   1.0949   0.01546   0.00865  -0.0569  0.3526  1.0000  -3.0054   0.0000   0.0000   0.0000   0.2929
   8.000   1.1293   0.01640   0.00954  -0.0534  0.3095  1.0000  -3.3294   0.0000   0.0000   0.0000   0.2876
   8.500   1.1586   0.01752   0.01056  -0.0493  0.2648  1.0000  -3.6504   0.0000   0.0000   0.0000   0.2822
   9.000   1.1790   0.01885   0.01174  -0.0438  0.2172  1.0000  -3.9504   0.0000   0.0000   0.0000   0.2762
   9.500   1.1912   0.02050   0.01325  -0.0374  0.1713  1.0000  -4.2187   0.0000   0.0000   0.0000   0.2697
  10.000   1.2004   0.02259   0.01515  -0.0314  0.1297  1.0000  -4.4715   0.0000   0.0000   0.0000   0.2638
  10.500   1.2054   0.02522   0.01757  -0.0259  0.0967  1.0000  -4.7024   0.0000   0.0000   0.0000   0.2583
  11.000   1.2103   0.02822   0.02052  -0.0211  0.0749  1.0000  -4.9196   0.0000   0.0000   0.0000   0.2535
  11.500   1.2204   0.03118   0.02360  -0.0175  0.0606  1.0000  -5.1473   0.0000   0.0000   0.0000   0.2496
  12.000   1.2214   0.03519   0.02775  -0.0138  0.0492  1.0000  -5.2929   0.0000   0.0000   0.0000   0.2457
  12.500   1.2174   0.03999   0.03262  -0.0109  0.0403  1.0000  -5.3963   0.0000   0.0000   0.0000   0.2425
  13.000   1.2194   0.04499   0.03786  -0.0084  0.0354  1.0000  -5.4725   0.0000   0.0000   0.0000   0.2396
  13.500   1.2273   0.04964   0.04282  -0.0069  0.0324  1.0000  -5.5991   0.0000   0.0000   0.0000   0.2374
  14.000   1.2339   0.05471   0.04814  -0.0059  0.0304  1.0000  -5.7265   0.0000   0.0000   0.0000   0.2356
  14.500   1.2375   0.06042   0.05412  -0.0055  0.0290  1.0000  -5.8395   0.0000   0.0000   0.0000   0.2343
  15.000   1.2363   0.06711   0.06111  -0.0058  0.0282  1.0000  -5.9181   0.0000   0.0000   0.0000   0.2337


