xflr5 v6.59

 Calculated polar for: revR_25_revT

 1 1 Reynolds number fixed          Mach number fixed         

 xtrf =   1.000 (top)        1.000 (bottom)
 Mach =   0.000     Re =     0.480 e 6     Ncrit =   9.000

  alpha     CL        CD       CDp       Cm    Top Xtr Bot Xtr   Cpmin    Chinge    XCp    
 ------- -------- --------- --------- -------- ------- ------- -------- --------- ---------
  -5.000  -0.1727   0.01100   0.00458  -0.0837  0.8457  0.0498  -2.5484   0.0000   0.0000   0.0000  -0.2487
  -4.500  -0.1190   0.01029   0.00381  -0.0833  0.8320  0.0700  -2.1945   0.0000   0.0000   0.0000  -0.4681
  -4.000  -0.0644   0.00976   0.00334  -0.0831  0.8200  0.1071  -1.8391   0.0000   0.0000   0.0000  -1.0696
  -3.500  -0.0098   0.00924   0.00299  -0.0830  0.8077  0.1643  -1.5064   0.0000   0.0000   0.0000  -8.3441
  -3.000   0.0449   0.00881   0.00273  -0.0829  0.7951  0.2340  -1.2420   0.0000   0.0000   0.0000   2.1232
  -2.500   0.0993   0.00828   0.00250  -0.0828  0.7823  0.3368  -1.0262   0.0000   0.0000   0.0000   1.0937
  -2.000   0.1535   0.00779   0.00237  -0.0826  0.7702  0.4599  -0.8200   0.0000   0.0000   0.0000   0.7929
  -1.500   0.2066   0.00731   0.00230  -0.0820  0.7568  0.6055  -0.6249   0.0000   0.0000   0.0000   0.6490
  -1.000   0.2602   0.00710   0.00233  -0.0812  0.7424  0.6995  -0.5782   0.0000   0.0000   0.0000   0.5626
  -0.500   0.3143   0.00708   0.00235  -0.0804  0.7287  0.7600  -0.6220   0.0000   0.0000   0.0000   0.5052
   0.000   0.3685   0.00704   0.00237  -0.0796  0.7134  0.8023  -0.6673   0.0000   0.0000   0.0000   0.4648
   0.500   0.4217   0.00704   0.00239  -0.0786  0.6967  0.8368  -0.7165   0.0000   0.0000   0.0000   0.4344
   1.000   0.4742   0.00708   0.00241  -0.0774  0.6796  0.8713  -0.7688   0.0000   0.0000   0.0000   0.4108
   1.500   0.5242   0.00708   0.00242  -0.0756  0.6598  0.9048  -0.8243   0.0000   0.0000   0.0000   0.3913
   2.500   0.6417   0.00714   0.00244  -0.0762  0.6141  0.9829  -0.9580   0.0000   0.0000   0.0000   0.3648
   3.000   0.7043   0.00734   0.00252  -0.0779  0.5875  1.0000  -1.0379   0.0000   0.0000   0.0000   0.3562
   3.500   0.7583   0.00760   0.00269  -0.0778  0.5586  1.0000  -1.1209   0.0000   0.0000   0.0000   0.3477
   4.000   0.8119   0.00792   0.00291  -0.0775  0.5277  1.0000  -1.2241   0.0000   0.0000   0.0000   0.3401
   4.500   0.8644   0.00834   0.00319  -0.0770  0.4948  1.0000  -1.3387   0.0000   0.0000   0.0000   0.3332
   5.000   0.9167   0.00878   0.00352  -0.0765  0.4579  1.0000  -1.4909   0.0000   0.0000   0.0000   0.3271
   5.500   0.9679   0.00932   0.00393  -0.0759  0.4229  1.0000  -1.7504   0.0000   0.0000   0.0000   0.3215
   6.000   1.0169   0.01000   0.00441  -0.0750  0.3725  1.0000  -2.0752   0.0000   0.0000   0.0000   0.3162
   6.500   1.0654   0.01076   0.00497  -0.0741  0.3235  1.0000  -2.4160   0.0000   0.0000   0.0000   0.3114
   7.000   1.1126   0.01162   0.00564  -0.0730  0.2745  1.0000  -2.7827   0.0000   0.0000   0.0000   0.3069
   7.500   1.1583   0.01259   0.00640  -0.0718  0.2274  1.0000  -3.1595   0.0000   0.0000   0.0000   0.3027
   8.000   1.2024   0.01365   0.00727  -0.0704  0.1848  1.0000  -3.5444   0.0000   0.0000   0.0000   0.2986
   8.500   1.2433   0.01492   0.00831  -0.0687  0.1389  1.0000  -3.9292   0.0000   0.0000   0.0000   0.2946
   9.000   1.2809   0.01635   0.00955  -0.0665  0.0987  1.0000  -4.3109   0.0000   0.0000   0.0000   0.2906
   9.500   1.3176   0.01770   0.01082  -0.0642  0.0728  1.0000  -4.6967   0.0000   0.0000   0.0000   0.2866
  10.000   1.3488   0.01916   0.01222  -0.0610  0.0535  1.0000  -5.0634   0.0000   0.0000   0.0000   0.2825
  10.500   1.3755   0.02089   0.01391  -0.0576  0.0381  1.0000  -5.4048   0.0000   0.0000   0.0000   0.2783
  11.000   1.3945   0.02320   0.01621  -0.0536  0.0242  1.0000  -5.6772   0.0000   0.0000   0.0000   0.2741
  11.500   1.4030   0.02652   0.01964  -0.0493  0.0173  1.0000  -5.8541   0.0000   0.0000   0.0000   0.2700
  12.000   1.4177   0.02957   0.02290  -0.0464  0.0160  1.0000  -6.1043   0.0000   0.0000   0.0000   0.2666
  12.500   1.4327   0.03280   0.02632  -0.0441  0.0150  1.0000  -6.3815   0.0000   0.0000   0.0000   0.2638
  13.000   1.4432   0.03658   0.03028  -0.0420  0.0142  1.0000  -6.6404   0.0000   0.0000   0.0000   0.2612
  13.500   1.4498   0.04098   0.03487  -0.0403  0.0135  1.0000  -6.8815   0.0000   0.0000   0.0000   0.2589
  14.000   1.4514   0.04609   0.04020  -0.0390  0.0131  1.0000  -7.0900   0.0000   0.0000   0.0000   0.2570
  14.500   1.4487   0.05199   0.04632  -0.0383  0.0128  1.0000  -7.2662   0.0000   0.0000   0.0000   0.2555
  15.000   1.4423   0.05871   0.05327  -0.0383  0.0125  1.0000  -7.4145   0.0000   0.0000   0.0000   0.2546


