xflr5 v6.59

 Calculated polar for: revR_05_revT

 1 1 Reynolds number fixed          Mach number fixed         

 xtrf =   1.000 (top)        1.000 (bottom)
 Mach =   0.000     Re =     0.320 e 6     Ncrit =   9.000

  alpha     CL        CD       CDp       Cm    Top Xtr Bot Xtr   Cpmin    Chinge    XCp    
 ------- -------- --------- --------- -------- ------- ------- -------- --------- ---------
  -5.000  -0.2407   0.01242   0.00571  -0.0695  0.9201  0.0679  -2.5598   0.0000   0.0000   0.0000  -0.0481
  -4.000  -0.1383   0.01071   0.00419  -0.0677  0.8858  0.1611  -1.8446   0.0000   0.0000   0.0000  -0.2512
  -3.500  -0.0866   0.01004   0.00377  -0.0669  0.8703  0.2487  -1.4946   0.0000   0.0000   0.0000  -0.5385
  -3.000  -0.0382   0.00931   0.00347  -0.0656  0.8533  0.3747  -1.2102   0.0000   0.0000   0.0000  -1.4962
  -2.500   0.0105   0.00866   0.00327  -0.0641  0.8364  0.5211  -1.0090   0.0000   0.0000   0.0000   6.4480
  -2.000   0.0597   0.00825   0.00326  -0.0622  0.8216  0.6650  -0.8138   0.0000   0.0000   0.0000   1.3028
  -1.500   0.1105   0.00814   0.00327  -0.0605  0.8051  0.7365  -0.6250   0.0000   0.0000   0.0000   0.8012
  -1.000   0.1615   0.00814   0.00329  -0.0587  0.7878  0.7922  -0.4976   0.0000   0.0000   0.0000   0.6145
  -0.500   0.2130   0.00814   0.00326  -0.0570  0.7710  0.8290  -0.5402   0.0000   0.0000   0.0000   0.5172
   0.000   0.2632   0.00813   0.00324  -0.0550  0.7534  0.8653  -0.5834   0.0000   0.0000   0.0000   0.4577
   0.500   0.3123   0.00811   0.00321  -0.0527  0.7334  0.8976  -0.6328   0.0000   0.0000   0.0000   0.4170
   1.000   0.3645   0.00811   0.00319  -0.0511  0.7131  0.9302  -0.6845   0.0000   0.0000   0.0000   0.3878
   1.500   0.4310   0.00817   0.00318  -0.0527  0.6907  0.9569  -0.7490   0.0000   0.0000   0.0000   0.3695
   2.000   0.5109   0.00826   0.00317  -0.0575  0.6642  0.9737  -0.8317   0.0000   0.0000   0.0000   0.3593
   2.500   0.5887   0.00838   0.00319  -0.0621  0.6363  0.9882  -0.9219   0.0000   0.0000   0.0000   0.3519
   3.000   0.6653   0.00850   0.00320  -0.0667  0.6021  1.0000  -1.0253   0.0000   0.0000   0.0000   0.3463
   3.500   0.6967   0.00867   0.00328  -0.0623  0.5720  1.0000  -1.1142   0.0000   0.0000   0.0000   0.3349
   4.000   0.7352   0.00900   0.00345  -0.0590  0.5373  1.0000  -1.2177   0.0000   0.0000   0.0000   0.3253
   4.500   0.7793   0.00937   0.00374  -0.0567  0.5025  1.0000  -1.3818   0.0000   0.0000   0.0000   0.3174
   5.000   0.8239   0.00987   0.00407  -0.0546  0.4614  1.0000  -1.6717   0.0000   0.0000   0.0000   0.3104
   5.500   0.8704   0.01035   0.00450  -0.0529  0.4243  1.0000  -2.0014   0.0000   0.0000   0.0000   0.3044
   6.000   0.9150   0.01095   0.00497  -0.0509  0.3805  1.0000  -2.3416   0.0000   0.0000   0.0000   0.2987
   6.500   0.9583   0.01166   0.00552  -0.0488  0.3337  1.0000  -2.6921   0.0000   0.0000   0.0000   0.2935
   7.000   0.9993   0.01251   0.00617  -0.0465  0.2806  1.0000  -3.0479   0.0000   0.0000   0.0000   0.2885
   7.500   1.0373   0.01354   0.00698  -0.0437  0.2262  1.0000  -3.4042   0.0000   0.0000   0.0000   0.2835
   8.000   1.0724   0.01474   0.00792  -0.0407  0.1678  1.0000  -3.7577   0.0000   0.0000   0.0000   0.2787
   8.500   1.1037   0.01611   0.00904  -0.0371  0.1183  1.0000  -4.1145   0.0000   0.0000   0.0000   0.2738
   9.000   1.1317   0.01753   0.01029  -0.0330  0.0832  1.0000  -4.4684   0.0000   0.0000   0.0000   0.2687
   9.500   1.1538   0.01889   0.01164  -0.0279  0.0622  1.0000  -4.7970   0.0000   0.0000   0.0000   0.2630
  10.000   1.1717   0.02050   0.01324  -0.0225  0.0456  1.0000  -5.0964   0.0000   0.0000   0.0000   0.2574
  10.500   1.1812   0.02273   0.01547  -0.0166  0.0305  1.0000  -5.3048   0.0000   0.0000   0.0000   0.2515
  11.000   1.1803   0.02584   0.01867  -0.0105  0.0230  1.0000  -5.4266   0.0000   0.0000   0.0000   0.2456
  11.500   1.1851   0.02895   0.02200  -0.0060  0.0211  1.0000  -5.5922   0.0000   0.0000   0.0000   0.2410
  12.000   1.1927   0.03222   0.02548  -0.0026  0.0199  1.0000  -5.7872   0.0000   0.0000   0.0000   0.2373
  12.500   1.1983   0.03598   0.02949   0.0002  0.0190  1.0000  -5.9702   0.0000   0.0000   0.0000   0.2341
  13.000   1.2036   0.04010   0.03382   0.0023  0.0184  1.0000  -6.1525   0.0000   0.0000   0.0000   0.2315
  13.500   1.2084   0.04460   0.03853   0.0037  0.0178  1.0000  -6.3364   0.0000   0.0000   0.0000   0.2294
  14.000   1.2116   0.04952   0.04367   0.0044  0.0172  1.0000  -6.5149   0.0000   0.0000   0.0000   0.2279
  14.500   1.2124   0.05507   0.04943   0.0045  0.0168  1.0000  -6.6785   0.0000   0.0000   0.0000   0.2269
  15.000   1.2098   0.06142   0.05602   0.0037  0.0164  1.0000  -6.8118   0.0000   0.0000   0.0000   0.2266


