xflr5 v6.59

 Calculated polar for: revR_95_revT

 1 1 Reynolds number fixed          Mach number fixed         

 xtrf =   1.000 (top)        1.000 (bottom)
 Mach =   0.000     Re =     0.295 e 6     Ncrit =   9.000

  alpha     CL        CD       CDp       Cm    Top Xtr Bot Xtr   Cpmin    Chinge    XCp    
 ------- -------- --------- --------- -------- ------- ------- -------- --------- ---------
  -5.000   0.1175   0.01573   0.00885  -0.1506  0.8036  0.0538  -2.2781   0.0000   0.0000   0.0000   1.5631
  -4.500   0.1739   0.01442   0.00743  -0.1510  0.7966  0.0640  -2.0437   0.0000   0.0000   0.0000   1.1374
  -4.000   0.2303   0.01375   0.00673  -0.1513  0.7893  0.0847  -1.8050   0.0000   0.0000   0.0000   0.9198
  -3.500   0.2858   0.01316   0.00620  -0.1515  0.7805  0.1199  -1.5680   0.0000   0.0000   0.0000   0.7890
  -3.000   0.3434   0.01258   0.00580  -0.1521  0.7724  0.1817  -1.3220   0.0000   0.0000   0.0000   0.6989
  -2.500   0.4017   0.01237   0.00566  -0.1527  0.7650  0.2510  -1.0894   0.0000   0.0000   0.0000   0.6342
  -1.500   0.5142   0.01167   0.00545  -0.1532  0.7474  0.4242  -0.8247   0.0000   0.0000   0.0000   0.5494
  -1.000   0.5723   0.01144   0.00543  -0.1536  0.7387  0.5339  -0.8670   0.0000   0.0000   0.0000   0.5187
  -0.500   0.6251   0.01117   0.00556  -0.1529  0.7290  0.6574  -0.9092   0.0000   0.0000   0.0000   0.4940
   0.000   0.6783   0.01103   0.00560  -0.1518  0.7200  0.7573  -0.9524   0.0000   0.0000   0.0000   0.4723
   0.500   0.7295   0.01102   0.00564  -0.1502  0.7101  0.8264  -0.9947   0.0000   0.0000   0.0000   0.4537
   1.000   0.7730   0.01083   0.00558  -0.1469  0.6985  0.8956  -1.0381   0.0000   0.0000   0.0000   0.4372
   1.500   0.8302   0.01065   0.00532  -0.1467  0.6889  1.0000  -1.0947   0.0000   0.0000   0.0000   0.4231
   2.000   0.8882   0.01079   0.00540  -0.1475  0.6763  1.0000  -1.1521   0.0000   0.0000   0.0000   0.4118
   2.500   0.9479   0.01081   0.00526  -0.1482  0.6636  1.0000  -1.2192   0.0000   0.0000   0.0000   0.4014
   3.000   1.0034   0.01096   0.00540  -0.1484  0.6494  1.0000  -1.2862   0.0000   0.0000   0.0000   0.3923
   3.500   1.0614   0.01111   0.00539  -0.1488  0.6358  1.0000  -1.3563   0.0000   0.0000   0.0000   0.3839
   4.000   1.1143   0.01124   0.00554  -0.1484  0.6179  1.0000  -1.4233   0.0000   0.0000   0.0000   0.3762
   4.500   1.1679   0.01149   0.00576  -0.1481  0.6005  1.0000  -1.5045   0.0000   0.0000   0.0000   0.3691
   5.000   1.2214   0.01180   0.00598  -0.1478  0.5829  1.0000  -1.5867   0.0000   0.0000   0.0000   0.3626
   5.500   1.2722   0.01216   0.00628  -0.1470  0.5619  1.0000  -1.6815   0.0000   0.0000   0.0000   0.3565
   6.000   1.3206   0.01259   0.00669  -0.1458  0.5381  1.0000  -1.7795   0.0000   0.0000   0.0000   0.3506
   6.500   1.3680   0.01312   0.00720  -0.1446  0.5151  1.0000  -1.9002   0.0000   0.0000   0.0000   0.3451
   7.000   1.4117   0.01377   0.00779  -0.1427  0.4883  1.0000  -2.0205   0.0000   0.0000   0.0000   0.3398
   7.500   1.4530   0.01452   0.00850  -0.1405  0.4622  1.0000  -2.1576   0.0000   0.0000   0.0000   0.3346
   8.000   1.4892   0.01543   0.00935  -0.1375  0.4339  1.0000  -2.3004   0.0000   0.0000   0.0000   0.3294
   8.500   1.5189   0.01646   0.01034  -0.1334  0.4058  1.0000  -2.4371   0.0000   0.0000   0.0000   0.3241
   9.000   1.5462   0.01769   0.01155  -0.1293  0.3801  1.0000  -2.6080   0.0000   0.0000   0.0000   0.3191
   9.500   1.5692   0.01921   0.01305  -0.1249  0.3525  1.0000  -2.7983   0.0000   0.0000   0.0000   0.3142
  10.000   1.5891   0.02107   0.01490  -0.1206  0.3246  1.0000  -3.0225   0.0000   0.0000   0.0000   0.3096
  10.500   1.6079   0.02320   0.01703  -0.1166  0.3001  1.0000  -3.2645   0.0000   0.0000   0.0000   0.3053
  11.000   1.6241   0.02569   0.01952  -0.1127  0.2751  1.0000  -3.5032   0.0000   0.0000   0.0000   0.3012
  11.500   1.6367   0.02857   0.02239  -0.1089  0.2500  1.0000  -3.7347   0.0000   0.0000   0.0000   0.2974
  12.000   1.6464   0.03185   0.02567  -0.1052  0.2245  1.0000  -3.9658   0.0000   0.0000   0.0000   0.2937
  12.500   1.6529   0.03553   0.02934  -0.1016  0.2002  1.0000  -4.1896   0.0000   0.0000   0.0000   0.2903
  13.000   1.6572   0.03960   0.03342  -0.0983  0.1777  1.0000  -4.4076   0.0000   0.0000   0.0000   0.2871
  13.500   1.6588   0.04415   0.03798  -0.0953  0.1565  1.0000  -4.6162   0.0000   0.0000   0.0000   0.2842
  14.000   1.6575   0.04928   0.04311  -0.0926  0.1373  1.0000  -4.8131   0.0000   0.0000   0.0000   0.2815
  14.500   1.6529   0.05500   0.04885  -0.0903  0.1196  1.0000  -4.9963   0.0000   0.0000   0.0000   0.2791
  15.000   1.6527   0.06052   0.05447  -0.0886  0.1051  1.0000  -5.1985   0.0000   0.0000   0.0000   0.2770
  15.500   1.6484   0.06674   0.06079  -0.0872  0.0923  1.0000  -5.3806   0.0000   0.0000   0.0000   0.2751
  16.000   1.6333   0.07449   0.06856  -0.0862  0.0802  1.0000  -5.5097   0.0000   0.0000   0.0000   0.2739
  16.500   1.6309   0.08094   0.07519  -0.0858  0.0712  1.0000  -5.6982   0.0000   0.0000   0.0000   0.2725
  17.000   1.6110   0.08989   0.08420  -0.0859  0.0623  1.0000  -5.7970   0.0000   0.0000   0.0000   0.2720
  17.500   1.6060   0.09704   0.09157  -0.0864  0.0557  1.0000  -5.9733   0.0000   0.0000   0.0000   0.2713
  18.000   1.5822   0.10699   0.10159  -0.0878  0.0489  1.0000  -6.0552   0.0000   0.0000   0.0000   0.2718
  18.500   1.5746   0.11488   0.10974  -0.0893  0.0444  1.0000  -6.2282   0.0000   0.0000   0.0000   0.2717
  19.000   1.5591   0.12411   0.11909  -0.0918  0.0402  1.0000  -6.3478   0.0000   0.0000   0.0000   0.2726
  19.500   1.5419   0.13343   0.12851  -0.0944  0.0360  1.0000  -6.4387   0.0000   0.0000   0.0000   0.2737
  20.000   1.5354   0.14160   0.13692  -0.0974  0.0334  1.0000  -6.6003   0.0000   0.0000   0.0000   0.2746
  20.500   1.5273   0.15012   0.14560  -0.1010  0.0307  1.0000  -6.7448   0.0000   0.0000   0.0000   0.2760
  21.000   1.5175   0.15866   0.15419  -0.1048  0.0279  1.0000  -6.8591   0.0000   0.0000   0.0000   0.2776
  21.500   1.5128   0.16659   0.16235  -0.1087  0.0262  1.0000  -6.9965   0.0000   0.0000   0.0000   0.2790
  22.000   1.5082   0.17488   0.17087  -0.1134  0.0246  1.0000  -7.1286   0.0000   0.0000   0.0000   0.2809
  22.500   1.5035   0.18332   0.17949  -0.1185  0.0232  1.0000  -7.2513   0.0000   0.0000   0.0000   0.2831
  23.000   1.4992   0.19180   0.18811  -0.1240  0.0220  1.0000  -7.3738   0.0000   0.0000   0.0000   0.2856
  23.500   1.4959   0.19968   0.19613  -0.1291  0.0206  1.0000  -7.4896   0.0000   0.0000   0.0000   0.2877
  24.000   1.4794   0.21128   0.20803  -0.1372  0.0199  1.0000  -7.4112   0.0000   0.0000   0.0000   0.2928
  24.500   1.4601   0.22509   0.22218  -0.1475  0.0195  1.0000  -7.2634   0.0000   0.0000   0.0000   0.2998
  25.000   1.4148   0.24833   0.24583  -0.1647  0.0195  1.0000  -6.6310   0.0000   0.0000   0.0000   0.3146
  25.500   1.3119   0.32145   0.31902  -0.2069  0.0285  1.0000  -2.9931   0.0000   0.0000   0.0000   0.3603
  26.000   1.3237   0.32929   0.32688  -0.2102  0.0272  1.0000  -3.0462   0.0000   0.0000   0.0000   0.3598
  26.500   1.3351   0.33799   0.33558  -0.2181  0.0268  1.0000  -2.9009   0.0000   0.0000   0.0000   0.3632
  27.000   1.3455   0.34696   0.34453  -0.2281  0.0228  1.0000  -2.6848   0.0000   0.0000   0.0000   0.3681
  27.500   1.3593   0.35124   0.34886  -0.2322  0.0213  1.0000  -2.8109   0.0000   0.0000   0.0000   0.3676
  28.000   1.3745   0.35449   0.35216  -0.2340  0.0205  1.0000  -3.0583   0.0000   0.0000   0.0000   0.3650
  28.500   1.3852   0.36408   0.36175  -0.2396  0.0199  1.0000  -2.9700   0.0000   0.0000   0.0000   0.3663
  29.000   1.3960   0.37331   0.37095  -0.2509  0.0176  1.0000  -2.6314   0.0000   0.0000   0.0000   0.3718
  29.500   1.4083   0.37893   0.37659  -0.2562  0.0162  1.0000  -2.6687   0.0000   0.0000   0.0000   0.3722
  30.000   1.4201   0.38338   0.38107  -0.2607  0.0153  1.0000  -2.7757   0.0000   0.0000   0.0000   0.3719


