xflr5 v6.59

 Calculated polar for: revR_05_revT

 1 1 Reynolds number fixed          Mach number fixed         

 xtrf =   1.000 (top)        1.000 (bottom)
 Mach =   0.000     Re =     0.165 e 6     Ncrit =   9.000

  alpha     CL        CD       CDp       Cm    Top Xtr Bot Xtr   Cpmin    Chinge    XCp    
 ------- -------- --------- --------- -------- ------- ------- -------- --------- ---------
  -5.000  -0.3519   0.01965   0.01185  -0.0518  0.9505  0.0751  -2.7934   0.0000   0.0000   0.0000   0.0957
  -4.500  -0.2744   0.01718   0.00941  -0.0564  0.9431  0.1017  -2.4207   0.0000   0.0000   0.0000   0.0368
  -4.000  -0.2172   0.01585   0.00829  -0.0572  0.9287  0.1591  -2.0708   0.0000   0.0000   0.0000  -0.0216
  -3.500  -0.1381   0.01423   0.00733  -0.0624  0.9206  0.3053  -1.6413   0.0000   0.0000   0.0000  -0.2129
  -3.000  -0.0851   0.01315   0.00700  -0.0621  0.9054  0.4886  -1.3222   0.0000   0.0000   0.0000  -0.4948
  -2.500  -0.0193   0.01242   0.00693  -0.0627  0.8954  0.6812  -1.0585   0.0000   0.0000   0.0000  -3.0421
  -2.000   0.0292   0.01242   0.00702  -0.0597  0.8778  0.7693  -0.8633   0.0000   0.0000   0.0000   2.3213
  -1.500   0.0814   0.01242   0.00703  -0.0569  0.8623  0.8327  -0.6689   0.0000   0.0000   0.0000   0.9555
  -1.000   0.1361   0.01237   0.00689  -0.0546  0.8480  0.8798  -0.5023   0.0000   0.0000   0.0000   0.6535
  -0.500   0.1936   0.01240   0.00684  -0.0533  0.8294  0.9214  -0.5247   0.0000   0.0000   0.0000   0.5257
   0.000   0.2848   0.01237   0.00666  -0.0590  0.8130  0.9491  -0.5911   0.0000   0.0000   0.0000   0.4564
   0.500   0.3892   0.01222   0.00633  -0.0679  0.7962  0.9701  -0.6736   0.0000   0.0000   0.0000   0.4228
   1.000   0.4840   0.01197   0.00594  -0.0755  0.7742  0.9901  -0.7529   0.0000   0.0000   0.0000   0.4039
   1.500   0.5496   0.01174   0.00561  -0.0779  0.7501  1.0000  -0.8252   0.0000   0.0000   0.0000   0.3892
   2.000   0.5815   0.01166   0.00547  -0.0737  0.7242  1.0000  -0.8753   0.0000   0.0000   0.0000   0.3737
   2.500   0.6135   0.01167   0.00542  -0.0692  0.6970  1.0000  -0.9350   0.0000   0.0000   0.0000   0.3594
   3.000   0.6491   0.01178   0.00547  -0.0653  0.6699  1.0000  -1.0030   0.0000   0.0000   0.0000   0.3467
   3.500   0.6892   0.01192   0.00552  -0.0621  0.6397  1.0000  -1.0969   0.0000   0.0000   0.0000   0.3357
   4.000   0.7339   0.01213   0.00560  -0.0595  0.6086  1.0000  -1.2061   0.0000   0.0000   0.0000   0.3263
   4.500   0.7789   0.01245   0.00588  -0.0572  0.5739  1.0000  -1.3664   0.0000   0.0000   0.0000   0.3182
   5.000   0.8250   0.01284   0.00613  -0.0551  0.5368  1.0000  -1.6264   0.0000   0.0000   0.0000   0.3110
   5.500   0.8698   0.01332   0.00659  -0.0528  0.4966  1.0000  -1.9441   0.0000   0.0000   0.0000   0.3044
   6.000   0.9137   0.01390   0.00707  -0.0505  0.4542  1.0000  -2.2746   0.0000   0.0000   0.0000   0.2984
   6.500   0.9562   0.01460   0.00766  -0.0480  0.4121  1.0000  -2.6147   0.0000   0.0000   0.0000   0.2929
   7.000   0.9954   0.01538   0.00833  -0.0452  0.3647  1.0000  -2.9563   0.0000   0.0000   0.0000   0.2874
   7.500   1.0323   0.01628   0.00920  -0.0420  0.3161  1.0000  -3.2991   0.0000   0.0000   0.0000   0.2821
   8.000   1.0654   0.01735   0.01018  -0.0385  0.2636  1.0000  -3.6356   0.0000   0.0000   0.0000   0.2769
   8.500   1.0923   0.01876   0.01142  -0.0341  0.2083  1.0000  -3.9500   0.0000   0.0000   0.0000   0.2714
   9.000   1.1081   0.02069   0.01304  -0.0284  0.1516  1.0000  -4.2159   0.0000   0.0000   0.0000   0.2651
   9.500   1.1149   0.02290   0.01504  -0.0215  0.1103  1.0000  -4.4375   0.0000   0.0000   0.0000   0.2582
  10.000   1.1259   0.02517   0.01727  -0.0160  0.0830  1.0000  -4.6779   0.0000   0.0000   0.0000   0.2524
  10.500   1.1309   0.02813   0.02021  -0.0106  0.0648  1.0000  -4.8735   0.0000   0.0000   0.0000   0.2468
  11.000   1.1384   0.03115   0.02331  -0.0064  0.0506  1.0000  -5.0626   0.0000   0.0000   0.0000   0.2423
  11.500   1.1451   0.03500   0.02737  -0.0025  0.0417  1.0000  -5.1725   0.0000   0.0000   0.0000   0.2381
  12.000   1.1535   0.03885   0.03134   0.0004  0.0366  1.0000  -5.3242   0.0000   0.0000   0.0000   0.2348
  12.500   1.1688   0.04504   0.03777   0.0029  0.0328  1.0000  -5.3848   0.0000   0.0000   0.0000   0.2319
  13.000   1.1771   0.04981   0.04300   0.0049  0.0319  1.0000  -5.5058   0.0000   0.0000   0.0000   0.2295
  13.500   1.1749   0.05587   0.04950   0.0062  0.0313  1.0000  -5.5638   0.0000   0.0000   0.0000   0.2275
  14.000   1.1608   0.06339   0.05748   0.0064  0.0311  1.0000  -5.5566   0.0000   0.0000   0.0000   0.2265
  14.500   1.1355   0.07270   0.06724   0.0046  0.0310  1.0000  -5.4820   0.0000   0.0000   0.0000   0.2270
  15.000   1.0993   0.08440   0.07938   0.0001  0.0312  1.0000  -5.3302   0.0000   0.0000   0.0000   0.2300


