xflr5 v6.59

 Calculated polar for: revR_40_revT

 1 1 Reynolds number fixed          Mach number fixed         

 xtrf =   1.000 (top)        1.000 (bottom)
 Mach =   0.000     Re =     0.130 e 6     Ncrit =   9.000

  alpha     CL        CD       CDp       Cm    Top Xtr Bot Xtr   Cpmin    Chinge    XCp    
 ------- -------- --------- --------- -------- ------- ------- -------- --------- ---------
  -5.000  -0.1910   0.02391   0.01600  -0.0936  0.9260  0.0862  -2.5042   0.0000   0.0000   0.0000  -0.2548
  -4.500  -0.1055   0.02132   0.01317  -0.0994  0.9210  0.1072  -2.1625   0.0000   0.0000   0.0000  -0.7154
  -4.000  -0.0563   0.02032   0.01215  -0.0986  0.9059  0.1432  -1.8973   0.0000   0.0000   0.0000  -1.5424
  -3.500   0.0212   0.01863   0.01089  -0.1031  0.8985  0.2421  -1.5493   0.0000   0.0000   0.0000   5.1935
  -3.000   0.0715   0.01787   0.01064  -0.1027  0.8833  0.3631  -1.3184   0.0000   0.0000   0.0000   1.7093
  -2.500   0.1372   0.01686   0.01040  -0.1039  0.8745  0.5506  -1.0773   0.0000   0.0000   0.0000   1.0170
  -2.000   0.1787   0.01688   0.01085  -0.1002  0.8584  0.6946  -0.8908   0.0000   0.0000   0.0000   0.8164
  -1.500   0.2296   0.01681   0.01085  -0.0967  0.8480  0.8010  -0.6988   0.0000   0.0000   0.0000   0.6741
  -1.000   0.2623   0.01688   0.01096  -0.0901  0.8309  0.8753  -0.5869   0.0000   0.0000   0.0000   0.5953
  -0.500   0.3158   0.01677   0.01077  -0.0878  0.8175  0.9482  -0.6277   0.0000   0.0000   0.0000   0.5284
   0.000   0.4342   0.01618   0.00993  -0.0993  0.8070  1.0000  -0.7090   0.0000   0.0000   0.0000   0.4779
   0.500   0.4680   0.01640   0.01001  -0.0961  0.7885  1.0000  -0.7443   0.0000   0.0000   0.0000   0.4539
   1.000   0.5231   0.01632   0.00973  -0.0958  0.7740  1.0000  -0.7961   0.0000   0.0000   0.0000   0.4310
   1.500   0.5783   0.01632   0.00959  -0.0955  0.7575  1.0000  -0.8537   0.0000   0.0000   0.0000   0.4124
   2.000   0.6312   0.01644   0.00963  -0.0948  0.7383  1.0000  -0.9113   0.0000   0.0000   0.0000   0.3970
   2.500   0.6868   0.01645   0.00956  -0.0943  0.7202  1.0000  -0.9742   0.0000   0.0000   0.0000   0.3835
   3.000   0.7452   0.01631   0.00932  -0.0940  0.7029  1.0000  -1.0487   0.0000   0.0000   0.0000   0.3718
   3.500   0.8029   0.01616   0.00908  -0.0936  0.6835  1.0000  -1.1275   0.0000   0.0000   0.0000   0.3617
   4.000   0.8570   0.01615   0.00906  -0.0927  0.6606  1.0000  -1.2148   0.0000   0.0000   0.0000   0.3528
   4.500   0.9112   0.01620   0.00909  -0.0919  0.6370  1.0000  -1.3157   0.0000   0.0000   0.0000   0.3449
   5.000   0.9655   0.01628   0.00912  -0.0911  0.6115  1.0000  -1.4353   0.0000   0.0000   0.0000   0.3378
   5.500   1.0153   0.01653   0.00944  -0.0897  0.5813  1.0000  -1.5749   0.0000   0.0000   0.0000   0.3312
   6.000   1.0661   0.01683   0.00973  -0.0884  0.5498  1.0000  -1.7390   0.0000   0.0000   0.0000   0.3252
   6.500   1.1175   0.01723   0.00998  -0.0872  0.5169  1.0000  -2.0103   0.0000   0.0000   0.0000   0.3197
   7.000   1.1621   0.01786   0.01070  -0.0852  0.4793  1.0000  -2.3144   0.0000   0.0000   0.0000   0.3143
   7.500   1.2070   0.01862   0.01138  -0.0833  0.4417  1.0000  -2.6339   0.0000   0.0000   0.0000   0.3093
   8.000   1.2471   0.01951   0.01223  -0.0807  0.4011  1.0000  -2.9497   0.0000   0.0000   0.0000   0.3043
   8.500   1.2834   0.02060   0.01334  -0.0778  0.3597  1.0000  -3.2648   0.0000   0.0000   0.0000   0.2995
   9.000   1.3155   0.02193   0.01466  -0.0744  0.3188  1.0000  -3.5838   0.0000   0.0000   0.0000   0.2947
   9.500   1.3393   0.02355   0.01618  -0.0701  0.2757  1.0000  -3.8793   0.0000   0.0000   0.0000   0.2897
  10.000   1.3524   0.02557   0.01807  -0.0646  0.2340  1.0000  -4.1360   0.0000   0.0000   0.0000   0.2844
  10.500   1.3613   0.02815   0.02062  -0.0595  0.1929  1.0000  -4.3715   0.0000   0.0000   0.0000   0.2795
  11.000   1.3656   0.03156   0.02394  -0.0548  0.1568  1.0000  -4.5790   0.0000   0.0000   0.0000   0.2751
  11.500   1.3666   0.03561   0.02791  -0.0508  0.1265  1.0000  -4.7645   0.0000   0.0000   0.0000   0.2712
  12.000   1.3662   0.04018   0.03250  -0.0474  0.1032  1.0000  -4.9334   0.0000   0.0000   0.0000   0.2678
  12.500   1.3673   0.04494   0.03737  -0.0446  0.0853  1.0000  -5.0948   0.0000   0.0000   0.0000   0.2648
  13.000   1.3673   0.05013   0.04266  -0.0420  0.0717  1.0000  -5.2328   0.0000   0.0000   0.0000   0.2620
  13.500   1.3652   0.05566   0.04824  -0.0401  0.0613  1.0000  -5.3622   0.0000   0.0000   0.0000   0.2597
  14.000   1.3683   0.06122   0.05410  -0.0379  0.0540  1.0000  -5.4608   0.0000   0.0000   0.0000   0.2572
  14.500   1.3690   0.06715   0.06033  -0.0366  0.0489  1.0000  -5.5501   0.0000   0.0000   0.0000   0.2553
  15.000   1.3669   0.07358   0.06695  -0.0358  0.0452  1.0000  -5.6392   0.0000   0.0000   0.0000   0.2537


