xflr5 v6.59

 Calculated polar for: revR_45_revT

 1 1 Reynolds number fixed          Mach number fixed         

 xtrf =   1.000 (top)        1.000 (bottom)
 Mach =   0.000     Re =     0.295 e 6     Ncrit =   9.000

  alpha     CL        CD       CDp       Cm    Top Xtr Bot Xtr   Cpmin    Chinge    XCp    
 ------- -------- --------- --------- -------- ------- ------- -------- --------- ---------
  -5.000  -0.0829   0.01378   0.00692  -0.1058  0.8561  0.0615  -2.4039   0.0000   0.0000   0.0000  -1.0601
  -4.500  -0.0292   0.01289   0.00589  -0.1055  0.8460  0.0788  -2.0918   0.0000   0.0000   0.0000  -3.4469
  -4.000   0.0243   0.01212   0.00519  -0.1051  0.8338  0.1161  -1.7755   0.0000   0.0000   0.0000   4.6668
  -3.500   0.0788   0.01150   0.00477  -0.1050  0.8235  0.1868  -1.4858   0.0000   0.0000   0.0000   1.6045
  -3.000   0.1326   0.01094   0.00448  -0.1049  0.8117  0.2701  -1.2572   0.0000   0.0000   0.0000   1.0521
  -2.500   0.1879   0.01048   0.00425  -0.1049  0.8016  0.3720  -1.0323   0.0000   0.0000   0.0000   0.8142
  -2.000   0.2404   0.00993   0.00417  -0.1043  0.7887  0.5121  -0.8225   0.0000   0.0000   0.0000   0.6875
  -1.500   0.2941   0.00961   0.00413  -0.1035  0.7780  0.6345  -0.6301   0.0000   0.0000   0.0000   0.6035
  -1.000   0.3453   0.00946   0.00426  -0.1020  0.7653  0.7344  -0.6542   0.0000   0.0000   0.0000   0.5458
  -0.500   0.3980   0.00945   0.00423  -0.1005  0.7536  0.7965  -0.6941   0.0000   0.0000   0.0000   0.5021
   0.000   0.4474   0.00937   0.00423  -0.0985  0.7391  0.8450  -0.7379   0.0000   0.0000   0.0000   0.4689
   0.500   0.4949   0.00934   0.00419  -0.0958  0.7266  0.8913  -0.7819   0.0000   0.0000   0.0000   0.4417
   1.000   0.5427   0.00919   0.00406  -0.0933  0.7119  0.9380  -0.8296   0.0000   0.0000   0.0000   0.4194
   2.000   0.6762   0.00917   0.00383  -0.0979  0.6793  1.0000  -0.9625   0.0000   0.0000   0.0000   0.3911
   2.500   0.7320   0.00927   0.00383  -0.0980  0.6603  1.0000  -1.0255   0.0000   0.0000   0.0000   0.3798
   3.000   0.7872   0.00941   0.00390  -0.0980  0.6396  1.0000  -1.0963   0.0000   0.0000   0.0000   0.3698
   3.500   0.8419   0.00960   0.00402  -0.0978  0.6172  1.0000  -1.1725   0.0000   0.0000   0.0000   0.3610
   4.000   0.8959   0.00985   0.00420  -0.0975  0.5935  1.0000  -1.2574   0.0000   0.0000   0.0000   0.3531
   5.000   1.0008   0.01057   0.00474  -0.0963  0.5382  1.0000  -1.4703   0.0000   0.0000   0.0000   0.3394
   5.500   1.0517   0.01101   0.00514  -0.0955  0.5069  1.0000  -1.6116   0.0000   0.0000   0.0000   0.3334
   6.000   1.1008   0.01157   0.00561  -0.0945  0.4728  1.0000  -1.7668   0.0000   0.0000   0.0000   0.3278
   6.500   1.1487   0.01221   0.00617  -0.0933  0.4393  1.0000  -2.0098   0.0000   0.0000   0.0000   0.3225
   7.000   1.1949   0.01294   0.00682  -0.0919  0.4021  1.0000  -2.3190   0.0000   0.0000   0.0000   0.3175
   7.500   1.2387   0.01379   0.00759  -0.0902  0.3639  1.0000  -2.6377   0.0000   0.0000   0.0000   0.3128
   8.000   1.2805   0.01475   0.00846  -0.0883  0.3280  1.0000  -2.9724   0.0000   0.0000   0.0000   0.3082
   8.500   1.3185   0.01587   0.00949  -0.0859  0.2856  1.0000  -3.3066   0.0000   0.0000   0.0000   0.3037
   9.000   1.3516   0.01719   0.01067  -0.0829  0.2437  1.0000  -3.6335   0.0000   0.0000   0.0000   0.2991
   9.500   1.3777   0.01876   0.01208  -0.0789  0.2041  1.0000  -3.9421   0.0000   0.0000   0.0000   0.2943
  10.000   1.3992   0.02071   0.01386  -0.0749  0.1637  1.0000  -4.2384   0.0000   0.0000   0.0000   0.2898
  10.500   1.4187   0.02295   0.01599  -0.0711  0.1281  1.0000  -4.5300   0.0000   0.0000   0.0000   0.2856
  11.000   1.4328   0.02576   0.01871  -0.0673  0.0990  1.0000  -4.8006   0.0000   0.0000   0.0000   0.2816
  11.500   1.4451   0.02892   0.02184  -0.0639  0.0773  1.0000  -5.0605   0.0000   0.0000   0.0000   0.2780
  12.000   1.4572   0.03227   0.02523  -0.0610  0.0620  1.0000  -5.3178   0.0000   0.0000   0.0000   0.2747
  12.500   1.4654   0.03617   0.02926  -0.0582  0.0504  1.0000  -5.5461   0.0000   0.0000   0.0000   0.2716
  13.000   1.4544   0.04209   0.03524  -0.0551  0.0400  1.0000  -5.6591   0.0000   0.0000   0.0000   0.2688
  13.500   1.4632   0.04634   0.03972  -0.0534  0.0352  1.0000  -5.8713   0.0000   0.0000   0.0000   0.2664
  14.000   1.4575   0.05239   0.04590  -0.0519  0.0305  1.0000  -5.9998   0.0000   0.0000   0.0000   0.2646
  14.500   1.4311   0.06109   0.05484  -0.0503  0.0267  1.0000  -5.9627   0.0000   0.0000   0.0000   0.2630
  15.000   1.4297   0.06738   0.06137  -0.0499  0.0255  1.0000  -6.1117   0.0000   0.0000   0.0000   0.2618


