xflr5 v6.59

 Calculated polar for: revR_65_revT

 1 1 Reynolds number fixed          Mach number fixed         

 xtrf =   1.000 (top)        1.000 (bottom)
 Mach =   0.000     Re =     0.170 e 6     Ncrit =   9.000

  alpha     CL        CD       CDp       Cm    Top Xtr Bot Xtr   Cpmin    Chinge    XCp    
 ------- -------- --------- --------- -------- ------- ------- -------- --------- ---------
  -5.000  -0.0119   0.02061   0.01306  -0.1275  0.8769  0.0751  -2.2476   0.0000   0.0000   0.0000  -10.7761
  -4.500   0.0401   0.01900   0.01137  -0.1272  0.8665  0.0921  -1.9863   0.0000   0.0000   0.0000   3.4941
  -4.000   0.0941   0.01787   0.01018  -0.1269  0.8560  0.1217  -1.7547   0.0000   0.0000   0.0000   1.6251
  -3.500   0.1546   0.01678   0.00931  -0.1277  0.8484  0.1909  -1.5154   0.0000   0.0000   0.0000   1.0900
  -3.000   0.2028   0.01629   0.00912  -0.1269  0.8346  0.2752  -1.2984   0.0000   0.0000   0.0000   0.8850
  -2.500   0.2611   0.01559   0.00876  -0.1272  0.8262  0.3866  -1.0707   0.0000   0.0000   0.0000   0.7429
  -2.000   0.3106   0.01532   0.00895  -0.1262  0.8135  0.5200  -0.8676   0.0000   0.0000   0.0000   0.6599
  -1.500   0.3629   0.01489   0.00893  -0.1244  0.8036  0.6610  -0.6756   0.0000   0.0000   0.0000   0.5950
  -1.000   0.4080   0.01496   0.00919  -0.1212  0.7910  0.7655  -0.7105   0.0000   0.0000   0.0000   0.5480
  -0.500   0.4516   0.01479   0.00906  -0.1171  0.7797  0.8463  -0.7478   0.0000   0.0000   0.0000   0.5092
   0.000   0.4887   0.01478   0.00907  -0.1120  0.7676  0.9181  -0.7807   0.0000   0.0000   0.0000   0.4783
   0.500   0.5649   0.01434   0.00850  -0.1154  0.7558  1.0000  -0.8426   0.0000   0.0000   0.0000   0.4525
   1.000   0.6223   0.01450   0.00848  -0.1163  0.7422  1.0000  -0.8935   0.0000   0.0000   0.0000   0.4344
   1.500   0.6839   0.01439   0.00818  -0.1172  0.7298  1.0000  -0.9526   0.0000   0.0000   0.0000   0.4183
   2.000   0.7389   0.01460   0.00832  -0.1173  0.7142  1.0000  -1.0117   0.0000   0.0000   0.0000   0.4051
   2.500   0.8017   0.01441   0.00793  -0.1180  0.7016  1.0000  -1.0786   0.0000   0.0000   0.0000   0.3929
   3.000   0.8548   0.01453   0.00804  -0.1175  0.6835  1.0000  -1.1419   0.0000   0.0000   0.0000   0.3826
   3.500   0.9098   0.01464   0.00812  -0.1172  0.6662  1.0000  -1.2155   0.0000   0.0000   0.0000   0.3734
   4.000   0.9667   0.01459   0.00800  -0.1170  0.6482  1.0000  -1.2942   0.0000   0.0000   0.0000   0.3650
   4.500   1.0241   0.01461   0.00792  -0.1169  0.6299  1.0000  -1.3864   0.0000   0.0000   0.0000   0.3575
   5.000   1.0764   0.01476   0.00808  -0.1162  0.6075  1.0000  -1.4785   0.0000   0.0000   0.0000   0.3506
   5.500   1.1287   0.01497   0.00826  -0.1153  0.5831  1.0000  -1.5983   0.0000   0.0000   0.0000   0.3442
   6.000   1.1802   0.01532   0.00855  -0.1144  0.5575  1.0000  -1.7204   0.0000   0.0000   0.0000   0.3383
   6.500   1.2273   0.01579   0.00905  -0.1129  0.5280  1.0000  -1.8696   0.0000   0.0000   0.0000   0.3327
   7.000   1.2733   0.01638   0.00965  -0.1112  0.4976  1.0000  -2.0299   0.0000   0.0000   0.0000   0.3273
   7.500   1.3171   0.01707   0.01026  -0.1092  0.4646  1.0000  -2.2315   0.0000   0.0000   0.0000   0.3222
   8.000   1.3577   0.01795   0.01112  -0.1068  0.4315  1.0000  -2.4645   0.0000   0.0000   0.0000   0.3172
   8.500   1.3949   0.01895   0.01214  -0.1040  0.3988  1.0000  -2.7537   0.0000   0.0000   0.0000   0.3124
   9.000   1.4255   0.02019   0.01323  -0.1003  0.3637  1.0000  -3.0379   0.0000   0.0000   0.0000   0.3074
   9.500   1.4497   0.02152   0.01462  -0.0958  0.3303  1.0000  -3.3078   0.0000   0.0000   0.0000   0.3023
  10.000   1.4695   0.02320   0.01633  -0.0910  0.2993  1.0000  -3.5769   0.0000   0.0000   0.0000   0.2973
  10.500   1.4818   0.02542   0.01845  -0.0859  0.2676  1.0000  -3.8241   0.0000   0.0000   0.0000   0.2925
  11.000   1.4930   0.02797   0.02106  -0.0815  0.2344  1.0000  -4.0692   0.0000   0.0000   0.0000   0.2882
  11.500   1.4994   0.03120   0.02424  -0.0773  0.2034  1.0000  -4.2970   0.0000   0.0000   0.0000   0.2843
  12.000   1.5010   0.03512   0.02809  -0.0734  0.1749  1.0000  -4.5085   0.0000   0.0000   0.0000   0.2806
  12.500   1.5021   0.03941   0.03239  -0.0700  0.1484  1.0000  -4.7193   0.0000   0.0000   0.0000   0.2774
  13.000   1.4997   0.04428   0.03733  -0.0671  0.1253  1.0000  -4.9119   0.0000   0.0000   0.0000   0.2745
  13.500   1.4926   0.04990   0.04293  -0.0644  0.1063  1.0000  -5.0773   0.0000   0.0000   0.0000   0.2719
  14.000   1.4862   0.05587   0.04897  -0.0625  0.0904  1.0000  -5.2417   0.0000   0.0000   0.0000   0.2698
  14.500   1.4830   0.06187   0.05517  -0.0612  0.0776  1.0000  -5.4108   0.0000   0.0000   0.0000   0.2679
  15.000   1.4716   0.06887   0.06218  -0.0597  0.0669  1.0000  -5.5265   0.0000   0.0000   0.0000   0.2662


