xflr5 v6.59

 Calculated polar for: revR_0_revT

 1 1 Reynolds number fixed          Mach number fixed         

 xtrf =   1.000 (top)        1.000 (bottom)
 Mach =   0.000     Re =     0.350 e 6     Ncrit =   9.000

  alpha     CL        CD       CDp       Cm    Top Xtr Bot Xtr   Cpmin    Chinge    XCp    
 ------- -------- --------- --------- -------- ------- ------- -------- --------- ---------
  -5.000  -0.2636   0.01192   0.00527  -0.0638  0.9254  0.0671  -2.7376   0.0000   0.0000   0.0000  -0.0008
  -4.500  -0.2102   0.01103   0.00442  -0.0633  0.9075  0.0999  -2.3427   0.0000   0.0000   0.0000  -0.0604
  -4.000  -0.1592   0.01027   0.00386  -0.0624  0.8897  0.1638  -1.9594   0.0000   0.0000   0.0000  -0.1522
  -3.500  -0.1085   0.00962   0.00346  -0.0614  0.8727  0.2481  -1.5935   0.0000   0.0000   0.0000  -0.3286
  -3.000  -0.0591   0.00890   0.00313  -0.0602  0.8556  0.3743  -1.2645   0.0000   0.0000   0.0000  -0.7887
  -2.500  -0.0109   0.00821   0.00293  -0.0587  0.8381  0.5277  -1.0027   0.0000   0.0000   0.0000  -5.2007
  -2.000   0.0379   0.00781   0.00291  -0.0568  0.8214  0.6629  -0.7992   0.0000   0.0000   0.0000   1.7667
  -1.500   0.0892   0.00771   0.00291  -0.0552  0.8042  0.7349  -0.6212   0.0000   0.0000   0.0000   0.8736
  -1.000   0.1407   0.00769   0.00291  -0.0536  0.7862  0.7870  -0.4799   0.0000   0.0000   0.0000   0.6322
  -0.500   0.1925   0.00769   0.00289  -0.0520  0.7682  0.8246  -0.5224   0.0000   0.0000   0.0000   0.5202
   0.000   0.2436   0.00769   0.00288  -0.0503  0.7499  0.8579  -0.5676   0.0000   0.0000   0.0000   0.4554
   0.500   0.2935   0.00770   0.00286  -0.0483  0.7296  0.8894  -0.6157   0.0000   0.0000   0.0000   0.4127
   1.000   0.3433   0.00770   0.00286  -0.0462  0.7077  0.9213  -0.6666   0.0000   0.0000   0.0000   0.3823
   1.500   0.4016   0.00776   0.00283  -0.0460  0.6842  0.9503  -0.7282   0.0000   0.0000   0.0000   0.3618
   2.000   0.4756   0.00786   0.00287  -0.0496  0.6570  0.9699  -0.8050   0.0000   0.0000   0.0000   0.3510
   2.500   0.5547   0.00800   0.00291  -0.0544  0.6257  0.9831  -0.8969   0.0000   0.0000   0.0000   0.3445
   3.000   0.6331   0.00818   0.00297  -0.0594  0.5909  0.9968  -1.0124   0.0000   0.0000   0.0000   0.3398
   3.500   0.6781   0.00838   0.00307  -0.0577  0.5564  1.0000  -1.1095   0.0000   0.0000   0.0000   0.3307
   4.000   0.7164   0.00869   0.00325  -0.0545  0.5206  1.0000  -1.2319   0.0000   0.0000   0.0000   0.3211
   4.500   0.7593   0.00912   0.00352  -0.0520  0.4813  1.0000  -1.4478   0.0000   0.0000   0.0000   0.3131
   5.000   0.8055   0.00956   0.00387  -0.0502  0.4439  1.0000  -1.7685   0.0000   0.0000   0.0000   0.3065
   5.500   0.8512   0.01011   0.00429  -0.0484  0.4014  1.0000  -2.1053   0.0000   0.0000   0.0000   0.3006
   6.000   0.8965   0.01075   0.00478  -0.0466  0.3566  1.0000  -2.4566   0.0000   0.0000   0.0000   0.2952
   6.500   0.9407   0.01148   0.00536  -0.0448  0.3036  1.0000  -2.8189   0.0000   0.0000   0.0000   0.2902
   7.000   0.9824   0.01242   0.00604  -0.0426  0.2464  1.0000  -3.1885   0.0000   0.0000   0.0000   0.2854
   7.500   1.0236   0.01342   0.00685  -0.0405  0.1943  1.0000  -3.5772   0.0000   0.0000   0.0000   0.2810
   8.000   1.0601   0.01474   0.00789  -0.0378  0.1350  1.0000  -3.9570   0.0000   0.0000   0.0000   0.2765
   8.500   1.0939   0.01619   0.00907  -0.0347  0.0883  1.0000  -4.3319   0.0000   0.0000   0.0000   0.2720
   9.000   1.1270   0.01756   0.01034  -0.0315  0.0616  1.0000  -4.7047   0.0000   0.0000   0.0000   0.2676
   9.500   1.1542   0.01908   0.01180  -0.0274  0.0419  1.0000  -5.0402   0.0000   0.0000   0.0000   0.2627
  10.000   1.1708   0.02091   0.01361  -0.0218  0.0267  1.0000  -5.2841   0.0000   0.0000   0.0000   0.2569
  10.500   1.1843   0.02301   0.01582  -0.0163  0.0212  1.0000  -5.5012   0.0000   0.0000   0.0000   0.2513
  11.000   1.1964   0.02537   0.01828  -0.0116  0.0187  1.0000  -5.7479   0.0000   0.0000   0.0000   0.2466
  11.500   1.2000   0.02859   0.02168  -0.0071  0.0174  1.0000  -5.9271   0.0000   0.0000   0.0000   0.2419
  12.000   1.2114   0.03159   0.02491  -0.0040  0.0166  1.0000  -6.1669   0.0000   0.0000   0.0000   0.2385
  12.500   1.2191   0.03521   0.02873  -0.0015  0.0160  1.0000  -6.3799   0.0000   0.0000   0.0000   0.2356
  13.000   1.2246   0.03936   0.03308   0.0004  0.0156  1.0000  -6.5758   0.0000   0.0000   0.0000   0.2331
  13.500   1.2287   0.04398   0.03791   0.0016  0.0152  1.0000  -6.7595   0.0000   0.0000   0.0000   0.2312
  14.000   1.2312   0.04910   0.04327   0.0022  0.0149  1.0000  -6.9276   0.0000   0.0000   0.0000   0.2298
  14.500   1.2317   0.05480   0.04921   0.0022  0.0147  1.0000  -7.0755   0.0000   0.0000   0.0000   0.2289
  15.000   1.2295   0.06124   0.05592   0.0014  0.0145  1.0000  -7.2550   0.0000   0.0000   0.0000   0.2286


