xflr5 v6.59

 Calculated polar for: revR_35_revT

 1 1 Reynolds number fixed          Mach number fixed         

 xtrf =   1.000 (top)        1.000 (bottom)
 Mach =   0.000     Re =     0.135 e 6     Ncrit =   9.000

  alpha     CL        CD       CDp       Cm    Top Xtr Bot Xtr   Cpmin    Chinge    XCp    
 ------- -------- --------- --------- -------- ------- ------- -------- --------- ---------
  -5.000  -0.2082   0.02276   0.01484  -0.0887  0.9294  0.0850  -2.5371   0.0000   0.0000   0.0000  -0.1894
  -4.500  -0.1267   0.02040   0.01230  -0.0938  0.9230  0.1070  -2.1893   0.0000   0.0000   0.0000  -0.5095
  -4.000  -0.0693   0.01923   0.01119  -0.0946  0.9101  0.1493  -1.8940   0.0000   0.0000   0.0000  -1.1445
  -3.500   0.0025   0.01770   0.01015  -0.0981  0.9005  0.2525  -1.5549   0.0000   0.0000   0.0000  40.1934
  -2.500   0.1184   0.01597   0.00969  -0.0987  0.8761  0.5763  -1.0665   0.0000   0.0000   0.0000   1.0943
  -2.000   0.1626   0.01600   0.01008  -0.0952  0.8612  0.7131  -0.8756   0.0000   0.0000   0.0000   0.8414
  -1.500   0.2133   0.01587   0.01000  -0.0915  0.8501  0.8078  -0.6851   0.0000   0.0000   0.0000   0.6822
  -1.000   0.2468   0.01600   0.01015  -0.0853  0.8325  0.8777  -0.5724   0.0000   0.0000   0.0000   0.5974
  -0.500   0.3013   0.01583   0.00988  -0.0830  0.8201  0.9444  -0.6151   0.0000   0.0000   0.0000   0.5258
   0.000   0.4158   0.01534   0.00918  -0.0937  0.8078  0.9928  -0.6940   0.0000   0.0000   0.0000   0.4747
   0.500   0.4651   0.01537   0.00906  -0.0934  0.7899  1.0000  -0.7386   0.0000   0.0000   0.0000   0.4492
   1.000   0.5138   0.01531   0.00881  -0.0919  0.7748  1.0000  -0.7875   0.0000   0.0000   0.0000   0.4268
   1.500   0.5654   0.01533   0.00871  -0.0911  0.7571  1.0000  -0.8432   0.0000   0.0000   0.0000   0.4084
   2.000   0.6176   0.01542   0.00870  -0.0903  0.7373  1.0000  -0.9003   0.0000   0.0000   0.0000   0.3930
   2.500   0.6720   0.01547   0.00868  -0.0897  0.7181  1.0000  -0.9637   0.0000   0.0000   0.0000   0.3797
   3.000   0.7277   0.01544   0.00858  -0.0891  0.6986  1.0000  -1.0371   0.0000   0.0000   0.0000   0.3682
   3.500   0.7835   0.01540   0.00847  -0.0885  0.6777  1.0000  -1.1162   0.0000   0.0000   0.0000   0.3581
   4.000   0.8381   0.01540   0.00843  -0.0877  0.6544  1.0000  -1.2066   0.0000   0.0000   0.0000   0.3493
   4.500   0.8917   0.01550   0.00851  -0.0868  0.6294  1.0000  -1.3115   0.0000   0.0000   0.0000   0.3415
   5.000   0.9443   0.01562   0.00863  -0.0858  0.6010  1.0000  -1.4342   0.0000   0.0000   0.0000   0.3344
   5.500   0.9966   0.01582   0.00879  -0.0847  0.5710  1.0000  -1.5876   0.0000   0.0000   0.0000   0.3280
   6.000   1.0483   0.01618   0.00905  -0.0835  0.5390  1.0000  -1.7915   0.0000   0.0000   0.0000   0.3221
   6.500   1.0953   0.01670   0.00960  -0.0818  0.5021  1.0000  -2.0977   0.0000   0.0000   0.0000   0.3165
   7.000   1.1421   0.01736   0.01019  -0.0801  0.4648  1.0000  -2.4180   0.0000   0.0000   0.0000   0.3113
   7.500   1.1856   0.01815   0.01094  -0.0780  0.4249  1.0000  -2.7406   0.0000   0.0000   0.0000   0.3062
   8.000   1.2253   0.01908   0.01187  -0.0755  0.3825  1.0000  -3.0616   0.0000   0.0000   0.0000   0.3014
   8.500   1.2620   0.02023   0.01299  -0.0727  0.3406  1.0000  -3.3868   0.0000   0.0000   0.0000   0.2966
   9.000   1.2929   0.02161   0.01434  -0.0692  0.2967  1.0000  -3.7086   0.0000   0.0000   0.0000   0.2918
   9.500   1.3161   0.02331   0.01594  -0.0649  0.2511  1.0000  -4.0065   0.0000   0.0000   0.0000   0.2869
  10.000   1.3286   0.02549   0.01797  -0.0596  0.2072  1.0000  -4.2629   0.0000   0.0000   0.0000   0.2816
  10.500   1.3360   0.02839   0.02074  -0.0545  0.1666  1.0000  -4.4910   0.0000   0.0000   0.0000   0.2768
  11.000   1.3415   0.03191   0.02422  -0.0501  0.1317  1.0000  -4.6979   0.0000   0.0000   0.0000   0.2725
  11.500   1.3436   0.03601   0.02825  -0.0464  0.1053  1.0000  -4.8849   0.0000   0.0000   0.0000   0.2688
  12.000   1.3460   0.04046   0.03274  -0.0433  0.0855  1.0000  -5.0601   0.0000   0.0000   0.0000   0.2656
  12.500   1.3471   0.04534   0.03778  -0.0406  0.0708  1.0000  -5.2109   0.0000   0.0000   0.0000   0.2626
  13.000   1.3453   0.05082   0.04324  -0.0378  0.0588  1.0000  -5.3313   0.0000   0.0000   0.0000   0.2597
  13.500   1.3505   0.05590   0.04868  -0.0359  0.0523  1.0000  -5.4503   0.0000   0.0000   0.0000   0.2573
  14.000   1.3528   0.06139   0.05439  -0.0344  0.0469  1.0000  -5.5573   0.0000   0.0000   0.0000   0.2552
  14.500   1.3538   0.06766   0.06083  -0.0325  0.0428  1.0000  -5.6336   0.0000   0.0000   0.0000   0.2529
  15.000   1.3385   0.07714   0.07082  -0.0311  0.0407  1.0000  -5.5597   0.0000   0.0000   0.0000   0.2513


