xflr5 v6.59

 Calculated polar for: revR_80_revT

 1 1 Reynolds number fixed          Mach number fixed         

 xtrf =   1.000 (top)        1.000 (bottom)
 Mach =   0.000     Re =     0.445 e 6     Ncrit =   9.000

  alpha     CL        CD       CDp       Cm    Top Xtr Bot Xtr   Cpmin    Chinge    XCp    
 ------- -------- --------- --------- -------- ------- ------- -------- --------- ---------
  -5.000   0.0586   0.01248   0.00596  -0.1359  0.7894  0.0448  -2.3261   0.0000   0.0000   0.0000   2.6271
  -4.500   0.1145   0.01154   0.00495  -0.1362  0.7814  0.0567  -2.0602   0.0000   0.0000   0.0000   1.4649
  -4.000   0.1715   0.01096   0.00430  -0.1365  0.7733  0.0777  -1.8007   0.0000   0.0000   0.0000   1.0608
  -3.500   0.2279   0.01042   0.00390  -0.1368  0.7652  0.1173  -1.5473   0.0000   0.0000   0.0000   0.8600
  -3.000   0.2848   0.01001   0.00363  -0.1372  0.7569  0.1717  -1.2965   0.0000   0.0000   0.0000   0.7381
  -2.500   0.3421   0.00968   0.00344  -0.1377  0.7489  0.2405  -1.0645   0.0000   0.0000   0.0000   0.6564
  -2.000   0.3987   0.00938   0.00334  -0.1380  0.7397  0.3166  -0.8454   0.0000   0.0000   0.0000   0.5985
  -1.500   0.4556   0.00905   0.00323  -0.1383  0.7305  0.4087  -0.7673   0.0000   0.0000   0.0000   0.5547
  -1.000   0.5129   0.00884   0.00321  -0.1387  0.7208  0.5107  -0.8104   0.0000   0.0000   0.0000   0.5205
  -0.500   0.5681   0.00852   0.00329  -0.1385  0.7117  0.6330  -0.8537   0.0000   0.0000   0.0000   0.4931
   0.000   0.6231   0.00838   0.00329  -0.1380  0.7005  0.7235  -0.8976   0.0000   0.0000   0.0000   0.4699
   0.500   0.6768   0.00837   0.00342  -0.1372  0.6901  0.7938  -0.9427   0.0000   0.0000   0.0000   0.4505
   1.000   0.7296   0.00832   0.00344  -0.1362  0.6788  0.8401  -0.9924   0.0000   0.0000   0.0000   0.4338
   1.500   0.7783   0.00828   0.00345  -0.1342  0.6658  0.8945  -1.0437   0.0000   0.0000   0.0000   0.4189
   2.000   0.8293   0.00813   0.00334  -0.1327  0.6522  0.9713  -1.0989   0.0000   0.0000   0.0000   0.4059
   2.500   0.8898   0.00825   0.00340  -0.1339  0.6373  1.0000  -1.1682   0.0000   0.0000   0.0000   0.3957
   3.000   0.9467   0.00846   0.00347  -0.1343  0.6207  1.0000  -1.2359   0.0000   0.0000   0.0000   0.3864
   3.500   1.0021   0.00865   0.00360  -0.1343  0.6013  1.0000  -1.3032   0.0000   0.0000   0.0000   0.3780
   4.000   1.0571   0.00891   0.00382  -0.1344  0.5826  1.0000  -1.3809   0.0000   0.0000   0.0000   0.3705
   4.500   1.1109   0.00923   0.00407  -0.1342  0.5625  1.0000  -1.4620   0.0000   0.0000   0.0000   0.3635
   5.000   1.1629   0.00961   0.00437  -0.1336  0.5376  1.0000  -1.5520   0.0000   0.0000   0.0000   0.3570
   5.500   1.2140   0.01005   0.00475  -0.1330  0.5137  1.0000  -1.6534   0.0000   0.0000   0.0000   0.3509
   6.000   1.2634   0.01057   0.00520  -0.1321  0.4866  1.0000  -1.7693   0.0000   0.0000   0.0000   0.3452
   6.500   1.3107   0.01118   0.00572  -0.1309  0.4579  1.0000  -1.8976   0.0000   0.0000   0.0000   0.3398
   7.000   1.3556   0.01190   0.00634  -0.1293  0.4283  1.0000  -2.0413   0.0000   0.0000   0.0000   0.3346
   7.500   1.3981   0.01269   0.00705  -0.1273  0.3976  1.0000  -2.2049   0.0000   0.0000   0.0000   0.3296
   8.000   1.4389   0.01353   0.00784  -0.1252  0.3688  1.0000  -2.3886   0.0000   0.0000   0.0000   0.3247
   8.500   1.4732   0.01454   0.00876  -0.1220  0.3370  1.0000  -2.6182   0.0000   0.0000   0.0000   0.3198
   9.000   1.5020   0.01580   0.00993  -0.1181  0.3061  1.0000  -2.8994   0.0000   0.0000   0.0000   0.3148
   9.500   1.5291   0.01723   0.01129  -0.1143  0.2783  1.0000  -3.1838   0.0000   0.0000   0.0000   0.3101
  10.000   1.5539   0.01891   0.01292  -0.1106  0.2490  1.0000  -3.4687   0.0000   0.0000   0.0000   0.3056
  10.500   1.5758   0.02092   0.01486  -0.1069  0.2198  1.0000  -3.7506   0.0000   0.0000   0.0000   0.3014
  11.000   1.5929   0.02340   0.01727  -0.1031  0.1907  1.0000  -4.0303   0.0000   0.0000   0.0000   0.2974
  11.500   1.6068   0.02628   0.02005  -0.0994  0.1628  1.0000  -4.3026   0.0000   0.0000   0.0000   0.2936
  12.000   1.6178   0.02951   0.02320  -0.0959  0.1370  1.0000  -4.5676   0.0000   0.0000   0.0000   0.2900
  12.500   1.6271   0.03302   0.02667  -0.0925  0.1147  1.0000  -4.8297   0.0000   0.0000   0.0000   0.2867
  13.000   1.6328   0.03696   0.03059  -0.0893  0.0963  1.0000  -5.0790   0.0000   0.0000   0.0000   0.2835
  13.500   1.6407   0.04092   0.03462  -0.0866  0.0828  1.0000  -5.3406   0.0000   0.0000   0.0000   0.2805
  14.000   1.6454   0.04535   0.03912  -0.0841  0.0704  1.0000  -5.5890   0.0000   0.0000   0.0000   0.2778
  14.500   1.6419   0.05093   0.04472  -0.0819  0.0583  1.0000  -5.7964   0.0000   0.0000   0.0000   0.2754
  15.000   1.6459   0.05592   0.04983  -0.0803  0.0511  1.0000  -6.0434   0.0000   0.0000   0.0000   0.2733


