xflr5 v6.59

 Calculated polar for: revR_25_revT

 1 1 Reynolds number fixed          Mach number fixed         

 xtrf =   1.000 (top)        1.000 (bottom)
 Mach =   0.000     Re =     0.255 e 6     Ncrit =   9.000

  alpha     CL        CD       CDp       Cm    Top Xtr Bot Xtr   Cpmin    Chinge    XCp    
 ------- -------- --------- --------- -------- ------- ------- -------- --------- ---------
  -5.000  -0.1596   0.01416   0.00715  -0.0894  0.9005  0.0692  -2.4352   0.0000   0.0000   0.0000  -0.3252
  -4.500  -0.1081   0.01314   0.00609  -0.0886  0.8869  0.0945  -2.1187   0.0000   0.0000   0.0000  -0.5897
  -4.000  -0.0548   0.01227   0.00531  -0.0880  0.8737  0.1488  -1.7873   0.0000   0.0000   0.0000  -1.3906
  -3.500  -0.0037   0.01156   0.00495  -0.0874  0.8591  0.2384  -1.4795   0.0000   0.0000   0.0000  -23.7446
  -3.000   0.0491   0.01091   0.00462  -0.0869  0.8468  0.3495  -1.2246   0.0000   0.0000   0.0000   2.0452
  -2.500   0.1000   0.01029   0.00444  -0.0860  0.8324  0.4883  -1.0181   0.0000   0.0000   0.0000   1.1200
  -2.000   0.1497   0.00982   0.00446  -0.0842  0.8186  0.6403  -0.8204   0.0000   0.0000   0.0000   0.8176
  -1.500   0.2009   0.00970   0.00448  -0.0824  0.8051  0.7324  -0.6289   0.0000   0.0000   0.0000   0.6626
  -1.000   0.2508   0.00972   0.00456  -0.0803  0.7905  0.7951  -0.5700   0.0000   0.0000   0.0000   0.5711
  -0.500   0.3006   0.00971   0.00450  -0.0779  0.7766  0.8424  -0.6118   0.0000   0.0000   0.0000   0.5090
   0.000   0.3472   0.00963   0.00445  -0.0750  0.7600  0.8833  -0.6528   0.0000   0.0000   0.0000   0.4650
   0.500   0.3945   0.00958   0.00438  -0.0723  0.7448  0.9254  -0.6979   0.0000   0.0000   0.0000   0.4314
   1.000   0.4582   0.00948   0.00416  -0.0730  0.7283  0.9648  -0.7566   0.0000   0.0000   0.0000   0.4069
   1.500   0.5453   0.00936   0.00395  -0.0793  0.7091  0.9940  -0.8351   0.0000   0.0000   0.0000   0.3926
   2.000   0.5997   0.00939   0.00390  -0.0796  0.6882  1.0000  -0.8957   0.0000   0.0000   0.0000   0.3794
   2.500   0.6495   0.00951   0.00392  -0.0787  0.6663  1.0000  -0.9598   0.0000   0.0000   0.0000   0.3673
   3.000   0.7024   0.00965   0.00398  -0.0782  0.6426  1.0000  -1.0323   0.0000   0.0000   0.0000   0.3569
   3.500   0.7558   0.00985   0.00408  -0.0777  0.6172  1.0000  -1.1147   0.0000   0.0000   0.0000   0.3480
   4.000   0.8086   0.01013   0.00424  -0.0770  0.5889  1.0000  -1.2161   0.0000   0.0000   0.0000   0.3400
   4.500   0.8607   0.01045   0.00451  -0.0763  0.5578  1.0000  -1.3295   0.0000   0.0000   0.0000   0.3329
   5.000   0.9120   0.01086   0.00484  -0.0755  0.5242  1.0000  -1.4776   0.0000   0.0000   0.0000   0.3265
   5.500   0.9620   0.01137   0.00525  -0.0745  0.4883  1.0000  -1.7048   0.0000   0.0000   0.0000   0.3206
   6.000   1.0112   0.01195   0.00575  -0.0734  0.4508  1.0000  -2.0248   0.0000   0.0000   0.0000   0.3152
   6.500   1.0590   0.01261   0.00633  -0.0722  0.4110  1.0000  -2.3562   0.0000   0.0000   0.0000   0.3101
   7.000   1.1048   0.01341   0.00703  -0.0708  0.3692  1.0000  -2.6956   0.0000   0.0000   0.0000   0.3054
   7.500   1.1486   0.01434   0.00783  -0.0691  0.3259  1.0000  -3.0444   0.0000   0.0000   0.0000   0.3009
   8.000   1.1898   0.01542   0.00876  -0.0672  0.2742  1.0000  -3.4099   0.0000   0.0000   0.0000   0.2965
   8.500   1.2273   0.01674   0.00987  -0.0650  0.2205  1.0000  -3.7731   0.0000   0.0000   0.0000   0.2923
   9.000   1.2615   0.01827   0.01126  -0.0624  0.1725  1.0000  -4.1309   0.0000   0.0000   0.0000   0.2881
   9.500   1.2887   0.02009   0.01286  -0.0589  0.1271  1.0000  -4.4657   0.0000   0.0000   0.0000   0.2836
  10.000   1.3108   0.02219   0.01481  -0.0550  0.0923  1.0000  -4.7801   0.0000   0.0000   0.0000   0.2791
  10.500   1.3307   0.02451   0.01711  -0.0513  0.0698  1.0000  -5.0795   0.0000   0.0000   0.0000   0.2749
  11.000   1.3449   0.02741   0.02004  -0.0476  0.0533  1.0000  -5.3387   0.0000   0.0000   0.0000   0.2710
  11.500   1.3446   0.03176   0.02443  -0.0435  0.0394  1.0000  -5.4894   0.0000   0.0000   0.0000   0.2671
  12.000   1.3584   0.03520   0.02812  -0.0411  0.0325  1.0000  -5.6987   0.0000   0.0000   0.0000   0.2641
  12.500   1.3506   0.04088   0.03395  -0.0382  0.0277  1.0000  -5.7744   0.0000   0.0000   0.0000   0.2612
  13.000   1.3425   0.04692   0.04025  -0.0353  0.0256  1.0000  -5.8216   0.0000   0.0000   0.0000   0.2584
  13.500   1.3477   0.05185   0.04544  -0.0337  0.0246  1.0000  -5.9732   0.0000   0.0000   0.0000   0.2561
  14.000   1.3493   0.05732   0.05119  -0.0323  0.0238  1.0000  -6.0977   0.0000   0.0000   0.0000   0.2541
  14.500   1.3486   0.06339   0.05757  -0.0313  0.0232  1.0000  -6.2005   0.0000   0.0000   0.0000   0.2525
  15.000   1.3435   0.07029   0.06480  -0.0310  0.0228  1.0000  -6.2727   0.0000   0.0000   0.0000   0.2514


