xflr5 v6.59

 Calculated polar for: revR_75_revT

 1 1 Reynolds number fixed          Mach number fixed         

 xtrf =   1.000 (top)        1.000 (bottom)
 Mach =   0.000     Re =     0.320 e 6     Ncrit =   9.000

  alpha     CL        CD       CDp       Cm    Top Xtr Bot Xtr   Cpmin    Chinge    XCp    
 ------- -------- --------- --------- -------- ------- ------- -------- --------- ---------
  -5.000   0.0375   0.01412   0.00731  -0.1325  0.8162  0.0546  -2.2990   0.0000   0.0000   0.0000   3.8684
  -4.500   0.0931   0.01345   0.00653  -0.1325  0.8074  0.0655  -2.0220   0.0000   0.0000   0.0000   1.7047
  -4.000   0.1494   0.01259   0.00560  -0.1327  0.7993  0.0897  -1.7803   0.0000   0.0000   0.0000   1.1556
  -3.500   0.2043   0.01197   0.00512  -0.1328  0.7900  0.1354  -1.5337   0.0000   0.0000   0.0000   0.9108
  -3.000   0.2606   0.01144   0.00480  -0.1332  0.7808  0.2060  -1.2915   0.0000   0.0000   0.0000   0.7678
  -2.500   0.3178   0.01114   0.00464  -0.1336  0.7727  0.2817  -1.0578   0.0000   0.0000   0.0000   0.6747
  -2.000   0.3729   0.01074   0.00453  -0.1337  0.7628  0.3736  -0.8458   0.0000   0.0000   0.0000   0.6112
  -1.500   0.4295   0.01033   0.00438  -0.1338  0.7532  0.4857  -0.7407   0.0000   0.0000   0.0000   0.5629
  -1.000   0.4843   0.01007   0.00445  -0.1335  0.7433  0.6034  -0.7824   0.0000   0.0000   0.0000   0.5260
  -0.500   0.5376   0.00987   0.00454  -0.1326  0.7331  0.7178  -0.8235   0.0000   0.0000   0.0000   0.4960
   0.000   0.5909   0.00985   0.00456  -0.1314  0.7227  0.7898  -0.8652   0.0000   0.0000   0.0000   0.4710
   0.500   0.6403   0.00976   0.00458  -0.1295  0.7104  0.8477  -0.9103   0.0000   0.0000   0.0000   0.4502
   1.000   0.6872   0.00968   0.00449  -0.1268  0.7000  0.9034  -0.9587   0.0000   0.0000   0.0000   0.4318
   1.500   0.7445   0.00947   0.00435  -0.1267  0.6866  1.0000  -1.0133   0.0000   0.0000   0.0000   0.4168
   2.000   0.8050   0.00958   0.00427  -0.1278  0.6731  1.0000  -1.0780   0.0000   0.0000   0.0000   0.4048
   2.500   0.8619   0.00965   0.00431  -0.1282  0.6577  1.0000  -1.1427   0.0000   0.0000   0.0000   0.3941
   3.000   0.9187   0.00982   0.00440  -0.1285  0.6424  1.0000  -1.2081   0.0000   0.0000   0.0000   0.3847
   3.500   0.9745   0.00997   0.00443  -0.1285  0.6239  1.0000  -1.2784   0.0000   0.0000   0.0000   0.3760
   4.000   1.0290   0.01018   0.00460  -0.1284  0.6050  1.0000  -1.3563   0.0000   0.0000   0.0000   0.3683
   4.500   1.0827   0.01046   0.00486  -0.1281  0.5850  1.0000  -1.4363   0.0000   0.0000   0.0000   0.3612
   5.000   1.1347   0.01079   0.00513  -0.1275  0.5608  1.0000  -1.5326   0.0000   0.0000   0.0000   0.3546
   5.500   1.1858   0.01121   0.00549  -0.1268  0.5366  1.0000  -1.6339   0.0000   0.0000   0.0000   0.3485
   6.000   1.2350   0.01171   0.00592  -0.1258  0.5099  1.0000  -1.7582   0.0000   0.0000   0.0000   0.3428
   6.500   1.2819   0.01233   0.00644  -0.1244  0.4810  1.0000  -1.8820   0.0000   0.0000   0.0000   0.3373
   7.000   1.3274   0.01301   0.00707  -0.1229  0.4525  1.0000  -2.0416   0.0000   0.0000   0.0000   0.3321
   7.500   1.3697   0.01377   0.00779  -0.1209  0.4194  1.0000  -2.2026   0.0000   0.0000   0.0000   0.3270
   8.000   1.4097   0.01465   0.00864  -0.1186  0.3901  1.0000  -2.4067   0.0000   0.0000   0.0000   0.3221
   8.500   1.4427   0.01575   0.00963  -0.1152  0.3584  1.0000  -2.6375   0.0000   0.0000   0.0000   0.3171
   9.000   1.4721   0.01694   0.01077  -0.1114  0.3262  1.0000  -2.9253   0.0000   0.0000   0.0000   0.3121
   9.500   1.4992   0.01834   0.01216  -0.1075  0.2979  1.0000  -3.2141   0.0000   0.0000   0.0000   0.3073
  10.000   1.5210   0.02013   0.01388  -0.1034  0.2677  1.0000  -3.4926   0.0000   0.0000   0.0000   0.3027
  10.500   1.5373   0.02245   0.01609  -0.0992  0.2366  1.0000  -3.7571   0.0000   0.0000   0.0000   0.2984
  11.000   1.5559   0.02483   0.01847  -0.0956  0.2087  1.0000  -4.0356   0.0000   0.0000   0.0000   0.2945
  11.500   1.5708   0.02765   0.02128  -0.0922  0.1805  1.0000  -4.3046   0.0000   0.0000   0.0000   0.2907
  12.000   1.5809   0.03099   0.02457  -0.0887  0.1540  1.0000  -4.5581   0.0000   0.0000   0.0000   0.2872
  12.500   1.5876   0.03478   0.02832  -0.0854  0.1303  1.0000  -4.8067   0.0000   0.0000   0.0000   0.2839
  13.000   1.5915   0.03897   0.03251  -0.0823  0.1098  1.0000  -5.0468   0.0000   0.0000   0.0000   0.2808
  13.500   1.5942   0.04349   0.03707  -0.0796  0.0929  1.0000  -5.2815   0.0000   0.0000   0.0000   0.2780
  14.000   1.5928   0.04870   0.04231  -0.0772  0.0782  1.0000  -5.4959   0.0000   0.0000   0.0000   0.2755
  14.500   1.5871   0.05472   0.04835  -0.0753  0.0653  1.0000  -5.6872   0.0000   0.0000   0.0000   0.2734
  15.000   1.5876   0.06031   0.05414  -0.0740  0.0563  1.0000  -5.9074   0.0000   0.0000   0.0000   0.2715


