xflr5 v6.59

 Calculated polar for: revR_65_revT

 1 1 Reynolds number fixed          Mach number fixed         

 xtrf =   1.000 (top)        1.000 (bottom)
 Mach =   0.000     Re =     0.085 e 6     Ncrit =   9.000

  alpha     CL        CD       CDp       Cm    Top Xtr Bot Xtr   Cpmin    Chinge    XCp    
 ------- -------- --------- --------- -------- ------- ------- -------- --------- ---------
  -5.000  -0.2631   0.04205   0.03480  -0.0906  0.9391  0.0989  -2.5185   0.0000   0.0000   0.0000  -0.1068
  -4.500  -0.1918   0.03551   0.02741  -0.0970  0.9304  0.1051  -2.3559   0.0000   0.0000   0.0000  -0.2717
  -4.000  -0.0999   0.03283   0.02396  -0.1043  0.9224  0.1220  -2.0742   0.0000   0.0000   0.0000  -0.8220
  -3.500  -0.0499   0.03109   0.02200  -0.1044  0.9084  0.1470  -1.8666   0.0000   0.0000   0.0000  -1.8922
  -3.000   0.0366   0.02943   0.02057  -0.1107  0.8991  0.2182  -1.6032   0.0000   0.0000   0.0000   3.3296
  -2.500   0.0862   0.02872   0.02030  -0.1108  0.8845  0.3150  -1.4155   0.0000   0.0000   0.0000   1.5573
  -2.000   0.1671   0.02792   0.02030  -0.1153  0.8744  0.5000  -1.1489   0.0000   0.0000   0.0000   0.9493
  -1.500   0.2011   0.02818   0.02123  -0.1110  0.8577  0.6726  -0.9796   0.0000   0.0000   0.0000   0.8082
  -1.000   0.2360   0.02841   0.02177  -0.1041  0.8446  0.8418  -0.8074   0.0000   0.0000   0.0000   0.6947
  -0.500   0.2877   0.02844   0.02162  -0.1030  0.8278  1.0000  -0.6318   0.0000   0.0000   0.0000   0.6096
   0.000   0.3449   0.02951   0.02229  -0.1054  0.8100  1.0000  -0.6557   0.0000   0.0000   0.0000   0.5558
   0.500   0.4357   0.02965   0.02206  -0.1110  0.8004  1.0000  -0.7246   0.0000   0.0000   0.0000   0.5039
   1.000   0.4793   0.03081   0.02301  -0.1104  0.7797  1.0000  -0.7610   0.0000   0.0000   0.0000   0.4785
   2.000   0.6179   0.03125   0.02312  -0.1139  0.7519  1.0000  -0.8868   0.0000   0.0000   0.0000   0.4311
   2.500   0.6602   0.03242   0.02422  -0.1126  0.7306  1.0000  -0.9319   0.0000   0.0000   0.0000   0.4166
   3.500   0.7962   0.03156   0.02328  -0.1135  0.7029  1.0000  -1.0829   0.0000   0.0000   0.0000   0.3875
   4.000   0.8406   0.03234   0.02409  -0.1119  0.6814  1.0000  -1.1436   0.0000   0.0000   0.0000   0.3774
   5.500   1.0315   0.03005   0.02198  -0.1104  0.6316  1.0000  -1.4391   0.0000   0.0000   0.0000   0.3494
   6.000   1.0845   0.02986   0.02192  -0.1089  0.6098  1.0000  -1.5592   0.0000   0.0000   0.0000   0.3422
   6.500   1.1434   0.02917   0.02133  -0.1078  0.5875  1.0000  -1.6931   0.0000   0.0000   0.0000   0.3354
   7.000   1.2043   0.02843   0.02068  -0.1069  0.5638  1.0000  -1.8695   0.0000   0.0000   0.0000   0.3292
   7.500   1.2674   0.02760   0.01989  -0.1063  0.5373  1.0000  -2.0723   0.0000   0.0000   0.0000   0.3235
   8.000   1.3276   0.02723   0.01950  -0.1055  0.5079  1.0000  -2.3214   0.0000   0.0000   0.0000   0.3184
   8.500   1.3639   0.02808   0.02050  -0.1022  0.4736  1.0000  -2.5775   0.0000   0.0000   0.0000   0.3130
   9.000   1.4130   0.02832   0.02063  -0.1002  0.4383  1.0000  -2.9108   0.0000   0.0000   0.0000   0.3082
   9.500   1.4441   0.02963   0.02203  -0.0964  0.4030  1.0000  -3.1947   0.0000   0.0000   0.0000   0.3032
  10.000   1.4757   0.03075   0.02312  -0.0925  0.3662  1.0000  -3.4941   0.0000   0.0000   0.0000   0.2983
  10.500   1.4900   0.03256   0.02499  -0.0868  0.3302  1.0000  -3.7421   0.0000   0.0000   0.0000   0.2930
  11.000   1.4997   0.03459   0.02696  -0.0807  0.2959  1.0000  -3.9771   0.0000   0.0000   0.0000   0.2877
  11.500   1.5057   0.03734   0.02966  -0.0751  0.2628  1.0000  -4.1945   0.0000   0.0000   0.0000   0.2828
  12.000   1.5008   0.04081   0.03319  -0.0693  0.2314  1.0000  -4.3660   0.0000   0.0000   0.0000   0.2782
  12.500   1.4956   0.04476   0.03709  -0.0645  0.2023  1.0000  -4.5373   0.0000   0.0000   0.0000   0.2742
  13.000   1.4960   0.04909   0.04119  -0.0605  0.1738  1.0000  -4.7310   0.0000   0.0000   0.0000   0.2706
  13.500   1.4910   0.05417   0.04639  -0.0570  0.1507  1.0000  -4.8864   0.0000   0.0000   0.0000   0.2674
  14.000   1.4811   0.05982   0.05226  -0.0541  0.1325  1.0000  -5.0117   0.0000   0.0000   0.0000   0.2646
  14.500   1.4702   0.06624   0.05894  -0.0518  0.1165  1.0000  -5.1157   0.0000   0.0000   0.0000   0.2624
  15.000   1.4673   0.07266   0.06552  -0.0497  0.1031  1.0000  -5.2365   0.0000   0.0000   0.0000   0.2600


