xflr5 v6.59

 Calculated polar for: revR_40_revT

 1 1 Reynolds number fixed          Mach number fixed         

 xtrf =   1.000 (top)        1.000 (bottom)
 Mach =   0.000     Re =     0.480 e 6     Ncrit =   9.000

  alpha     CL        CD       CDp       Cm    Top Xtr Bot Xtr   Cpmin    Chinge    XCp    
 ------- -------- --------- --------- -------- ------- ------- -------- --------- ---------
  -5.000  -0.1101   0.01124   0.00481  -0.0980  0.8245  0.0498  -2.5062   0.0000   0.0000   0.0000  -0.6640
  -4.500  -0.0556   0.01050   0.00400  -0.0978  0.8133  0.0658  -2.1508   0.0000   0.0000   0.0000  -1.5502
  -4.000  -0.0002   0.00999   0.00349  -0.0978  0.8024  0.0966  -1.8132   0.0000   0.0000   0.0000  -462.9598
  -3.500   0.0549   0.00947   0.00315  -0.0978  0.7919  0.1498  -1.4958   0.0000   0.0000   0.0000   2.0604
  -3.000   0.1104   0.00904   0.00288  -0.0978  0.7813  0.2177  -1.2580   0.0000   0.0000   0.0000   1.1484
  -2.500   0.1655   0.00858   0.00269  -0.0979  0.7697  0.3065  -1.0346   0.0000   0.0000   0.0000   0.8477
  -2.000   0.2210   0.00817   0.00252  -0.0979  0.7588  0.4039  -0.8205   0.0000   0.0000   0.0000   0.6964
  -1.500   0.2754   0.00771   0.00247  -0.0977  0.7473  0.5425  -0.6239   0.0000   0.0000   0.0000   0.6064
  -1.000   0.3298   0.00743   0.00244  -0.0972  0.7346  0.6530  -0.6402   0.0000   0.0000   0.0000   0.5451
  -0.500   0.3837   0.00731   0.00252  -0.0964  0.7216  0.7362  -0.6813   0.0000   0.0000   0.0000   0.5007
   0.000   0.4381   0.00730   0.00254  -0.0957  0.7089  0.7869  -0.7273   0.0000   0.0000   0.0000   0.4671
   0.500   0.4921   0.00728   0.00257  -0.0949  0.6938  0.8258  -0.7763   0.0000   0.0000   0.0000   0.4409
   1.000   0.5439   0.00729   0.00260  -0.0936  0.6786  0.8650  -0.8264   0.0000   0.0000   0.0000   0.4195
   1.500   0.5946   0.00729   0.00260  -0.0920  0.6613  0.9005  -0.8833   0.0000   0.0000   0.0000   0.4016
   2.000   0.6437   0.00724   0.00260  -0.0901  0.6426  0.9450  -0.9400   0.0000   0.0000   0.0000   0.3863
   2.500   0.7131   0.00728   0.00258  -0.0929  0.6204  1.0000  -1.0124   0.0000   0.0000   0.0000   0.3761
   3.000   0.7692   0.00749   0.00269  -0.0932  0.5985  1.0000  -1.0864   0.0000   0.0000   0.0000   0.3665
   3.500   0.8242   0.00775   0.00285  -0.0932  0.5729  1.0000  -1.1637   0.0000   0.0000   0.0000   0.3579
   4.000   0.8780   0.00808   0.00305  -0.0929  0.5443  1.0000  -1.2532   0.0000   0.0000   0.0000   0.3502
   4.500   0.9312   0.00847   0.00333  -0.0926  0.5158  1.0000  -1.3566   0.0000   0.0000   0.0000   0.3432
   5.000   0.9839   0.00888   0.00367  -0.0922  0.4838  1.0000  -1.4788   0.0000   0.0000   0.0000   0.3369
   5.500   1.0349   0.00940   0.00406  -0.0915  0.4497  1.0000  -1.6296   0.0000   0.0000   0.0000   0.3311
   6.000   1.0856   0.00995   0.00452  -0.0909  0.4158  1.0000  -1.8278   0.0000   0.0000   0.0000   0.3257
   6.500   1.1337   0.01067   0.00507  -0.0898  0.3750  1.0000  -2.1398   0.0000   0.0000   0.0000   0.3206
   7.000   1.1815   0.01140   0.00569  -0.0888  0.3338  1.0000  -2.4733   0.0000   0.0000   0.0000   0.3159
   7.500   1.2253   0.01240   0.00645  -0.0873  0.2835  1.0000  -2.8156   0.0000   0.0000   0.0000   0.3113
   8.000   1.2683   0.01343   0.00729  -0.0856  0.2396  1.0000  -3.1687   0.0000   0.0000   0.0000   0.3069
   8.500   1.3097   0.01450   0.00825  -0.0838  0.2020  1.0000  -3.5291   0.0000   0.0000   0.0000   0.3027
   9.000   1.3465   0.01581   0.00937  -0.0814  0.1625  1.0000  -3.8831   0.0000   0.0000   0.0000   0.2984
   9.500   1.3762   0.01735   0.01070  -0.0780  0.1229  1.0000  -4.2192   0.0000   0.0000   0.0000   0.2939
  10.000   1.4039   0.01894   0.01219  -0.0744  0.0945  1.0000  -4.5535   0.0000   0.0000   0.0000   0.2895
  10.500   1.4287   0.02075   0.01394  -0.0709  0.0728  1.0000  -4.8810   0.0000   0.0000   0.0000   0.2853
  11.000   1.4508   0.02286   0.01602  -0.0675  0.0559  1.0000  -5.1986   0.0000   0.0000   0.0000   0.2814
  11.500   1.4674   0.02552   0.01869  -0.0640  0.0412  1.0000  -5.4871   0.0000   0.0000   0.0000   0.2776
  12.000   1.4860   0.02818   0.02140  -0.0612  0.0329  1.0000  -5.7836   0.0000   0.0000   0.0000   0.2743
  12.500   1.4953   0.03179   0.02514  -0.0580  0.0249  1.0000  -6.0019   0.0000   0.0000   0.0000   0.2710
  13.000   1.4994   0.03609   0.02952  -0.0552  0.0202  1.0000  -6.1893   0.0000   0.0000   0.0000   0.2681
  13.500   1.4810   0.04288   0.03661  -0.0520  0.0174  1.0000  -6.2072   0.0000   0.0000   0.0000   0.2654
  14.000   1.4860   0.04764   0.04158  -0.0506  0.0169  1.0000  -6.4161   0.0000   0.0000   0.0000   0.2633
  14.500   1.4851   0.05334   0.04750  -0.0496  0.0164  1.0000  -6.5841   0.0000   0.0000   0.0000   0.2616
  15.000   1.4803   0.05987   0.05427  -0.0492  0.0159  1.0000  -6.7516   0.0000   0.0000   0.0000   0.2603


