xflr5 v6.59

 Calculated polar for: revR_50_revT

 1 1 Reynolds number fixed          Mach number fixed         

 xtrf =   1.000 (top)        1.000 (bottom)
 Mach =   0.000     Re =     0.330 e 6     Ncrit =   9.000

  alpha     CL        CD       CDp       Cm    Top Xtr Bot Xtr   Cpmin    Chinge    XCp    
 ------- -------- --------- --------- -------- ------- ------- -------- --------- ---------
  -5.000  -0.0645   0.01322   0.00646  -0.1095  0.8408  0.0572  -2.4141   0.0000   0.0000   0.0000  -1.4922
  -4.500  -0.0097   0.01252   0.00561  -0.1093  0.8305  0.0704  -2.0844   0.0000   0.0000   0.0000  -11.2360
  -4.000   0.0443   0.01165   0.00483  -0.1091  0.8200  0.1079  -1.7690   0.0000   0.0000   0.0000   2.7629
  -3.500   0.0990   0.01105   0.00440  -0.1091  0.8091  0.1691  -1.5022   0.0000   0.0000   0.0000   1.3701
  -3.000   0.1544   0.01060   0.00414  -0.1092  0.7993  0.2481  -1.2654   0.0000   0.0000   0.0000   0.9666
  -2.500   0.2090   0.01013   0.00395  -0.1092  0.7883  0.3380  -1.0386   0.0000   0.0000   0.0000   0.7777
  -2.000   0.2642   0.00966   0.00378  -0.1090  0.7773  0.4642  -0.8245   0.0000   0.0000   0.0000   0.6658
  -1.500   0.3176   0.00927   0.00378  -0.1085  0.7659  0.5860  -0.6372   0.0000   0.0000   0.0000   0.5932
  -1.000   0.3712   0.00905   0.00379  -0.1075  0.7551  0.7008  -0.6777   0.0000   0.0000   0.0000   0.5401
  -0.500   0.4234   0.00899   0.00388  -0.1062  0.7425  0.7714  -0.7174   0.0000   0.0000   0.0000   0.5004
   0.000   0.4760   0.00897   0.00383  -0.1048  0.7299  0.8236  -0.7624   0.0000   0.0000   0.0000   0.4689
   0.500   0.5248   0.00891   0.00387  -0.1027  0.7165  0.8698  -0.8069   0.0000   0.0000   0.0000   0.4438
   1.000   0.5723   0.00886   0.00378  -0.1002  0.7035  0.9146  -0.8540   0.0000   0.0000   0.0000   0.4225
   1.500   0.6301   0.00868   0.00363  -0.1000  0.6871  0.9702  -0.9126   0.0000   0.0000   0.0000   0.4055
   2.000   0.6972   0.00873   0.00360  -0.1026  0.6709  1.0000  -0.9810   0.0000   0.0000   0.0000   0.3935
   2.500   0.7541   0.00886   0.00360  -0.1030  0.6529  1.0000  -1.0452   0.0000   0.0000   0.0000   0.3824
   3.000   0.8102   0.00903   0.00364  -0.1031  0.6333  1.0000  -1.1146   0.0000   0.0000   0.0000   0.3725
   3.500   0.8649   0.00922   0.00377  -0.1030  0.6112  1.0000  -1.1913   0.0000   0.0000   0.0000   0.3638
   4.000   0.9191   0.00948   0.00396  -0.1028  0.5879  1.0000  -1.2750   0.0000   0.0000   0.0000   0.3559
   4.500   0.9721   0.00982   0.00420  -0.1023  0.5617  1.0000  -1.3695   0.0000   0.0000   0.0000   0.3488
   5.000   1.0242   0.01019   0.00453  -0.1017  0.5336  1.0000  -1.4826   0.0000   0.0000   0.0000   0.3423
   5.500   1.0752   0.01064   0.00493  -0.1010  0.5033  1.0000  -1.6095   0.0000   0.0000   0.0000   0.3363
   6.000   1.1243   0.01121   0.00539  -0.1000  0.4701  1.0000  -1.7650   0.0000   0.0000   0.0000   0.3306
   6.500   1.1724   0.01184   0.00595  -0.0988  0.4369  1.0000  -1.9507   0.0000   0.0000   0.0000   0.3254
   7.000   1.2190   0.01254   0.00659  -0.0975  0.4022  1.0000  -2.2335   0.0000   0.0000   0.0000   0.3204
   7.500   1.2625   0.01341   0.00733  -0.0958  0.3638  1.0000  -2.5421   0.0000   0.0000   0.0000   0.3156
   8.000   1.3049   0.01432   0.00818  -0.0939  0.3294  1.0000  -2.8709   0.0000   0.0000   0.0000   0.3110
   8.500   1.3430   0.01542   0.00918  -0.0915  0.2902  1.0000  -3.1981   0.0000   0.0000   0.0000   0.3065
   9.000   1.3745   0.01676   0.01035  -0.0882  0.2502  1.0000  -3.5122   0.0000   0.0000   0.0000   0.3017
   9.500   1.4033   0.01819   0.01168  -0.0846  0.2125  1.0000  -3.8250   0.0000   0.0000   0.0000   0.2971
  10.000   1.4261   0.02002   0.01338  -0.0807  0.1743  1.0000  -4.1218   0.0000   0.0000   0.0000   0.2926
  11.000   1.4617   0.02485   0.01800  -0.0731  0.1092  1.0000  -4.6868   0.0000   0.0000   0.0000   0.2844
  11.500   1.4763   0.02778   0.02088  -0.0698  0.0865  1.0000  -4.9582   0.0000   0.0000   0.0000   0.2807
  12.000   1.4882   0.03108   0.02420  -0.0667  0.0691  1.0000  -5.2168   0.0000   0.0000   0.0000   0.2774
  12.500   1.4925   0.03525   0.02837  -0.0635  0.0546  1.0000  -5.4343   0.0000   0.0000   0.0000   0.2742
  13.000   1.5001   0.03928   0.03250  -0.0611  0.0455  1.0000  -5.6665   0.0000   0.0000   0.0000   0.2714
  13.500   1.4944   0.04486   0.03823  -0.0585  0.0378  1.0000  -5.8099   0.0000   0.0000   0.0000   0.2688
  14.000   1.4974   0.04983   0.04339  -0.0569  0.0328  1.0000  -6.0138   0.0000   0.0000   0.0000   0.2666
  14.500   1.4837   0.05707   0.05081  -0.0557  0.0283  1.0000  -6.1136   0.0000   0.0000   0.0000   0.2651
  15.000   1.4644   0.06530   0.05931  -0.0548  0.0256  1.0000  -6.1527   0.0000   0.0000   0.0000   0.2639


