xflr5 v6.59

 Calculated polar for: revR_65_revT

 1 1 Reynolds number fixed          Mach number fixed         

 xtrf =   1.000 (top)        1.000 (bottom)
 Mach =   0.000     Re =     0.335 e 6     Ncrit =   9.000

  alpha     CL        CD       CDp       Cm    Top Xtr Bot Xtr   Cpmin    Chinge    XCp    
 ------- -------- --------- --------- -------- ------- ------- -------- --------- ---------
  -5.000  -0.0024   0.01377   0.00699  -0.1233  0.8227  0.0536  -2.3347   0.0000   0.0000   0.0000  -51.7697
  -4.500   0.0513   0.01263   0.00578  -0.1231  0.8137  0.0676  -2.0332   0.0000   0.0000   0.0000   2.7002
  -4.000   0.1071   0.01196   0.00509  -0.1232  0.8044  0.0957  -1.7703   0.0000   0.0000   0.0000   1.4213
  -3.500   0.1626   0.01143   0.00466  -0.1233  0.7950  0.1461  -1.5254   0.0000   0.0000   0.0000   1.0203
  -3.000   0.2182   0.01093   0.00439  -0.1235  0.7854  0.2175  -1.2794   0.0000   0.0000   0.0000   0.8235
  -2.500   0.2748   0.01054   0.00417  -0.1238  0.7762  0.3008  -1.0506   0.0000   0.0000   0.0000   0.7049
  -2.000   0.3300   0.01017   0.00408  -0.1238  0.7662  0.3936  -0.8346   0.0000   0.0000   0.0000   0.6280
  -1.500   0.3856   0.00970   0.00394  -0.1237  0.7555  0.5219  -0.6989   0.0000   0.0000   0.0000   0.5723
  -1.000   0.4398   0.00947   0.00405  -0.1232  0.7459  0.6437  -0.7388   0.0000   0.0000   0.0000   0.5305
  -0.500   0.4930   0.00931   0.00410  -0.1222  0.7346  0.7364  -0.7812   0.0000   0.0000   0.0000   0.4973
   0.000   0.5457   0.00930   0.00412  -0.1209  0.7234  0.8025  -0.8238   0.0000   0.0000   0.0000   0.4703
   0.500   0.5964   0.00923   0.00412  -0.1193  0.7110  0.8508  -0.8716   0.0000   0.0000   0.0000   0.4480
   1.000   0.6430   0.00917   0.00408  -0.1166  0.6991  0.9034  -0.9178   0.0000   0.0000   0.0000   0.4286
   1.500   0.6967   0.00898   0.00392  -0.1156  0.6849  0.9678  -0.9724   0.0000   0.0000   0.0000   0.4126
   2.000   0.7614   0.00903   0.00387  -0.1176  0.6698  1.0000  -1.0389   0.0000   0.0000   0.0000   0.4006
   2.500   0.8197   0.00917   0.00386  -0.1183  0.6548  1.0000  -1.1021   0.0000   0.0000   0.0000   0.3898
   3.000   0.8754   0.00928   0.00394  -0.1184  0.6357  1.0000  -1.1689   0.0000   0.0000   0.0000   0.3801
   3.500   0.9310   0.00948   0.00408  -0.1184  0.6171  1.0000  -1.2433   0.0000   0.0000   0.0000   0.3716
   4.000   0.9856   0.00973   0.00426  -0.1183  0.5970  1.0000  -1.3206   0.0000   0.0000   0.0000   0.3638
   4.500   1.0390   0.01002   0.00448  -0.1179  0.5733  1.0000  -1.4109   0.0000   0.0000   0.0000   0.3566
   5.000   1.0913   0.01038   0.00478  -0.1174  0.5488  1.0000  -1.5068   0.0000   0.0000   0.0000   0.3501
   5.500   1.1422   0.01082   0.00515  -0.1166  0.5212  1.0000  -1.6262   0.0000   0.0000   0.0000   0.3440
   6.000   1.1914   0.01135   0.00560  -0.1156  0.4920  1.0000  -1.7460   0.0000   0.0000   0.0000   0.3383
   6.500   1.2386   0.01199   0.00614  -0.1143  0.4615  1.0000  -1.9031   0.0000   0.0000   0.0000   0.3329
   7.000   1.2844   0.01266   0.00676  -0.1129  0.4285  1.0000  -2.0642   0.0000   0.0000   0.0000   0.3277
   7.500   1.3287   0.01343   0.00748  -0.1112  0.3982  1.0000  -2.2752   0.0000   0.0000   0.0000   0.3228
   8.000   1.3670   0.01445   0.00837  -0.1087  0.3621  1.0000  -2.5226   0.0000   0.0000   0.0000   0.3179
   8.500   1.4051   0.01543   0.00931  -0.1062  0.3290  1.0000  -2.8237   0.0000   0.0000   0.0000   0.3132
   9.000   1.4362   0.01660   0.01042  -0.1026  0.2980  1.0000  -3.1122   0.0000   0.0000   0.0000   0.3083
   9.500   1.4616   0.01811   0.01181  -0.0985  0.2636  1.0000  -3.3998   0.0000   0.0000   0.0000   0.3035
  10.000   1.4860   0.01980   0.01347  -0.0947  0.2316  1.0000  -3.6916   0.0000   0.0000   0.0000   0.2990
  10.500   1.5050   0.02197   0.01555  -0.0908  0.2007  1.0000  -3.9695   0.0000   0.0000   0.0000   0.2947
  11.000   1.5224   0.02446   0.01797  -0.0872  0.1700  1.0000  -4.2460   0.0000   0.0000   0.0000   0.2908
  11.500   1.5366   0.02735   0.02080  -0.0837  0.1410  1.0000  -4.5228   0.0000   0.0000   0.0000   0.2871
  12.000   1.5456   0.03082   0.02417  -0.0802  0.1148  1.0000  -4.7815   0.0000   0.0000   0.0000   0.2836
  12.500   1.5530   0.03460   0.02797  -0.0771  0.0939  1.0000  -5.0349   0.0000   0.0000   0.0000   0.2803
  13.000   1.5588   0.03868   0.03208  -0.0742  0.0776  1.0000  -5.2815   0.0000   0.0000   0.0000   0.2773
  13.500   1.5608   0.04332   0.03680  -0.0716  0.0647  1.0000  -5.5076   0.0000   0.0000   0.0000   0.2746
  14.000   1.5568   0.04886   0.04237  -0.0693  0.0535  1.0000  -5.7018   0.0000   0.0000   0.0000   0.2722
  14.500   1.5567   0.05436   0.04805  -0.0678  0.0463  1.0000  -5.9091   0.0000   0.0000   0.0000   0.2701
  15.000   1.5478   0.06115   0.05492  -0.0667  0.0397  1.0000  -6.0753   0.0000   0.0000   0.0000   0.2686


