xflr5 v6.59

 Calculated polar for: revR_55_revT

 1 1 Reynolds number fixed          Mach number fixed         

 xtrf =   1.000 (top)        1.000 (bottom)
 Mach =   0.000     Re =     0.030 e 6     Ncrit =   9.000

  alpha     CL        CD       CDp       Cm    Top Xtr Bot Xtr   Cpmin    Chinge    XCp    
 ------- -------- --------- --------- -------- ------- ------- -------- --------- ---------
  -5.000  -0.4642   0.08523   0.07820  -0.0036  1.0000  0.3565  -1.6944   0.0000   0.0000   0.0000   0.2371
  -4.500  -0.4356   0.06665   0.05888  -0.0329  1.0000  0.2516  -1.9802   0.0000   0.0000   0.0000   0.1693
  -4.000  -0.3855   0.05612   0.04765  -0.0435  1.0000  0.2413  -2.0041   0.0000   0.0000   0.0000   0.1316
  -3.500  -0.3286   0.04921   0.04000  -0.0506  1.0000  0.2623  -1.9310   0.0000   0.0000   0.0000   0.0899
  -3.000  -0.2660   0.04363   0.03353  -0.0560  1.0000  0.2880  -1.8316   0.0000   0.0000   0.0000   0.0325
  -2.500  -0.2103   0.04058   0.03003  -0.0581  1.0000  0.3525  -1.6863   0.0000   0.0000   0.0000  -0.0342
  -2.000  -0.1607   0.03840   0.02802  -0.0573  1.0000  0.4576  -1.5416   0.0000   0.0000   0.0000  -0.1153
  -1.500  -0.1256   0.03695   0.02729  -0.0513  1.0000  0.6271  -1.4175   0.0000   0.0000   0.0000  -0.1682
  -1.000  -0.1332   0.03504   0.02631  -0.0340  1.0000  0.8643  -1.3584   0.0000   0.0000   0.0000  -0.0139
  -0.500  -0.0540   0.03467   0.02445  -0.0485  1.0000  1.0000  -1.1557   0.0000   0.0000   0.0000  -0.6633
   0.000  -0.0045   0.03641   0.02530  -0.0517  1.0000  1.0000  -0.9772   0.0000   0.0000   0.0000  -11.2374
   0.500   0.0396   0.03836   0.02662  -0.0538  1.0000  1.0000  -0.8097   0.0000   0.0000   0.0000   1.6133
   1.000   0.0810   0.04053   0.02830  -0.0555  1.0000  1.0000  -0.6583   0.0000   0.0000   0.0000   0.9342
   1.500   0.1203   0.04292   0.03030  -0.0570  1.0000  1.0000  -0.5262   0.0000   0.0000   0.0000   0.7210
   2.000   0.1577   0.04554   0.03262  -0.0584  1.0000  1.0000  -0.5168   0.0000   0.0000   0.0000   0.6163
   2.500   0.1934   0.04841   0.03525  -0.0598  1.0000  1.0000  -0.5405   0.0000   0.0000   0.0000   0.5541
   3.000   0.2274   0.05151   0.03818  -0.0611  1.0000  1.0000  -0.5621   0.0000   0.0000   0.0000   0.5131
   3.500   0.2599   0.05487   0.04141  -0.0625  1.0000  1.0000  -0.5849   0.0000   0.0000   0.0000   0.4842
   4.000   0.2910   0.05849   0.04496  -0.0639  1.0000  1.0000  -0.6051   0.0000   0.0000   0.0000   0.4629
   4.500   0.3207   0.06238   0.04881  -0.0654  1.0000  1.0000  -0.6274   0.0000   0.0000   0.0000   0.4466
   5.000   0.3490   0.06653   0.05296  -0.0670  1.0000  1.0000  -0.6475   0.0000   0.0000   0.0000   0.4339
   5.500   0.3761   0.07096   0.05742  -0.0686  1.0000  1.0000  -0.6697   0.0000   0.0000   0.0000   0.4239
   6.000   0.4021   0.07566   0.06218  -0.0703  1.0000  1.0000  -0.6894   0.0000   0.0000   0.0000   0.4158
   6.500   0.4491   0.08249   0.06911  -0.0766  0.9879  1.0000  -0.7299   0.0000   0.0000   0.0000   0.4110
   7.000   0.5195   0.09192   0.07874  -0.0872  0.9463  1.0000  -0.7918   0.0000   0.0000   0.0000   0.4081
   7.500   0.5556   0.09749   0.08452  -0.0906  0.9019  1.0000  -0.8289   0.0000   0.0000   0.0000   0.4029
   8.000   0.5931   0.10471   0.09191  -0.0943  0.8703  1.0000  -0.8753   0.0000   0.0000   0.0000   0.3984
   8.500   0.6212   0.11021   0.09762  -0.0959  0.8311  1.0000  -0.9129   0.0000   0.0000   0.0000   0.3933
   9.000   0.6676   0.11949   0.10713  -0.1007  0.8001  1.0000  -0.9752   0.0000   0.0000   0.0000   0.3893
   9.500   0.6739   0.12349   0.11133  -0.0994  0.7706  1.0000  -0.9934   0.0000   0.0000   0.0000   0.3855
  10.000   0.6959   0.12958   0.11764  -0.1005  0.7381  1.0000  -1.0362   0.0000   0.0000   0.0000   0.3819
  10.500   0.7317   0.13804   0.12636  -0.1035  0.7072  1.0000  -1.1018   0.0000   0.0000   0.0000   0.3784
  11.000   0.7604   0.14678   0.13534  -0.1057  0.6796  1.0000  -1.1553   0.0000   0.0000   0.0000   0.3756
  11.500   0.7635   0.15095   0.13969  -0.1050  0.6516  1.0000  -1.1772   0.0000   0.0000   0.0000   0.3734
  12.000   0.7783   0.15736   0.14631  -0.1061  0.6253  1.0000  -1.2220   0.0000   0.0000   0.0000   0.3716
  12.500   0.8075   0.16523   0.15444  -0.1077  0.5887  1.0000  -1.2988   0.0000   0.0000   0.0000   0.3681
  13.000   0.8196   0.17179   0.16120  -0.1090  0.5666  1.0000  -1.3322   0.0000   0.0000   0.0000   0.3671
  13.500   0.8523   0.18253   0.17218  -0.1112  0.5361  1.0000  -1.4397   0.0000   0.0000   0.0000   0.3641
  14.000   0.8677   0.18987   0.17972  -0.1127  0.5120  1.0000  -1.5102   0.0000   0.0000   0.0000   0.3628
  14.500   0.8865   0.19822   0.18826  -0.1145  0.4883  1.0000  -1.5822   0.0000   0.0000   0.0000   0.3614
  15.000   0.8882   0.20102   0.19114  -0.1155  0.4604  1.0000  -1.6043   0.0000   0.0000   0.0000   0.3615


