xflr5 v6.59

 Calculated polar for: revR_100_revT

 1 1 Reynolds number fixed          Mach number fixed         

 xtrf =   1.000 (top)        1.000 (bottom)
 Mach =   0.000     Re =     0.410 e 6     Ncrit =   9.000

  alpha     CL        CD       CDp       Cm    Top Xtr Bot Xtr   Cpmin    Chinge    XCp    
 ------- -------- --------- --------- -------- ------- ------- -------- --------- ---------
  -5.000   0.1411   0.01309   0.00650  -0.1544  0.7788  0.0456  -2.3450   0.0000   0.0000   0.0000   1.3718
  -4.500   0.1985   0.01252   0.00582  -0.1548  0.7722  0.0527  -2.0748   0.0000   0.0000   0.0000   1.0470
  -4.000   0.2563   0.01187   0.00509  -0.1555  0.7645  0.0710  -1.8287   0.0000   0.0000   0.0000   0.8682
  -3.500   0.3129   0.01124   0.00461  -0.1559  0.7574  0.1051  -1.5753   0.0000   0.0000   0.0000   0.7564
  -3.000   0.3705   0.01081   0.00430  -0.1564  0.7498  0.1535  -1.3283   0.0000   0.0000   0.0000   0.6778
  -2.500   0.4286   0.01051   0.00409  -0.1570  0.7427  0.2143  -1.0876   0.0000   0.0000   0.0000   0.6201
  -2.000   0.4860   0.01028   0.00406  -0.1576  0.7348  0.2860  -0.8669   0.0000   0.0000   0.0000   0.5765
  -1.500   0.5431   0.00999   0.00396  -0.1580  0.7261  0.3640  -0.8551   0.0000   0.0000   0.0000   0.5420
  -1.000   0.6010   0.00971   0.00385  -0.1584  0.7176  0.4545  -0.8963   0.0000   0.0000   0.0000   0.5137
  -0.500   0.6582   0.00957   0.00395  -0.1588  0.7092  0.5571  -0.9418   0.0000   0.0000   0.0000   0.4904
   0.000   0.7133   0.00932   0.00405  -0.1585  0.6997  0.6761  -0.9865   0.0000   0.0000   0.0000   0.4706
   0.500   0.7679   0.00922   0.00405  -0.1578  0.6893  0.7643  -1.0317   0.0000   0.0000   0.0000   0.4532
   1.000   0.8199   0.00923   0.00419  -0.1568  0.6799  0.8283  -1.0782   0.0000   0.0000   0.0000   0.4381
   1.500   0.8676   0.00910   0.00417  -0.1546  0.6692  0.8911  -1.1284   0.0000   0.0000   0.0000   0.4244
   2.000   0.9197   0.00897   0.00403  -0.1534  0.6570  1.0000  -1.1837   0.0000   0.0000   0.0000   0.4123
   2.500   0.9778   0.00907   0.00407  -0.1541  0.6438  1.0000  -1.2478   0.0000   0.0000   0.0000   0.4025
   3.000   1.0349   0.00927   0.00416  -0.1545  0.6303  1.0000  -1.3171   0.0000   0.0000   0.0000   0.3935
   3.500   1.0905   0.00944   0.00426  -0.1546  0.6143  1.0000  -1.3861   0.0000   0.0000   0.0000   0.3853
   4.000   1.1448   0.00967   0.00446  -0.1545  0.5965  1.0000  -1.4547   0.0000   0.0000   0.0000   0.3778
   4.500   1.1984   0.00999   0.00470  -0.1543  0.5798  1.0000  -1.5331   0.0000   0.0000   0.0000   0.3709
   5.000   1.2506   0.01035   0.00498  -0.1538  0.5610  1.0000  -1.6148   0.0000   0.0000   0.0000   0.3644
   5.500   1.3007   0.01075   0.00534  -0.1530  0.5382  1.0000  -1.7051   0.0000   0.0000   0.0000   0.3584
   6.000   1.3497   0.01123   0.00579  -0.1521  0.5161  1.0000  -1.8039   0.0000   0.0000   0.0000   0.3526
   6.500   1.3964   0.01179   0.00630  -0.1507  0.4923  1.0000  -1.9190   0.0000   0.0000   0.0000   0.3472
   7.000   1.4398   0.01247   0.00691  -0.1488  0.4655  1.0000  -2.0383   0.0000   0.0000   0.0000   0.3418
   7.500   1.4807   0.01323   0.00762  -0.1466  0.4400  1.0000  -2.1629   0.0000   0.0000   0.0000   0.3367
   8.000   1.5140   0.01417   0.00847  -0.1431  0.4106  1.0000  -2.2998   0.0000   0.0000   0.0000   0.3314
   8.500   1.5452   0.01521   0.00947  -0.1394  0.3854  1.0000  -2.4413   0.0000   0.0000   0.0000   0.3262
   9.000   1.5726   0.01650   0.01071  -0.1354  0.3597  1.0000  -2.5869   0.0000   0.0000   0.0000   0.3213
   9.500   1.5948   0.01817   0.01232  -0.1311  0.3312  1.0000  -2.7621   0.0000   0.0000   0.0000   0.3165
  10.000   1.6168   0.02005   0.01416  -0.1271  0.3061  1.0000  -2.9659   0.0000   0.0000   0.0000   0.3120
  10.500   1.6373   0.02217   0.01626  -0.1234  0.2813  1.0000  -3.1930   0.0000   0.0000   0.0000   0.3078
  11.000   1.6541   0.02469   0.01875  -0.1196  0.2569  1.0000  -3.4136   0.0000   0.0000   0.0000   0.3038
  11.500   1.6689   0.02749   0.02154  -0.1160  0.2330  1.0000  -3.6323   0.0000   0.0000   0.0000   0.3000
  12.000   1.6791   0.03076   0.02476  -0.1123  0.2080  1.0000  -3.8473   0.0000   0.0000   0.0000   0.2964
  12.500   1.6876   0.03428   0.02827  -0.1087  0.1855  1.0000  -4.0729   0.0000   0.0000   0.0000   0.2929
  13.000   1.6953   0.03807   0.03205  -0.1055  0.1641  1.0000  -4.2989   0.0000   0.0000   0.0000   0.2897
  13.500   1.6990   0.04237   0.03637  -0.1024  0.1438  1.0000  -4.5217   0.0000   0.0000   0.0000   0.2866
  14.000   1.7023   0.04697   0.04098  -0.0997  0.1257  1.0000  -4.7501   0.0000   0.0000   0.0000   0.2838
  14.500   1.7034   0.05197   0.04602  -0.0973  0.1099  1.0000  -4.9712   0.0000   0.0000   0.0000   0.2813
  15.000   1.6999   0.05769   0.05178  -0.0951  0.0962  1.0000  -5.1725   0.0000   0.0000   0.0000   0.2790


