xflr5 v6.59

 Calculated polar for: revR_25_revT

 1 1 Reynolds number fixed          Mach number fixed         

 xtrf =   1.000 (top)        1.000 (bottom)
 Mach =   0.000     Re =     0.240 e 6     Ncrit =   9.000

  alpha     CL        CD       CDp       Cm    Top Xtr Bot Xtr   Cpmin    Chinge    XCp    
 ------- -------- --------- --------- -------- ------- ------- -------- --------- ---------
  -5.000  -0.1604   0.01468   0.00760  -0.0897  0.9053  0.0712  -2.4278   0.0000   0.0000   0.0000  -0.3250
  -4.500  -0.1061   0.01355   0.00639  -0.0894  0.8934  0.0973  -2.1075   0.0000   0.0000   0.0000  -0.6125
  -4.000  -0.0549   0.01260   0.00561  -0.0886  0.8784  0.1538  -1.7857   0.0000   0.0000   0.0000  -1.3983
  -3.500  -0.0030   0.01189   0.00524  -0.0881  0.8649  0.2469  -1.4766   0.0000   0.0000   0.0000  -29.3278
  -3.000   0.0495   0.01119   0.00487  -0.0875  0.8517  0.3607  -1.2232   0.0000   0.0000   0.0000   2.0444
  -2.500   0.0997   0.01059   0.00476  -0.0865  0.8378  0.5056  -1.0182   0.0000   0.0000   0.0000   1.1274
  -1.500   0.1995   0.01006   0.00483  -0.0824  0.8096  0.7423  -0.6310   0.0000   0.0000   0.0000   0.6657
  -1.000   0.2494   0.01008   0.00486  -0.0802  0.7961  0.8034  -0.5688   0.0000   0.0000   0.0000   0.5723
  -0.500   0.2978   0.01004   0.00480  -0.0775  0.7810  0.8509  -0.6097   0.0000   0.0000   0.0000   0.5100
   0.000   0.3434   0.01000   0.00477  -0.0743  0.7646  0.8936  -0.6501   0.0000   0.0000   0.0000   0.4653
   0.500   0.3934   0.00991   0.00462  -0.0719  0.7502  0.9354  -0.6969   0.0000   0.0000   0.0000   0.4310
   1.000   0.4659   0.00977   0.00437  -0.0747  0.7328  0.9723  -0.7607   0.0000   0.0000   0.0000   0.4079
   1.500   0.5541   0.00967   0.00418  -0.0814  0.7132  1.0000  -0.8400   0.0000   0.0000   0.0000   0.3940
   2.000   0.5987   0.00974   0.00416  -0.0796  0.6930  1.0000  -0.8942   0.0000   0.0000   0.0000   0.3797
   2.500   0.6491   0.00984   0.00416  -0.0788  0.6714  1.0000  -0.9588   0.0000   0.0000   0.0000   0.3675
   3.000   0.7021   0.00998   0.00421  -0.0782  0.6479  1.0000  -1.0313   0.0000   0.0000   0.0000   0.3571
   3.500   0.7553   0.01017   0.00432  -0.0777  0.6226  1.0000  -1.1136   0.0000   0.0000   0.0000   0.3481
   4.000   0.8082   0.01041   0.00446  -0.0771  0.5942  1.0000  -1.2148   0.0000   0.0000   0.0000   0.3401
   4.500   0.8604   0.01076   0.00467  -0.0763  0.5642  1.0000  -1.3285   0.0000   0.0000   0.0000   0.3329
   5.000   0.9116   0.01113   0.00504  -0.0755  0.5306  1.0000  -1.4762   0.0000   0.0000   0.0000   0.3265
   5.500   0.9616   0.01165   0.00542  -0.0744  0.4948  1.0000  -1.7000   0.0000   0.0000   0.0000   0.3205
   6.000   1.0107   0.01220   0.00594  -0.0733  0.4570  1.0000  -2.0193   0.0000   0.0000   0.0000   0.3151
   6.500   1.0582   0.01290   0.00652  -0.0720  0.4183  1.0000  -2.3491   0.0000   0.0000   0.0000   0.3100
   7.000   1.1036   0.01370   0.00722  -0.0705  0.3753  1.0000  -2.6865   0.0000   0.0000   0.0000   0.3052
   7.500   1.1485   0.01455   0.00802  -0.0690  0.3336  1.0000  -3.0349   0.0000   0.0000   0.0000   0.3008
   8.000   1.1889   0.01565   0.00895  -0.0670  0.2838  1.0000  -3.3970   0.0000   0.0000   0.0000   0.2964
   8.500   1.2256   0.01700   0.01009  -0.0646  0.2308  1.0000  -3.7557   0.0000   0.0000   0.0000   0.2920
   9.000   1.2595   0.01852   0.01147  -0.0619  0.1806  1.0000  -4.1117   0.0000   0.0000   0.0000   0.2878
   9.500   1.2863   0.02035   0.01310  -0.0584  0.1343  1.0000  -4.4433   0.0000   0.0000   0.0000   0.2833
  10.000   1.3059   0.02261   0.01515  -0.0543  0.0963  1.0000  -4.7455   0.0000   0.0000   0.0000   0.2787
  10.500   1.3250   0.02501   0.01754  -0.0505  0.0731  1.0000  -5.0386   0.0000   0.0000   0.0000   0.2745
  11.000   1.3365   0.02815   0.02068  -0.0467  0.0556  1.0000  -5.2824   0.0000   0.0000   0.0000   0.2705
  11.500   1.3467   0.03164   0.02425  -0.0435  0.0431  1.0000  -5.5020   0.0000   0.0000   0.0000   0.2671
  12.000   1.3497   0.03606   0.02889  -0.0403  0.0349  1.0000  -5.6363   0.0000   0.0000   0.0000   0.2637
  12.500   1.3519   0.04081   0.03384  -0.0380  0.0300  1.0000  -5.7802   0.0000   0.0000   0.0000   0.2611
  13.000   1.3385   0.04737   0.04062  -0.0350  0.0268  1.0000  -5.7976   0.0000   0.0000   0.0000   0.2582
  13.500   1.3380   0.05296   0.04648  -0.0327  0.0256  1.0000  -5.8855   0.0000   0.0000   0.0000   0.2556
  14.000   1.3414   0.05831   0.05213  -0.0314  0.0249  1.0000  -6.0166   0.0000   0.0000   0.0000   0.2536
  14.500   1.3408   0.06443   0.05857  -0.0304  0.0243  1.0000  -6.1158   0.0000   0.0000   0.0000   0.2520
  15.000   1.3345   0.07157   0.06607  -0.0302  0.0239  1.0000  -6.1747   0.0000   0.0000   0.0000   0.2510


