xflr5 v6.59

 Calculated polar for: revR_75_revT

 1 1 Reynolds number fixed          Mach number fixed         

 xtrf =   1.000 (top)        1.000 (bottom)
 Mach =   0.000     Re =     0.055 e 6     Ncrit =   9.000

  alpha     CL        CD       CDp       Cm    Top Xtr Bot Xtr   Cpmin    Chinge    XCp    
 ------- -------- --------- --------- -------- ------- ------- -------- --------- ---------
  -4.500  -0.4185   0.06452   0.05835  -0.0519  1.0000  0.1599  -2.2134   0.0000   0.0000   0.0000   0.1193
  -4.000  -0.4275   0.06952   0.06420  -0.0335  1.0000  0.2188  -1.8520   0.0000   0.0000   0.0000   0.1661
  -3.500  -0.3039   0.04662   0.03901  -0.0671  1.0000  0.1480  -2.1473   0.0000   0.0000   0.0000   0.0211
  -3.000  -0.2167   0.04161   0.03255  -0.0766  0.9946  0.1597  -2.0282   0.0000   0.0000   0.0000  -0.1143
  -2.500  -0.1132   0.03946   0.03001  -0.0873  0.9759  0.2006  -1.7791   0.0000   0.0000   0.0000  -0.5394
  -2.000  -0.0316   0.03849   0.02901  -0.0934  0.9611  0.2728  -1.5801   0.0000   0.0000   0.0000  -2.7629
  -1.500   0.0586   0.03837   0.02938  -0.1005  0.9443  0.4370  -1.3359   0.0000   0.0000   0.0000   1.9919
  -1.000   0.1096   0.03836   0.03042  -0.0993  0.9288  0.6489  -1.1427   0.0000   0.0000   0.0000   1.1666
  -0.500   0.1151   0.03797   0.03079  -0.0872  0.9133  0.9418  -1.0382   0.0000   0.0000   0.0000   1.0163
   0.000   0.2019   0.04010   0.03190  -0.0972  0.8933  1.0000  -0.7969   0.0000   0.0000   0.0000   0.7340
   0.500   0.2823   0.04240   0.03359  -0.1037  0.8735  1.0000  -0.6050   0.0000   0.0000   0.0000   0.6177
   1.000   0.3221   0.04427   0.03513  -0.1039  0.8535  1.0000  -0.6325   0.0000   0.0000   0.0000   0.5717
   1.500   0.3738   0.04645   0.03702  -0.1055  0.8316  1.0000  -0.6696   0.0000   0.0000   0.0000   0.5304
   2.000   0.4262   0.04871   0.03905  -0.1070  0.8094  1.0000  -0.7092   0.0000   0.0000   0.0000   0.4983
   2.500   0.4774   0.05112   0.04128  -0.1084  0.7883  1.0000  -0.7537   0.0000   0.0000   0.0000   0.4734
   3.000   0.5302   0.05340   0.04342  -0.1095  0.7656  1.0000  -0.8018   0.0000   0.0000   0.0000   0.4522
   3.500   0.5837   0.05564   0.04558  -0.1105  0.7432  1.0000  -0.8508   0.0000   0.0000   0.0000   0.4344
   4.000   0.6390   0.05772   0.04760  -0.1114  0.7207  1.0000  -0.9059   0.0000   0.0000   0.0000   0.4187
   4.500   0.7030   0.05936   0.04923  -0.1127  0.6994  1.0000  -0.9774   0.0000   0.0000   0.0000   0.4040
   5.000   0.7383   0.06185   0.05176  -0.1115  0.6757  1.0000  -1.0226   0.0000   0.0000   0.0000   0.3941
   5.500   0.7758   0.06430   0.05427  -0.1104  0.6519  1.0000  -1.0728   0.0000   0.0000   0.0000   0.3848
   6.000   0.8128   0.06680   0.05685  -0.1092  0.6280  1.0000  -1.1288   0.0000   0.0000   0.0000   0.3761
   6.500   0.8498   0.06925   0.05941  -0.1078  0.6039  1.0000  -1.1926   0.0000   0.0000   0.0000   0.3680
   7.000   0.8750   0.07284   0.06312  -0.1063  0.5805  1.0000  -1.2401   0.0000   0.0000   0.0000   0.3620
   7.500   0.9068   0.07576   0.06619  -0.1047  0.5564  1.0000  -1.3072   0.0000   0.0000   0.0000   0.3553
   8.000   0.9327   0.07931   0.06989  -0.1030  0.5324  1.0000  -1.3768   0.0000   0.0000   0.0000   0.3496
   9.000   0.9727   0.08783   0.07876  -0.0998  0.4848  1.0000  -1.4987   0.0000   0.0000   0.0000   0.3403
   9.500   0.9934   0.09195   0.08305  -0.0980  0.4605  1.0000  -1.5755   0.0000   0.0000   0.0000   0.3357
  11.500   1.4958   0.05246   0.04482  -0.0845  0.3554  1.0000  -3.6554   0.0000   0.0000   0.0000   0.2894
  12.000   1.4775   0.05723   0.04980  -0.0778  0.3280  1.0000  -3.7579   0.0000   0.0000   0.0000   0.2847
  12.500   1.0365   0.12966   0.12184  -0.0935  0.3235  1.0000  -1.9573   0.0000   0.0000   0.0000   0.3228
  13.000   1.0560   0.13471   0.12710  -0.0925  0.3035  1.0000  -2.0817   0.0000   0.0000   0.0000   0.3193
  13.500   1.5182   0.06578   0.05845  -0.0651  0.2329  1.0000  -4.4546   0.0000   0.0000   0.0000   0.2720
  14.000   1.4187   0.08155   0.07484  -0.0626  0.2297  1.0000  -4.1534   0.0000   0.0000   0.0000   0.2723
  14.500   0.9805   0.17961   0.17227  -0.1113  0.3124  1.0000  -1.7498   0.0000   0.0000   0.0000   0.3440
  15.000   0.9861   0.19466   0.18747  -0.1170  0.3305  1.0000  -1.7294   0.0000   0.0000   0.0000   0.3486


