xflr5 v6.59

 Calculated polar for: revR_05_revT

 1 1 Reynolds number fixed          Mach number fixed         

 xtrf =   1.000 (top)        1.000 (bottom)
 Mach =   0.000     Re =     0.340 e 6     Ncrit =   9.000

  alpha     CL        CD       CDp       Cm    Top Xtr Bot Xtr   Cpmin    Chinge    XCp    
 ------- -------- --------- --------- -------- ------- ------- -------- --------- ---------
  -5.000  -0.2404   0.01207   0.00544  -0.0693  0.9152  0.0663  -2.5665   0.0000   0.0000   0.0000  -0.0477
  -4.500  -0.1891   0.01123   0.00456  -0.0683  0.8976  0.0947  -2.2054   0.0000   0.0000   0.0000  -0.1213
  -4.000  -0.1392   0.01047   0.00400  -0.0671  0.8800  0.1559  -1.8495   0.0000   0.0000   0.0000  -0.2442
  -3.500  -0.0878   0.00987   0.00362  -0.0664  0.8645  0.2371  -1.4988   0.0000   0.0000   0.0000  -0.5219
  -3.000  -0.0379   0.00916   0.00328  -0.0653  0.8483  0.3597  -1.2102   0.0000   0.0000   0.0000  -1.5029
  -2.500   0.0108   0.00849   0.00308  -0.0639  0.8309  0.5028  -1.0091   0.0000   0.0000   0.0000   6.2707
  -2.000   0.0598   0.00804   0.00307  -0.0621  0.8162  0.6517  -0.8145   0.0000   0.0000   0.0000   1.3003
  -1.500   0.1115   0.00792   0.00305  -0.0606  0.8003  0.7269  -0.6239   0.0000   0.0000   0.0000   0.7968
  -1.000   0.1622   0.00788   0.00309  -0.0587  0.7826  0.7844  -0.4983   0.0000   0.0000   0.0000   0.6132
  -0.500   0.2144   0.00789   0.00306  -0.0573  0.7655  0.8221  -0.5411   0.0000   0.0000   0.0000   0.5171
   0.000   0.2652   0.00790   0.00305  -0.0554  0.7488  0.8572  -0.5848   0.0000   0.0000   0.0000   0.4578
   0.500   0.3147   0.00789   0.00301  -0.0533  0.7286  0.8900  -0.6345   0.0000   0.0000   0.0000   0.4176
   1.000   0.3648   0.00787   0.00300  -0.0513  0.7082  0.9224  -0.6849   0.0000   0.0000   0.0000   0.3883
   1.500   0.4264   0.00791   0.00299  -0.0519  0.6854  0.9511  -0.7461   0.0000   0.0000   0.0000   0.3688
   2.000   0.5017   0.00802   0.00300  -0.0556  0.6595  0.9710  -0.8255   0.0000   0.0000   0.0000   0.3576
   2.500   0.5801   0.00817   0.00304  -0.0603  0.6316  0.9852  -0.9150   0.0000   0.0000   0.0000   0.3504
   3.000   0.6605   0.00829   0.00308  -0.0657  0.5963  0.9986  -1.0213   0.0000   0.0000   0.0000   0.3455
   3.500   0.6975   0.00848   0.00316  -0.0624  0.5655  1.0000  -1.1155   0.0000   0.0000   0.0000   0.3350
   4.000   0.7355   0.00880   0.00334  -0.0590  0.5311  1.0000  -1.2186   0.0000   0.0000   0.0000   0.3254
   4.500   0.7794   0.00918   0.00362  -0.0568  0.4957  1.0000  -1.3828   0.0000   0.0000   0.0000   0.3174
   5.000   0.8244   0.00965   0.00395  -0.0547  0.4547  1.0000  -1.6766   0.0000   0.0000   0.0000   0.3105
   5.500   0.8704   0.01017   0.00438  -0.0529  0.4180  1.0000  -2.0053   0.0000   0.0000   0.0000   0.3044
   6.000   0.9152   0.01077   0.00484  -0.0510  0.3732  1.0000  -2.3467   0.0000   0.0000   0.0000   0.2988
   6.500   0.9583   0.01150   0.00539  -0.0489  0.3238  1.0000  -2.6972   0.0000   0.0000   0.0000   0.2936
   7.000   0.9990   0.01239   0.00605  -0.0465  0.2699  1.0000  -3.0523   0.0000   0.0000   0.0000   0.2885
   7.500   1.0384   0.01336   0.00685  -0.0440  0.2164  1.0000  -3.4140   0.0000   0.0000   0.0000   0.2838
   8.000   1.0728   0.01462   0.00780  -0.0409  0.1582  1.0000  -3.7660   0.0000   0.0000   0.0000   0.2789
   8.500   1.1048   0.01596   0.00890  -0.0374  0.1117  1.0000  -4.1307   0.0000   0.0000   0.0000   0.2740
   9.000   1.1346   0.01728   0.01010  -0.0335  0.0793  1.0000  -4.4939   0.0000   0.0000   0.0000   0.2691
   9.500   1.1577   0.01859   0.01140  -0.0285  0.0593  1.0000  -4.8288   0.0000   0.0000   0.0000   0.2635
  10.000   1.1768   0.02012   0.01292  -0.0232  0.0431  1.0000  -5.1352   0.0000   0.0000   0.0000   0.2579
  10.500   1.1866   0.02230   0.01509  -0.0173  0.0280  1.0000  -5.3437   0.0000   0.0000   0.0000   0.2521
  11.000   1.1839   0.02547   0.01838  -0.0108  0.0217  1.0000  -5.4488   0.0000   0.0000   0.0000   0.2459
  11.500   1.1949   0.02809   0.02120  -0.0068  0.0200  1.0000  -5.6669   0.0000   0.0000   0.0000   0.2416
  12.000   1.2020   0.03129   0.02459  -0.0032  0.0188  1.0000  -5.8690   0.0000   0.0000   0.0000   0.2378
  12.500   1.2080   0.03489   0.02842  -0.0004  0.0179  1.0000  -6.0719   0.0000   0.0000   0.0000   0.2346
  13.000   1.2130   0.03891   0.03261   0.0017  0.0172  1.0000  -6.2771   0.0000   0.0000   0.0000   0.2320
  13.500   1.2157   0.04346   0.03735   0.0031  0.0165  1.0000  -6.4693   0.0000   0.0000   0.0000   0.2299
  14.000   1.2153   0.04871   0.04280   0.0039  0.0160  1.0000  -6.6282   0.0000   0.0000   0.0000   0.2283
  14.500   1.2120   0.05476   0.04910   0.0041  0.0155  1.0000  -6.7453   0.0000   0.0000   0.0000   0.2272
  15.000   1.2056   0.06171   0.05635   0.0036  0.0152  1.0000  -6.8187   0.0000   0.0000   0.0000   0.2267


