xflr5 v6.59

 Calculated polar for: revR_80_revT

 1 1 Reynolds number fixed          Mach number fixed         

 xtrf =   1.000 (top)        1.000 (bottom)
 Mach =   0.000     Re =     0.490 e 6     Ncrit =   9.000

  alpha     CL        CD       CDp       Cm    Top Xtr Bot Xtr   Cpmin    Chinge    XCp    
 ------- -------- --------- --------- -------- ------- ------- -------- --------- ---------
  -5.000   0.0586   0.01200   0.00559  -0.1357  0.7831  0.0432  -2.3332   0.0000   0.0000   0.0000   2.6228
  -4.500   0.1148   0.01104   0.00452  -0.1361  0.7756  0.0551  -2.0704   0.0000   0.0000   0.0000   1.4600
  -4.000   0.1716   0.01052   0.00399  -0.1364  0.7676  0.0760  -1.8066   0.0000   0.0000   0.0000   1.0594
  -3.500   0.2283   0.01001   0.00358  -0.1367  0.7592  0.1129  -1.5491   0.0000   0.0000   0.0000   0.8581
  -3.000   0.2855   0.00963   0.00331  -0.1371  0.7515  0.1649  -1.2967   0.0000   0.0000   0.0000   0.7363
  -2.500   0.3427   0.00936   0.00319  -0.1376  0.7433  0.2293  -1.0647   0.0000   0.0000   0.0000   0.6553
  -2.000   0.3994   0.00902   0.00304  -0.1379  0.7339  0.3032  -0.8446   0.0000   0.0000   0.0000   0.5975
  -1.500   0.4567   0.00871   0.00293  -0.1383  0.7250  0.3933  -0.7686   0.0000   0.0000   0.0000   0.5538
  -1.000   0.5135   0.00848   0.00294  -0.1386  0.7159  0.4889  -0.8113   0.0000   0.0000   0.0000   0.5199
  -0.500   0.5695   0.00816   0.00296  -0.1386  0.7060  0.6125  -0.8552   0.0000   0.0000   0.0000   0.4926
   0.000   0.6251   0.00807   0.00303  -0.1383  0.6948  0.7050  -0.8992   0.0000   0.0000   0.0000   0.4697
   0.500   0.6791   0.00798   0.00313  -0.1376  0.6847  0.7795  -0.9446   0.0000   0.0000   0.0000   0.4504
   1.000   0.7333   0.00801   0.00314  -0.1369  0.6730  0.8263  -0.9951   0.0000   0.0000   0.0000   0.4338
   1.500   0.7837   0.00793   0.00319  -0.1354  0.6596  0.8769  -1.0475   0.0000   0.0000   0.0000   0.4192
   2.000   0.8305   0.00789   0.00316  -0.1330  0.6462  0.9353  -1.1003   0.0000   0.0000   0.0000   0.4060
   2.500   0.8912   0.00789   0.00316  -0.1341  0.6309  1.0000  -1.1698   0.0000   0.0000   0.0000   0.3957
   3.000   0.9482   0.00808   0.00326  -0.1345  0.6137  1.0000  -1.2375   0.0000   0.0000   0.0000   0.3865
   3.500   1.0037   0.00833   0.00340  -0.1346  0.5946  1.0000  -1.3049   0.0000   0.0000   0.0000   0.3781
   4.000   1.0584   0.00861   0.00360  -0.1346  0.5755  1.0000  -1.3826   0.0000   0.0000   0.0000   0.3705
   4.500   1.1123   0.00892   0.00387  -0.1344  0.5543  1.0000  -1.4638   0.0000   0.0000   0.0000   0.3635
   5.000   1.1643   0.00932   0.00418  -0.1339  0.5290  1.0000  -1.5540   0.0000   0.0000   0.0000   0.3570
   5.500   1.2156   0.00977   0.00456  -0.1333  0.5051  1.0000  -1.6557   0.0000   0.0000   0.0000   0.3510
   6.000   1.2645   0.01032   0.00501  -0.1323  0.4772  1.0000  -1.7715   0.0000   0.0000   0.0000   0.3453
   6.500   1.3119   0.01094   0.00554  -0.1311  0.4489  1.0000  -1.8999   0.0000   0.0000   0.0000   0.3399
   7.000   1.3582   0.01159   0.00614  -0.1298  0.4194  1.0000  -2.0468   0.0000   0.0000   0.0000   0.3348
   7.500   1.4015   0.01236   0.00682  -0.1280  0.3880  1.0000  -2.2119   0.0000   0.0000   0.0000   0.3298
   8.000   1.4420   0.01323   0.00761  -0.1258  0.3590  1.0000  -2.3968   0.0000   0.0000   0.0000   0.3250
   9.000   1.5068   0.01544   0.00965  -0.1190  0.2976  1.0000  -2.9196   0.0000   0.0000   0.0000   0.3151
   9.500   1.5355   0.01679   0.01094  -0.1154  0.2692  1.0000  -3.2108   0.0000   0.0000   0.0000   0.3105
  10.000   1.5592   0.01852   0.01257  -0.1115  0.2386  1.0000  -3.4931   0.0000   0.0000   0.0000   0.3060
  10.500   1.5790   0.02065   0.01459  -0.1075  0.2085  1.0000  -3.7708   0.0000   0.0000   0.0000   0.3017
  11.000   1.5975   0.02304   0.01692  -0.1039  0.1799  1.0000  -4.0569   0.0000   0.0000   0.0000   0.2977
  11.500   1.6137   0.02574   0.01954  -0.1004  0.1529  1.0000  -4.3403   0.0000   0.0000   0.0000   0.2939
  12.000   1.6258   0.02885   0.02259  -0.0968  0.1282  1.0000  -4.6118   0.0000   0.0000   0.0000   0.2903
  12.500   1.6362   0.03226   0.02596  -0.0935  0.1077  1.0000  -4.8800   0.0000   0.0000   0.0000   0.2869
  13.000   1.6445   0.03595   0.02964  -0.0903  0.0914  1.0000  -5.1422   0.0000   0.0000   0.0000   0.2837
  13.500   1.6478   0.04027   0.03398  -0.0873  0.0759  1.0000  -5.3842   0.0000   0.0000   0.0000   0.2807
  14.000   1.6544   0.04449   0.03826  -0.0849  0.0653  1.0000  -5.6445   0.0000   0.0000   0.0000   0.2780
  14.500   1.6574   0.04932   0.04318  -0.0827  0.0555  1.0000  -5.8871   0.0000   0.0000   0.0000   0.2755
  15.000   1.6549   0.05499   0.04889  -0.0809  0.0467  1.0000  -6.1024   0.0000   0.0000   0.0000   0.2733


