xflr5 v6.59

 Calculated polar for: revR_85_revT

 1 1 Reynolds number fixed          Mach number fixed         

 xtrf =   1.000 (top)        1.000 (bottom)
 Mach =   0.000     Re =     0.285 e 6     Ncrit =   9.000

  alpha     CL        CD       CDp       Cm    Top Xtr Bot Xtr   Cpmin    Chinge    XCp    
 ------- -------- --------- --------- -------- ------- ------- -------- --------- ---------
  -5.000   0.0778   0.01539   0.00845  -0.1420  0.8156  0.0562  -2.2815   0.0000   0.0000   0.0000   2.1220
  -4.500   0.1325   0.01467   0.00765  -0.1420  0.8069  0.0666  -2.0210   0.0000   0.0000   0.0000   1.3453
  -4.000   0.1891   0.01371   0.00661  -0.1422  0.7988  0.0878  -1.7842   0.0000   0.0000   0.0000   1.0168
  -3.500   0.2450   0.01305   0.00606  -0.1426  0.7908  0.1323  -1.5451   0.0000   0.0000   0.0000   0.8415
  -3.000   0.3003   0.01252   0.00577  -0.1428  0.7814  0.1994  -1.3089   0.0000   0.0000   0.0000   0.7321
  -2.500   0.3580   0.01209   0.00547  -0.1433  0.7730  0.2742  -1.0748   0.0000   0.0000   0.0000   0.6545
  -2.000   0.4144   0.01186   0.00544  -0.1436  0.7649  0.3596  -0.8611   0.0000   0.0000   0.0000   0.5992
  -1.500   0.4698   0.01148   0.00538  -0.1436  0.7547  0.4665  -0.7788   0.0000   0.0000   0.0000   0.5572
  -1.000   0.5268   0.01111   0.00525  -0.1436  0.7455  0.5835  -0.8208   0.0000   0.0000   0.0000   0.5229
  -0.500   0.5788   0.01101   0.00551  -0.1425  0.7361  0.7047  -0.8623   0.0000   0.0000   0.0000   0.4957
   0.000   0.6306   0.01089   0.00551  -0.1411  0.7255  0.7869  -0.9057   0.0000   0.0000   0.0000   0.4723
   0.500   0.6806   0.01085   0.00549  -0.1390  0.7155  0.8514  -0.9488   0.0000   0.0000   0.0000   0.4522
   1.000   0.7219   0.01066   0.00542  -0.1353  0.7035  0.9199  -0.9931   0.0000   0.0000   0.0000   0.4346
   1.500   0.7867   0.01053   0.00514  -0.1368  0.6926  1.0000  -1.0524   0.0000   0.0000   0.0000   0.4204
   2.000   0.8441   0.01064   0.00522  -0.1375  0.6792  1.0000  -1.1116   0.0000   0.0000   0.0000   0.4088
   2.500   0.9039   0.01071   0.00510  -0.1382  0.6658  1.0000  -1.1783   0.0000   0.0000   0.0000   0.3982
   3.000   0.9591   0.01083   0.00522  -0.1383  0.6511  1.0000  -1.2418   0.0000   0.0000   0.0000   0.3888
   3.500   1.0153   0.01097   0.00527  -0.1384  0.6352  1.0000  -1.3109   0.0000   0.0000   0.0000   0.3803
   4.000   1.0709   0.01113   0.00531  -0.1384  0.6177  1.0000  -1.3886   0.0000   0.0000   0.0000   0.3725
   4.500   1.1238   0.01137   0.00559  -0.1380  0.5993  1.0000  -1.4657   0.0000   0.0000   0.0000   0.3654
   5.000   1.1762   0.01166   0.00585  -0.1374  0.5785  1.0000  -1.5564   0.0000   0.0000   0.0000   0.3588
   5.500   1.2273   0.01203   0.00617  -0.1367  0.5558  1.0000  -1.6511   0.0000   0.0000   0.0000   0.3526
   6.000   1.2769   0.01249   0.00658  -0.1357  0.5323  1.0000  -1.7670   0.0000   0.0000   0.0000   0.3469
   6.500   1.3239   0.01303   0.00707  -0.1343  0.5054  1.0000  -1.8854   0.0000   0.0000   0.0000   0.3413
   7.000   1.3690   0.01367   0.00768  -0.1327  0.4787  1.0000  -2.0218   0.0000   0.0000   0.0000   0.3361
   7.500   1.4103   0.01445   0.00838  -0.1305  0.4488  1.0000  -2.1688   0.0000   0.0000   0.0000   0.3309
   8.000   1.4477   0.01537   0.00922  -0.1277  0.4191  1.0000  -2.3211   0.0000   0.0000   0.0000   0.3258
   8.500   1.4809   0.01640   0.01021  -0.1243  0.3918  1.0000  -2.5153   0.0000   0.0000   0.0000   0.3207
   9.000   1.5082   0.01760   0.01139  -0.1201  0.3618  1.0000  -2.7483   0.0000   0.0000   0.0000   0.3156
   9.500   1.5322   0.01907   0.01283  -0.1158  0.3326  1.0000  -3.0114   0.0000   0.0000   0.0000   0.3107
  10.000   1.5543   0.02081   0.01457  -0.1117  0.3060  1.0000  -3.2747   0.0000   0.0000   0.0000   0.3061
  10.500   1.5728   0.02294   0.01670  -0.1076  0.2784  1.0000  -3.5321   0.0000   0.0000   0.0000   0.3018
  11.000   1.5873   0.02553   0.01923  -0.1036  0.2506  1.0000  -3.7848   0.0000   0.0000   0.0000   0.2977
  11.500   1.5983   0.02855   0.02220  -0.0997  0.2229  1.0000  -4.0336   0.0000   0.0000   0.0000   0.2939
  12.000   1.6069   0.03197   0.02559  -0.0961  0.1971  1.0000  -4.2760   0.0000   0.0000   0.0000   0.2903
  12.500   1.6125   0.03579   0.02939  -0.0926  0.1723  1.0000  -4.5094   0.0000   0.0000   0.0000   0.2869
  13.000   1.6153   0.04007   0.03369  -0.0894  0.1493  1.0000  -4.7325   0.0000   0.0000   0.0000   0.2838
  13.500   1.6165   0.04473   0.03835  -0.0866  0.1286  1.0000  -4.9502   0.0000   0.0000   0.0000   0.2810
  14.000   1.6170   0.04977   0.04342  -0.0842  0.1106  1.0000  -5.1653   0.0000   0.0000   0.0000   0.2784
  14.500   1.6170   0.05509   0.04884  -0.0823  0.0952  1.0000  -5.3778   0.0000   0.0000   0.0000   0.2761
  15.000   1.6120   0.06124   0.05506  -0.0807  0.0823  1.0000  -5.5639   0.0000   0.0000   0.0000   0.2742


