xflr5 v6.59

 Calculated polar for: revR_60_revT

 1 1 Reynolds number fixed          Mach number fixed         

 xtrf =   1.000 (top)        1.000 (bottom)
 Mach =   0.000     Re =     0.475 e 6     Ncrit =   9.000

  alpha     CL        CD       CDp       Cm    Top Xtr Bot Xtr   Cpmin    Chinge    XCp    
 ------- -------- --------- --------- -------- ------- ------- -------- --------- ---------
  -5.000  -0.0251   0.01199   0.00553  -0.1171  0.8031  0.0440  -2.4012   0.0000   0.0000   0.0000  -4.5276
  -4.500   0.0296   0.01090   0.00436  -0.1171  0.7941  0.0592  -2.0798   0.0000   0.0000   0.0000   4.2960
  -4.000   0.0855   0.01032   0.00377  -0.1172  0.7845  0.0831  -1.7812   0.0000   0.0000   0.0000   1.6466
  -3.500   0.1418   0.00987   0.00341  -0.1174  0.7754  0.1308  -1.5289   0.0000   0.0000   0.0000   1.0911
  -3.000   0.1977   0.00940   0.00316  -0.1176  0.7663  0.1925  -1.2819   0.0000   0.0000   0.0000   0.8527
  -2.500   0.2540   0.00900   0.00294  -0.1179  0.7567  0.2701  -1.0467   0.0000   0.0000   0.0000   0.7186
  -2.000   0.3102   0.00867   0.00282  -0.1181  0.7464  0.3550  -0.8311   0.0000   0.0000   0.0000   0.6332
  -1.500   0.3663   0.00828   0.00274  -0.1182  0.7367  0.4618  -0.6814   0.0000   0.0000   0.0000   0.5740
  -1.000   0.4222   0.00802   0.00273  -0.1182  0.7262  0.5783  -0.7241   0.0000   0.0000   0.0000   0.5302
  -0.500   0.4765   0.00775   0.00278  -0.1177  0.7146  0.6908  -0.7663   0.0000   0.0000   0.0000   0.4963
   0.000   0.5314   0.00774   0.00282  -0.1171  0.7027  0.7567  -0.8106   0.0000   0.0000   0.0000   0.4689
   0.500   0.5849   0.00767   0.00289  -0.1162  0.6909  0.8104  -0.8593   0.0000   0.0000   0.0000   0.4466
   1.000   0.6381   0.00770   0.00290  -0.1153  0.6770  0.8511  -0.9083   0.0000   0.0000   0.0000   0.4279
   1.500   0.6878   0.00763   0.00292  -0.1135  0.6623  0.8955  -0.9626   0.0000   0.0000   0.0000   0.4117
   2.000   0.7364   0.00756   0.00290  -0.1115  0.6473  0.9508  -1.0177   0.0000   0.0000   0.0000   0.3975
   2.500   0.8009   0.00764   0.00287  -0.1134  0.6284  1.0000  -1.0873   0.0000   0.0000   0.0000   0.3871
   3.000   0.8576   0.00784   0.00297  -0.1138  0.6093  1.0000  -1.1563   0.0000   0.0000   0.0000   0.3776
   3.500   0.9133   0.00807   0.00313  -0.1139  0.5876  1.0000  -1.2295   0.0000   0.0000   0.0000   0.3691
   4.000   0.9678   0.00836   0.00334  -0.1138  0.5642  1.0000  -1.3114   0.0000   0.0000   0.0000   0.3614
   4.500   1.0212   0.00872   0.00360  -0.1135  0.5389  1.0000  -1.4012   0.0000   0.0000   0.0000   0.3544
   5.000   1.0732   0.00915   0.00393  -0.1130  0.5112  1.0000  -1.5081   0.0000   0.0000   0.0000   0.3479
   5.500   1.1250   0.00960   0.00432  -0.1124  0.4832  1.0000  -1.6257   0.0000   0.0000   0.0000   0.3420
   6.000   1.1748   0.01015   0.00477  -0.1116  0.4497  1.0000  -1.7661   0.0000   0.0000   0.0000   0.3364
   6.500   1.2229   0.01080   0.00531  -0.1105  0.4178  1.0000  -1.9250   0.0000   0.0000   0.0000   0.3311
   7.000   1.2702   0.01148   0.00591  -0.1094  0.3860  1.0000  -2.1194   0.0000   0.0000   0.0000   0.3262
   7.500   1.3141   0.01233   0.00662  -0.1077  0.3475  1.0000  -2.3680   0.0000   0.0000   0.0000   0.3213
   8.000   1.3570   0.01320   0.00742  -0.1060  0.3165  1.0000  -2.6818   0.0000   0.0000   0.0000   0.3167
   8.500   1.3964   0.01421   0.00832  -0.1038  0.2797  1.0000  -2.9985   0.0000   0.0000   0.0000   0.3122
   9.000   1.4293   0.01542   0.00938  -0.1005  0.2447  1.0000  -3.3044   0.0000   0.0000   0.0000   0.3074
   9.500   1.4598   0.01673   0.01060  -0.0971  0.2118  1.0000  -3.6110   0.0000   0.0000   0.0000   0.3028
  10.000   1.4830   0.01850   0.01222  -0.0930  0.1755  1.0000  -3.8991   0.0000   0.0000   0.0000   0.2983
  10.500   1.5046   0.02051   0.01411  -0.0892  0.1429  1.0000  -4.1920   0.0000   0.0000   0.0000   0.2940
  11.000   1.5217   0.02298   0.01645  -0.0854  0.1143  1.0000  -4.4780   0.0000   0.0000   0.0000   0.2899
  11.500   1.5384   0.02565   0.01906  -0.0820  0.0917  1.0000  -4.7662   0.0000   0.0000   0.0000   0.2862
  12.000   1.5532   0.02861   0.02200  -0.0788  0.0746  1.0000  -5.0506   0.0000   0.0000   0.0000   0.2827
  12.500   1.5676   0.03173   0.02515  -0.0759  0.0613  1.0000  -5.3360   0.0000   0.0000   0.0000   0.2795
  13.000   1.5771   0.03540   0.02892  -0.0731  0.0499  1.0000  -5.5990   0.0000   0.0000   0.0000   0.2764
  13.500   1.5774   0.04008   0.03362  -0.0702  0.0396  1.0000  -5.8193   0.0000   0.0000   0.0000   0.2735
  14.000   1.5849   0.04430   0.03801  -0.0681  0.0345  1.0000  -6.0827   0.0000   0.0000   0.0000   0.2710
  14.500   1.5828   0.04977   0.04355  -0.0662  0.0291  1.0000  -6.2933   0.0000   0.0000   0.0000   0.2688
  15.000   1.5689   0.05702   0.05102  -0.0647  0.0250  1.0000  -6.4137   0.0000   0.0000   0.0000   0.2671


