xflr5 v6.59

 Calculated polar for: revR_95_revT

 1 1 Reynolds number fixed          Mach number fixed         

 xtrf =   1.000 (top)        1.000 (bottom)
 Mach =   0.000     Re =     0.160 e 6     Ncrit =   9.000

  alpha     CL        CD       CDp       Cm    Top Xtr Bot Xtr   Cpmin    Chinge    XCp    
 ------- -------- --------- --------- -------- ------- ------- -------- --------- ---------
  -5.000   0.0880   0.02478   0.01734  -0.1514  0.8477  0.0727  -2.1957   0.0000   0.0000   0.0000   2.0153
  -4.500   0.1361   0.02265   0.01502  -0.1509  0.8381  0.0822  -2.0237   0.0000   0.0000   0.0000   1.3850
  -4.000   0.1887   0.02150   0.01379  -0.1507  0.8282  0.1016  -1.8270   0.0000   0.0000   0.0000   1.0659
  -3.500   0.2528   0.02039   0.01263  -0.1520  0.8215  0.1400  -1.5953   0.0000   0.0000   0.0000   0.8621
  -3.000   0.3046   0.01988   0.01236  -0.1519  0.8116  0.2023  -1.3839   0.0000   0.0000   0.0000   0.7565
  -2.500   0.3594   0.01944   0.01216  -0.1521  0.8010  0.2851  -1.1648   0.0000   0.0000   0.0000   0.6786
  -2.000   0.4223   0.01881   0.01177  -0.1531  0.7945  0.3880  -0.9328   0.0000   0.0000   0.0000   0.6161
  -1.500   0.4714   0.01888   0.01220  -0.1523  0.7829  0.4972  -0.7822   0.0000   0.0000   0.0000   0.5753
  -1.000   0.5245   0.01851   0.01225  -0.1511  0.7730  0.6338  -0.8229   0.0000   0.0000   0.0000   0.5392
  -0.500   0.5778   0.01801   0.01197  -0.1486  0.7663  0.7627  -0.8670   0.0000   0.0000   0.0000   0.5072
   0.000   0.6063   0.01843   0.01258  -0.1428  0.7513  0.8574  -0.8931   0.0000   0.0000   0.0000   0.4846
   0.500   0.6606   0.01774   0.01184  -0.1408  0.7433  1.0000  -0.9372   0.0000   0.0000   0.0000   0.4615
   1.000   0.7206   0.01812   0.01201  -0.1424  0.7319  1.0000  -0.9892   0.0000   0.0000   0.0000   0.4451
   1.500   0.7830   0.01796   0.01167  -0.1435  0.7200  1.0000  -1.0478   0.0000   0.0000   0.0000   0.4300
   2.000   0.8512   0.01770   0.01119  -0.1452  0.7124  1.0000  -1.1130   0.0000   0.0000   0.0000   0.4166
   2.500   0.8992   0.01821   0.01170  -0.1444  0.6965  1.0000  -1.1675   0.0000   0.0000   0.0000   0.4059
   3.000   0.9691   0.01761   0.01089  -0.1459  0.6874  1.0000  -1.2467   0.0000   0.0000   0.0000   0.3952
   3.500   1.0160   0.01799   0.01133  -0.1447  0.6703  1.0000  -1.3063   0.0000   0.0000   0.0000   0.3864
   4.000   1.0784   0.01774   0.01097  -0.1453  0.6583  1.0000  -1.3805   0.0000   0.0000   0.0000   0.3780
   4.500   1.1320   0.01774   0.01099  -0.1448  0.6420  1.0000  -1.4596   0.0000   0.0000   0.0000   0.3705
   5.000   1.1851   0.01778   0.01103  -0.1441  0.6243  1.0000  -1.5409   0.0000   0.0000   0.0000   0.3635
   5.500   1.2446   0.01763   0.01080  -0.1443  0.6084  1.0000  -1.6401   0.0000   0.0000   0.0000   0.3571
   6.000   1.2956   0.01781   0.01101  -0.1434  0.5890  1.0000  -1.7400   0.0000   0.0000   0.0000   0.3511
   6.500   1.3439   0.01808   0.01130  -0.1420  0.5665  1.0000  -1.8550   0.0000   0.0000   0.0000   0.3453
   7.000   1.3911   0.01846   0.01169  -0.1405  0.5429  1.0000  -1.9789   0.0000   0.0000   0.0000   0.3398
   7.500   1.4363   0.01898   0.01222  -0.1387  0.5183  1.0000  -2.1139   0.0000   0.0000   0.0000   0.3346
   8.000   1.4779   0.01962   0.01281  -0.1363  0.4910  1.0000  -2.2648   0.0000   0.0000   0.0000   0.3295
   8.500   1.5159   0.02046   0.01366  -0.1335  0.4640  1.0000  -2.4135   0.0000   0.0000   0.0000   0.3245
   9.000   1.5483   0.02147   0.01459  -0.1299  0.4352  1.0000  -2.5906   0.0000   0.0000   0.0000   0.3195
   9.500   1.5733   0.02273   0.01577  -0.1252  0.4071  1.0000  -2.7862   0.0000   0.0000   0.0000   0.3143
  10.000   1.5930   0.02427   0.01737  -0.1202  0.3809  1.0000  -2.9965   0.0000   0.0000   0.0000   0.3093
  10.500   1.6062   0.02620   0.01933  -0.1148  0.3538  1.0000  -3.2187   0.0000   0.0000   0.0000   0.3044
  11.000   1.6156   0.02855   0.02173  -0.1095  0.3266  1.0000  -3.4330   0.0000   0.0000   0.0000   0.2998
  11.500   1.6251   0.03125   0.02445  -0.1049  0.3013  1.0000  -3.6501   0.0000   0.0000   0.0000   0.2956
  12.000   1.6318   0.03435   0.02762  -0.1005  0.2766  1.0000  -3.8607   0.0000   0.0000   0.0000   0.2916
  12.500   1.6347   0.03796   0.03126  -0.0963  0.2520  1.0000  -4.0639   0.0000   0.0000   0.0000   0.2879
  13.000   1.6337   0.04209   0.03543  -0.0924  0.2278  1.0000  -4.2562   0.0000   0.0000   0.0000   0.2845
  13.500   1.6298   0.04679   0.04016  -0.0889  0.2045  1.0000  -4.4373   0.0000   0.0000   0.0000   0.2814
  14.000   1.6239   0.05202   0.04540  -0.0859  0.1826  1.0000  -4.6099   0.0000   0.0000   0.0000   0.2787
  14.500   1.6165   0.05780   0.05118  -0.0834  0.1620  1.0000  -4.7740   0.0000   0.0000   0.0000   0.2763
  15.000   1.6100   0.06398   0.05754  -0.0818  0.1443  1.0000  -4.9379   0.0000   0.0000   0.0000   0.2743


