xflr5 v6.59

 Calculated polar for: revR_15_revT

 1 1 Reynolds number fixed          Mach number fixed         

 xtrf =   1.000 (top)        1.000 (bottom)
 Mach =   0.000     Re =     0.060 e 6     Ncrit =   9.000

  alpha     CL        CD       CDp       Cm    Top Xtr Bot Xtr   Cpmin    Chinge    XCp    
 ------- -------- --------- --------- -------- ------- ------- -------- --------- ---------
  -5.000  -0.5021   0.03715   0.02872  -0.0319  1.0000  0.1257  -2.7318   0.0000   0.0000   0.0000   0.1814
  -4.500  -0.4662   0.03296   0.02399  -0.0299  1.0000  0.1328  -2.6135   0.0000   0.0000   0.0000   0.1808
  -4.000  -0.4263   0.02974   0.02000  -0.0277  1.0000  0.1471  -2.4787   0.0000   0.0000   0.0000   0.1799
  -3.500  -0.3896   0.02754   0.01784  -0.0256  1.0000  0.1779  -2.2706   0.0000   0.0000   0.0000   0.1793
  -3.000  -0.3524   0.02578   0.01612  -0.0233  1.0000  0.2283  -2.0761   0.0000   0.0000   0.0000   0.1792
  -2.500  -0.3158   0.02402   0.01488  -0.0207  1.0000  0.3309  -1.8753   0.0000   0.0000   0.0000   0.1799
  -2.000  -0.2878   0.02247   0.01493  -0.0158  1.0000  0.5810  -1.6653   0.0000   0.0000   0.0000   0.1908
  -1.500  -0.1579   0.02395   0.01704  -0.0248  0.9869  1.0000  -1.1983   0.0000   0.0000   0.0000   0.0872
  -1.000  -0.0866   0.02483   0.01716  -0.0321  0.9637  1.0000  -0.9743   0.0000   0.0000   0.0000  -0.1285
  -0.500  -0.0122   0.02602   0.01778  -0.0383  0.9400  1.0000  -0.7474   0.0000   0.0000   0.0000  -2.9294
   0.000   0.0600   0.02726   0.01860  -0.0433  0.9167  1.0000  -0.5486   0.0000   0.0000   0.0000   0.9756
   0.500   0.1281   0.02843   0.01945  -0.0472  0.8925  1.0000  -0.4822   0.0000   0.0000   0.0000   0.6180
   1.000   0.1916   0.02956   0.02035  -0.0500  0.8671  1.0000  -0.5315   0.0000   0.0000   0.0000   0.5088
   1.500   0.2522   0.03068   0.02129  -0.0519  0.8409  1.0000  -0.5801   0.0000   0.0000   0.0000   0.4531
   2.000   0.3117   0.03179   0.02230  -0.0534  0.8145  1.0000  -0.6326   0.0000   0.0000   0.0000   0.4182
   2.500   0.3721   0.03285   0.02331  -0.0548  0.7878  1.0000  -0.6919   0.0000   0.0000   0.0000   0.3935
   3.000   0.4362   0.03371   0.02417  -0.0562  0.7610  1.0000  -0.7581   0.0000   0.0000   0.0000   0.3746
   3.500   0.5034   0.03434   0.02486  -0.0576  0.7349  1.0000  -0.8359   0.0000   0.0000   0.0000   0.3599
   4.000   0.5781   0.03441   0.02505  -0.0593  0.7092  1.0000  -0.9320   0.0000   0.0000   0.0000   0.3477
   4.500   0.6539   0.03408   0.02488  -0.0604  0.6839  1.0000  -1.0546   0.0000   0.0000   0.0000   0.3371
   5.000   0.7294   0.03334   0.02433  -0.0608  0.6586  1.0000  -1.1956   0.0000   0.0000   0.0000   0.3277
   5.500   0.7805   0.03353   0.02471  -0.0585  0.6277  1.0000  -1.3444   0.0000   0.0000   0.0000   0.3188
   6.000   0.8409   0.03306   0.02444  -0.0568  0.5961  1.0000  -1.5510   0.0000   0.0000   0.0000   0.3109
   6.500   0.9292   0.03074   0.02234  -0.0571  0.5643  1.0000  -2.0001   0.0000   0.0000   0.0000   0.3043
   7.000   0.9802   0.03066   0.02242  -0.0543  0.5245  1.0000  -2.3390   0.0000   0.0000   0.0000   0.2976
   7.500   1.0400   0.02994   0.02179  -0.0519  0.4790  1.0000  -2.7312   0.0000   0.0000   0.0000   0.2916
   8.000   1.0889   0.03003   0.02186  -0.0488  0.4292  1.0000  -3.0945   0.0000   0.0000   0.0000   0.2857
   8.500   1.1334   0.03027   0.02186  -0.0451  0.3727  1.0000  -3.4554   0.0000   0.0000   0.0000   0.2800
   9.000   1.1556   0.03168   0.02319  -0.0394  0.3142  1.0000  -3.7229   0.0000   0.0000   0.0000   0.2735
   9.500   1.1769   0.03370   0.02494  -0.0338  0.2551  1.0000  -3.9755   0.0000   0.0000   0.0000   0.2675
  10.000   1.1920   0.03674   0.02766  -0.0283  0.2037  1.0000  -4.1801   0.0000   0.0000   0.0000   0.2617
  10.500   1.2014   0.04032   0.03133  -0.0226  0.1666  1.0000  -4.3275   0.0000   0.0000   0.0000   0.2561
  11.000   1.2311   0.04555   0.03639  -0.0201  0.1355  1.0000  -4.5258   0.0000   0.0000   0.0000   0.2529
  11.500   1.2273   0.04932   0.04052  -0.0137  0.1187  1.0000  -4.6129   0.0000   0.0000   0.0000   0.2470
  12.000   1.2229   0.05591   0.04761  -0.0090  0.1080  1.0000  -4.6298   0.0000   0.0000   0.0000   0.2426
  12.500   1.2021   0.06205   0.05423  -0.0045  0.1010  1.0000  -4.6110   0.0000   0.0000   0.0000   0.2382
  13.000   1.1977   0.07018   0.06240  -0.0030  0.0921  1.0000  -4.6568   0.0000   0.0000   0.0000   0.2362
  13.500   1.1493   0.07942   0.07216  -0.0021  0.0917  1.0000  -4.5129   0.0000   0.0000   0.0000   0.2347
  15.000   0.8548   0.16478   0.15806  -0.0492  0.1391  1.0000  -2.4443   0.0000   0.0000   0.0000   0.2906


