xflr5 v6.59

 Calculated polar for: revR_0_revT

 1 1 Reynolds number fixed          Mach number fixed         

 xtrf =   1.000 (top)        1.000 (bottom)
 Mach =   0.000     Re =     0.125 e 6     Ncrit =   9.000

  alpha     CL        CD       CDp       Cm    Top Xtr Bot Xtr   Cpmin    Chinge    XCp    
 ------- -------- --------- --------- -------- ------- ------- -------- --------- ---------
  -5.000  -0.4623   0.02286   0.01450  -0.0312  0.9872  0.0807  -3.1251   0.0000   0.0000   0.0000   0.1767
  -4.500  -0.3858   0.02063   0.01207  -0.0355  0.9764  0.1014  -2.7690   0.0000   0.0000   0.0000   0.1519
  -4.000  -0.3133   0.01882   0.01047  -0.0395  0.9641  0.1444  -2.3801   0.0000   0.0000   0.0000   0.1176
  -3.500  -0.2455   0.01714   0.00945  -0.0429  0.9501  0.2571  -1.9927   0.0000   0.0000   0.0000   0.0686
  -3.000  -0.1829   0.01560   0.00905  -0.0449  0.9356  0.4827  -1.6211   0.0000   0.0000   0.0000  -0.0032
  -2.500  -0.1235   0.01511   0.00935  -0.0442  0.9209  0.7066  -1.2645   0.0000   0.0000   0.0000  -0.1167
  -2.000  -0.0610   0.01523   0.00956  -0.0432  0.9063  0.8134  -0.9779   0.0000   0.0000   0.0000  -0.4737
  -1.500   0.0043   0.01533   0.00957  -0.0425  0.8918  0.8850  -0.7584   0.0000   0.0000   0.0000  10.2465
  -1.000   0.1027   0.01538   0.00943  -0.0484  0.8810  0.9333  -0.5151   0.0000   0.0000   0.0000   0.7249
  -0.500   0.2410   0.01507   0.00888  -0.0629  0.8726  0.9609  -0.5393   0.0000   0.0000   0.0000   0.5110
   0.000   0.3677   0.01446   0.00811  -0.0762  0.8570  0.9857  -0.6303   0.0000   0.0000   0.0000   0.4563
   0.500   0.4448   0.01403   0.00758  -0.0809  0.8330  1.0000  -0.6970   0.0000   0.0000   0.0000   0.4303
   1.000   0.4805   0.01385   0.00728  -0.0772  0.8073  1.0000  -0.7438   0.0000   0.0000   0.0000   0.4086
   1.500   0.5140   0.01378   0.00713  -0.0730  0.7801  1.0000  -0.7917   0.0000   0.0000   0.0000   0.3896
   2.000   0.5471   0.01381   0.00710  -0.0687  0.7525  1.0000  -0.8441   0.0000   0.0000   0.0000   0.3726
   2.500   0.5835   0.01383   0.00705  -0.0646  0.7248  1.0000  -0.9070   0.0000   0.0000   0.0000   0.3574
   3.000   0.6243   0.01389   0.00702  -0.0613  0.6969  1.0000  -0.9870   0.0000   0.0000   0.0000   0.3443
   3.500   0.6677   0.01400   0.00705  -0.0583  0.6670  1.0000  -1.0824   0.0000   0.0000   0.0000   0.3331
   4.000   0.7124   0.01418   0.00717  -0.0556  0.6337  1.0000  -1.2069   0.0000   0.0000   0.0000   0.3234
   4.500   0.7587   0.01443   0.00738  -0.0533  0.5985  1.0000  -1.3743   0.0000   0.0000   0.0000   0.3151
   5.000   0.8062   0.01475   0.00758  -0.0511  0.5612  1.0000  -1.6783   0.0000   0.0000   0.0000   0.3078
   5.500   0.8513   0.01520   0.00801  -0.0488  0.5191  1.0000  -2.0005   0.0000   0.0000   0.0000   0.3011
   6.000   0.8955   0.01576   0.00848  -0.0463  0.4749  1.0000  -2.3356   0.0000   0.0000   0.0000   0.2950
   6.500   0.9383   0.01644   0.00912  -0.0438  0.4294  1.0000  -2.6789   0.0000   0.0000   0.0000   0.2894
   7.000   0.9776   0.01721   0.00982  -0.0408  0.3788  1.0000  -3.0227   0.0000   0.0000   0.0000   0.2839
   7.500   1.0140   0.01819   0.01067  -0.0375  0.3267  1.0000  -3.3644   0.0000   0.0000   0.0000   0.2786
   8.000   1.0452   0.01940   0.01182  -0.0337  0.2672  1.0000  -3.6910   0.0000   0.0000   0.0000   0.2732
   8.500   1.0684   0.02118   0.01331  -0.0291  0.2028  1.0000  -3.9828   0.0000   0.0000   0.0000   0.2675
   9.000   1.0847   0.02360   0.01545  -0.0237  0.1456  1.0000  -4.2287   0.0000   0.0000   0.0000   0.2615
   9.500   1.0950   0.02624   0.01783  -0.0178  0.1090  1.0000  -4.4511   0.0000   0.0000   0.0000   0.2552
  10.000   1.1045   0.02893   0.02044  -0.0125  0.0835  1.0000  -4.6667   0.0000   0.0000   0.0000   0.2496
  10.500   1.1166   0.03219   0.02376  -0.0081  0.0657  1.0000  -4.8399   0.0000   0.0000   0.0000   0.2448
  11.000   1.1359   0.03618   0.02777  -0.0048  0.0536  1.0000  -4.9816   0.0000   0.0000   0.0000   0.2411
  11.500   1.1609   0.03994   0.03180  -0.0021  0.0469  1.0000  -5.1338   0.0000   0.0000   0.0000   0.2380
  12.000   1.1977   0.04620   0.03826  -0.0012  0.0427  1.0000  -5.2916   0.0000   0.0000   0.0000   0.2366
  12.500   1.1995   0.05098   0.04362   0.0023  0.0414  1.0000  -5.3613   0.0000   0.0000   0.0000   0.2329
  13.000   1.1898   0.05697   0.05015   0.0050  0.0404  1.0000  -5.3774   0.0000   0.0000   0.0000   0.2298
  13.500   1.1676   0.06445   0.05815   0.0061  0.0400  1.0000  -5.3311   0.0000   0.0000   0.0000   0.2279
  14.000   1.1332   0.07393   0.06814   0.0048  0.0400  1.0000  -5.2145   0.0000   0.0000   0.0000   0.2280
  14.500   1.0878   0.08616   0.08083   0.0000  0.0405  1.0000  -5.0198   0.0000   0.0000   0.0000   0.2314
  15.000   1.0322   0.10237   0.09744  -0.0092  0.0414  1.0000  -4.7190   0.0000   0.0000   0.0000   0.2394


