xflr5 v6.59

 Calculated polar for: revR_20_revT

 1 1 Reynolds number fixed          Mach number fixed         

 xtrf =   1.000 (top)        1.000 (bottom)
 Mach =   0.000     Re =     0.200 e 6     Ncrit =   9.000

  alpha     CL        CD       CDp       Cm    Top Xtr Bot Xtr   Cpmin    Chinge    XCp    
 ------- -------- --------- --------- -------- ------- ------- -------- --------- ---------
  -5.000  -0.2052   0.01679   0.00940  -0.0817  0.9236  0.0752  -2.4788   0.0000   0.0000   0.0000  -0.1599
  -4.500  -0.1468   0.01531   0.00785  -0.0823  0.9120  0.1001  -2.1624   0.0000   0.0000   0.0000  -0.3250
  -4.000  -0.0873   0.01390   0.00673  -0.0833  0.9002  0.1677  -1.8240   0.0000   0.0000   0.0000  -0.7256
  -3.500  -0.0353   0.01300   0.00625  -0.0828  0.8860  0.2726  -1.5073   0.0000   0.0000   0.0000  -2.1425
  -3.000   0.0207   0.01209   0.00578  -0.0828  0.8739  0.4081  -1.2308   0.0000   0.0000   0.0000   4.3172
  -2.500   0.0654   0.01148   0.00577  -0.0804  0.8583  0.5728  -1.0367   0.0000   0.0000   0.0000   1.4952
  -2.000   0.1167   0.01120   0.00578  -0.0782  0.8452  0.7028  -0.8358   0.0000   0.0000   0.0000   0.9269
  -1.500   0.1640   0.01116   0.00583  -0.0752  0.8293  0.7789  -0.6511   0.0000   0.0000   0.0000   0.7117
  -1.000   0.2100   0.01121   0.00592  -0.0719  0.8144  0.8348  -0.5392   0.0000   0.0000   0.0000   0.5934
  -0.500   0.2602   0.01114   0.00576  -0.0690  0.8006  0.8812  -0.5815   0.0000   0.0000   0.0000   0.5152
   0.000   0.3112   0.01109   0.00567  -0.0668  0.7828  0.9245  -0.6241   0.0000   0.0000   0.0000   0.4637
   0.500   0.3905   0.01108   0.00556  -0.0707  0.7667  0.9564  -0.6890   0.0000   0.0000   0.0000   0.4293
   1.000   0.4886   0.01098   0.00529  -0.0787  0.7498  0.9777  -0.7687   0.0000   0.0000   0.0000   0.4089
   1.500   0.5816   0.01080   0.00498  -0.0863  0.7298  0.9978  -0.8531   0.0000   0.0000   0.0000   0.3956
   2.000   0.6201   0.01075   0.00486  -0.0835  0.7078  1.0000  -0.9063   0.0000   0.0000   0.0000   0.3814
   2.500   0.6532   0.01079   0.00482  -0.0792  0.6849  1.0000  -0.9602   0.0000   0.0000   0.0000   0.3676
   3.000   0.6935   0.01092   0.00486  -0.0762  0.6614  1.0000  -1.0264   0.0000   0.0000   0.0000   0.3557
   3.500   0.7397   0.01108   0.00491  -0.0741  0.6357  1.0000  -1.1045   0.0000   0.0000   0.0000   0.3456
   4.000   0.7873   0.01130   0.00507  -0.0724  0.6074  1.0000  -1.2074   0.0000   0.0000   0.0000   0.3368
   4.500   0.8348   0.01158   0.00532  -0.0706  0.5759  1.0000  -1.3205   0.0000   0.0000   0.0000   0.3289
   5.000   0.8826   0.01196   0.00558  -0.0689  0.5428  1.0000  -1.4720   0.0000   0.0000   0.0000   0.3219
   5.500   0.9291   0.01242   0.00600  -0.0670  0.5074  1.0000  -1.7297   0.0000   0.0000   0.0000   0.3155
   6.000   0.9736   0.01299   0.00642  -0.0649  0.4686  1.0000  -2.0404   0.0000   0.0000   0.0000   0.3094
   6.500   1.0173   0.01360   0.00702  -0.0627  0.4312  1.0000  -2.3617   0.0000   0.0000   0.0000   0.3038
   7.000   1.0573   0.01433   0.00765  -0.0599  0.3886  1.0000  -2.6852   0.0000   0.0000   0.0000   0.2983
   7.500   1.0948   0.01521   0.00845  -0.0569  0.3477  1.0000  -3.0111   0.0000   0.0000   0.0000   0.2929
   8.000   1.1290   0.01616   0.00932  -0.0534  0.3042  1.0000  -3.3350   0.0000   0.0000   0.0000   0.2876
   8.500   1.1581   0.01728   0.01033  -0.0492  0.2586  1.0000  -3.6589   0.0000   0.0000   0.0000   0.2822
   9.000   1.1778   0.01863   0.01150  -0.0437  0.2106  1.0000  -3.9570   0.0000   0.0000   0.0000   0.2761
   9.500   1.1908   0.02028   0.01301  -0.0375  0.1649  1.0000  -4.2296   0.0000   0.0000   0.0000   0.2697
  10.000   1.2016   0.02231   0.01487  -0.0317  0.1237  1.0000  -4.4909   0.0000   0.0000   0.0000   0.2640
  10.500   1.2093   0.02480   0.01721  -0.0264  0.0926  1.0000  -4.7345   0.0000   0.0000   0.0000   0.2586
  11.000   1.2157   0.02767   0.02006  -0.0216  0.0725  1.0000  -4.9587   0.0000   0.0000   0.0000   0.2539
  11.500   1.2213   0.03091   0.02334  -0.0177  0.0576  1.0000  -5.1663   0.0000   0.0000   0.0000   0.2497
  12.000   1.2269   0.03451   0.02713  -0.0143  0.0467  1.0000  -5.3395   0.0000   0.0000   0.0000   0.2460
  12.500   1.2138   0.04023   0.03291  -0.0106  0.0377  1.0000  -5.3671   0.0000   0.0000   0.0000   0.2423
  13.000   1.2231   0.04429   0.03723  -0.0088  0.0339  1.0000  -5.5154   0.0000   0.0000   0.0000   0.2398
  13.500   1.2291   0.04898   0.04220  -0.0073  0.0309  1.0000  -5.6464   0.0000   0.0000   0.0000   0.2376
  14.000   1.2342   0.05407   0.04749  -0.0063  0.0290  1.0000  -5.7818   0.0000   0.0000   0.0000   0.2359
  14.500   1.2373   0.05981   0.05347  -0.0058  0.0277  1.0000  -5.8953   0.0000   0.0000   0.0000   0.2346
  15.000   1.2365   0.06663   0.06061  -0.0060  0.0268  1.0000  -5.9612   0.0000   0.0000   0.0000   0.2338


