xflr5 v6.59

 Calculated polar for: revR_05_revT

 1 1 Reynolds number fixed          Mach number fixed         

 xtrf =   1.000 (top)        1.000 (bottom)
 Mach =   0.000     Re =     0.195 e 6     Ncrit =   9.000

  alpha     CL        CD       CDp       Cm    Top Xtr Bot Xtr   Cpmin    Chinge    XCp    
 ------- -------- --------- --------- -------- ------- ------- -------- --------- ---------
  -5.000  -0.3023   0.01745   0.00994  -0.0601  0.9447  0.0735  -2.6723   0.0000   0.0000   0.0000   0.0431
  -4.500  -0.2402   0.01528   0.00784  -0.0618  0.9331  0.1033  -2.3337   0.0000   0.0000   0.0000  -0.0158
  -4.000  -0.1701   0.01384   0.00671  -0.0650  0.9232  0.1819  -1.9299   0.0000   0.0000   0.0000  -0.1425
  -3.000  -0.0510   0.01157   0.00563  -0.0670  0.8971  0.4868  -1.2302   0.0000   0.0000   0.0000  -1.0871
  -2.500  -0.0043   0.01104   0.00569  -0.0643  0.8805  0.6550  -1.0316   0.0000   0.0000   0.0000  -15.0866
  -2.000   0.0495   0.01091   0.00565  -0.0624  0.8655  0.7469  -0.8275   0.0000   0.0000   0.0000   1.5267
  -1.500   0.0986   0.01090   0.00567  -0.0594  0.8491  0.8102  -0.6404   0.0000   0.0000   0.0000   0.8573
  -1.000   0.1450   0.01095   0.00571  -0.0561  0.8315  0.8551  -0.4924   0.0000   0.0000   0.0000   0.6389
  -0.500   0.1938   0.01094   0.00562  -0.0531  0.8140  0.8968  -0.5268   0.0000   0.0000   0.0000   0.5240
   0.000   0.2590   0.01092   0.00546  -0.0534  0.7977  0.9303  -0.5783   0.0000   0.0000   0.0000   0.4551
   0.500   0.3434   0.01094   0.00538  -0.0583  0.7782  0.9559  -0.6481   0.0000   0.0000   0.0000   0.4181
   1.000   0.4376   0.01086   0.00518  -0.0656  0.7563  0.9738  -0.7251   0.0000   0.0000   0.0000   0.3978
   1.500   0.5257   0.01073   0.00496  -0.0722  0.7330  0.9919  -0.8107   0.0000   0.0000   0.0000   0.3847
   2.000   0.5868   0.01058   0.00470  -0.0737  0.7066  1.0000  -0.8819   0.0000   0.0000   0.0000   0.3725
   2.500   0.6198   0.01058   0.00460  -0.0696  0.6810  1.0000  -0.9432   0.0000   0.0000   0.0000   0.3588
   3.000   0.6544   0.01068   0.00460  -0.0656  0.6544  1.0000  -1.0106   0.0000   0.0000   0.0000   0.3463
   3.500   0.6916   0.01084   0.00472  -0.0619  0.6226  1.0000  -1.1027   0.0000   0.0000   0.0000   0.3352
   4.000   0.7343   0.01110   0.00488  -0.0592  0.5905  1.0000  -1.2100   0.0000   0.0000   0.0000   0.3258
   4.500   0.7794   0.01146   0.00511  -0.0569  0.5557  1.0000  -1.3725   0.0000   0.0000   0.0000   0.3177
   5.000   0.8248   0.01187   0.00546  -0.0548  0.5181  1.0000  -1.6404   0.0000   0.0000   0.0000   0.3107
   5.500   0.8694   0.01238   0.00588  -0.0526  0.4765  1.0000  -1.9600   0.0000   0.0000   0.0000   0.3042
   6.000   0.9136   0.01301   0.00637  -0.0504  0.4369  1.0000  -2.2933   0.0000   0.0000   0.0000   0.2983
   6.500   0.9556   0.01368   0.00695  -0.0480  0.3919  1.0000  -2.6337   0.0000   0.0000   0.0000   0.2928
   7.000   0.9956   0.01446   0.00763  -0.0453  0.3450  1.0000  -2.9800   0.0000   0.0000   0.0000   0.2875
   7.500   1.0330   0.01539   0.00849  -0.0423  0.2967  1.0000  -3.3271   0.0000   0.0000   0.0000   0.2824
   8.000   1.0668   0.01650   0.00947  -0.0389  0.2470  1.0000  -3.6684   0.0000   0.0000   0.0000   0.2772
   8.500   1.0957   0.01785   0.01065  -0.0349  0.1893  1.0000  -3.9944   0.0000   0.0000   0.0000   0.2720
   9.500   1.1263   0.02159   0.01389  -0.0234  0.0937  1.0000  -4.5414   0.0000   0.0000   0.0000   0.2596
  10.000   1.1372   0.02376   0.01598  -0.0176  0.0707  1.0000  -4.7969   0.0000   0.0000   0.0000   0.2537
  10.500   1.1488   0.02612   0.01844  -0.0127  0.0550  1.0000  -5.0333   0.0000   0.0000   0.0000   0.2485
  11.000   1.1500   0.02951   0.02193  -0.0074  0.0427  1.0000  -5.1659   0.0000   0.0000   0.0000   0.2432
  11.500   1.1495   0.03347   0.02595  -0.0032  0.0349  1.0000  -5.2775   0.0000   0.0000   0.0000   0.2387
  12.000   1.1557   0.03786   0.03057   0.0002  0.0314  1.0000  -5.3737   0.0000   0.0000   0.0000   0.2350
  12.500   1.1693   0.04177   0.03476   0.0025  0.0293  1.0000  -5.5335   0.0000   0.0000   0.0000   0.2322
  13.000   1.1805   0.04625   0.03958   0.0044  0.0279  1.0000  -5.6795   0.0000   0.0000   0.0000   0.2298
  13.500   1.1862   0.05148   0.04514   0.0058  0.0271  1.0000  -5.7954   0.0000   0.0000   0.0000   0.2278
  14.000   1.1839   0.05778   0.05183   0.0064  0.0266  1.0000  -5.8623   0.0000   0.0000   0.0000   0.2264
  14.500   1.1706   0.06561   0.06007   0.0058  0.0264  1.0000  -5.8592   0.0000   0.0000   0.0000   0.2260
  15.000   1.1453   0.07555   0.07046   0.0031  0.0265  1.0000  -5.7713   0.0000   0.0000   0.0000   0.2273


