xflr5 v6.59

 Calculated polar for: revR_95_revT

 1 1 Reynolds number fixed          Mach number fixed         

 xtrf =   1.000 (top)        1.000 (bottom)
 Mach =   0.000     Re =     0.290 e 6     Ncrit =   9.000

  alpha     CL        CD       CDp       Cm    Top Xtr Bot Xtr   Cpmin    Chinge    XCp    
 ------- -------- --------- --------- -------- ------- ------- -------- --------- ---------
  -5.000   0.1173   0.01592   0.00903  -0.1506  0.8048  0.0542  -2.2747   0.0000   0.0000   0.0000   1.5664
  -4.500   0.1734   0.01457   0.00757  -0.1510  0.7976  0.0644  -2.0418   0.0000   0.0000   0.0000   1.1401
  -4.000   0.2303   0.01390   0.00685  -0.1514  0.7904  0.0853  -1.8030   0.0000   0.0000   0.0000   0.9201
  -3.500   0.2854   0.01329   0.00630  -0.1515  0.7817  0.1209  -1.5682   0.0000   0.0000   0.0000   0.7898
  -3.000   0.3428   0.01272   0.00592  -0.1521  0.7734  0.1827  -1.3228   0.0000   0.0000   0.0000   0.6998
  -2.500   0.4013   0.01243   0.00571  -0.1527  0.7662  0.2524  -1.0899   0.0000   0.0000   0.0000   0.6346
  -2.000   0.4564   0.01216   0.00570  -0.1529  0.7574  0.3322  -0.8722   0.0000   0.0000   0.0000   0.5876
  -1.500   0.5135   0.01180   0.00558  -0.1532  0.7484  0.4267  -0.8240   0.0000   0.0000   0.0000   0.5498
  -1.000   0.5718   0.01151   0.00550  -0.1536  0.7399  0.5374  -0.8665   0.0000   0.0000   0.0000   0.5189
  -0.500   0.6244   0.01130   0.00567  -0.1528  0.7300  0.6608  -0.9086   0.0000   0.0000   0.0000   0.4941
   0.000   0.6773   0.01116   0.00573  -0.1516  0.7209  0.7602  -0.9515   0.0000   0.0000   0.0000   0.4725
   0.500   0.7286   0.01113   0.00573  -0.1500  0.7112  0.8291  -0.9940   0.0000   0.0000   0.0000   0.4537
   1.500   0.8294   0.01075   0.00541  -0.1466  0.6899  1.0000  -1.0939   0.0000   0.0000   0.0000   0.4232
   2.000   0.8876   0.01092   0.00550  -0.1474  0.6775  1.0000  -1.1515   0.0000   0.0000   0.0000   0.4118
   2.500   0.9471   0.01092   0.00536  -0.1481  0.6646  1.0000  -1.2183   0.0000   0.0000   0.0000   0.4015
   3.000   1.0028   0.01109   0.00549  -0.1483  0.6505  1.0000  -1.2855   0.0000   0.0000   0.0000   0.3923
   3.500   1.0608   0.01121   0.00546  -0.1487  0.6368  1.0000  -1.3557   0.0000   0.0000   0.0000   0.3839
   4.000   1.1137   0.01136   0.00563  -0.1483  0.6191  1.0000  -1.4225   0.0000   0.0000   0.0000   0.3762
   4.500   1.1674   0.01160   0.00583  -0.1480  0.6017  1.0000  -1.5039   0.0000   0.0000   0.0000   0.3692
   5.000   1.2212   0.01190   0.00604  -0.1477  0.5841  1.0000  -1.5863   0.0000   0.0000   0.0000   0.3626
   5.500   1.2717   0.01225   0.00636  -0.1469  0.5633  1.0000  -1.6807   0.0000   0.0000   0.0000   0.3565
   6.000   1.3202   0.01268   0.00676  -0.1458  0.5394  1.0000  -1.7788   0.0000   0.0000   0.0000   0.3506
   6.500   1.3676   0.01320   0.00728  -0.1445  0.5165  1.0000  -1.8994   0.0000   0.0000   0.0000   0.3451
   7.000   1.4114   0.01384   0.00786  -0.1426  0.4899  1.0000  -2.0199   0.0000   0.0000   0.0000   0.3398
   7.500   1.4528   0.01459   0.00857  -0.1404  0.4637  1.0000  -2.1569   0.0000   0.0000   0.0000   0.3346
   8.000   1.4892   0.01549   0.00941  -0.1375  0.4357  1.0000  -2.3001   0.0000   0.0000   0.0000   0.3294
   8.500   1.5183   0.01656   0.01040  -0.1333  0.4071  1.0000  -2.4358   0.0000   0.0000   0.0000   0.3241
   9.000   1.5455   0.01780   0.01161  -0.1292  0.3814  1.0000  -2.6059   0.0000   0.0000   0.0000   0.3190
   9.500   1.5684   0.01931   0.01311  -0.1248  0.3541  1.0000  -2.7960   0.0000   0.0000   0.0000   0.3142
  10.000   1.5883   0.02115   0.01497  -0.1204  0.3261  1.0000  -3.0192   0.0000   0.0000   0.0000   0.3095
  10.500   1.6068   0.02330   0.01711  -0.1164  0.3015  1.0000  -3.2601   0.0000   0.0000   0.0000   0.3052
  11.000   1.6229   0.02579   0.01959  -0.1125  0.2766  1.0000  -3.4984   0.0000   0.0000   0.0000   0.3012
  11.500   1.6354   0.02867   0.02247  -0.1087  0.2516  1.0000  -3.7294   0.0000   0.0000   0.0000   0.2973
  12.000   1.6451   0.03195   0.02576  -0.1050  0.2262  1.0000  -3.9598   0.0000   0.0000   0.0000   0.2937
  12.500   1.6515   0.03564   0.02944  -0.1014  0.2017  1.0000  -4.1832   0.0000   0.0000   0.0000   0.2902
  13.000   1.6556   0.03973   0.03354  -0.0981  0.1792  1.0000  -4.3998   0.0000   0.0000   0.0000   0.2870
  13.500   1.6571   0.04430   0.03811  -0.0951  0.1578  1.0000  -4.6077   0.0000   0.0000   0.0000   0.2841
  14.000   1.6550   0.04950   0.04331  -0.0924  0.1384  1.0000  -4.8015   0.0000   0.0000   0.0000   0.2814
  14.500   1.6525   0.05501   0.04887  -0.0901  0.1209  1.0000  -4.9932   0.0000   0.0000   0.0000   0.2791
  15.000   1.6516   0.06060   0.05455  -0.0884  0.1062  1.0000  -5.1922   0.0000   0.0000   0.0000   0.2769
  15.500   1.6462   0.06695   0.06100  -0.0870  0.0933  1.0000  -5.3687   0.0000   0.0000   0.0000   0.2751
  16.000   1.6330   0.07449   0.06857  -0.0861  0.0814  1.0000  -5.5067   0.0000   0.0000   0.0000   0.2738
  16.500   1.6292   0.08111   0.07536  -0.0857  0.0720  1.0000  -5.6875   0.0000   0.0000   0.0000   0.2725
  17.000   1.6076   0.09028   0.08457  -0.0858  0.0628  1.0000  -5.7771   0.0000   0.0000   0.0000   0.2721
  17.500   1.6041   0.09724   0.09177  -0.0863  0.0563  1.0000  -5.9597   0.0000   0.0000   0.0000   0.2713
  18.000   1.5822   0.10697   0.10156  -0.0877  0.0497  1.0000  -6.0543   0.0000   0.0000   0.0000   0.2717
  18.500   1.5724   0.11514   0.10998  -0.0893  0.0449  1.0000  -6.2115   0.0000   0.0000   0.0000   0.2718
  19.000   1.5582   0.12416   0.11914  -0.0917  0.0406  1.0000  -6.3389   0.0000   0.0000   0.0000   0.2726
  19.500   1.5401   0.13358   0.12864  -0.0943  0.0363  1.0000  -6.4229   0.0000   0.0000   0.0000   0.2737
  20.000   1.5341   0.14169   0.13700  -0.0973  0.0337  1.0000  -6.5872   0.0000   0.0000   0.0000   0.2746
  20.500   1.5267   0.15010   0.14558  -0.1009  0.0310  1.0000  -6.7351   0.0000   0.0000   0.0000   0.2759
  21.000   1.5171   0.15878   0.15433  -0.1049  0.0284  1.0000  -6.8544   0.0000   0.0000   0.0000   0.2776
  21.500   1.5125   0.16646   0.16220  -0.1085  0.0264  1.0000  -6.9886   0.0000   0.0000   0.0000   0.2789
  22.000   1.5076   0.17482   0.17080  -0.1132  0.0249  1.0000  -7.1177   0.0000   0.0000   0.0000   0.2808
  22.500   1.5025   0.18338   0.17955  -0.1184  0.0235  1.0000  -7.2335   0.0000   0.0000   0.0000   0.2831
  23.000   1.4980   0.19193   0.18825  -0.1239  0.0222  1.0000  -7.3522   0.0000   0.0000   0.0000   0.2856
  23.500   1.4951   0.19997   0.19643  -0.1293  0.0210  1.0000  -7.4770   0.0000   0.0000   0.0000   0.2879
  24.000   1.4777   0.21147   0.20821  -0.1373  0.0200  1.0000  -7.3818   0.0000   0.0000   0.0000   0.2930
  24.500   1.4573   0.22567   0.22276  -0.1478  0.0197  1.0000  -7.2176   0.0000   0.0000   0.0000   0.3003
  25.000   1.4001   0.25328   0.25082  -0.1681  0.0198  1.0000  -6.3677   0.0000   0.0000   0.0000   0.3186
  27.000   0.8431   0.29668   0.29463  -0.1318  0.0272  1.0000  -1.6124   0.0000   0.0000   0.0000   0.3678
  27.500   0.8350   0.30691   0.30486  -0.1369  0.0257  1.0000  -1.3659   0.0000   0.0000   0.0000   0.3752
  28.000   0.8380   0.31471   0.31268  -0.1397  0.0226  1.0000  -1.3354   0.0000   0.0000   0.0000   0.3768
  28.500   0.8439   0.32023   0.31823  -0.1416  0.0210  1.0000  -1.4103   0.0000   0.0000   0.0000   0.3764
  29.000   0.8552   0.32747   0.32550  -0.1422  0.0200  1.0000  -1.5674   0.0000   0.0000   0.0000   0.3730
  29.500   0.8522   0.33657   0.33463  -0.1459  0.0198  1.0000  -1.4246   0.0000   0.0000   0.0000   0.3771
  30.000   0.8499   0.34634   0.34441  -0.1498  0.0174  1.0000  -1.2481   0.0000   0.0000   0.0000   0.3813


