xflr5 v6.59

 Calculated polar for: revR_30_revT

 1 1 Reynolds number fixed          Mach number fixed         

 xtrf =   1.000 (top)        1.000 (bottom)
 Mach =   0.000     Re =     0.310 e 6     Ncrit =   9.000

  alpha     CL        CD       CDp       Cm    Top Xtr Bot Xtr   Cpmin    Chinge    XCp    
 ------- -------- --------- --------- -------- ------- ------- -------- --------- ---------
  -5.000  -0.1433   0.01310   0.00626  -0.0918  0.8747  0.0625  -2.4663   0.0000   0.0000   0.0000  -0.4078
  -4.500  -0.0911   0.01224   0.00534  -0.0911  0.8614  0.0838  -2.1316   0.0000   0.0000   0.0000  -0.7740
  -4.000  -0.0376   0.01145   0.00465  -0.0907  0.8490  0.1306  -1.7988   0.0000   0.0000   0.0000  -2.2088
  -3.500   0.0150   0.01081   0.00428  -0.0904  0.8357  0.2052  -1.4860   0.0000   0.0000   0.0000   6.3604
  -3.000   0.0690   0.01026   0.00398  -0.0901  0.8242  0.3024  -1.2315   0.0000   0.0000   0.0000   1.5749
  -2.500   0.1219   0.00970   0.00376  -0.0897  0.8107  0.4149  -1.0186   0.0000   0.0000   0.0000   0.9943
  -2.000   0.1742   0.00917   0.00367  -0.0889  0.7983  0.5644  -0.8147   0.0000   0.0000   0.0000   0.7646
  -1.500   0.2259   0.00888   0.00371  -0.0876  0.7849  0.6834  -0.6260   0.0000   0.0000   0.0000   0.6398
  -1.000   0.2780   0.00883   0.00376  -0.0861  0.7720  0.7582  -0.5936   0.0000   0.0000   0.0000   0.5604
  -0.500   0.3296   0.00877   0.00372  -0.0844  0.7575  0.8099  -0.6356   0.0000   0.0000   0.0000   0.5057
   0.000   0.3801   0.00877   0.00374  -0.0826  0.7426  0.8522  -0.6789   0.0000   0.0000   0.0000   0.4662
   0.500   0.4287   0.00875   0.00369  -0.0802  0.7286  0.8930  -0.7247   0.0000   0.0000   0.0000   0.4353
   1.000   0.4768   0.00863   0.00358  -0.0777  0.7112  0.9327  -0.7739   0.0000   0.0000   0.0000   0.4106
   1.500   0.5434   0.00857   0.00348  -0.0795  0.6934  0.9728  -0.8395   0.0000   0.0000   0.0000   0.3934
   2.000   0.6188   0.00857   0.00338  -0.0838  0.6735  1.0000  -0.9123   0.0000   0.0000   0.0000   0.3819
   2.500   0.6701   0.00870   0.00340  -0.0832  0.6522  1.0000  -0.9769   0.0000   0.0000   0.0000   0.3702
   3.000   0.7240   0.00886   0.00347  -0.0829  0.6288  1.0000  -1.0493   0.0000   0.0000   0.0000   0.3601
   3.500   0.7780   0.00908   0.00361  -0.0826  0.6038  1.0000  -1.1297   0.0000   0.0000   0.0000   0.3513
   4.000   0.8311   0.00936   0.00379  -0.0822  0.5749  1.0000  -1.2258   0.0000   0.0000   0.0000   0.3434
   4.500   0.8835   0.00972   0.00405  -0.0816  0.5449  1.0000  -1.3356   0.0000   0.0000   0.0000   0.3364
   5.000   0.9351   0.01015   0.00438  -0.0809  0.5125  1.0000  -1.4756   0.0000   0.0000   0.0000   0.3300
   5.500   0.9856   0.01064   0.00479  -0.0800  0.4766  1.0000  -1.6447   0.0000   0.0000   0.0000   0.3241
   6.000   1.0351   0.01123   0.00529  -0.0791  0.4414  1.0000  -1.9589   0.0000   0.0000   0.0000   0.3187
   6.500   1.0829   0.01191   0.00585  -0.0779  0.4009  1.0000  -2.2836   0.0000   0.0000   0.0000   0.3137
   7.000   1.1300   0.01266   0.00652  -0.0767  0.3606  1.0000  -2.6203   0.0000   0.0000   0.0000   0.3090
   7.500   1.1740   0.01358   0.00730  -0.0751  0.3144  1.0000  -2.9746   0.0000   0.0000   0.0000   0.3045
   8.000   1.2143   0.01475   0.00823  -0.0731  0.2608  1.0000  -3.3311   0.0000   0.0000   0.0000   0.3000
   8.500   1.2532   0.01601   0.00931  -0.0710  0.2142  1.0000  -3.6938   0.0000   0.0000   0.0000   0.2958
   9.000   1.2895   0.01738   0.01056  -0.0686  0.1719  1.0000  -4.0560   0.0000   0.0000   0.0000   0.2916
   9.500   1.3179   0.01908   0.01205  -0.0652  0.1284  1.0000  -4.3940   0.0000   0.0000   0.0000   0.2872
  10.000   1.3415   0.02103   0.01385  -0.0614  0.0947  1.0000  -4.7156   0.0000   0.0000   0.0000   0.2827
  10.500   1.3635   0.02314   0.01593  -0.0578  0.0717  1.0000  -5.0299   0.0000   0.0000   0.0000   0.2786
  11.000   1.3813   0.02570   0.01849  -0.0542  0.0545  1.0000  -5.3190   0.0000   0.0000   0.0000   0.2746
  11.500   1.3888   0.02928   0.02207  -0.0504  0.0401  1.0000  -5.5353   0.0000   0.0000   0.0000   0.2708
  12.000   1.4030   0.03254   0.02550  -0.0478  0.0317  1.0000  -5.7719   0.0000   0.0000   0.0000   0.2677
  12.500   1.3922   0.03834   0.03152  -0.0443  0.0259  1.0000  -5.8221   0.0000   0.0000   0.0000   0.2645
  13.000   1.3974   0.04290   0.03632  -0.0423  0.0239  1.0000  -5.9908   0.0000   0.0000   0.0000   0.2620
  13.500   1.3975   0.04820   0.04185  -0.0406  0.0224  1.0000  -6.1345   0.0000   0.0000   0.0000   0.2599
  14.000   1.3956   0.05393   0.04781  -0.0394  0.0214  1.0000  -6.2690   0.0000   0.0000   0.0000   0.2581
  14.500   1.3928   0.06011   0.05422  -0.0388  0.0206  1.0000  -6.3987   0.0000   0.0000   0.0000   0.2567
  15.000   1.3883   0.06679   0.06112  -0.0387  0.0200  1.0000  -6.5173   0.0000   0.0000   0.0000   0.2557


