xflr5 v6.59

 Calculated polar for: revR_90_revT

 1 1 Reynolds number fixed          Mach number fixed         

 xtrf =   1.000 (top)        1.000 (bottom)
 Mach =   0.000     Re =     0.090 e 6     Ncrit =   9.000

  alpha     CL        CD       CDp       Cm    Top Xtr Bot Xtr   Cpmin    Chinge    XCp    
 ------- -------- --------- --------- -------- ------- ------- -------- --------- ---------
  -5.000  -0.1658   0.04760   0.04090  -0.1126  0.8987  0.0967  -2.3487   0.0000   0.0000   0.0000  -0.4514
  -4.500  -0.1034   0.04061   0.03306  -0.1187  0.8904  0.0997  -2.2488   0.0000   0.0000   0.0000  -0.9320
  -4.000  -0.0394   0.03744   0.02936  -0.1221  0.8790  0.1076  -2.0712   0.0000   0.0000   0.0000  -2.9346
  -3.500   0.0499   0.03472   0.02611  -0.1287  0.8719  0.1293  -1.8562   0.0000   0.0000   0.0000   2.8910
  -3.000   0.0959   0.03411   0.02540  -0.1284  0.8581  0.1604  -1.6929   0.0000   0.0000   0.0000   1.6167
  -2.500   0.1708   0.03299   0.02437  -0.1323  0.8484  0.2292  -1.4731   0.0000   0.0000   0.0000   1.0381
  -2.000   0.2298   0.03291   0.02466  -0.1339  0.8367  0.3340  -1.2603   0.0000   0.0000   0.0000   0.8410
  -1.500   0.2885   0.03274   0.02498  -0.1350  0.8235  0.4675  -1.0476   0.0000   0.0000   0.0000   0.7231
  -1.000   0.3665   0.03218   0.02515  -0.1365  0.8168  0.6671  -0.7972   0.0000   0.0000   0.0000   0.6253
   0.500   0.4747   0.03425   0.02707  -0.1265  0.7688  1.0000  -0.7705   0.0000   0.0000   0.0000   0.5158
   2.500   0.7183   0.03681   0.02880  -0.1307  0.7142  1.0000  -0.9851   0.0000   0.0000   0.0000   0.4277
   3.500   0.8303   0.03757   0.02943  -0.1300  0.6850  1.0000  -1.1118   0.0000   0.0000   0.0000   0.4010
   5.000   0.9922   0.03768   0.02957  -0.1272  0.6385  1.0000  -1.3221   0.0000   0.0000   0.0000   0.3706
   6.000   1.1306   0.03489   0.02691  -0.1272  0.6124  1.0000  -1.5331   0.0000   0.0000   0.0000   0.3535
   6.500   1.1641   0.03580   0.02795  -0.1240  0.5909  1.0000  -1.6105   0.0000   0.0000   0.0000   0.3467
   7.500   1.3334   0.03098   0.02327  -0.1272  0.5613  1.0000  -1.9532   0.0000   0.0000   0.0000   0.3341
   8.000   1.3840   0.03079   0.02319  -0.1255  0.5377  1.0000  -2.1156   0.0000   0.0000   0.0000   0.3285
   8.500   1.4393   0.03044   0.02289  -0.1243  0.5125  1.0000  -2.2924   0.0000   0.0000   0.0000   0.3234
   9.000   1.4953   0.03020   0.02265  -0.1233  0.4849  1.0000  -2.5140   0.0000   0.0000   0.0000   0.3186
   9.500   1.5362   0.03087   0.02334  -0.1206  0.4557  1.0000  -2.7485   0.0000   0.0000   0.0000   0.3138
  10.000   1.5599   0.03214   0.02471  -0.1158  0.4256  1.0000  -2.9936   0.0000   0.0000   0.0000   0.3086
  10.500   1.5805   0.03355   0.02622  -0.1106  0.3961  1.0000  -3.2432   0.0000   0.0000   0.0000   0.3035
  11.000   1.5991   0.03527   0.02797  -0.1056  0.3672  1.0000  -3.4910   0.0000   0.0000   0.0000   0.2987
  11.500   1.6114   0.03732   0.03002  -0.1003  0.3383  1.0000  -3.7225   0.0000   0.0000   0.0000   0.2939
  12.000   1.6194   0.03975   0.03243  -0.0950  0.3098  1.0000  -3.9427   0.0000   0.0000   0.0000   0.2894
  12.500   1.6278   0.04260   0.03524  -0.0903  0.2816  1.0000  -4.1687   0.0000   0.0000   0.0000   0.2852
  13.000   1.6299   0.04615   0.03877  -0.0857  0.2549  1.0000  -4.3725   0.0000   0.0000   0.0000   0.2812
  13.500   1.6234   0.05043   0.04312  -0.0811  0.2300  1.0000  -4.5412   0.0000   0.0000   0.0000   0.2776
  14.000   1.6158   0.05513   0.04784  -0.0771  0.2064  1.0000  -4.7041   0.0000   0.0000   0.0000   0.2742
  14.500   1.5996   0.06080   0.05371  -0.0736  0.1865  1.0000  -4.8247   0.0000   0.0000   0.0000   0.2714
  15.000   1.5837   0.06718   0.06031  -0.0709  0.1679  1.0000  -4.9359   0.0000   0.0000   0.0000   0.2691


