xflr5 v6.59

 Calculated polar for: revR_70_revT

 1 1 Reynolds number fixed          Mach number fixed         

 xtrf =   1.000 (top)        1.000 (bottom)
 Mach =   0.000     Re =     0.260 e 6     Ncrit =   9.000

  alpha     CL        CD       CDp       Cm    Top Xtr Bot Xtr   Cpmin    Chinge    XCp    
 ------- -------- --------- --------- -------- ------- ------- -------- --------- ---------
  -5.000   0.0172   0.01556   0.00854  -0.1292  0.8365  0.0595  -2.2883   0.0000   0.0000   0.0000   7.9425
  -4.500   0.0731   0.01483   0.00766  -0.1292  0.8278  0.0724  -1.9890   0.0000   0.0000   0.0000   2.0567
  -4.000   0.1267   0.01375   0.00661  -0.1291  0.8190  0.1015  -1.7672   0.0000   0.0000   0.0000   1.2882
  -3.500   0.1814   0.01304   0.00606  -0.1291  0.8085  0.1546  -1.5269   0.0000   0.0000   0.0000   0.9733
  -3.000   0.2384   0.01254   0.00573  -0.1294  0.8000  0.2340  -1.2842   0.0000   0.0000   0.0000   0.8002
  -2.500   0.2924   0.01220   0.00563  -0.1294  0.7899  0.3158  -1.0602   0.0000   0.0000   0.0000   0.6974
  -2.000   0.3485   0.01172   0.00544  -0.1295  0.7801  0.4248  -0.8394   0.0000   0.0000   0.0000   0.6246
  -1.500   0.4030   0.01139   0.00546  -0.1292  0.7703  0.5500  -0.7145   0.0000   0.0000   0.0000   0.5721
  -1.000   0.4556   0.01108   0.00550  -0.1281  0.7587  0.6744  -0.7541   0.0000   0.0000   0.0000   0.5316
  -0.500   0.5083   0.01104   0.00557  -0.1266  0.7497  0.7668  -0.7952   0.0000   0.0000   0.0000   0.4986
   0.000   0.5558   0.01098   0.00564  -0.1242  0.7373  0.8306  -0.8349   0.0000   0.0000   0.0000   0.4723
   0.500   0.6031   0.01083   0.00544  -0.1213  0.7264  0.8873  -0.8803   0.0000   0.0000   0.0000   0.4492
   1.000   0.6517   0.01066   0.00535  -0.1191  0.7135  0.9599  -0.9278   0.0000   0.0000   0.0000   0.4302
   1.500   0.7213   0.01062   0.00511  -0.1220  0.7015  1.0000  -0.9905   0.0000   0.0000   0.0000   0.4159
   2.000   0.7780   0.01070   0.00514  -0.1225  0.6860  1.0000  -1.0524   0.0000   0.0000   0.0000   0.4036
   2.500   0.8360   0.01081   0.00512  -0.1230  0.6716  1.0000  -1.1164   0.0000   0.0000   0.0000   0.3926
   3.000   0.8929   0.01089   0.00512  -0.1232  0.6559  1.0000  -1.1808   0.0000   0.0000   0.0000   0.3829
   3.500   0.9476   0.01101   0.00520  -0.1230  0.6368  1.0000  -1.2547   0.0000   0.0000   0.0000   0.3741
   4.000   1.0025   0.01121   0.00535  -0.1229  0.6185  1.0000  -1.3308   0.0000   0.0000   0.0000   0.3663
   4.500   1.0567   0.01146   0.00553  -0.1226  0.5987  1.0000  -1.4180   0.0000   0.0000   0.0000   0.3591
   5.000   1.1089   0.01174   0.00576  -0.1219  0.5748  1.0000  -1.5120   0.0000   0.0000   0.0000   0.3524
   5.500   1.1602   0.01212   0.00610  -0.1212  0.5504  1.0000  -1.6243   0.0000   0.0000   0.0000   0.3462
   6.000   1.2095   0.01258   0.00653  -0.1201  0.5228  1.0000  -1.7454   0.0000   0.0000   0.0000   0.3404
   6.500   1.2570   0.01315   0.00704  -0.1188  0.4935  1.0000  -1.8839   0.0000   0.0000   0.0000   0.3349
   7.000   1.3023   0.01383   0.00765  -0.1172  0.4634  1.0000  -2.0440   0.0000   0.0000   0.0000   0.3297
   7.500   1.3442   0.01464   0.00837  -0.1151  0.4306  1.0000  -2.2219   0.0000   0.0000   0.0000   0.3246
   8.000   1.3850   0.01550   0.00924  -0.1129  0.4006  1.0000  -2.4369   0.0000   0.0000   0.0000   0.3197
   8.500   1.4194   0.01657   0.01022  -0.1097  0.3666  1.0000  -2.6852   0.0000   0.0000   0.0000   0.3148
   9.000   1.4473   0.01782   0.01139  -0.1056  0.3340  1.0000  -2.9661   0.0000   0.0000   0.0000   0.3097
   9.500   1.4741   0.01919   0.01280  -0.1017  0.3049  1.0000  -3.2586   0.0000   0.0000   0.0000   0.3049
  10.000   1.4953   0.02096   0.01452  -0.0974  0.2735  1.0000  -3.5390   0.0000   0.0000   0.0000   0.3002
  10.500   1.5099   0.02331   0.01675  -0.0930  0.2414  1.0000  -3.8011   0.0000   0.0000   0.0000   0.2957
  11.000   1.5274   0.02573   0.01919  -0.0894  0.2122  1.0000  -4.0788   0.0000   0.0000   0.0000   0.2918
  11.500   1.5402   0.02869   0.02212  -0.0858  0.1827  1.0000  -4.3420   0.0000   0.0000   0.0000   0.2880
  12.000   1.5472   0.03230   0.02569  -0.0822  0.1548  1.0000  -4.5837   0.0000   0.0000   0.0000   0.2845
  12.500   1.5509   0.03638   0.02973  -0.0789  0.1304  1.0000  -4.8124   0.0000   0.0000   0.0000   0.2813
  13.000   1.5525   0.04087   0.03421  -0.0759  0.1093  1.0000  -5.0320   0.0000   0.0000   0.0000   0.2783
  13.500   1.5537   0.04562   0.03901  -0.0734  0.0918  1.0000  -5.2487   0.0000   0.0000   0.0000   0.2756
  14.000   1.5525   0.05096   0.04445  -0.0713  0.0776  1.0000  -5.4531   0.0000   0.0000   0.0000   0.2733
  14.500   1.5406   0.05776   0.05127  -0.0695  0.0655  1.0000  -5.6035   0.0000   0.0000   0.0000   0.2714
  15.000   1.5408   0.06359   0.05728  -0.0686  0.0565  1.0000  -5.8157   0.0000   0.0000   0.0000   0.2697


