xflr5 v6.59

 Calculated polar for: revR_80_revT

 1 1 Reynolds number fixed          Mach number fixed         

 xtrf =   1.000 (top)        1.000 (bottom)
 Mach =   0.000     Re =     0.100 e 6     Ncrit =   9.000

  alpha     CL        CD       CDp       Cm    Top Xtr Bot Xtr   Cpmin    Chinge    XCp    
 ------- -------- --------- --------- -------- ------- ------- -------- --------- ---------
  -5.000  -0.1322   0.03819   0.03116  -0.1170  0.8990  0.0921  -2.3522   0.0000   0.0000   0.0000  -0.6619
  -4.500  -0.0877   0.03498   0.02715  -0.1171  0.8859  0.0974  -2.2214   0.0000   0.0000   0.0000  -1.1221
  -4.000  -0.0116   0.03151   0.02312  -0.1219  0.8781  0.1101  -2.0106   0.0000   0.0000   0.0000  -10.5485
  -3.500   0.0825   0.02959   0.02094  -0.1287  0.8725  0.1464  -1.7470   0.0000   0.0000   0.0000   1.8429
  -3.000   0.1146   0.02910   0.02062  -0.1259  0.8563  0.1869  -1.5941   0.0000   0.0000   0.0000   1.3695
  -2.500   0.2014   0.02783   0.01967  -0.1315  0.8491  0.2998  -1.3253   0.0000   0.0000   0.0000   0.9129
  -2.000   0.2390   0.02811   0.02039  -0.1297  0.8337  0.4033  -1.1514   0.0000   0.0000   0.0000   0.7996
  -1.500   0.3124   0.02735   0.02031  -0.1319  0.8250  0.5815  -0.9048   0.0000   0.0000   0.0000   0.6760
  -1.000   0.3399   0.02805   0.02147  -0.1262  0.8084  0.7299  -0.7598   0.0000   0.0000   0.0000   0.6239
  -0.500   0.3812   0.02746   0.02105  -0.1196  0.7991  0.8894  -0.7019   0.0000   0.0000   0.0000   0.5648
   0.500   0.5144   0.02797   0.02094  -0.1244  0.7736  1.0000  -0.7987   0.0000   0.0000   0.0000   0.4906
   1.000   0.5523   0.02951   0.02229  -0.1233  0.7539  1.0000  -0.8305   0.0000   0.0000   0.0000   0.4713
   1.500   0.6398   0.02850   0.02104  -0.1266  0.7479  1.0000  -0.9071   0.0000   0.0000   0.0000   0.4452
   2.000   0.6784   0.02984   0.02228  -0.1251  0.7274  1.0000  -0.9452   0.0000   0.0000   0.0000   0.4309
   2.500   0.7610   0.02871   0.02101  -0.1274  0.7220  1.0000  -1.0288   0.0000   0.0000   0.0000   0.4132
   4.000   0.9263   0.02888   0.02110  -0.1255  0.6748  1.0000  -1.2252   0.0000   0.0000   0.0000   0.3794
   4.500   0.9711   0.02949   0.02175  -0.1238  0.6553  1.0000  -1.2933   0.0000   0.0000   0.0000   0.3707
   5.000   1.0589   0.02715   0.01938  -0.1259  0.6479  1.0000  -1.4112   0.0000   0.0000   0.0000   0.3614
   5.500   1.1058   0.02730   0.01962  -0.1241  0.6269  1.0000  -1.4979   0.0000   0.0000   0.0000   0.3541
   6.000   1.1575   0.02724   0.01965  -0.1227  0.6070  1.0000  -1.6001   0.0000   0.0000   0.0000   0.3472
   6.500   1.2182   0.02667   0.01915  -0.1223  0.5884  1.0000  -1.7304   0.0000   0.0000   0.0000   0.3409
   7.000   1.2817   0.02584   0.01833  -0.1221  0.5671  1.0000  -1.8817   0.0000   0.0000   0.0000   0.3350
   7.500   1.3364   0.02564   0.01819  -0.1210  0.5424  1.0000  -2.0467   0.0000   0.0000   0.0000   0.3295
   8.000   1.3849   0.02582   0.01842  -0.1193  0.5146  1.0000  -2.2210   0.0000   0.0000   0.0000   0.3243
   8.500   1.4309   0.02617   0.01879  -0.1172  0.4847  1.0000  -2.4342   0.0000   0.0000   0.0000   0.3192
   9.000   1.4754   0.02669   0.01929  -0.1149  0.4538  1.0000  -2.6823   0.0000   0.0000   0.0000   0.3144
   9.500   1.5129   0.02765   0.02019  -0.1119  0.4219  1.0000  -2.9909   0.0000   0.0000   0.0000   0.3096
  10.000   1.5348   0.02909   0.02173  -0.1069  0.3900  1.0000  -3.2537   0.0000   0.0000   0.0000   0.3045
  10.500   1.5528   0.03065   0.02330  -0.1016  0.3593  1.0000  -3.5108   0.0000   0.0000   0.0000   0.2993
  11.000   1.5683   0.03249   0.02510  -0.0963  0.3287  1.0000  -3.7650   0.0000   0.0000   0.0000   0.2944
  11.500   1.5754   0.03497   0.02757  -0.0906  0.2991  1.0000  -3.9895   0.0000   0.0000   0.0000   0.2897
  12.000   1.5736   0.03814   0.03084  -0.0850  0.2707  1.0000  -4.1790   0.0000   0.0000   0.0000   0.2852
  12.500   1.5717   0.04179   0.03456  -0.0801  0.2430  1.0000  -4.3665   0.0000   0.0000   0.0000   0.2811
  13.000   1.5665   0.04601   0.03881  -0.0756  0.2166  1.0000  -4.5413   0.0000   0.0000   0.0000   0.2774
  13.500   1.5585   0.05082   0.04365  -0.0718  0.1920  1.0000  -4.7072   0.0000   0.0000   0.0000   0.2742
  14.000   1.5500   0.05609   0.04897  -0.0686  0.1697  1.0000  -4.8654   0.0000   0.0000   0.0000   0.2713
  14.500   1.5417   0.06180   0.05480  -0.0660  0.1498  1.0000  -5.0171   0.0000   0.0000   0.0000   0.2688
  15.000   1.5347   0.06776   0.06080  -0.0638  0.1321  1.0000  -5.1673   0.0000   0.0000   0.0000   0.2665


