xflr5 v6.59

 Calculated polar for: revR_45_revT

 1 1 Reynolds number fixed          Mach number fixed         

 xtrf =   1.000 (top)        1.000 (bottom)
 Mach =   0.000     Re =     0.380 e 6     Ncrit =   9.000

  alpha     CL        CD       CDp       Cm    Top Xtr Bot Xtr   Cpmin    Chinge    XCp    
 ------- -------- --------- --------- -------- ------- ------- -------- --------- ---------
  -5.000  -0.0855   0.01276   0.00614  -0.1040  0.8358  0.0516  -2.4293   0.0000   0.0000   0.0000  -0.9980
  -4.000   0.0223   0.01088   0.00422  -0.1036  0.8142  0.1051  -1.7923   0.0000   0.0000   0.0000   4.9941
  -3.500   0.0776   0.01037   0.00382  -0.1036  0.8039  0.1629  -1.4957   0.0000   0.0000   0.0000   1.6074
  -3.000   0.1324   0.00988   0.00359  -0.1036  0.7933  0.2419  -1.2621   0.0000   0.0000   0.0000   1.0436
  -2.500   0.1877   0.00943   0.00334  -0.1036  0.7822  0.3280  -1.0360   0.0000   0.0000   0.0000   0.8081
  -2.000   0.2423   0.00897   0.00323  -0.1036  0.7708  0.4472  -0.8208   0.0000   0.0000   0.0000   0.6806
  -1.500   0.2965   0.00853   0.00316  -0.1032  0.7597  0.5789  -0.6272   0.0000   0.0000   0.0000   0.5995
  -1.000   0.3502   0.00833   0.00322  -0.1024  0.7481  0.6844  -0.6587   0.0000   0.0000   0.0000   0.5427
  -0.500   0.4033   0.00822   0.00323  -0.1012  0.7350  0.7612  -0.6986   0.0000   0.0000   0.0000   0.5005
   0.000   0.4562   0.00821   0.00327  -0.1001  0.7221  0.8107  -0.7444   0.0000   0.0000   0.0000   0.4681
   0.500   0.5084   0.00820   0.00326  -0.0988  0.7091  0.8526  -0.7912   0.0000   0.0000   0.0000   0.4423
   1.000   0.5573   0.00815   0.00326  -0.0967  0.6934  0.8944  -0.8399   0.0000   0.0000   0.0000   0.4209
   1.500   0.6055   0.00809   0.00319  -0.0944  0.6786  0.9403  -0.8927   0.0000   0.0000   0.0000   0.4027
   2.000   0.6773   0.00802   0.00307  -0.0975  0.6604  1.0000  -0.9652   0.0000   0.0000   0.0000   0.3904
   2.500   0.7335   0.00815   0.00312  -0.0979  0.6407  1.0000  -1.0284   0.0000   0.0000   0.0000   0.3793
   3.000   0.7893   0.00833   0.00321  -0.0981  0.6192  1.0000  -1.0999   0.0000   0.0000   0.0000   0.3696
   3.500   0.8444   0.00856   0.00336  -0.0981  0.5968  1.0000  -1.1764   0.0000   0.0000   0.0000   0.3609
   4.000   0.8984   0.00884   0.00355  -0.0978  0.5710  1.0000  -1.2616   0.0000   0.0000   0.0000   0.3531
   4.500   0.9513   0.00920   0.00381  -0.0973  0.5430  1.0000  -1.3635   0.0000   0.0000   0.0000   0.3460
   5.000   1.0033   0.00963   0.00414  -0.0968  0.5139  1.0000  -1.4753   0.0000   0.0000   0.0000   0.3395
   5.500   1.0547   0.01009   0.00454  -0.0961  0.4820  1.0000  -1.6192   0.0000   0.0000   0.0000   0.3337
   6.000   1.1038   0.01068   0.00501  -0.0952  0.4469  1.0000  -1.7762   0.0000   0.0000   0.0000   0.3281
   6.500   1.1529   0.01130   0.00556  -0.0942  0.4143  1.0000  -2.0323   0.0000   0.0000   0.0000   0.3230
   7.000   1.1985   0.01210   0.00620  -0.0928  0.3739  1.0000  -2.3420   0.0000   0.0000   0.0000   0.3180
   7.500   1.2448   0.01286   0.00692  -0.0915  0.3392  1.0000  -2.6777   0.0000   0.0000   0.0000   0.3135
   8.000   1.2861   0.01389   0.00778  -0.0896  0.2965  1.0000  -3.0141   0.0000   0.0000   0.0000   0.3089
   8.500   1.3238   0.01510   0.00881  -0.0872  0.2499  1.0000  -3.3499   0.0000   0.0000   0.0000   0.3044
   9.000   1.3580   0.01642   0.00996  -0.0844  0.2091  1.0000  -3.6838   0.0000   0.0000   0.0000   0.2999
   9.500   1.3882   0.01783   0.01126  -0.0810  0.1723  1.0000  -4.0111   0.0000   0.0000   0.0000   0.2954
  10.000   1.4115   0.01969   0.01294  -0.0770  0.1353  1.0000  -4.3181   0.0000   0.0000   0.0000   0.2908
  10.500   1.4327   0.02179   0.01492  -0.0733  0.1048  1.0000  -4.6206   0.0000   0.0000   0.0000   0.2866
  11.000   1.4510   0.02424   0.01733  -0.0697  0.0816  1.0000  -4.9136   0.0000   0.0000   0.0000   0.2827
  11.500   1.4682   0.02693   0.02003  -0.0665  0.0641  1.0000  -5.2022   0.0000   0.0000   0.0000   0.2791
  12.000   1.4829   0.02999   0.02315  -0.0635  0.0508  1.0000  -5.4762   0.0000   0.0000   0.0000   0.2757
  12.500   1.4869   0.03414   0.02733  -0.0603  0.0392  1.0000  -5.6858   0.0000   0.0000   0.0000   0.2725
  13.000   1.4974   0.03791   0.03123  -0.0580  0.0328  1.0000  -5.9266   0.0000   0.0000   0.0000   0.2697
  13.500   1.4818   0.04448   0.03797  -0.0550  0.0263  1.0000  -5.9859   0.0000   0.0000   0.0000   0.2671
  14.000   1.4866   0.04928   0.04298  -0.0535  0.0241  1.0000  -6.1757   0.0000   0.0000   0.0000   0.2649
  14.500   1.4846   0.05518   0.04909  -0.0526  0.0220  1.0000  -6.3386   0.0000   0.0000   0.0000   0.2633
  15.000   1.4784   0.06191   0.05605  -0.0522  0.0206  1.0000  -6.4900   0.0000   0.0000   0.0000   0.2621


