xflr5 v6.59

 Calculated polar for: revR_05_revT

 1 1 Reynolds number fixed          Mach number fixed         

 xtrf =   1.000 (top)        1.000 (bottom)
 Mach =   0.000     Re =     0.245 e 6     Ncrit =   9.000

  alpha     CL        CD       CDp       Cm    Top Xtr Bot Xtr   Cpmin    Chinge    XCp    
 ------- -------- --------- --------- -------- ------- ------- -------- --------- ---------
  -5.000  -0.2621   0.01465   0.00755  -0.0667  0.9357  0.0720  -2.5915   0.0000   0.0000   0.0000  -0.0132
  -4.500  -0.2000   0.01305   0.00601  -0.0681  0.9234  0.1071  -2.2229   0.0000   0.0000   0.0000  -0.1006
  -4.000  -0.1433   0.01203   0.00526  -0.0685  0.9087  0.1809  -1.8521   0.0000   0.0000   0.0000  -0.2402
  -3.500  -0.0869   0.01107   0.00472  -0.0688  0.8948  0.2974  -1.4924   0.0000   0.0000   0.0000  -0.5580
  -3.000  -0.0397   0.01030   0.00441  -0.0672  0.8773  0.4361  -1.2103   0.0000   0.0000   0.0000  -1.4733
  -2.500   0.0073   0.00965   0.00434  -0.0650  0.8610  0.6041  -1.0120   0.0000   0.0000   0.0000   9.2402
  -2.000   0.0578   0.00943   0.00432  -0.0627  0.8452  0.7109  -0.8143   0.0000   0.0000   0.0000   1.3469
  -1.500   0.1063   0.00941   0.00438  -0.0603  0.8283  0.7777  -0.6296   0.0000   0.0000   0.0000   0.8211
  -1.000   0.1556   0.00943   0.00439  -0.0578  0.8111  0.8243  -0.4930   0.0000   0.0000   0.0000   0.6232
  -0.500   0.2045   0.00944   0.00434  -0.0552  0.7941  0.8646  -0.5343   0.0000   0.0000   0.0000   0.5197
   0.000   0.2537   0.00941   0.00426  -0.0526  0.7760  0.9000  -0.5768   0.0000   0.0000   0.0000   0.4562
   0.500   0.3100   0.00942   0.00422  -0.0516  0.7569  0.9330  -0.6301   0.0000   0.0000   0.0000   0.4149
   1.000   0.3860   0.00945   0.00416  -0.0550  0.7355  0.9583  -0.6960   0.0000   0.0000   0.0000   0.3903
   1.500   0.4740   0.00947   0.00408  -0.0614  0.7131  0.9738  -0.7769   0.0000   0.0000   0.0000   0.3767
   2.000   0.5562   0.00946   0.00396  -0.0667  0.6860  0.9897  -0.8618   0.0000   0.0000   0.0000   0.3669
   2.500   0.6269   0.00944   0.00385  -0.0702  0.6589  1.0000  -0.9520   0.0000   0.0000   0.0000   0.3584
   3.000   0.6587   0.00952   0.00380  -0.0658  0.6304  1.0000  -1.0172   0.0000   0.0000   0.0000   0.3459
   3.500   0.6937   0.00969   0.00392  -0.0619  0.5991  1.0000  -1.1083   0.0000   0.0000   0.0000   0.3348
   4.000   0.7350   0.00998   0.00411  -0.0590  0.5663  1.0000  -1.2146   0.0000   0.0000   0.0000   0.3254
   4.500   0.7791   0.01037   0.00437  -0.0567  0.5304  1.0000  -1.3771   0.0000   0.0000   0.0000   0.3174
   5.000   0.8244   0.01082   0.00471  -0.0546  0.4924  1.0000  -1.6566   0.0000   0.0000   0.0000   0.3104
   5.500   0.8693   0.01133   0.00514  -0.0526  0.4510  1.0000  -1.9792   0.0000   0.0000   0.0000   0.3041
   6.000   0.9138   0.01195   0.00564  -0.0505  0.4119  1.0000  -2.3157   0.0000   0.0000   0.0000   0.2984
   6.500   0.9559   0.01266   0.00620  -0.0482  0.3657  1.0000  -2.6593   0.0000   0.0000   0.0000   0.2929
   7.000   0.9967   0.01346   0.00687  -0.0457  0.3192  1.0000  -3.0111   0.0000   0.0000   0.0000   0.2878
   7.500   1.0353   0.01438   0.00770  -0.0429  0.2706  1.0000  -3.3658   0.0000   0.0000   0.0000   0.2829
   8.000   1.0704   0.01548   0.00863  -0.0398  0.2155  1.0000  -3.7165   0.0000   0.0000   0.0000   0.2780
   8.500   1.0972   0.01701   0.00981  -0.0356  0.1524  1.0000  -4.0402   0.0000   0.0000   0.0000   0.2726
   9.000   1.1207   0.01863   0.01119  -0.0310  0.1048  1.0000  -4.3603   0.0000   0.0000   0.0000   0.2672
   9.500   1.1387   0.02023   0.01274  -0.0254  0.0771  1.0000  -4.6635   0.0000   0.0000   0.0000   0.2612
  10.000   1.1547   0.02204   0.01456  -0.0200  0.0588  1.0000  -4.9479   0.0000   0.0000   0.0000   0.2555
  10.500   1.1641   0.02440   0.01695  -0.0145  0.0437  1.0000  -5.1718   0.0000   0.0000   0.0000   0.2499
  11.000   1.1588   0.02803   0.02063  -0.0084  0.0322  1.0000  -5.2604   0.0000   0.0000   0.0000   0.2440
  11.500   1.1684   0.03103   0.02383  -0.0046  0.0278  1.0000  -5.4356   0.0000   0.0000   0.0000   0.2399
  12.000   1.1743   0.03461   0.02756  -0.0015  0.0253  1.0000  -5.6123   0.0000   0.0000   0.0000   0.2363
  12.500   1.1752   0.03913   0.03224   0.0013  0.0236  1.0000  -5.7399   0.0000   0.0000   0.0000   0.2331
  13.000   1.1776   0.04469   0.03814   0.0039  0.0224  1.0000  -5.8047   0.0000   0.0000   0.0000   0.2302
  13.500   1.1836   0.05001   0.04379   0.0054  0.0220  1.0000  -5.9185   0.0000   0.0000   0.0000   0.2281
  14.000   1.1842   0.05584   0.04998   0.0060  0.0218  1.0000  -6.0190   0.0000   0.0000   0.0000   0.2267
  14.500   1.1755   0.06305   0.05757   0.0056  0.0217  1.0000  -6.0560   0.0000   0.0000   0.0000   0.2261
  15.000   1.1570   0.07201   0.06693   0.0035  0.0217  1.0000  -6.0227   0.0000   0.0000   0.0000   0.2269


