xflr5 v6.59

 Calculated polar for: revR_05_revT

 1 1 Reynolds number fixed          Mach number fixed         

 xtrf =   1.000 (top)        1.000 (bottom)
 Mach =   0.000     Re =     0.100 e 6     Ncrit =   9.000

  alpha     CL        CD       CDp       Cm    Top Xtr Bot Xtr   Cpmin    Chinge    XCp    
 ------- -------- --------- --------- -------- ------- ------- -------- --------- ---------
  -5.000  -0.5154   0.02732   0.01914  -0.0245  1.0000  0.0832  -3.0597   0.0000   0.0000   0.0000   0.1971
  -4.500  -0.4461   0.02460   0.01586  -0.0278  0.9901  0.0990  -2.7858   0.0000   0.0000   0.0000   0.1823
  -4.000  -0.3767   0.02228   0.01345  -0.0309  0.9773  0.1238  -2.4814   0.0000   0.0000   0.0000   0.1625
  -3.500  -0.2976   0.02085   0.01231  -0.0363  0.9651  0.1956  -2.0993   0.0000   0.0000   0.0000   0.1222
  -3.000  -0.2411   0.01911   0.01147  -0.0374  0.9479  0.3495  -1.7722   0.0000   0.0000   0.0000   0.0886
  -2.500  -0.1891   0.01810   0.01185  -0.0362  0.9319  0.6355  -1.4560   0.0000   0.0000   0.0000   0.0519
  -2.000  -0.1210   0.01843   0.01245  -0.0357  0.9183  0.8123  -1.1446   0.0000   0.0000   0.0000  -0.0530
  -1.500  -0.0578   0.01887   0.01282  -0.0344  0.9005  0.9132  -0.9184   0.0000   0.0000   0.0000  -0.3583
  -1.000   0.1254   0.01926   0.01275  -0.0565  0.8970  0.9662  -0.5150   0.0000   0.0000   0.0000   0.7038
  -0.500   0.3173   0.01833   0.01151  -0.0822  0.8949  0.9972  -0.5808   0.0000   0.0000   0.0000   0.5090
   0.000   0.3836   0.01778   0.01082  -0.0852  0.8726  1.0000  -0.6383   0.0000   0.0000   0.0000   0.4712
   0.500   0.4318   0.01743   0.01038  -0.0842  0.8486  1.0000  -0.6862   0.0000   0.0000   0.0000   0.4435
   1.000   0.4722   0.01724   0.01010  -0.0814  0.8240  1.0000  -0.7316   0.0000   0.0000   0.0000   0.4204
   1.500   0.5099   0.01712   0.00991  -0.0776  0.7992  1.0000  -0.7832   0.0000   0.0000   0.0000   0.3998
   2.000   0.5479   0.01706   0.00977  -0.0736  0.7742  1.0000  -0.8365   0.0000   0.0000   0.0000   0.3815
   2.500   0.5825   0.01721   0.00988  -0.0693  0.7470  1.0000  -0.8937   0.0000   0.0000   0.0000   0.3656
   3.500   0.6689   0.01729   0.00990  -0.0628  0.6901  1.0000  -1.0572   0.0000   0.0000   0.0000   0.3397
   4.000   0.7185   0.01726   0.00984  -0.0606  0.6610  1.0000  -1.1679   0.0000   0.0000   0.0000   0.3297
   4.500   0.7717   0.01717   0.00966  -0.0588  0.6305  1.0000  -1.3300   0.0000   0.0000   0.0000   0.3210
   5.000   0.8162   0.01748   0.01002  -0.0561  0.5939  1.0000  -1.5361   0.0000   0.0000   0.0000   0.3131
   5.500   0.8670   0.01764   0.01006  -0.0541  0.5571  1.0000  -1.8667   0.0000   0.0000   0.0000   0.3063
   6.000   0.9119   0.01808   0.01053  -0.0515  0.5154  1.0000  -2.1922   0.0000   0.0000   0.0000   0.2998
   6.500   0.9548   0.01860   0.01099  -0.0486  0.4697  1.0000  -2.5268   0.0000   0.0000   0.0000   0.2937
   7.000   0.9959   0.01933   0.01167  -0.0456  0.4238  1.0000  -2.8660   0.0000   0.0000   0.0000   0.2880
   7.500   1.0321   0.02014   0.01245  -0.0420  0.3732  1.0000  -3.1998   0.0000   0.0000   0.0000   0.2823
   8.000   1.0633   0.02122   0.01336  -0.0379  0.3198  1.0000  -3.5218   0.0000   0.0000   0.0000   0.2765
   8.500   1.0863   0.02263   0.01472  -0.0328  0.2608  1.0000  -3.8096   0.0000   0.0000   0.0000   0.2704
   9.000   1.0997   0.02474   0.01646  -0.0267  0.2017  1.0000  -4.0528   0.0000   0.0000   0.0000   0.2638
   9.500   1.1088   0.02752   0.01891  -0.0203  0.1532  1.0000  -4.2534   0.0000   0.0000   0.0000   0.2573
  10.000   1.1189   0.03030   0.02180  -0.0144  0.1201  1.0000  -4.4336   0.0000   0.0000   0.0000   0.2511
  10.500   1.1289   0.03338   0.02486  -0.0094  0.0958  1.0000  -4.6050   0.0000   0.0000   0.0000   0.2459
  11.000   1.1405   0.03701   0.02858  -0.0053  0.0770  1.0000  -4.7711   0.0000   0.0000   0.0000   0.2415
  11.500   1.1667   0.04245   0.03415  -0.0030  0.0636  1.0000  -4.8973   0.0000   0.0000   0.0000   0.2388
  12.000   1.1774   0.04704   0.03919   0.0004  0.0572  1.0000  -4.9857   0.0000   0.0000   0.0000   0.2351
  12.500   1.1813   0.05174   0.04414   0.0032  0.0525  1.0000  -5.1002   0.0000   0.0000   0.0000   0.2319
  13.000   1.1782   0.05865   0.05143   0.0052  0.0493  1.0000  -5.1534   0.0000   0.0000   0.0000   0.2295
  13.500   1.1511   0.06769   0.06100   0.0063  0.0484  1.0000  -5.0641   0.0000   0.0000   0.0000   0.2277
  14.000   1.1153   0.07724   0.07103   0.0051  0.0484  1.0000  -4.9468   0.0000   0.0000   0.0000   0.2277
  14.500   1.0749   0.08817   0.08237   0.0011  0.0487  1.0000  -4.7973   0.0000   0.0000   0.0000   0.2303
  15.000   1.0191   0.10326   0.09786  -0.0078  0.0500  1.0000  -4.5165   0.0000   0.0000   0.0000   0.2383


