xflr5 v6.59

 Calculated polar for: revR_45_revT

 1 1 Reynolds number fixed          Mach number fixed         

 xtrf =   1.000 (top)        1.000 (bottom)
 Mach =   0.000     Re =     0.345 e 6     Ncrit =   9.000

  alpha     CL        CD       CDp       Cm    Top Xtr Bot Xtr   Cpmin    Chinge    XCp    
 ------- -------- --------- --------- -------- ------- ------- -------- --------- ---------
  -5.000  -0.0850   0.01295   0.00619  -0.1046  0.8438  0.0556  -2.4318   0.0000   0.0000   0.0000  -1.0131
  -4.500  -0.0309   0.01219   0.00535  -0.1043  0.8326  0.0712  -2.1013   0.0000   0.0000   0.0000  -3.2056
  -4.000   0.0232   0.01132   0.00456  -0.1041  0.8219  0.1098  -1.7857   0.0000   0.0000   0.0000   4.8324
  -3.500   0.0776   0.01073   0.00416  -0.1040  0.8107  0.1718  -1.4931   0.0000   0.0000   0.0000   1.6124
  -3.000   0.1330   0.01028   0.00389  -0.1041  0.8004  0.2535  -1.2590   0.0000   0.0000   0.0000   1.0436
  -2.500   0.1874   0.00980   0.00369  -0.1040  0.7891  0.3426  -1.0354   0.0000   0.0000   0.0000   0.8110
  -2.000   0.2422   0.00932   0.00353  -0.1039  0.7776  0.4735  -0.8199   0.0000   0.0000   0.0000   0.6821
  -1.500   0.2954   0.00891   0.00353  -0.1033  0.7663  0.6006  -0.6287   0.0000   0.0000   0.0000   0.6012
  -1.000   0.3491   0.00872   0.00353  -0.1023  0.7548  0.7052  -0.6576   0.0000   0.0000   0.0000   0.5434
  -0.500   0.4015   0.00866   0.00360  -0.1010  0.7417  0.7747  -0.6969   0.0000   0.0000   0.0000   0.5012
   0.000   0.4541   0.00866   0.00358  -0.0997  0.7288  0.8238  -0.7429   0.0000   0.0000   0.0000   0.4682
   0.500   0.5037   0.00859   0.00361  -0.0978  0.7153  0.8669  -0.7879   0.0000   0.0000   0.0000   0.4422
   1.000   0.5516   0.00854   0.00355  -0.0954  0.7009  0.9090  -0.8360   0.0000   0.0000   0.0000   0.4203
   1.500   0.6055   0.00842   0.00341  -0.0943  0.6850  0.9592  -0.8923   0.0000   0.0000   0.0000   0.4026
   2.000   0.6767   0.00841   0.00335  -0.0976  0.6671  1.0000  -0.9640   0.0000   0.0000   0.0000   0.3906
   2.500   0.7329   0.00854   0.00338  -0.0980  0.6481  1.0000  -1.0273   0.0000   0.0000   0.0000   0.3795
   3.000   0.7886   0.00871   0.00345  -0.0981  0.6274  1.0000  -1.0986   0.0000   0.0000   0.0000   0.3696
   3.500   0.8436   0.00893   0.00358  -0.0980  0.6051  1.0000  -1.1751   0.0000   0.0000   0.0000   0.3609
   4.000   0.8976   0.00920   0.00377  -0.0977  0.5800  1.0000  -1.2601   0.0000   0.0000   0.0000   0.3531
   4.500   0.9505   0.00953   0.00403  -0.0972  0.5520  1.0000  -1.3619   0.0000   0.0000   0.0000   0.3460
   5.000   1.0025   0.00993   0.00435  -0.0966  0.5229  1.0000  -1.4737   0.0000   0.0000   0.0000   0.3395
   5.500   1.0530   0.01046   0.00474  -0.0958  0.4915  1.0000  -1.6157   0.0000   0.0000   0.0000   0.3335
   6.000   1.1029   0.01098   0.00522  -0.0949  0.4570  1.0000  -1.7726   0.0000   0.0000   0.0000   0.3280
   7.000   1.1975   0.01236   0.00641  -0.0925  0.3847  1.0000  -2.3346   0.0000   0.0000   0.0000   0.3179
   8.000   1.2846   0.01415   0.00801  -0.0892  0.3101  1.0000  -3.0005   0.0000   0.0000   0.0000   0.3087
   8.500   1.3219   0.01535   0.00904  -0.0867  0.2636  1.0000  -3.3345   0.0000   0.0000   0.0000   0.3041
   9.000   1.3558   0.01667   0.01020  -0.0838  0.2225  1.0000  -3.6659   0.0000   0.0000   0.0000   0.2996
   9.500   1.3828   0.01824   0.01160  -0.0800  0.1833  1.0000  -3.9796   0.0000   0.0000   0.0000   0.2949
  10.000   1.4069   0.02005   0.01327  -0.0762  0.1455  1.0000  -4.2884   0.0000   0.0000   0.0000   0.2904
  10.500   1.4270   0.02224   0.01534  -0.0724  0.1132  1.0000  -4.5848   0.0000   0.0000   0.0000   0.2862
  11.000   1.4454   0.02471   0.01778  -0.0689  0.0884  1.0000  -4.8763   0.0000   0.0000   0.0000   0.2823
  11.500   1.4611   0.02754   0.02060  -0.0657  0.0694  1.0000  -5.1562   0.0000   0.0000   0.0000   0.2787
  12.000   1.4722   0.03093   0.02402  -0.0625  0.0545  1.0000  -5.4099   0.0000   0.0000   0.0000   0.2753
  12.500   1.4784   0.03494   0.02805  -0.0595  0.0431  1.0000  -5.6348   0.0000   0.0000   0.0000   0.2722
  13.000   1.4850   0.03910   0.03240  -0.0570  0.0360  1.0000  -5.8453   0.0000   0.0000   0.0000   0.2694
  13.500   1.4815   0.04450   0.03789  -0.0548  0.0297  1.0000  -5.9952   0.0000   0.0000   0.0000   0.2669
  14.000   1.4644   0.05166   0.04530  -0.0526  0.0259  1.0000  -6.0336   0.0000   0.0000   0.0000   0.2648
  14.500   1.4647   0.05742   0.05130  -0.0518  0.0241  1.0000  -6.1949   0.0000   0.0000   0.0000   0.2632
  15.000   1.4604   0.06396   0.05806  -0.0514  0.0225  1.0000  -6.3447   0.0000   0.0000   0.0000   0.2620


