xflr5 v6.59

 Calculated polar for: revR_100_revT

 1 1 Reynolds number fixed          Mach number fixed         

 xtrf =   1.000 (top)        1.000 (bottom)
 Mach =   0.000     Re =     0.420 e 6     Ncrit =   9.000

  alpha     CL        CD       CDp       Cm    Top Xtr Bot Xtr   Cpmin    Chinge    XCp    
 ------- -------- --------- --------- -------- ------- ------- -------- --------- ---------
  -5.000   0.1413   0.01291   0.00634  -0.1544  0.7774  0.0451  -2.3496   0.0000   0.0000   0.0000   1.3696
  -4.500   0.1988   0.01235   0.00567  -0.1548  0.7708  0.0524  -2.0777   0.0000   0.0000   0.0000   1.0458
  -4.000   0.2563   0.01177   0.00503  -0.1554  0.7634  0.0693  -1.8278   0.0000   0.0000   0.0000   0.8678
  -3.500   0.3131   0.01110   0.00450  -0.1559  0.7559  0.1043  -1.5756   0.0000   0.0000   0.0000   0.7558
  -3.000   0.3709   0.01068   0.00419  -0.1564  0.7485  0.1522  -1.3279   0.0000   0.0000   0.0000   0.6773
  -2.500   0.4292   0.01041   0.00401  -0.1571  0.7412  0.2129  -1.0870   0.0000   0.0000   0.0000   0.6197
  -2.000   0.4862   0.01016   0.00396  -0.1575  0.7335  0.2833  -0.8667   0.0000   0.0000   0.0000   0.5763
  -1.500   0.5436   0.00987   0.00385  -0.1580  0.7248  0.3603  -0.8556   0.0000   0.0000   0.0000   0.5417
  -1.000   0.6016   0.00961   0.00376  -0.1584  0.7162  0.4508  -0.8969   0.0000   0.0000   0.0000   0.5135
  -0.500   0.6585   0.00946   0.00386  -0.1588  0.7079  0.5514  -0.9421   0.0000   0.0000   0.0000   0.4903
   0.000   0.7139   0.00920   0.00394  -0.1586  0.6984  0.6708  -0.9872   0.0000   0.0000   0.0000   0.4705
   0.500   0.7688   0.00914   0.00397  -0.1580  0.6878  0.7601  -1.0325   0.0000   0.0000   0.0000   0.4531
   1.000   0.8211   0.00912   0.00410  -0.1570  0.6786  0.8246  -1.0791   0.0000   0.0000   0.0000   0.4381
   1.500   0.8694   0.00900   0.00408  -0.1549  0.6679  0.8860  -1.1297   0.0000   0.0000   0.0000   0.4244
   2.000   0.9201   0.00885   0.00396  -0.1534  0.6556  1.0000  -1.1841   0.0000   0.0000   0.0000   0.4123
   2.500   0.9784   0.00896   0.00398  -0.1541  0.6424  1.0000  -1.2485   0.0000   0.0000   0.0000   0.4024
   3.000   1.0354   0.00915   0.00409  -0.1546  0.6288  1.0000  -1.3177   0.0000   0.0000   0.0000   0.3935
   3.500   1.0910   0.00935   0.00418  -0.1547  0.6125  1.0000  -1.3867   0.0000   0.0000   0.0000   0.3853
   4.000   1.1453   0.00957   0.00438  -0.1546  0.5948  1.0000  -1.4553   0.0000   0.0000   0.0000   0.3778
   4.500   1.1990   0.00988   0.00464  -0.1544  0.5782  1.0000  -1.5338   0.0000   0.0000   0.0000   0.3709
   5.500   1.3010   0.01067   0.00528  -0.1531  0.5361  1.0000  -1.7056   0.0000   0.0000   0.0000   0.3584
   6.000   1.3501   0.01114   0.00572  -0.1521  0.5141  1.0000  -1.8045   0.0000   0.0000   0.0000   0.3526
   6.500   1.3968   0.01171   0.00624  -0.1508  0.4900  1.0000  -1.9197   0.0000   0.0000   0.0000   0.3472
   7.000   1.4402   0.01239   0.00685  -0.1489  0.4633  1.0000  -2.0391   0.0000   0.0000   0.0000   0.3418
   7.500   1.4809   0.01316   0.00756  -0.1466  0.4376  1.0000  -2.1636   0.0000   0.0000   0.0000   0.3367
   8.000   1.5139   0.01411   0.00842  -0.1431  0.4082  1.0000  -2.2999   0.0000   0.0000   0.0000   0.3314
   8.500   1.5453   0.01515   0.00942  -0.1394  0.3832  1.0000  -2.4418   0.0000   0.0000   0.0000   0.3263
   9.000   1.5725   0.01645   0.01067  -0.1354  0.3572  1.0000  -2.5871   0.0000   0.0000   0.0000   0.3213
   9.500   1.5952   0.01811   0.01227  -0.1312  0.3289  1.0000  -2.7635   0.0000   0.0000   0.0000   0.3165
  10.000   1.6175   0.01998   0.01410  -0.1273  0.3039  1.0000  -2.9687   0.0000   0.0000   0.0000   0.3121
  10.500   1.6381   0.02210   0.01621  -0.1236  0.2790  1.0000  -3.1959   0.0000   0.0000   0.0000   0.3079
  11.000   1.6549   0.02463   0.01869  -0.1198  0.2547  1.0000  -3.4169   0.0000   0.0000   0.0000   0.3039
  11.500   1.6694   0.02745   0.02150  -0.1161  0.2306  1.0000  -3.6347   0.0000   0.0000   0.0000   0.3001
  12.000   1.6812   0.03060   0.02462  -0.1126  0.2059  1.0000  -3.8558   0.0000   0.0000   0.0000   0.2965
  12.500   1.6890   0.03418   0.02817  -0.1090  0.1833  1.0000  -4.0790   0.0000   0.0000   0.0000   0.2930
  13.000   1.6962   0.03800   0.03198  -0.1057  0.1617  1.0000  -4.3032   0.0000   0.0000   0.0000   0.2897
  13.500   1.6999   0.04230   0.03629  -0.1026  0.1416  1.0000  -4.5268   0.0000   0.0000   0.0000   0.2867
  14.000   1.7035   0.04687   0.04088  -0.0999  0.1238  1.0000  -4.7566   0.0000   0.0000   0.0000   0.2839
  14.500   1.7054   0.05179   0.04584  -0.0975  0.1083  1.0000  -4.9816   0.0000   0.0000   0.0000   0.2813
  15.000   1.7034   0.05734   0.05144  -0.0953  0.0951  1.0000  -5.1901   0.0000   0.0000   0.0000   0.2790


