xflr5 v6.59

 Calculated polar for: revR_55_revT

 1 1 Reynolds number fixed          Mach number fixed         

 xtrf =   1.000 (top)        1.000 (bottom)
 Mach =   0.000     Re =     0.045 e 6     Ncrit =   9.000

  alpha     CL        CD       CDp       Cm    Top Xtr Bot Xtr   Cpmin    Chinge    XCp    
 ------- -------- --------- --------- -------- ------- ------- -------- --------- ---------
  -5.000  -0.4555   0.06488   0.05824  -0.0420  1.0000  0.1805  -2.2094   0.0000   0.0000   0.0000   0.1522
  -4.500  -0.4131   0.05386   0.04668  -0.0489  1.0000  0.1669  -2.2301   0.0000   0.0000   0.0000   0.1257
  -4.000  -0.3569   0.04633   0.03820  -0.0558  1.0000  0.1743  -2.1897   0.0000   0.0000   0.0000   0.0870
  -3.500  -0.2906   0.04019   0.03067  -0.0617  1.0000  0.1823  -2.1223   0.0000   0.0000   0.0000   0.0300
  -3.000  -0.2406   0.03734   0.02762  -0.0632  1.0000  0.2135  -1.9343   0.0000   0.0000   0.0000  -0.0207
  -2.500  -0.1867   0.03514   0.02509  -0.0645  1.0000  0.2595  -1.7687   0.0000   0.0000   0.0000  -0.1047
  -2.000  -0.1348   0.03390   0.02402  -0.0653  1.0000  0.3530  -1.5902   0.0000   0.0000   0.0000  -0.2455
  -1.500  -0.0837   0.03302   0.02405  -0.0649  1.0000  0.5309  -1.4157   0.0000   0.0000   0.0000  -0.5405
  -1.000  -0.0678   0.03257   0.02486  -0.0543  1.0000  0.7948  -1.2909   0.0000   0.0000   0.0000  -0.5676
  -0.500  -0.0441   0.03213   0.02402  -0.0525  1.0000  1.0000  -1.1635   0.0000   0.0000   0.0000  -0.9591
   0.000   0.0494   0.03513   0.02604  -0.0637  0.9782  1.0000  -0.8978   0.0000   0.0000   0.0000   1.5503
   0.500   0.1296   0.03802   0.02829  -0.0718  0.9551  1.0000  -0.6654   0.0000   0.0000   0.0000   0.8052
   1.000   0.2010   0.04078   0.03060  -0.0780  0.9311  1.0000  -0.5394   0.0000   0.0000   0.0000   0.6367
   1.500   0.2664   0.04351   0.03301  -0.0828  0.9065  1.0000  -0.5834   0.0000   0.0000   0.0000   0.5585
   2.000   0.3291   0.04624   0.03550  -0.0868  0.8806  1.0000  -0.6300   0.0000   0.0000   0.0000   0.5107
   2.500   0.3900   0.04902   0.03810  -0.0903  0.8543  1.0000  -0.6768   0.0000   0.0000   0.0000   0.4777
   3.000   0.4478   0.05185   0.04082  -0.0930  0.8285  1.0000  -0.7263   0.0000   0.0000   0.0000   0.4535
   3.500   0.5187   0.05471   0.04361  -0.0969  0.8007  1.0000  -0.7896   0.0000   0.0000   0.0000   0.4319
   4.000   0.5504   0.05742   0.04632  -0.0959  0.7730  1.0000  -0.8233   0.0000   0.0000   0.0000   0.4188
   4.500   0.5880   0.06041   0.04933  -0.0957  0.7460  1.0000  -0.8653   0.0000   0.0000   0.0000   0.4069
   5.000   0.6269   0.06343   0.05241  -0.0956  0.7177  1.0000  -0.9107   0.0000   0.0000   0.0000   0.3960
   5.500   0.6684   0.06651   0.05558  -0.0956  0.6900  1.0000  -0.9663   0.0000   0.0000   0.0000   0.3860
   6.000   0.7137   0.06948   0.05867  -0.0958  0.6624  1.0000  -1.0303   0.0000   0.0000   0.0000   0.3765
   6.500   0.7670   0.07204   0.06138  -0.0959  0.6350  1.0000  -1.1150   0.0000   0.0000   0.0000   0.3669
   7.000   0.8215   0.07446   0.06399  -0.0958  0.6088  1.0000  -1.2151   0.0000   0.0000   0.0000   0.3578
   7.500   0.8218   0.07972   0.06938  -0.0935  0.5805  1.0000  -1.2338   0.0000   0.0000   0.0000   0.3544
   8.000   0.8400   0.08449   0.07433  -0.0923  0.5545  1.0000  -1.2890   0.0000   0.0000   0.0000   0.3499
   8.500   0.8588   0.08918   0.07921  -0.0910  0.5268  1.0000  -1.3533   0.0000   0.0000   0.0000   0.3453
   9.000   0.8769   0.09439   0.08462  -0.0900  0.5013  1.0000  -1.4195   0.0000   0.0000   0.0000   0.3414
   9.500   0.8992   0.09909   0.08954  -0.0888  0.4739  1.0000  -1.4977   0.0000   0.0000   0.0000   0.3369
  10.000   0.9175   0.10447   0.09513  -0.0878  0.4481  1.0000  -1.5851   0.0000   0.0000   0.0000   0.3332
  10.500   0.9954   0.10282   0.09389  -0.0837  0.4165  1.0000  -1.8787   0.0000   0.0000   0.0000   0.3208
  11.000   0.9820   0.11156   0.10276  -0.0835  0.3910  1.0000  -1.9071   0.0000   0.0000   0.0000   0.3211
  11.500   0.9818   0.11919   0.11056  -0.0833  0.3666  1.0000  -1.9805   0.0000   0.0000   0.0000   0.3202
  12.000   0.9326   0.13443   0.12583  -0.0882  0.3580  1.0000  -1.8110   0.0000   0.0000   0.0000   0.3295
  12.500   0.8777   0.15317   0.14460  -0.0976  0.4027  1.0000  -1.5618   0.0000   0.0000   0.0000   0.3460


