xflr5 v6.59

 Calculated polar for: revR_60_revT

 1 1 Reynolds number fixed          Mach number fixed         

 xtrf =   1.000 (top)        1.000 (bottom)
 Mach =   0.000     Re =     0.135 e 6     Ncrit =   9.000

  alpha     CL        CD       CDp       Cm    Top Xtr Bot Xtr   Cpmin    Chinge    XCp    
 ------- -------- --------- --------- -------- ------- ------- -------- --------- ---------
  -5.000  -0.0738   0.02499   0.01710  -0.1187  0.8997  0.0825  -2.3299   0.0000   0.0000   0.0000  -1.4001
  -4.500  -0.0273   0.02300   0.01501  -0.1178  0.8869  0.0981  -2.0883   0.0000   0.0000   0.0000  -4.1716
  -4.000   0.0406   0.02127   0.01315  -0.1200  0.8787  0.1285  -1.8021   0.0000   0.0000   0.0000   3.2679
  -3.500   0.1027   0.02003   0.01220  -0.1215  0.8695  0.1949  -1.5649   0.0000   0.0000   0.0000   1.4549
  -3.000   0.1569   0.01925   0.01178  -0.1217  0.8566  0.2934  -1.3440   0.0000   0.0000   0.0000   1.0379
  -2.500   0.2234   0.01831   0.01131  -0.1233  0.8495  0.4308  -1.0952   0.0000   0.0000   0.0000   0.8089
  -2.000   0.2664   0.01818   0.01171  -0.1211  0.8339  0.5730  -0.9086   0.0000   0.0000   0.0000   0.7090
  -1.500   0.3206   0.01779   0.01169  -0.1186  0.8257  0.7218  -0.7037   0.0000   0.0000   0.0000   0.6226
  -1.000   0.3538   0.01809   0.01213  -0.1131  0.8092  0.8146  -0.6661   0.0000   0.0000   0.0000   0.5709
  -0.500   0.3967   0.01763   0.01163  -0.1074  0.8006  0.9020  -0.7033   0.0000   0.0000   0.0000   0.5209
   0.000   0.4657   0.01766   0.01158  -0.1101  0.7849  1.0000  -0.7528   0.0000   0.0000   0.0000   0.4856
   0.500   0.5345   0.01730   0.01093  -0.1121  0.7761  1.0000  -0.8103   0.0000   0.0000   0.0000   0.4582
   1.000   0.5850   0.01765   0.01115  -0.1120  0.7582  1.0000  -0.8549   0.0000   0.0000   0.0000   0.4392
   1.500   0.6429   0.01776   0.01111  -0.1123  0.7441  1.0000  -0.9120   0.0000   0.0000   0.0000   0.4218
   2.000   0.7047   0.01755   0.01076  -0.1128  0.7311  1.0000  -0.9753   0.0000   0.0000   0.0000   0.4066
   2.500   0.7582   0.01774   0.01089  -0.1123  0.7135  1.0000  -1.0355   0.0000   0.0000   0.0000   0.3941
   3.000   0.8187   0.01753   0.01058  -0.1124  0.6992  1.0000  -1.1062   0.0000   0.0000   0.0000   0.3827
   3.500   0.8767   0.01738   0.01037  -0.1122  0.6824  1.0000  -1.1807   0.0000   0.0000   0.0000   0.3728
   4.000   0.9302   0.01742   0.01041  -0.1115  0.6623  1.0000  -1.2583   0.0000   0.0000   0.0000   0.3640
   4.500   0.9850   0.01744   0.01043  -0.1109  0.6423  1.0000  -1.3472   0.0000   0.0000   0.0000   0.3561
   5.000   1.0403   0.01741   0.01040  -0.1103  0.6212  1.0000  -1.4478   0.0000   0.0000   0.0000   0.3489
   5.500   1.0945   0.01745   0.01043  -0.1095  0.5978  1.0000  -1.5674   0.0000   0.0000   0.0000   0.3423
   6.000   1.1469   0.01760   0.01057  -0.1085  0.5718  1.0000  -1.6951   0.0000   0.0000   0.0000   0.3362
   6.500   1.1976   0.01786   0.01081  -0.1072  0.5433  1.0000  -1.8567   0.0000   0.0000   0.0000   0.3305
   7.000   1.2478   0.01828   0.01115  -0.1060  0.5134  1.0000  -2.0369   0.0000   0.0000   0.0000   0.3252
   7.500   1.2912   0.01896   0.01185  -0.1038  0.4797  1.0000  -2.2448   0.0000   0.0000   0.0000   0.3199
   8.000   1.3328   0.01973   0.01262  -0.1014  0.4450  1.0000  -2.5352   0.0000   0.0000   0.0000   0.3149
   8.500   1.3721   0.02075   0.01358  -0.0989  0.4112  1.0000  -2.8342   0.0000   0.0000   0.0000   0.3101
   9.000   1.4033   0.02188   0.01472  -0.0952  0.3740  1.0000  -3.1244   0.0000   0.0000   0.0000   0.3051
   9.500   1.4303   0.02329   0.01607  -0.0911  0.3387  1.0000  -3.4087   0.0000   0.0000   0.0000   0.3001
  10.000   1.4488   0.02490   0.01773  -0.0859  0.3053  1.0000  -3.6679   0.0000   0.0000   0.0000   0.2949
  10.500   1.4605   0.02704   0.01979  -0.0804  0.2720  1.0000  -3.9075   0.0000   0.0000   0.0000   0.2899
  11.000   1.4672   0.02965   0.02248  -0.0753  0.2375  1.0000  -4.1277   0.0000   0.0000   0.0000   0.2853
  11.500   1.4695   0.03300   0.02575  -0.0707  0.2053  1.0000  -4.3390   0.0000   0.0000   0.0000   0.2811
  12.000   1.4699   0.03698   0.02968  -0.0666  0.1756  1.0000  -4.5378   0.0000   0.0000   0.0000   0.2774
  12.500   1.4685   0.04145   0.03420  -0.0631  0.1484  1.0000  -4.7238   0.0000   0.0000   0.0000   0.2741
  13.000   1.4639   0.04653   0.03929  -0.0601  0.1253  1.0000  -4.8909   0.0000   0.0000   0.0000   0.2712
  13.500   1.4580   0.05205   0.04483  -0.0574  0.1066  1.0000  -5.0432   0.0000   0.0000   0.0000   0.2685
  14.000   1.4512   0.05793   0.05071  -0.0550  0.0905  1.0000  -5.1824   0.0000   0.0000   0.0000   0.2661
  14.500   1.4464   0.06415   0.05722  -0.0541  0.0788  1.0000  -5.3316   0.0000   0.0000   0.0000   0.2645
  15.000   1.4428   0.07030   0.06345  -0.0522  0.0686  1.0000  -5.4659   0.0000   0.0000   0.0000   0.2623


