xflr5 v6.59

 Calculated polar for: revR_40_revT

 1 1 Reynolds number fixed          Mach number fixed         

 xtrf =   1.000 (top)        1.000 (bottom)
 Mach =   0.000     Re =     0.145 e 6     Ncrit =   9.000

  alpha     CL        CD       CDp       Cm    Top Xtr Bot Xtr   Cpmin    Chinge    XCp    
 ------- -------- --------- --------- -------- ------- ------- -------- --------- ---------
  -5.000  -0.1437   0.02138   0.01356  -0.1010  0.9222  0.0856  -2.4113   0.0000   0.0000   0.0000  -0.4725
  -4.500  -0.0920   0.01974   0.01177  -0.1004  0.9087  0.1034  -2.1479   0.0000   0.0000   0.0000  -0.8682
  -4.000  -0.0214   0.01820   0.01038  -0.1035  0.9003  0.1525  -1.8158   0.0000   0.0000   0.0000  -4.6784
  -3.500   0.0325   0.01728   0.00976  -0.1036  0.8869  0.2412  -1.5230   0.0000   0.0000   0.0000   3.4964
  -3.000   0.0951   0.01619   0.00920  -0.1050  0.8766  0.3707  -1.2712   0.0000   0.0000   0.0000   1.3708
  -2.000   0.1977   0.01523   0.00929  -0.1017  0.8519  0.6844  -0.8540   0.0000   0.0000   0.0000   0.7690
  -1.500   0.2387   0.01540   0.00961  -0.0973  0.8361  0.7822  -0.6834   0.0000   0.0000   0.0000   0.6604
  -1.000   0.2846   0.01521   0.00940  -0.0926  0.8257  0.8556  -0.6029   0.0000   0.0000   0.0000   0.5768
  -0.500   0.3213   0.01525   0.00942  -0.0875  0.8088  0.9218  -0.6342   0.0000   0.0000   0.0000   0.5224
   0.000   0.4132   0.01485   0.00885  -0.0932  0.7982  0.9794  -0.7007   0.0000   0.0000   0.0000   0.4747
   0.500   0.4861   0.01464   0.00847  -0.0970  0.7822  1.0000  -0.7596   0.0000   0.0000   0.0000   0.4480
   1.000   0.5291   0.01482   0.00851  -0.0952  0.7644  1.0000  -0.8033   0.0000   0.0000   0.0000   0.4277
   1.500   0.5849   0.01482   0.00834  -0.0950  0.7498  1.0000  -0.8616   0.0000   0.0000   0.0000   0.4097
   2.000   0.6415   0.01471   0.00810  -0.0948  0.7326  1.0000  -0.9229   0.0000   0.0000   0.0000   0.3944
   2.500   0.6947   0.01482   0.00815  -0.0941  0.7129  1.0000  -0.9840   0.0000   0.0000   0.0000   0.3816
   3.000   0.7493   0.01488   0.00815  -0.0936  0.6931  1.0000  -1.0553   0.0000   0.0000   0.0000   0.3705
   3.500   0.8046   0.01489   0.00811  -0.0930  0.6725  1.0000  -1.1318   0.0000   0.0000   0.0000   0.3607
   4.000   0.8595   0.01490   0.00808  -0.0924  0.6502  1.0000  -1.2203   0.0000   0.0000   0.0000   0.3520
   4.500   0.9137   0.01500   0.00815  -0.0917  0.6264  1.0000  -1.3216   0.0000   0.0000   0.0000   0.3443
   5.000   0.9668   0.01512   0.00825  -0.0907  0.5993  1.0000  -1.4402   0.0000   0.0000   0.0000   0.3373
   5.500   1.0191   0.01534   0.00842  -0.0897  0.5703  1.0000  -1.5849   0.0000   0.0000   0.0000   0.3309
   6.000   1.0707   0.01572   0.00870  -0.0886  0.5395  1.0000  -1.7550   0.0000   0.0000   0.0000   0.3250
   6.500   1.1177   0.01623   0.00926  -0.0870  0.5038  1.0000  -2.0211   0.0000   0.0000   0.0000   0.3194
   7.000   1.1650   0.01690   0.00980  -0.0854  0.4680  1.0000  -2.3363   0.0000   0.0000   0.0000   0.3142
   7.500   1.2077   0.01767   0.01061  -0.0833  0.4289  1.0000  -2.6493   0.0000   0.0000   0.0000   0.3092
   8.000   1.2480   0.01861   0.01151  -0.0808  0.3887  1.0000  -2.9662   0.0000   0.0000   0.0000   0.3043
   8.500   1.2847   0.01977   0.01256  -0.0780  0.3489  1.0000  -3.2887   0.0000   0.0000   0.0000   0.2996
   9.000   1.3161   0.02107   0.01388  -0.0746  0.3071  1.0000  -3.6066   0.0000   0.0000   0.0000   0.2948
   9.500   1.3403   0.02264   0.01542  -0.0704  0.2637  1.0000  -3.9044   0.0000   0.0000   0.0000   0.2898
  10.000   1.3555   0.02463   0.01733  -0.0652  0.2221  1.0000  -4.1703   0.0000   0.0000   0.0000   0.2847
  10.500   1.3644   0.02735   0.01990  -0.0602  0.1833  1.0000  -4.4077   0.0000   0.0000   0.0000   0.2799
  11.000   1.3695   0.03072   0.02317  -0.0558  0.1471  1.0000  -4.6227   0.0000   0.0000   0.0000   0.2756
  11.500   1.3701   0.03487   0.02721  -0.0518  0.1177  1.0000  -4.8088   0.0000   0.0000   0.0000   0.2718
  12.000   1.3715   0.03933   0.03175  -0.0485  0.0951  1.0000  -4.9878   0.0000   0.0000   0.0000   0.2685
  12.500   1.3685   0.04444   0.03683  -0.0455  0.0774  1.0000  -5.1385   0.0000   0.0000   0.0000   0.2655
  13.000   1.3725   0.04915   0.04181  -0.0438  0.0656  1.0000  -5.3119   0.0000   0.0000   0.0000   0.2632
  13.500   1.3696   0.05487   0.04761  -0.0412  0.0562  1.0000  -5.4165   0.0000   0.0000   0.0000   0.2605
  14.000   1.3712   0.06033   0.05335  -0.0397  0.0497  1.0000  -5.5314   0.0000   0.0000   0.0000   0.2584
  14.500   1.3695   0.06638   0.05954  -0.0385  0.0447  1.0000  -5.6318   0.0000   0.0000   0.0000   0.2565
  15.000   1.3665   0.07368   0.06716  -0.0357  0.0409  1.0000  -5.6368   0.0000   0.0000   0.0000   0.2538


