xflr5 v6.59

 Calculated polar for: revR_45_revT

 1 1 Reynolds number fixed          Mach number fixed         

 xtrf =   1.000 (top)        1.000 (bottom)
 Mach =   0.000     Re =     0.370 e 6     Ncrit =   9.000

  alpha     CL        CD       CDp       Cm    Top Xtr Bot Xtr   Cpmin    Chinge    XCp    
 ------- -------- --------- --------- -------- ------- ------- -------- --------- ---------
  -5.000  -0.0850   0.01297   0.00632  -0.1042  0.8380  0.0518  -2.4217   0.0000   0.0000   0.0000  -1.0083
  -4.500  -0.0316   0.01179   0.00501  -0.1039  0.8274  0.0702  -2.1105   0.0000   0.0000   0.0000  -3.1124
  -4.000   0.0224   0.01100   0.00431  -0.1037  0.8163  0.1064  -1.7907   0.0000   0.0000   0.0000   4.9624
  -3.000   0.1324   0.00998   0.00367  -0.1038  0.7953  0.2451  -1.2615   0.0000   0.0000   0.0000   1.0441
  -2.500   0.1876   0.00953   0.00343  -0.1037  0.7840  0.3319  -1.0358   0.0000   0.0000   0.0000   0.8088
  -2.000   0.2422   0.00907   0.00331  -0.1036  0.7727  0.4544  -0.8206   0.0000   0.0000   0.0000   0.6810
  -1.500   0.2962   0.00863   0.00326  -0.1032  0.7614  0.5846  -0.6276   0.0000   0.0000   0.0000   0.6000
  -1.000   0.3499   0.00844   0.00331  -0.1024  0.7500  0.6904  -0.6584   0.0000   0.0000   0.0000   0.5429
  -0.500   0.4027   0.00833   0.00333  -0.1012  0.7368  0.7649  -0.6981   0.0000   0.0000   0.0000   0.5006
   0.000   0.4555   0.00833   0.00336  -0.1000  0.7240  0.8143  -0.7439   0.0000   0.0000   0.0000   0.4681
   0.500   0.5070   0.00829   0.00335  -0.0985  0.7108  0.8563  -0.7902   0.0000   0.0000   0.0000   0.4422
   1.000   0.5560   0.00826   0.00334  -0.0964  0.6954  0.8982  -0.8389   0.0000   0.0000   0.0000   0.4208
   2.000   0.6771   0.00812   0.00314  -0.0976  0.6622  1.0000  -0.9649   0.0000   0.0000   0.0000   0.3904
   2.500   0.7333   0.00825   0.00319  -0.0979  0.6427  1.0000  -1.0281   0.0000   0.0000   0.0000   0.3794
   3.000   0.7891   0.00843   0.00328  -0.0981  0.6214  1.0000  -1.0995   0.0000   0.0000   0.0000   0.3696
   3.500   0.8442   0.00865   0.00342  -0.0980  0.5991  1.0000  -1.1761   0.0000   0.0000   0.0000   0.3609
   4.000   0.8982   0.00893   0.00361  -0.0978  0.5735  1.0000  -1.2612   0.0000   0.0000   0.0000   0.3531
   4.500   0.9511   0.00928   0.00386  -0.0973  0.5454  1.0000  -1.3631   0.0000   0.0000   0.0000   0.3460
   5.000   1.0029   0.00973   0.00419  -0.0967  0.5162  1.0000  -1.4748   0.0000   0.0000   0.0000   0.3395
   5.500   1.0543   0.01018   0.00459  -0.0960  0.4849  1.0000  -1.6183   0.0000   0.0000   0.0000   0.3336
   6.000   1.1037   0.01075   0.00506  -0.0951  0.4497  1.0000  -1.7754   0.0000   0.0000   0.0000   0.3281
   6.500   1.1522   0.01140   0.00562  -0.0941  0.4170  1.0000  -2.0293   0.0000   0.0000   0.0000   0.3229
   7.000   1.1984   0.01216   0.00626  -0.0927  0.3768  1.0000  -2.3404   0.0000   0.0000   0.0000   0.3180
   7.500   1.2440   0.01296   0.00699  -0.0914  0.3419  1.0000  -2.6730   0.0000   0.0000   0.0000   0.3134
   8.000   1.2849   0.01400   0.00786  -0.0894  0.3002  1.0000  -3.0078   0.0000   0.0000   0.0000   0.3088
   8.500   1.3224   0.01522   0.00890  -0.0870  0.2533  1.0000  -3.3426   0.0000   0.0000   0.0000   0.3043
   9.000   1.3577   0.01647   0.01002  -0.0843  0.2126  1.0000  -3.6800   0.0000   0.0000   0.0000   0.2999
   9.500   1.3870   0.01792   0.01134  -0.0808  0.1756  1.0000  -4.0036   0.0000   0.0000   0.0000   0.2953
  10.000   1.4097   0.01982   0.01305  -0.0768  0.1377  1.0000  -4.3076   0.0000   0.0000   0.0000   0.2907
  10.500   1.4313   0.02190   0.01503  -0.0731  0.1071  1.0000  -4.6117   0.0000   0.0000   0.0000   0.2865
  11.000   1.4496   0.02435   0.01745  -0.0695  0.0835  1.0000  -4.9039   0.0000   0.0000   0.0000   0.2826
  11.500   1.4664   0.02708   0.02017  -0.0663  0.0656  1.0000  -5.1904   0.0000   0.0000   0.0000   0.2790
  12.000   1.4803   0.03022   0.02336  -0.0633  0.0519  1.0000  -5.4596   0.0000   0.0000   0.0000   0.2756
  12.500   1.4819   0.03461   0.02776  -0.0599  0.0396  1.0000  -5.6554   0.0000   0.0000   0.0000   0.2723
  13.000   1.4945   0.03819   0.03151  -0.0578  0.0337  1.0000  -5.9069   0.0000   0.0000   0.0000   0.2696
  13.500   1.4772   0.04495   0.03842  -0.0548  0.0267  1.0000  -5.9584   0.0000   0.0000   0.0000   0.2670
  14.000   1.4811   0.04986   0.04355  -0.0533  0.0246  1.0000  -6.1400   0.0000   0.0000   0.0000   0.2649
  14.500   1.4790   0.05580   0.04971  -0.0523  0.0226  1.0000  -6.2978   0.0000   0.0000   0.0000   0.2633
  15.000   1.4741   0.06240   0.05655  -0.0520  0.0211  1.0000  -6.4543   0.0000   0.0000   0.0000   0.2621


