xflr5 v6.59

 Calculated polar for: revR_40_revT

 1 1 Reynolds number fixed          Mach number fixed         

 xtrf =   1.000 (top)        1.000 (bottom)
 Mach =   0.000     Re =     0.050 e 6     Ncrit =   9.000

  alpha     CL        CD       CDp       Cm    Top Xtr Bot Xtr   Cpmin    Chinge    XCp    
 ------- -------- --------- --------- -------- ------- ------- -------- --------- ---------
  -5.000  -0.4510   0.05087   0.04384  -0.0453  1.0000  0.1535  -2.3836   0.0000   0.0000   0.0000   0.1440
  -4.500  -0.3975   0.04186   0.03360  -0.0514  1.0000  0.1518  -2.3960   0.0000   0.0000   0.0000   0.1146
  -4.000  -0.3437   0.03738   0.02813  -0.0539  1.0000  0.1668  -2.2753   0.0000   0.0000   0.0000   0.0867
  -3.500  -0.2911   0.03377   0.02403  -0.0552  1.0000  0.1883  -2.1147   0.0000   0.0000   0.0000   0.0533
  -3.000  -0.2410   0.03163   0.02174  -0.0558  1.0000  0.2330  -1.9201   0.0000   0.0000   0.0000   0.0108
  -2.500  -0.1893   0.02984   0.02001  -0.0563  1.0000  0.3139  -1.7196   0.0000   0.0000   0.0000  -0.0558
  -2.000  -0.1383   0.02854   0.01968  -0.0562  1.0000  0.4861  -1.4929   0.0000   0.0000   0.0000  -0.1664
  -1.500  -0.1133   0.02806   0.02052  -0.0481  1.0000  0.7497  -1.3423   0.0000   0.0000   0.0000  -0.1846
  -1.000  -0.0831   0.02775   0.02015  -0.0443  0.9914  1.0000  -1.1936   0.0000   0.0000   0.0000  -0.2943
  -0.500   0.0204   0.03021   0.02159  -0.0571  0.9694  1.0000  -0.9031   0.0000   0.0000   0.0000   3.0804
   0.000   0.1030   0.03234   0.02311  -0.0652  0.9469  1.0000  -0.6731   0.0000   0.0000   0.0000   0.8854
   0.500   0.1767   0.03439   0.02473  -0.0712  0.9239  1.0000  -0.5191   0.0000   0.0000   0.0000   0.6527
   1.000   0.2470   0.03645   0.02647  -0.0762  0.8998  1.0000  -0.5668   0.0000   0.0000   0.0000   0.5571
   1.500   0.3163   0.03852   0.02830  -0.0807  0.8748  1.0000  -0.6185   0.0000   0.0000   0.0000   0.5026
   2.000   0.3850   0.04059   0.03021  -0.0845  0.8496  1.0000  -0.6747   0.0000   0.0000   0.0000   0.4665
   2.500   0.4363   0.04261   0.03213  -0.0858  0.8234  1.0000  -0.7200   0.0000   0.0000   0.0000   0.4429
   3.000   0.4817   0.04469   0.03417  -0.0860  0.7953  1.0000  -0.7635   0.0000   0.0000   0.0000   0.4244
   3.500   0.5308   0.04682   0.03631  -0.0866  0.7674  1.0000  -0.8149   0.0000   0.0000   0.0000   0.4085
   4.000   0.5827   0.04891   0.03844  -0.0873  0.7397  1.0000  -0.8736   0.0000   0.0000   0.0000   0.3946
   4.500   0.6390   0.05076   0.04036  -0.0880  0.7122  1.0000  -0.9434   0.0000   0.0000   0.0000   0.3820
   5.000   0.6986   0.05230   0.04203  -0.0885  0.6854  1.0000  -1.0268   0.0000   0.0000   0.0000   0.3704
   5.500   0.7632   0.05329   0.04319  -0.0886  0.6594  1.0000  -1.1291   0.0000   0.0000   0.0000   0.3594
   6.000   0.7712   0.05736   0.04737  -0.0856  0.6269  1.0000  -1.1641   0.0000   0.0000   0.0000   0.3538
   6.500   0.8108   0.05972   0.04992  -0.0843  0.5980  1.0000  -1.2551   0.0000   0.0000   0.0000   0.3461
   7.000   0.8634   0.06088   0.05132  -0.0828  0.5700  1.0000  -1.3864   0.0000   0.0000   0.0000   0.3375
   7.500   0.9303   0.06018   0.05093  -0.0807  0.5432  1.0000  -1.5737   0.0000   0.0000   0.0000   0.3277
   8.000   1.0190   0.05600   0.04714  -0.0773  0.5181  1.0000  -1.9102   0.0000   0.0000   0.0000   0.3162
   8.500   0.9657   0.06810   0.05927  -0.0756  0.4802  1.0000  -1.8200   0.0000   0.0000   0.0000   0.3180
   9.000   1.2381   0.04337   0.03515  -0.0729  0.4453  1.0000  -3.0229   0.0000   0.0000   0.0000   0.2977
   9.500   1.2940   0.04239   0.03428  -0.0693  0.3964  1.0000  -3.4042   0.0000   0.0000   0.0000   0.2916
  10.000   1.3279   0.04325   0.03514  -0.0646  0.3457  1.0000  -3.7079   0.0000   0.0000   0.0000   0.2858
  10.500   1.3525   0.04512   0.03695  -0.0594  0.2954  1.0000  -3.9764   0.0000   0.0000   0.0000   0.2803
  11.000   1.3685   0.04772   0.03940  -0.0540  0.2487  1.0000  -4.2042   0.0000   0.0000   0.0000   0.2749
  11.500   1.3887   0.05126   0.04265  -0.0494  0.2076  1.0000  -4.4260   0.0000   0.0000   0.0000   0.2702
  12.000   1.3783   0.05602   0.04762  -0.0433  0.1818  1.0000  -4.5142   0.0000   0.0000   0.0000   0.2652
  12.500   1.3788   0.06224   0.05412  -0.0392  0.1610  1.0000  -4.6026   0.0000   0.0000   0.0000   0.2614
  13.000   1.3335   0.07122   0.06377  -0.0351  0.1546  1.0000  -4.4975   0.0000   0.0000   0.0000   0.2585
  13.500   1.2584   0.08516   0.07819  -0.0356  0.1560  1.0000  -4.2534   0.0000   0.0000   0.0000   0.2597
  14.000   1.1537   0.10822   0.10153  -0.0444  0.1627  1.0000  -3.8061   0.0000   0.0000   0.0000   0.2693
  15.000   0.6048   0.15316   0.14641  -0.0585  0.3073  1.0000  -1.1971   0.0000   0.0000   0.0000   0.3341


