xflr5 v6.59

 Calculated polar for: revR_45_revT

 1 1 Reynolds number fixed          Mach number fixed         

 xtrf =   1.000 (top)        1.000 (bottom)
 Mach =   0.000     Re =     0.250 e 6     Ncrit =   9.000

  alpha     CL        CD       CDp       Cm    Top Xtr Bot Xtr   Cpmin    Chinge    XCp    
 ------- -------- --------- --------- -------- ------- ------- -------- --------- ---------
  -5.000  -0.0791   0.01514   0.00809  -0.1076  0.8713  0.0672  -2.3617   0.0000   0.0000   0.0000  -1.1464
  -4.500  -0.0280   0.01393   0.00682  -0.1069  0.8592  0.0856  -2.0730   0.0000   0.0000   0.0000  -3.6586
  -4.000   0.0265   0.01306   0.00599  -0.1066  0.8488  0.1280  -1.7611   0.0000   0.0000   0.0000   4.3477
  -3.000   0.1337   0.01182   0.00520  -0.1061  0.8259  0.2904  -1.2518   0.0000   0.0000   0.0000   1.0547
  -2.500   0.1861   0.01131   0.00507  -0.1058  0.8135  0.4050  -1.0341   0.0000   0.0000   0.0000   0.8247
  -2.000   0.2396   0.01075   0.00493  -0.1051  0.8026  0.5518  -0.8228   0.0000   0.0000   0.0000   0.6919
  -1.500   0.2902   0.01050   0.00503  -0.1035  0.7892  0.6699  -0.6364   0.0000   0.0000   0.0000   0.6087
  -1.000   0.3417   0.01042   0.00507  -0.1016  0.7785  0.7616  -0.6510   0.0000   0.0000   0.0000   0.5480
  -0.500   0.3905   0.01041   0.00514  -0.0994  0.7646  0.8200  -0.6882   0.0000   0.0000   0.0000   0.5043
   0.000   0.4390   0.01035   0.00503  -0.0968  0.7524  0.8694  -0.7320   0.0000   0.0000   0.0000   0.4693
   0.500   0.4824   0.01021   0.00493  -0.0932  0.7373  0.9209  -0.7732   0.0000   0.0000   0.0000   0.4414
   1.000   0.5473   0.01009   0.00474  -0.0944  0.7242  0.9708  -0.8310   0.0000   0.0000   0.0000   0.4200
   1.500   0.6200   0.00999   0.00449  -0.0980  0.7079  1.0000  -0.8989   0.0000   0.0000   0.0000   0.4050
   2.000   0.6739   0.01009   0.00452  -0.0980  0.6904  1.0000  -0.9590   0.0000   0.0000   0.0000   0.3919
   2.500   0.7297   0.01021   0.00453  -0.0981  0.6723  1.0000  -1.0220   0.0000   0.0000   0.0000   0.3803
   3.000   0.7854   0.01033   0.00455  -0.0980  0.6530  1.0000  -1.0931   0.0000   0.0000   0.0000   0.3702
   3.500   0.8403   0.01048   0.00461  -0.0978  0.6316  1.0000  -1.1695   0.0000   0.0000   0.0000   0.3612
   4.000   0.8944   0.01070   0.00476  -0.0974  0.6086  1.0000  -1.2544   0.0000   0.0000   0.0000   0.3532
   4.500   0.9471   0.01096   0.00499  -0.0969  0.5821  1.0000  -1.3548   0.0000   0.0000   0.0000   0.3460
   5.000   0.9990   0.01131   0.00529  -0.0961  0.5534  1.0000  -1.4663   0.0000   0.0000   0.0000   0.3394
   5.500   1.0498   0.01174   0.00565  -0.0953  0.5229  1.0000  -1.6062   0.0000   0.0000   0.0000   0.3333
   6.000   1.0989   0.01232   0.00610  -0.0941  0.4906  1.0000  -1.7614   0.0000   0.0000   0.0000   0.3276
   6.500   1.1466   0.01290   0.00667  -0.0929  0.4551  1.0000  -1.9955   0.0000   0.0000   0.0000   0.3223
   7.000   1.1922   0.01368   0.00733  -0.0913  0.4206  1.0000  -2.3020   0.0000   0.0000   0.0000   0.3173
   7.500   1.2358   0.01448   0.00810  -0.0896  0.3810  1.0000  -2.6152   0.0000   0.0000   0.0000   0.3124
   8.000   1.2768   0.01547   0.00900  -0.0875  0.3449  1.0000  -2.9439   0.0000   0.0000   0.0000   0.3078
   8.500   1.3145   0.01657   0.01005  -0.0850  0.3057  1.0000  -3.2745   0.0000   0.0000   0.0000   0.3032
   9.000   1.3476   0.01786   0.01124  -0.0819  0.2642  1.0000  -3.5993   0.0000   0.0000   0.0000   0.2986
   9.500   1.3730   0.01941   0.01268  -0.0779  0.2256  1.0000  -3.9032   0.0000   0.0000   0.0000   0.2938
  10.000   1.3930   0.02139   0.01450  -0.0736  0.1859  1.0000  -4.1915   0.0000   0.0000   0.0000   0.2891
  10.500   1.4103   0.02375   0.01673  -0.0697  0.1465  1.0000  -4.4718   0.0000   0.0000   0.0000   0.2848
  11.000   1.4231   0.02666   0.01956  -0.0659  0.1137  1.0000  -4.7338   0.0000   0.0000   0.0000   0.2809
  11.500   1.4350   0.02987   0.02275  -0.0625  0.0891  1.0000  -4.9897   0.0000   0.0000   0.0000   0.2773
  12.000   1.4423   0.03366   0.02656  -0.0594  0.0713  1.0000  -5.2191   0.0000   0.0000   0.0000   0.2740
  12.500   1.4381   0.03873   0.03164  -0.0561  0.0566  1.0000  -5.3819   0.0000   0.0000   0.0000   0.2709
  13.000   1.4480   0.04274   0.03584  -0.0541  0.0482  1.0000  -5.6091   0.0000   0.0000   0.0000   0.2683
  13.500   1.4281   0.04991   0.04312  -0.0514  0.0398  1.0000  -5.6536   0.0000   0.0000   0.0000   0.2659
  14.000   1.4344   0.05483   0.04829  -0.0503  0.0359  1.0000  -5.8336   0.0000   0.0000   0.0000   0.2640
  14.500   1.4310   0.06106   0.05472  -0.0495  0.0321  1.0000  -5.9566   0.0000   0.0000   0.0000   0.2625
  15.000   1.4202   0.06849   0.06230  -0.0492  0.0293  1.0000  -6.0472   0.0000   0.0000   0.0000   0.2615


