xflr5 v6.59

 Calculated polar for: revR_65_revT

 1 1 Reynolds number fixed          Mach number fixed         

 xtrf =   1.000 (top)        1.000 (bottom)
 Mach =   0.000     Re =     0.165 e 6     Ncrit =   9.000

  alpha     CL        CD       CDp       Cm    Top Xtr Bot Xtr   Cpmin    Chinge    XCp    
 ------- -------- --------- --------- -------- ------- ------- -------- --------- ---------
  -4.500   0.0401   0.01939   0.01170  -0.1275  0.8699  0.0936  -1.9819   0.0000   0.0000   0.0000   3.5015
  -4.000   0.0904   0.01834   0.01060  -0.1267  0.8579  0.1219  -1.7604   0.0000   0.0000   0.0000   1.6792
  -3.500   0.1512   0.01717   0.00967  -0.1276  0.8500  0.1907  -1.5215   0.0000   0.0000   0.0000   1.1086
  -3.000   0.2003   0.01669   0.00949  -0.1270  0.8368  0.2763  -1.3029   0.0000   0.0000   0.0000   0.8932
  -2.500   0.2581   0.01600   0.00914  -0.1272  0.8277  0.3888  -1.0766   0.0000   0.0000   0.0000   0.7487
  -2.000   0.3090   0.01568   0.00928  -0.1263  0.8161  0.5246  -0.8705   0.0000   0.0000   0.0000   0.6624
  -1.500   0.3598   0.01532   0.00934  -0.1244  0.8052  0.6657  -0.6755   0.0000   0.0000   0.0000   0.5978
  -1.000   0.4062   0.01533   0.00951  -0.1211  0.7938  0.7708  -0.7088   0.0000   0.0000   0.0000   0.5492
  -0.500   0.4469   0.01522   0.00947  -0.1165  0.7811  0.8511  -0.7441   0.0000   0.0000   0.0000   0.5107
   0.000   0.4864   0.01510   0.00934  -0.1117  0.7703  0.9254  -0.7787   0.0000   0.0000   0.0000   0.4787
   0.500   0.5618   0.01479   0.00890  -0.1153  0.7572  1.0000  -0.8396   0.0000   0.0000   0.0000   0.4536
   1.000   0.6212   0.01487   0.00878  -0.1164  0.7446  1.0000  -0.8920   0.0000   0.0000   0.0000   0.4350
   1.500   0.6808   0.01482   0.00857  -0.1171  0.7311  1.0000  -0.9495   0.0000   0.0000   0.0000   0.4189
   2.000   0.7370   0.01500   0.00866  -0.1173  0.7162  1.0000  -1.0095   0.0000   0.0000   0.0000   0.4055
   2.500   0.7994   0.01477   0.00824  -0.1179  0.7032  1.0000  -1.0761   0.0000   0.0000   0.0000   0.3932
   3.000   0.8522   0.01493   0.00840  -0.1174  0.6851  1.0000  -1.1390   0.0000   0.0000   0.0000   0.3829
   3.500   0.9081   0.01502   0.00844  -0.1172  0.6685  1.0000  -1.2133   0.0000   0.0000   0.0000   0.3736
   4.000   0.9664   0.01489   0.00821  -0.1171  0.6510  1.0000  -1.2934   0.0000   0.0000   0.0000   0.3651
   4.500   1.0215   0.01494   0.00823  -0.1167  0.6316  1.0000  -1.3830   0.0000   0.0000   0.0000   0.3576
   5.000   1.0741   0.01510   0.00840  -0.1160  0.6095  1.0000  -1.4753   0.0000   0.0000   0.0000   0.3507
   5.500   1.1266   0.01528   0.00855  -0.1151  0.5853  1.0000  -1.5947   0.0000   0.0000   0.0000   0.3443
   6.000   1.1781   0.01560   0.00882  -0.1142  0.5598  1.0000  -1.7169   0.0000   0.0000   0.0000   0.3383
   6.500   1.2274   0.01603   0.00921  -0.1129  0.5313  1.0000  -1.8689   0.0000   0.0000   0.0000   0.3327
   7.000   1.2729   0.01662   0.00984  -0.1112  0.5007  1.0000  -2.0281   0.0000   0.0000   0.0000   0.3274
   7.500   1.3164   0.01730   0.01048  -0.1091  0.4677  1.0000  -2.2284   0.0000   0.0000   0.0000   0.3222
   8.000   1.3577   0.01818   0.01126  -0.1068  0.4346  1.0000  -2.4630   0.0000   0.0000   0.0000   0.3172
   8.500   1.3947   0.01917   0.01233  -0.1040  0.4019  1.0000  -2.7508   0.0000   0.0000   0.0000   0.3124
   9.000   1.4255   0.02037   0.01342  -0.1003  0.3667  1.0000  -3.0352   0.0000   0.0000   0.0000   0.3074
   9.500   1.4497   0.02174   0.01479  -0.0958  0.3332  1.0000  -3.3050   0.0000   0.0000   0.0000   0.3023
  10.000   1.4696   0.02339   0.01650  -0.0910  0.3020  1.0000  -3.5740   0.0000   0.0000   0.0000   0.2973
  10.500   1.4823   0.02556   0.01859  -0.0859  0.2702  1.0000  -3.8226   0.0000   0.0000   0.0000   0.2925
  11.000   1.4921   0.02817   0.02122  -0.0813  0.2375  1.0000  -4.0622   0.0000   0.0000   0.0000   0.2881
  11.500   1.4990   0.03134   0.02438  -0.0771  0.2060  1.0000  -4.2913   0.0000   0.0000   0.0000   0.2841
  12.000   1.5010   0.03521   0.02819  -0.0732  0.1773  1.0000  -4.5038   0.0000   0.0000   0.0000   0.2805
  12.500   1.4988   0.03974   0.03264  -0.0696  0.1509  1.0000  -4.7004   0.0000   0.0000   0.0000   0.2772
  13.000   1.4964   0.04461   0.03759  -0.0666  0.1276  1.0000  -4.8919   0.0000   0.0000   0.0000   0.2743
  13.500   1.4888   0.05025   0.04320  -0.0639  0.1079  1.0000  -5.0547   0.0000   0.0000   0.0000   0.2717
  14.000   1.4858   0.05592   0.04904  -0.0622  0.0924  1.0000  -5.2336   0.0000   0.0000   0.0000   0.2696
  14.500   1.4806   0.06209   0.05537  -0.0608  0.0792  1.0000  -5.3909   0.0000   0.0000   0.0000   0.2677
  15.000   1.4690   0.06904   0.06227  -0.0591  0.0677  1.0000  -5.5053   0.0000   0.0000   0.0000   0.2659


