xflr5 v6.59

 Calculated polar for: revR_95_revT

 1 1 Reynolds number fixed          Mach number fixed         

 xtrf =   1.000 (top)        1.000 (bottom)
 Mach =   0.000     Re =     0.495 e 6     Ncrit =   9.000

  alpha     CL        CD       CDp       Cm    Top Xtr Bot Xtr   Cpmin    Chinge    XCp    
 ------- -------- --------- --------- -------- ------- ------- -------- --------- ---------
  -5.000   0.1218   0.01206   0.00561  -0.1497  0.7715  0.0423  -2.3540   0.0000   0.0000   0.0000   1.5087
  -4.500   0.1791   0.01131   0.00478  -0.1502  0.7641  0.0516  -2.0890   0.0000   0.0000   0.0000   1.1070
  -4.000   0.2360   0.01071   0.00420  -0.1506  0.7571  0.0699  -1.8270   0.0000   0.0000   0.0000   0.9001
  -3.500   0.2935   0.01024   0.00376  -0.1510  0.7495  0.0996  -1.5718   0.0000   0.0000   0.0000   0.7728
  -3.000   0.3514   0.00989   0.00352  -0.1516  0.7422  0.1486  -1.3178   0.0000   0.0000   0.0000   0.6871
  -2.500   0.4087   0.00961   0.00340  -0.1521  0.7348  0.2068  -1.0836   0.0000   0.0000   0.0000   0.6259
  -2.000   0.4661   0.00931   0.00327  -0.1526  0.7266  0.2722  -0.8592   0.0000   0.0000   0.0000   0.5796
  -1.500   0.5238   0.00904   0.00314  -0.1530  0.7178  0.3503  -0.8360   0.0000   0.0000   0.0000   0.5432
  -1.000   0.5813   0.00887   0.00317  -0.1535  0.7094  0.4389  -0.8771   0.0000   0.0000   0.0000   0.5141
  -0.500   0.6383   0.00859   0.00318  -0.1538  0.7008  0.5413  -0.9220   0.0000   0.0000   0.0000   0.4902
   0.000   0.6946   0.00838   0.00320  -0.1538  0.6903  0.6578  -0.9672   0.0000   0.0000   0.0000   0.4698
   0.500   0.7495   0.00832   0.00336  -0.1534  0.6810  0.7466  -1.0115   0.0000   0.0000   0.0000   0.4524
   1.000   0.8037   0.00827   0.00341  -0.1528  0.6708  0.8042  -1.0610   0.0000   0.0000   0.0000   0.4371
   1.500   0.8551   0.00827   0.00345  -0.1516  0.6586  0.8608  -1.1148   0.0000   0.0000   0.0000   0.4235
   2.000   0.9019   0.00815   0.00344  -0.1492  0.6458  0.9228  -1.1660   0.0000   0.0000   0.0000   0.4111
   2.500   0.9591   0.00818   0.00342  -0.1495  0.6322  1.0000  -1.2321   0.0000   0.0000   0.0000   0.4008
   3.000   1.0161   0.00835   0.00352  -0.1499  0.6170  1.0000  -1.3007   0.0000   0.0000   0.0000   0.3918
   3.500   1.0717   0.00857   0.00367  -0.1501  0.5990  1.0000  -1.3689   0.0000   0.0000   0.0000   0.3837
   4.000   1.1263   0.00886   0.00387  -0.1500  0.5822  1.0000  -1.4380   0.0000   0.0000   0.0000   0.3762
   4.500   1.1799   0.00918   0.00412  -0.1498  0.5636  1.0000  -1.5194   0.0000   0.0000   0.0000   0.3693
   5.000   1.2321   0.00954   0.00443  -0.1494  0.5417  1.0000  -1.6007   0.0000   0.0000   0.0000   0.3628
   5.500   1.2828   0.00998   0.00480  -0.1487  0.5187  1.0000  -1.6970   0.0000   0.0000   0.0000   0.3568
   6.000   1.3323   0.01047   0.00525  -0.1479  0.4959  1.0000  -1.7979   0.0000   0.0000   0.0000   0.3511
   6.500   1.3787   0.01108   0.00577  -0.1465  0.4681  1.0000  -1.9198   0.0000   0.0000   0.0000   0.3457
   7.000   1.4236   0.01174   0.00637  -0.1449  0.4426  1.0000  -2.0419   0.0000   0.0000   0.0000   0.3404
   7.500   1.4635   0.01258   0.00709  -0.1425  0.4117  1.0000  -2.1814   0.0000   0.0000   0.0000   0.3352
   8.000   1.5001   0.01346   0.00791  -0.1396  0.3851  1.0000  -2.3254   0.0000   0.0000   0.0000   0.3301
   8.500   1.5315   0.01453   0.00890  -0.1359  0.3574  1.0000  -2.4674   0.0000   0.0000   0.0000   0.3250
   9.000   1.5605   0.01577   0.01008  -0.1322  0.3291  1.0000  -2.6528   0.0000   0.0000   0.0000   0.3201
   9.500   1.5871   0.01725   0.01152  -0.1284  0.3036  1.0000  -2.8577   0.0000   0.0000   0.0000   0.3155
  10.000   1.6117   0.01897   0.01321  -0.1247  0.2787  1.0000  -3.1159   0.0000   0.0000   0.0000   0.3111
  10.500   1.6331   0.02103   0.01522  -0.1210  0.2529  1.0000  -3.3705   0.0000   0.0000   0.0000   0.3069
  11.000   1.6515   0.02343   0.01757  -0.1174  0.2263  1.0000  -3.6217   0.0000   0.0000   0.0000   0.3029
  11.500   1.6669   0.02617   0.02026  -0.1137  0.2008  1.0000  -3.8751   0.0000   0.0000   0.0000   0.2991
  12.000   1.6802   0.02919   0.02325  -0.1102  0.1780  1.0000  -4.1264   0.0000   0.0000   0.0000   0.2954
  12.500   1.6898   0.03260   0.02662  -0.1067  0.1557  1.0000  -4.3679   0.0000   0.0000   0.0000   0.2920
  13.000   1.6959   0.03644   0.03043  -0.1032  0.1345  1.0000  -4.5989   0.0000   0.0000   0.0000   0.2887
  13.500   1.6996   0.04071   0.03466  -0.1000  0.1152  1.0000  -4.8230   0.0000   0.0000   0.0000   0.2856
  14.000   1.6999   0.04552   0.03947  -0.0971  0.0981  1.0000  -5.0343   0.0000   0.0000   0.0000   0.2827
  14.500   1.7040   0.05020   0.04421  -0.0948  0.0858  1.0000  -5.2643   0.0000   0.0000   0.0000   0.2802
  15.000   1.7059   0.05529   0.04938  -0.0928  0.0749  1.0000  -5.4848   0.0000   0.0000   0.0000   0.2778
  15.500   1.6998   0.06150   0.05562  -0.0909  0.0644  1.0000  -5.6686   0.0000   0.0000   0.0000   0.2757
  16.000   1.7012   0.06708   0.06134  -0.0897  0.0572  1.0000  -5.8878   0.0000   0.0000   0.0000   0.2738
  16.500   1.6881   0.07460   0.06893  -0.0887  0.0488  1.0000  -6.0376   0.0000   0.0000   0.0000   0.2724
  17.000   1.6841   0.08120   0.07569  -0.0883  0.0437  1.0000  -6.2369   0.0000   0.0000   0.0000   0.2711
  17.500   1.6651   0.09003   0.08463  -0.0884  0.0378  1.0000  -6.3728   0.0000   0.0000   0.0000   0.2705
  18.000   1.6557   0.09773   0.09254  -0.0889  0.0342  1.0000  -6.5659   0.0000   0.0000   0.0000   0.2699
  18.500   1.6402   0.10646   0.10140  -0.0901  0.0307  1.0000  -6.7206   0.0000   0.0000   0.0000   0.2698
  19.000   1.6106   0.11766   0.11277  -0.0925  0.0272  1.0000  -6.7617   0.0000   0.0000   0.0000   0.2711
  19.500   1.6035   0.12554   0.12085  -0.0945  0.0255  1.0000  -6.9552   0.0000   0.0000   0.0000   0.2713
  20.000   1.5895   0.13459   0.13008  -0.0973  0.0236  1.0000  -7.0925   0.0000   0.0000   0.0000   0.2723
  20.500   1.5701   0.14489   0.14052  -0.1013  0.0217  1.0000  -7.1726   0.0000   0.0000   0.0000   0.2743
  21.000   1.5476   0.15590   0.15170  -0.1061  0.0199  1.0000  -7.1984   0.0000   0.0000   0.0000   0.2770
  21.500   1.5424   0.16408   0.16008  -0.1101  0.0190  1.0000  -7.3627   0.0000   0.0000   0.0000   0.2784
  22.000   1.5342   0.17294   0.16912  -0.1149  0.0179  1.0000  -7.4892   0.0000   0.0000   0.0000   0.2805
  22.500   1.5259   0.18194   0.17827  -0.1201  0.0169  1.0000  -7.6063   0.0000   0.0000   0.0000   0.2830
  23.000   1.5179   0.19105   0.18752  -0.1258  0.0160  1.0000  -7.7189   0.0000   0.0000   0.0000   0.2857
  23.500   1.5116   0.19965   0.19622  -0.1313  0.0148  1.0000  -7.8213   0.0000   0.0000   0.0000   0.2882
  24.000   1.5083   0.20797   0.20472  -0.1370  0.0142  1.0000  -7.9452   0.0000   0.0000   0.0000   0.2907
  24.500   1.5057   0.21651   0.21344  -0.1432  0.0137  1.0000  -8.0717   0.0000   0.0000   0.0000   0.2934
  25.000   1.5007   0.22584   0.22297  -0.1501  0.0132  1.0000  -8.1482   0.0000   0.0000   0.0000   0.2968
  25.500   1.4975   0.23482   0.23211  -0.1570  0.0126  1.0000  -8.2328   0.0000   0.0000   0.0000   0.3001
  26.000   1.4915   0.24479   0.24226  -0.1648  0.0122  1.0000  -8.2559   0.0000   0.0000   0.0000   0.3042
  26.500   1.4842   0.25543   0.25307  -0.1733  0.0117  1.0000  -8.2314   0.0000   0.0000   0.0000   0.3090
  27.000   1.4794   0.26554   0.26331  -0.1816  0.0113  1.0000  -8.2197   0.0000   0.0000   0.0000   0.3135
  27.500   1.4670   0.27855   0.27651  -0.1922  0.0109  1.0000  -8.0079   0.0000   0.0000   0.0000   0.3204


