xflr5 v6.59

 Calculated polar for: revR_10_revT

 1 1 Reynolds number fixed          Mach number fixed         

 xtrf =   1.000 (top)        1.000 (bottom)
 Mach =   0.000     Re =     0.445 e 6     Ncrit =   9.000

  alpha     CL        CD       CDp       Cm    Top Xtr Bot Xtr   Cpmin    Chinge    XCp    
 ------- -------- --------- --------- -------- ------- ------- -------- --------- ---------
  -5.000  -0.2239   0.01119   0.00477  -0.0720  0.8794  0.0538  -2.5686   0.0000   0.0000   0.0000  -0.0821
  -4.500  -0.1737   0.01034   0.00386  -0.0709  0.8629  0.0791  -2.2121   0.0000   0.0000   0.0000  -0.1694
  -4.000  -0.1220   0.00971   0.00336  -0.0701  0.8479  0.1289  -1.8450   0.0000   0.0000   0.0000  -0.3379
  -3.500  -0.0700   0.00921   0.00303  -0.0694  0.8328  0.1910  -1.5082   0.0000   0.0000   0.0000  -0.7605
  -3.000  -0.0180   0.00867   0.00273  -0.0687  0.8178  0.2780  -1.2219   0.0000   0.0000   0.0000  -3.6315
  -2.500   0.0333   0.00804   0.00249  -0.0680  0.8032  0.4078  -1.0144   0.0000   0.0000   0.0000   2.3204
  -2.000   0.0843   0.00749   0.00239  -0.0671  0.7892  0.5503  -0.8159   0.0000   0.0000   0.0000   1.0533
  -1.500   0.1355   0.00718   0.00237  -0.0657  0.7736  0.6721  -0.6255   0.0000   0.0000   0.0000   0.7380
  -1.000   0.1880   0.00705   0.00237  -0.0645  0.7574  0.7400  -0.5193   0.0000   0.0000   0.0000   0.5940
  -0.500   0.2411   0.00703   0.00239  -0.0634  0.7417  0.7860  -0.5627   0.0000   0.0000   0.0000   0.5127
   0.000   0.2942   0.00706   0.00237  -0.0623  0.7246  0.8220  -0.6073   0.0000   0.0000   0.0000   0.4606
   0.500   0.3457   0.00705   0.00238  -0.0608  0.7052  0.8549  -0.6581   0.0000   0.0000   0.0000   0.4240
   1.000   0.3966   0.00705   0.00241  -0.0592  0.6859  0.8858  -0.7091   0.0000   0.0000   0.0000   0.3969
   1.500   0.4458   0.00707   0.00242  -0.0573  0.6626  0.9192  -0.7615   0.0000   0.0000   0.0000   0.3755
   2.000   0.5024   0.00712   0.00245  -0.0569  0.6397  0.9502  -0.8279   0.0000   0.0000   0.0000   0.3599
   2.500   0.5749   0.00728   0.00251  -0.0602  0.6116  0.9738  -0.9085   0.0000   0.0000   0.0000   0.3510
   3.000   0.6503   0.00749   0.00262  -0.0645  0.5791  0.9901  -1.0078   0.0000   0.0000   0.0000   0.3450
   3.500   0.7140   0.00773   0.00275  -0.0665  0.5452  1.0000  -1.1178   0.0000   0.0000   0.0000   0.3386
   4.000   0.7526   0.00808   0.00293  -0.0633  0.5113  1.0000  -1.2155   0.0000   0.0000   0.0000   0.3291
   4.500   0.7985   0.00844   0.00320  -0.0614  0.4753  1.0000  -1.3586   0.0000   0.0000   0.0000   0.3214
   5.000   0.8448   0.00892   0.00352  -0.0597  0.4375  1.0000  -1.6190   0.0000   0.0000   0.0000   0.3147
   5.500   0.8924   0.00939   0.00392  -0.0582  0.4011  1.0000  -1.9463   0.0000   0.0000   0.0000   0.3087
   6.000   0.9358   0.01011   0.00438  -0.0562  0.3461  1.0000  -2.2772   0.0000   0.0000   0.0000   0.3030
   6.500   0.9789   0.01088   0.00492  -0.0541  0.2913  1.0000  -2.6212   0.0000   0.0000   0.0000   0.2977
   7.000   1.0216   0.01169   0.00555  -0.0520  0.2460  1.0000  -2.9768   0.0000   0.0000   0.0000   0.2928
   7.500   1.0619   0.01263   0.00631  -0.0497  0.1980  1.0000  -3.3468   0.0000   0.0000   0.0000   0.2880
   8.000   1.0981   0.01378   0.00720  -0.0467  0.1456  1.0000  -3.7207   0.0000   0.0000   0.0000   0.2832
   8.500   1.1320   0.01497   0.00819  -0.0435  0.1054  1.0000  -4.0943   0.0000   0.0000   0.0000   0.2784
   9.000   1.1620   0.01622   0.00928  -0.0396  0.0751  1.0000  -4.4584   0.0000   0.0000   0.0000   0.2734
   9.500   1.1867   0.01738   0.01042  -0.0347  0.0562  1.0000  -4.8035   0.0000   0.0000   0.0000   0.2679
  10.000   1.2083   0.01872   0.01172  -0.0296  0.0408  1.0000  -5.1300   0.0000   0.0000   0.0000   0.2625
  10.500   1.2191   0.02075   0.01368  -0.0236  0.0235  1.0000  -5.3589   0.0000   0.0000   0.0000   0.2566
  11.000   1.2341   0.02271   0.01572  -0.0187  0.0182  1.0000  -5.6055   0.0000   0.0000   0.0000   0.2517
  11.500   1.2372   0.02561   0.01879  -0.0134  0.0154  1.0000  -5.7785   0.0000   0.0000   0.0000   0.2465
  12.000   1.2464   0.02840   0.02180  -0.0095  0.0146  1.0000  -6.0171   0.0000   0.0000   0.0000   0.2426
  12.500   1.2574   0.03134   0.02492  -0.0065  0.0140  1.0000  -6.2814   0.0000   0.0000   0.0000   0.2393
  13.000   1.2640   0.03490   0.02868  -0.0040  0.0135  1.0000  -6.5173   0.0000   0.0000   0.0000   0.2363
  13.500   1.2668   0.03913   0.03311  -0.0020  0.0131  1.0000  -6.7238   0.0000   0.0000   0.0000   0.2339
  14.000   1.2674   0.04395   0.03815  -0.0008  0.0128  1.0000  -6.9115   0.0000   0.0000   0.0000   0.2319
  14.500   1.2662   0.04935   0.04377  -0.0004  0.0125  1.0000  -7.0846   0.0000   0.0000   0.0000   0.2306
  15.000   1.2637   0.05540   0.05004  -0.0007  0.0123  1.0000  -7.2432   0.0000   0.0000   0.0000   0.2299


