xflr5 v6.59

 Calculated polar for: revR_10_revT

 1 1 Reynolds number fixed          Mach number fixed         

 xtrf =   1.000 (top)        1.000 (bottom)
 Mach =   0.000     Re =     0.490 e 6     Ncrit =   9.000

  alpha     CL        CD       CDp       Cm    Top Xtr Bot Xtr   Cpmin    Chinge    XCp    
 ------- -------- --------- --------- -------- ------- ------- -------- --------- ---------
  -5.000  -0.2260   0.01076   0.00440  -0.0713  0.8710  0.0527  -2.5891   0.0000   0.0000   0.0000  -0.0758
  -4.500  -0.1753   0.01006   0.00366  -0.0702  0.8544  0.0742  -2.2209   0.0000   0.0000   0.0000  -0.1618
  -4.000  -0.1234   0.00946   0.00318  -0.0695  0.8400  0.1204  -1.8523   0.0000   0.0000   0.0000  -0.3271
  -3.500  -0.0711   0.00895   0.00283  -0.0689  0.8250  0.1822  -1.5124   0.0000   0.0000   0.0000  -0.7390
  -3.000  -0.0186   0.00846   0.00255  -0.0683  0.8098  0.2592  -1.2243   0.0000   0.0000   0.0000  -3.4800
  -2.500   0.0334   0.00789   0.00233  -0.0677  0.7962  0.3802  -1.0151   0.0000   0.0000   0.0000   2.3012
  -2.000   0.0848   0.00731   0.00218  -0.0669  0.7817  0.5181  -0.8158   0.0000   0.0000   0.0000   1.0462
  -1.500   0.1359   0.00691   0.00216  -0.0657  0.7661  0.6530  -0.6256   0.0000   0.0000   0.0000   0.7362
  -1.000   0.1892   0.00683   0.00214  -0.0647  0.7503  0.7245  -0.5201   0.0000   0.0000   0.0000   0.5928
  -0.500   0.2424   0.00676   0.00217  -0.0637  0.7345  0.7754  -0.5636   0.0000   0.0000   0.0000   0.5123
   0.000   0.2955   0.00675   0.00218  -0.0626  0.7166  0.8107  -0.6082   0.0000   0.0000   0.0000   0.4607
   0.500   0.3483   0.00678   0.00219  -0.0615  0.6982  0.8442  -0.6598   0.0000   0.0000   0.0000   0.4247
   1.000   0.3998   0.00681   0.00221  -0.0601  0.6782  0.8737  -0.7113   0.0000   0.0000   0.0000   0.3979
   1.500   0.4494   0.00684   0.00223  -0.0582  0.6547  0.9058  -0.7641   0.0000   0.0000   0.0000   0.3766
   2.000   0.5003   0.00689   0.00228  -0.0566  0.6319  0.9395  -0.8267   0.0000   0.0000   0.0000   0.3599
   2.500   0.5657   0.00701   0.00235  -0.0584  0.6036  0.9678  -0.9018   0.0000   0.0000   0.0000   0.3495
   3.000   0.6410   0.00722   0.00247  -0.0626  0.5708  0.9859  -1.0003   0.0000   0.0000   0.0000   0.3435
   3.500   0.7152   0.00753   0.00262  -0.0668  0.5347  1.0000  -1.1198   0.0000   0.0000   0.0000   0.3388
   4.000   0.7538   0.00781   0.00280  -0.0636  0.5018  1.0000  -1.2172   0.0000   0.0000   0.0000   0.3293
   5.000   0.8460   0.00865   0.00338  -0.0600  0.4280  1.0000  -1.6263   0.0000   0.0000   0.0000   0.3149
   5.500   0.8925   0.00919   0.00378  -0.0584  0.3870  1.0000  -1.9513   0.0000   0.0000   0.0000   0.3089
   6.000   0.9364   0.00991   0.00424  -0.0564  0.3284  1.0000  -2.2840   0.0000   0.0000   0.0000   0.3032
   6.500   0.9797   0.01070   0.00479  -0.0544  0.2761  1.0000  -2.6292   0.0000   0.0000   0.0000   0.2979
   7.000   1.0233   0.01147   0.00540  -0.0525  0.2326  1.0000  -2.9888   0.0000   0.0000   0.0000   0.2931
   7.500   1.0630   0.01246   0.00617  -0.0500  0.1823  1.0000  -3.3638   0.0000   0.0000   0.0000   0.2883
   8.000   1.0993   0.01362   0.00706  -0.0471  0.1322  1.0000  -3.7391   0.0000   0.0000   0.0000   0.2835
   8.500   1.1343   0.01475   0.00801  -0.0440  0.0955  1.0000  -4.1188   0.0000   0.0000   0.0000   0.2787
   9.000   1.1659   0.01593   0.00909  -0.0403  0.0678  1.0000  -4.4906   0.0000   0.0000   0.0000   0.2739
   9.500   1.1911   0.01707   0.01017  -0.0354  0.0494  1.0000  -4.8380   0.0000   0.0000   0.0000   0.2684
  10.000   1.2119   0.01843   0.01147  -0.0302  0.0341  1.0000  -5.1569   0.0000   0.0000   0.0000   0.2629
  10.500   1.2266   0.02020   0.01322  -0.0246  0.0205  1.0000  -5.4097   0.0000   0.0000   0.0000   0.2573
  11.000   1.2337   0.02258   0.01568  -0.0186  0.0151  1.0000  -5.5988   0.0000   0.0000   0.0000   0.2517
  11.500   1.2517   0.02449   0.01774  -0.0147  0.0142  1.0000  -5.9019   0.0000   0.0000   0.0000   0.2475
  12.000   1.2660   0.02682   0.02026  -0.0111  0.0133  1.0000  -6.1888   0.0000   0.0000   0.0000   0.2437
  12.500   1.2761   0.02969   0.02330  -0.0077  0.0127  1.0000  -6.4524   0.0000   0.0000   0.0000   0.2401
  13.000   1.2828   0.03309   0.02689  -0.0049  0.0123  1.0000  -6.6955   0.0000   0.0000   0.0000   0.2370
  13.500   1.2870   0.03703   0.03102  -0.0027  0.0119  1.0000  -6.9257   0.0000   0.0000   0.0000   0.2344
  14.000   1.2885   0.04158   0.03576  -0.0013  0.0116  1.0000  -7.1391   0.0000   0.0000   0.0000   0.2323
  14.500   1.2875   0.04679   0.04117  -0.0006  0.0114  1.0000  -7.3330   0.0000   0.0000   0.0000   0.2308
  15.000   1.2840   0.05276   0.04735  -0.0008  0.0111  1.0000  -7.5024   0.0000   0.0000   0.0000   0.2299


