xflr5 v6.59

 Calculated polar for: revR_70_revT

 1 1 Reynolds number fixed          Mach number fixed         

 xtrf =   1.000 (top)        1.000 (bottom)
 Mach =   0.000     Re =     0.445 e 6     Ncrit =   9.000

  alpha     CL        CD       CDp       Cm    Top Xtr Bot Xtr   Cpmin    Chinge    XCp    
 ------- -------- --------- --------- -------- ------- ------- -------- --------- ---------
  -5.000   0.0165   0.01208   0.00554  -0.1267  0.7978  0.0464  -2.3539   0.0000   0.0000   0.0000   8.1216
  -4.500   0.0723   0.01143   0.00480  -0.1268  0.7898  0.0552  -2.0483   0.0000   0.0000   0.0000   2.0418
  -4.000   0.1284   0.01069   0.00407  -0.1269  0.7807  0.0823  -1.7939   0.0000   0.0000   0.0000   1.2574
  -3.500   0.1850   0.01027   0.00372  -0.1273  0.7722  0.1248  -1.5355   0.0000   0.0000   0.0000   0.9489
  -3.000   0.2412   0.00983   0.00348  -0.1275  0.7636  0.1822  -1.2897   0.0000   0.0000   0.0000   0.7856
  -2.500   0.2980   0.00946   0.00326  -0.1279  0.7547  0.2529  -1.0555   0.0000   0.0000   0.0000   0.6833
  -2.000   0.3545   0.00915   0.00316  -0.1281  0.7450  0.3341  -0.8325   0.0000   0.0000   0.0000   0.6140
  -1.500   0.4108   0.00878   0.00305  -0.1284  0.7350  0.4345  -0.7237   0.0000   0.0000   0.0000   0.5636
  -1.000   0.4675   0.00854   0.00306  -0.1286  0.7255  0.5518  -0.7656   0.0000   0.0000   0.0000   0.5251
  -0.500   0.5220   0.00824   0.00311  -0.1281  0.7149  0.6689  -0.8072   0.0000   0.0000   0.0000   0.4947
   0.000   0.5767   0.00816   0.00314  -0.1275  0.7039  0.7508  -0.8517   0.0000   0.0000   0.0000   0.4696
   0.500   0.6302   0.00814   0.00324  -0.1267  0.6927  0.8055  -0.9005   0.0000   0.0000   0.0000   0.4488
   1.000   0.6827   0.00811   0.00323  -0.1255  0.6802  0.8520  -0.9510   0.0000   0.0000   0.0000   0.4310
   1.500   0.7314   0.00804   0.00326  -0.1235  0.6660  0.9000  -1.0017   0.0000   0.0000   0.0000   0.4155
   2.000   0.7834   0.00797   0.00315  -0.1222  0.6519  0.9694  -1.0614   0.0000   0.0000   0.0000   0.4020
   2.500   0.8450   0.00804   0.00318  -0.1236  0.6353  1.0000  -1.1277   0.0000   0.0000   0.0000   0.3917
   3.000   0.9017   0.00822   0.00328  -0.1240  0.6166  1.0000  -1.1918   0.0000   0.0000   0.0000   0.3823
   3.500   0.9575   0.00846   0.00344  -0.1241  0.5987  1.0000  -1.2674   0.0000   0.0000   0.0000   0.3738
   4.000   1.0120   0.00875   0.00363  -0.1240  0.5777  1.0000  -1.3434   0.0000   0.0000   0.0000   0.3661
   4.500   1.0652   0.00908   0.00388  -0.1237  0.5531  1.0000  -1.4313   0.0000   0.0000   0.0000   0.3591
   5.000   1.1178   0.00947   0.00420  -0.1233  0.5292  1.0000  -1.5255   0.0000   0.0000   0.0000   0.3526
   5.500   1.1688   0.00992   0.00458  -0.1226  0.5011  1.0000  -1.6407   0.0000   0.0000   0.0000   0.3466
   6.000   1.2188   0.01043   0.00504  -0.1218  0.4734  1.0000  -1.7629   0.0000   0.0000   0.0000   0.3410
   6.500   1.2661   0.01107   0.00557  -0.1206  0.4409  1.0000  -1.9067   0.0000   0.0000   0.0000   0.3356
   7.000   1.3113   0.01182   0.00620  -0.1190  0.4093  1.0000  -2.0671   0.0000   0.0000   0.0000   0.3304
   7.500   1.3564   0.01254   0.00689  -0.1176  0.3799  1.0000  -2.2571   0.0000   0.0000   0.0000   0.3256
   8.000   1.3963   0.01349   0.00770  -0.1153  0.3430  1.0000  -2.4767   0.0000   0.0000   0.0000   0.3208
   8.500   1.4322   0.01454   0.00864  -0.1124  0.3125  1.0000  -2.7499   0.0000   0.0000   0.0000   0.3159
   9.000   1.4660   0.01561   0.00967  -0.1093  0.2823  1.0000  -3.0624   0.0000   0.0000   0.0000   0.3112
   9.500   1.4929   0.01707   0.01102  -0.1054  0.2483  1.0000  -3.3610   0.0000   0.0000   0.0000   0.3064
  10.000   1.5167   0.01880   0.01265  -0.1015  0.2182  1.0000  -3.6565   0.0000   0.0000   0.0000   0.3019
  10.500   1.5399   0.02071   0.01451  -0.0979  0.1890  1.0000  -3.9576   0.0000   0.0000   0.0000   0.2978
  11.000   1.5590   0.02305   0.01677  -0.0943  0.1600  1.0000  -4.2489   0.0000   0.0000   0.0000   0.2938
  11.500   1.5728   0.02593   0.01954  -0.0907  0.1323  1.0000  -4.5241   0.0000   0.0000   0.0000   0.2900
  12.000   1.5837   0.02918   0.02273  -0.0871  0.1079  1.0000  -4.7906   0.0000   0.0000   0.0000   0.2864
  12.500   1.5943   0.03262   0.02614  -0.0840  0.0886  1.0000  -5.0594   0.0000   0.0000   0.0000   0.2831
  13.000   1.6035   0.03628   0.02983  -0.0810  0.0742  1.0000  -5.3254   0.0000   0.0000   0.0000   0.2800
  13.500   1.6099   0.04038   0.03401  -0.0784  0.0620  1.0000  -5.5879   0.0000   0.0000   0.0000   0.2771
  14.000   1.6068   0.04561   0.03926  -0.0757  0.0498  1.0000  -5.8017   0.0000   0.0000   0.0000   0.2745
  14.500   1.6128   0.05025   0.04401  -0.0740  0.0432  1.0000  -6.0649   0.0000   0.0000   0.0000   0.2721
  15.000   1.5988   0.05737   0.05122  -0.0722  0.0350  1.0000  -6.2082   0.0000   0.0000   0.0000   0.2703


