xflr5 v6.59

 Calculated polar for: revR_40_revT

 1 1 Reynolds number fixed          Mach number fixed         

 xtrf =   1.000 (top)        1.000 (bottom)
 Mach =   0.000     Re =     0.105 e 6     Ncrit =   9.000

  alpha     CL        CD       CDp       Cm    Top Xtr Bot Xtr   Cpmin    Chinge    XCp    
 ------- -------- --------- --------- -------- ------- ------- -------- --------- ---------
  -5.000  -0.2643   0.02900   0.02101  -0.0826  0.9474  0.0918  -2.6000   0.0000   0.0000   0.0000  -0.0733
  -4.500  -0.2005   0.02586   0.01737  -0.0848  0.9368  0.1041  -2.3601   0.0000   0.0000   0.0000  -0.1860
  -4.000  -0.1268   0.02404   0.01547  -0.0887  0.9262  0.1349  -2.0453   0.0000   0.0000   0.0000  -0.4677
  -3.500  -0.0577   0.02253   0.01416  -0.0919  0.9151  0.1993  -1.7449   0.0000   0.0000   0.0000  -1.3767
  -3.000   0.0124   0.02119   0.01340  -0.0953  0.9028  0.3287  -1.4391   0.0000   0.0000   0.0000   8.0625
  -2.500   0.0764   0.02037   0.01345  -0.0971  0.8909  0.5202  -1.1985   0.0000   0.0000   0.0000   1.5400
  -2.000   0.1332   0.02014   0.01380  -0.0955  0.8779  0.7077  -0.9783   0.0000   0.0000   0.0000   0.9757
  -1.500   0.1676   0.02053   0.01432  -0.0894  0.8615  0.8229  -0.8102   0.0000   0.0000   0.0000   0.7886
  -1.000   0.2202   0.02020   0.01394  -0.0850  0.8506  0.9228  -0.6221   0.0000   0.0000   0.0000   0.6386
  -0.500   0.3227   0.02015   0.01363  -0.0943  0.8359  1.0000  -0.6224   0.0000   0.0000   0.0000   0.5426
   0.000   0.3783   0.02018   0.01341  -0.0949  0.8211  1.0000  -0.6664   0.0000   0.0000   0.0000   0.5004
   0.500   0.4379   0.02019   0.01320  -0.0958  0.8050  1.0000  -0.7169   0.0000   0.0000   0.0000   0.4673
   1.000   0.4903   0.02050   0.01335  -0.0954  0.7859  1.0000  -0.7648   0.0000   0.0000   0.0000   0.4426
   1.500   0.5475   0.02067   0.01339  -0.0954  0.7691  1.0000  -0.8219   0.0000   0.0000   0.0000   0.4216
   2.000   0.6141   0.02024   0.01283  -0.0960  0.7556  1.0000  -0.8902   0.0000   0.0000   0.0000   0.4031
   2.500   0.6666   0.02038   0.01293  -0.0950  0.7350  1.0000  -0.9496   0.0000   0.0000   0.0000   0.3888
   3.000   0.7208   0.02046   0.01298  -0.0941  0.7149  1.0000  -1.0186   0.0000   0.0000   0.0000   0.3763
   3.500   0.7770   0.02037   0.01288  -0.0933  0.6950  1.0000  -1.0939   0.0000   0.0000   0.0000   0.3653
   4.000   0.8348   0.02013   0.01264  -0.0925  0.6747  1.0000  -1.1827   0.0000   0.0000   0.0000   0.3555
   4.500   0.8920   0.01989   0.01239  -0.0917  0.6526  1.0000  -1.2840   0.0000   0.0000   0.0000   0.3469
   5.000   0.9473   0.01978   0.01232  -0.0907  0.6284  1.0000  -1.4010   0.0000   0.0000   0.0000   0.3393
   5.500   1.0011   0.01971   0.01228  -0.0895  0.6009  1.0000  -1.5417   0.0000   0.0000   0.0000   0.3324
   6.000   1.0555   0.01969   0.01224  -0.0883  0.5716  1.0000  -1.7076   0.0000   0.0000   0.0000   0.3260
   6.500   1.1107   0.01977   0.01221  -0.0873  0.5407  1.0000  -1.9641   0.0000   0.0000   0.0000   0.3203
   7.000   1.1555   0.02032   0.01287  -0.0851  0.5034  1.0000  -2.2654   0.0000   0.0000   0.0000   0.3147
   7.500   1.2030   0.02090   0.01338  -0.0832  0.4664  1.0000  -2.5913   0.0000   0.0000   0.0000   0.3096
   8.000   1.2443   0.02171   0.01418  -0.0807  0.4259  1.0000  -2.9079   0.0000   0.0000   0.0000   0.3045
   8.500   1.2810   0.02274   0.01523  -0.0776  0.3837  1.0000  -3.2187   0.0000   0.0000   0.0000   0.2995
   9.000   1.3135   0.02402   0.01651  -0.0741  0.3412  1.0000  -3.5325   0.0000   0.0000   0.0000   0.2946
   9.500   1.3392   0.02560   0.01800  -0.0699  0.2981  1.0000  -3.8311   0.0000   0.0000   0.0000   0.2896
  10.000   1.3534   0.02757   0.01982  -0.0644  0.2546  1.0000  -4.0895   0.0000   0.0000   0.0000   0.2842
  10.500   1.3582   0.03012   0.02233  -0.0584  0.2134  1.0000  -4.3058   0.0000   0.0000   0.0000   0.2788
  11.000   1.3601   0.03346   0.02562  -0.0533  0.1751  1.0000  -4.4999   0.0000   0.0000   0.0000   0.2742
  11.500   1.3607   0.03755   0.02950  -0.0488  0.1439  1.0000  -4.6770   0.0000   0.0000   0.0000   0.2700
  12.000   1.3628   0.04204   0.03395  -0.0451  0.1179  1.0000  -4.8424   0.0000   0.0000   0.0000   0.2663
  12.500   1.3667   0.04680   0.03878  -0.0418  0.0975  1.0000  -4.9999   0.0000   0.0000   0.0000   0.2630
  13.000   1.3654   0.05175   0.04401  -0.0394  0.0838  1.0000  -5.1318   0.0000   0.0000   0.0000   0.2603
  13.500   1.3707   0.05725   0.04971  -0.0368  0.0721  1.0000  -5.2474   0.0000   0.0000   0.0000   0.2574
  14.000   1.3702   0.06282   0.05548  -0.0352  0.0639  1.0000  -5.3567   0.0000   0.0000   0.0000   0.2553
  14.500   1.3695   0.07013   0.06305  -0.0332  0.0573  1.0000  -5.4058   0.0000   0.0000   0.0000   0.2530
  15.000   1.3530   0.07817   0.07162  -0.0330  0.0548  1.0000  -5.4051   0.0000   0.0000   0.0000   0.2522


