xflr5 v6.59

 Calculated polar for: revR_0_revT

 1 1 Reynolds number fixed          Mach number fixed         

 xtrf =   1.000 (top)        1.000 (bottom)
 Mach =   0.000     Re =     0.375 e 6     Ncrit =   9.000

  alpha     CL        CD       CDp       Cm    Top Xtr Bot Xtr   Cpmin    Chinge    XCp    
 ------- -------- --------- --------- -------- ------- ------- -------- --------- ---------
  -5.000  -0.2627   0.01155   0.00498  -0.0637  0.9200  0.0653  -2.7443   0.0000   0.0000   0.0000  -0.0011
  -4.500  -0.2103   0.01074   0.00420  -0.0629  0.9021  0.0972  -2.3490   0.0000   0.0000   0.0000  -0.0586
  -4.000  -0.1602   0.01004   0.00368  -0.0618  0.8836  0.1582  -1.9668   0.0000   0.0000   0.0000  -0.1465
  -3.500  -0.1095   0.00944   0.00330  -0.0609  0.8661  0.2367  -1.5985   0.0000   0.0000   0.0000  -0.3185
  -3.000  -0.0600   0.00874   0.00298  -0.0598  0.8484  0.3563  -1.2686   0.0000   0.0000   0.0000  -0.7656
  -2.500  -0.0110   0.00806   0.00277  -0.0584  0.8314  0.5059  -1.0038   0.0000   0.0000   0.0000  -5.1528
  -2.000   0.0380   0.00759   0.00272  -0.0567  0.8151  0.6478  -0.7993   0.0000   0.0000   0.0000   1.7592
  -1.500   0.0896   0.00747   0.00271  -0.0552  0.7981  0.7244  -0.6208   0.0000   0.0000   0.0000   0.8708
  -1.000   0.1415   0.00745   0.00271  -0.0537  0.7805  0.7783  -0.4805   0.0000   0.0000   0.0000   0.6308
  -0.500   0.1938   0.00745   0.00269  -0.0523  0.7632  0.8161  -0.5233   0.0000   0.0000   0.0000   0.5196
   0.000   0.2453   0.00745   0.00269  -0.0507  0.7442  0.8500  -0.5688   0.0000   0.0000   0.0000   0.4557
   0.500   0.2956   0.00745   0.00268  -0.0489  0.7230  0.8811  -0.6171   0.0000   0.0000   0.0000   0.4135
   1.000   0.3452   0.00747   0.00267  -0.0468  0.7021  0.9125  -0.6680   0.0000   0.0000   0.0000   0.3832
   1.500   0.3989   0.00750   0.00268  -0.0457  0.6774  0.9432  -0.7265   0.0000   0.0000   0.0000   0.3616
   2.000   0.4678   0.00761   0.00271  -0.0480  0.6516  0.9658  -0.7997   0.0000   0.0000   0.0000   0.3494
   2.500   0.5449   0.00777   0.00277  -0.0525  0.6201  0.9804  -0.8893   0.0000   0.0000   0.0000   0.3427
   3.000   0.6231   0.00796   0.00286  -0.0573  0.5848  0.9935  -1.0025   0.0000   0.0000   0.0000   0.3380
   3.500   0.6793   0.00818   0.00296  -0.0580  0.5486  1.0000  -1.1112   0.0000   0.0000   0.0000   0.3309
   4.000   0.7164   0.00851   0.00313  -0.0545  0.5130  1.0000  -1.2325   0.0000   0.0000   0.0000   0.3212
   4.500   0.7597   0.00890   0.00341  -0.0521  0.4734  1.0000  -1.4526   0.0000   0.0000   0.0000   0.3133
   5.000   0.8056   0.00937   0.00375  -0.0503  0.4370  1.0000  -1.7731   0.0000   0.0000   0.0000   0.3066
   5.500   0.8517   0.00991   0.00417  -0.0486  0.3927  1.0000  -2.1114   0.0000   0.0000   0.0000   0.3007
   6.000   0.8975   0.01052   0.00464  -0.0469  0.3484  1.0000  -2.4654   0.0000   0.0000   0.0000   0.2954
   6.500   0.9409   0.01133   0.00523  -0.0449  0.2927  1.0000  -2.8257   0.0000   0.0000   0.0000   0.2903
   7.000   0.9835   0.01222   0.00590  -0.0429  0.2371  1.0000  -3.2024   0.0000   0.0000   0.0000   0.2857
   7.500   1.0244   0.01326   0.00672  -0.0407  0.1846  1.0000  -3.5911   0.0000   0.0000   0.0000   0.2812
   8.000   1.0607   0.01461   0.00776  -0.0380  0.1250  1.0000  -3.9715   0.0000   0.0000   0.0000   0.2767
   9.000   1.1292   0.01733   0.01014  -0.0319  0.0571  1.0000  -4.7293   0.0000   0.0000   0.0000   0.2679
   9.500   1.1590   0.01872   0.01150  -0.0282  0.0384  1.0000  -5.0791   0.0000   0.0000   0.0000   0.2633
  10.000   1.1733   0.02066   0.01339  -0.0222  0.0237  1.0000  -5.3082   0.0000   0.0000   0.0000   0.2572
  10.500   1.1916   0.02245   0.01527  -0.0173  0.0192  1.0000  -5.5769   0.0000   0.0000   0.0000   0.2521
  11.000   1.2007   0.02494   0.01792  -0.0121  0.0172  1.0000  -5.7894   0.0000   0.0000   0.0000   0.2469
  11.500   1.2143   0.02739   0.02058  -0.0082  0.0162  1.0000  -6.0447   0.0000   0.0000   0.0000   0.2428
  12.000   1.2241   0.03040   0.02378  -0.0048  0.0155  1.0000  -6.2793   0.0000   0.0000   0.0000   0.2392
  12.500   1.2315   0.03391   0.02747  -0.0022  0.0149  1.0000  -6.5034   0.0000   0.0000   0.0000   0.2361
  13.000   1.2368   0.03795   0.03170  -0.0002  0.0145  1.0000  -6.7150   0.0000   0.0000   0.0000   0.2336
  13.500   1.2398   0.04256   0.03650   0.0011  0.0142  1.0000  -6.9104   0.0000   0.0000   0.0000   0.2316
  14.000   1.2407   0.04774   0.04188   0.0017  0.0139  1.0000  -7.0859   0.0000   0.0000   0.0000   0.2302
  14.500   1.2397   0.05353   0.04788   0.0016  0.0137  1.0000  -7.2380   0.0000   0.0000   0.0000   0.2293
  15.000   1.2368   0.05996   0.05456   0.0009  0.0136  1.0000  -7.4009   0.0000   0.0000   0.0000   0.2289


