xflr5 v6.59

 Calculated polar for: revR_85_revT

 1 1 Reynolds number fixed          Mach number fixed         

 xtrf =   1.000 (top)        1.000 (bottom)
 Mach =   0.000     Re =     0.435 e 6     Ncrit =   9.000

  alpha     CL        CD       CDp       Cm    Top Xtr Bot Xtr   Cpmin    Chinge    XCp    
 ------- -------- --------- --------- -------- ------- ------- -------- --------- ---------
  -5.000   0.0792   0.01249   0.00597  -0.1407  0.7871  0.0462  -2.3377   0.0000   0.0000   0.0000   2.0701
  -4.500   0.1355   0.01166   0.00503  -0.1409  0.7790  0.0565  -2.0722   0.0000   0.0000   0.0000   1.3124
  -4.000   0.1927   0.01108   0.00443  -0.1413  0.7711  0.0780  -1.8084   0.0000   0.0000   0.0000   0.9971
  -3.500   0.2494   0.01068   0.00408  -0.1416  0.7634  0.1104  -1.5510   0.0000   0.0000   0.0000   0.8270
  -3.000   0.3062   0.01021   0.00379  -0.1420  0.7551  0.1668  -1.3063   0.0000   0.0000   0.0000   0.7199
  -2.500   0.3636   0.00986   0.00359  -0.1425  0.7473  0.2367  -1.0693   0.0000   0.0000   0.0000   0.6459
  -2.000   0.4207   0.00962   0.00351  -0.1429  0.7387  0.3065  -0.8529   0.0000   0.0000   0.0000   0.5921
  -1.500   0.4775   0.00929   0.00340  -0.1432  0.7291  0.3912  -0.7876   0.0000   0.0000   0.0000   0.5511
  -1.000   0.5349   0.00902   0.00335  -0.1436  0.7207  0.4956  -0.8292   0.0000   0.0000   0.0000   0.5186
  -0.500   0.5909   0.00880   0.00344  -0.1437  0.7113  0.6092  -0.8732   0.0000   0.0000   0.0000   0.4924
   0.000   0.6456   0.00860   0.00349  -0.1431  0.7007  0.7146  -0.9184   0.0000   0.0000   0.0000   0.4702
   0.500   0.6998   0.00861   0.00358  -0.1424  0.6902  0.7857  -0.9641   0.0000   0.0000   0.0000   0.4513
   1.000   0.7516   0.00853   0.00363  -0.1412  0.6789  0.8413  -1.0150   0.0000   0.0000   0.0000   0.4350
   1.500   0.8012   0.00852   0.00360  -0.1394  0.6667  0.8937  -1.0651   0.0000   0.0000   0.0000   0.4204
   2.000   0.8531   0.00830   0.00350  -0.1382  0.6530  1.0000  -1.1221   0.0000   0.0000   0.0000   0.4077
   2.500   0.9120   0.00848   0.00354  -0.1390  0.6398  1.0000  -1.1879   0.0000   0.0000   0.0000   0.3975
   3.000   0.9686   0.00862   0.00362  -0.1393  0.6227  1.0000  -1.2529   0.0000   0.0000   0.0000   0.3883
   3.500   1.0244   0.00883   0.00378  -0.1395  0.6054  1.0000  -1.3216   0.0000   0.0000   0.0000   0.3800
   4.000   1.0792   0.00911   0.00397  -0.1394  0.5880  1.0000  -1.3989   0.0000   0.0000   0.0000   0.3724
   4.500   1.1323   0.00945   0.00420  -0.1391  0.5666  1.0000  -1.4768   0.0000   0.0000   0.0000   0.3654
   5.000   1.1844   0.00981   0.00451  -0.1386  0.5437  1.0000  -1.5685   0.0000   0.0000   0.0000   0.3589
   5.500   1.2356   0.01023   0.00489  -0.1380  0.5207  1.0000  -1.6634   0.0000   0.0000   0.0000   0.3529
   6.000   1.2842   0.01077   0.00534  -0.1369  0.4938  1.0000  -1.7807   0.0000   0.0000   0.0000   0.3471
   6.500   1.3316   0.01137   0.00587  -0.1357  0.4676  1.0000  -1.8998   0.0000   0.0000   0.0000   0.3417
   7.000   1.3765   0.01204   0.00648  -0.1341  0.4379  1.0000  -2.0393   0.0000   0.0000   0.0000   0.3365
   7.500   1.4193   0.01279   0.00718  -0.1323  0.4089  1.0000  -2.1891   0.0000   0.0000   0.0000   0.3315
   8.000   1.4592   0.01365   0.00798  -0.1299  0.3812  1.0000  -2.3479   0.0000   0.0000   0.0000   0.3266
   8.500   1.4909   0.01471   0.00895  -0.1263  0.3489  1.0000  -2.5493   0.0000   0.0000   0.0000   0.3214
   9.000   1.5199   0.01595   0.01011  -0.1224  0.3207  1.0000  -2.8068   0.0000   0.0000   0.0000   0.3165
   9.500   1.5463   0.01741   0.01151  -0.1186  0.2938  1.0000  -3.0807   0.0000   0.0000   0.0000   0.3118
  10.000   1.5700   0.01916   0.01320  -0.1148  0.2656  1.0000  -3.3532   0.0000   0.0000   0.0000   0.3073
  10.500   1.5915   0.02121   0.01521  -0.1111  0.2366  1.0000  -3.6332   0.0000   0.0000   0.0000   0.3031
  11.000   1.6090   0.02366   0.01759  -0.1074  0.2077  1.0000  -3.9065   0.0000   0.0000   0.0000   0.2991
  11.500   1.6230   0.02653   0.02037  -0.1037  0.1797  1.0000  -4.1718   0.0000   0.0000   0.0000   0.2953
  12.000   1.6337   0.02978   0.02355  -0.1001  0.1542  1.0000  -4.4282   0.0000   0.0000   0.0000   0.2917
  12.500   1.6421   0.03335   0.02709  -0.0966  0.1314  1.0000  -4.6793   0.0000   0.0000   0.0000   0.2883
  13.000   1.6487   0.03721   0.03093  -0.0934  0.1120  1.0000  -4.9261   0.0000   0.0000   0.0000   0.2851
  13.500   1.6558   0.04124   0.03500  -0.0906  0.0962  1.0000  -5.1772   0.0000   0.0000   0.0000   0.2821
  14.000   1.6586   0.04585   0.03965  -0.0880  0.0824  1.0000  -5.4105   0.0000   0.0000   0.0000   0.2794
  14.500   1.6565   0.05127   0.04508  -0.0857  0.0695  1.0000  -5.6212   0.0000   0.0000   0.0000   0.2770
  15.000   1.6607   0.05622   0.05016  -0.0840  0.0609  1.0000  -5.8627   0.0000   0.0000   0.0000   0.2747


