xflr5 v6.59

 Calculated polar for: revR_55_revT

 1 1 Reynolds number fixed          Mach number fixed         

 xtrf =   1.000 (top)        1.000 (bottom)
 Mach =   0.000     Re =     0.185 e 6     Ncrit =   9.000

  alpha     CL        CD       CDp       Cm    Top Xtr Bot Xtr   Cpmin    Chinge    XCp    
 ------- -------- --------- --------- -------- ------- ------- -------- --------- ---------
  -5.000  -0.0472   0.01845   0.01104  -0.1185  0.8819  0.0747  -2.3136   0.0000   0.0000   0.0000  -2.3229
  -4.500   0.0120   0.01697   0.00943  -0.1189  0.8738  0.0944  -2.0110   0.0000   0.0000   0.0000  10.3486
  -4.000   0.0607   0.01619   0.00870  -0.1179  0.8607  0.1306  -1.7347   0.0000   0.0000   0.0000   2.2319
  -3.500   0.1179   0.01520   0.00792  -0.1181  0.8513  0.2050  -1.4970   0.0000   0.0000   0.0000   1.2691
  -3.000   0.1686   0.01466   0.00773  -0.1177  0.8387  0.2989  -1.2757   0.0000   0.0000   0.0000   0.9577
  -2.500   0.2239   0.01399   0.00743  -0.1175  0.8285  0.4203  -1.0476   0.0000   0.0000   0.0000   0.7805
  -2.000   0.2747   0.01364   0.00753  -0.1164  0.8167  0.5564  -0.8476   0.0000   0.0000   0.0000   0.6774
  -1.500   0.3249   0.01331   0.00756  -0.1141  0.8052  0.6932  -0.6555   0.0000   0.0000   0.0000   0.6034
  -1.000   0.3713   0.01336   0.00773  -0.1112  0.7924  0.7815  -0.6781   0.0000   0.0000   0.0000   0.5502
  -0.500   0.4165   0.01326   0.00765  -0.1075  0.7809  0.8505  -0.7147   0.0000   0.0000   0.0000   0.5081
   0.000   0.4552   0.01320   0.00762  -0.1027  0.7676  0.9140  -0.7505   0.0000   0.0000   0.0000   0.4746
   0.500   0.5299   0.01279   0.00708  -0.1054  0.7558  0.9806  -0.8106   0.0000   0.0000   0.0000   0.4471
   1.000   0.5911   0.01286   0.00702  -0.1071  0.7404  1.0000  -0.8637   0.0000   0.0000   0.0000   0.4289
   1.500   0.6523   0.01283   0.00676  -0.1081  0.7287  1.0000  -0.9245   0.0000   0.0000   0.0000   0.4127
   2.000   0.7064   0.01291   0.00678  -0.1080  0.7109  1.0000  -0.9823   0.0000   0.0000   0.0000   0.3993
   2.500   0.7624   0.01301   0.00679  -0.1080  0.6944  1.0000  -1.0463   0.0000   0.0000   0.0000   0.3875
   3.000   0.8209   0.01302   0.00666  -0.1082  0.6787  1.0000  -1.1167   0.0000   0.0000   0.0000   0.3770
   3.500   0.8758   0.01305   0.00664  -0.1078  0.6590  1.0000  -1.1911   0.0000   0.0000   0.0000   0.3678
   4.000   0.9297   0.01318   0.00676  -0.1073  0.6381  1.0000  -1.2718   0.0000   0.0000   0.0000   0.3596
   4.500   0.9833   0.01333   0.00689  -0.1067  0.6158  1.0000  -1.3614   0.0000   0.0000   0.0000   0.3521
   5.000   1.0363   0.01355   0.00707  -0.1061  0.5915  1.0000  -1.4711   0.0000   0.0000   0.0000   0.3453
   5.500   1.0884   0.01384   0.00730  -0.1052  0.5650  1.0000  -1.5874   0.0000   0.0000   0.0000   0.3390
   6.000   1.1391   0.01428   0.00764  -0.1042  0.5364  1.0000  -1.7365   0.0000   0.0000   0.0000   0.3332
   6.500   1.1864   0.01481   0.00821  -0.1028  0.5048  1.0000  -1.8924   0.0000   0.0000   0.0000   0.3276
   7.000   1.2320   0.01545   0.00879  -0.1010  0.4704  1.0000  -2.0967   0.0000   0.0000   0.0000   0.3224
   7.500   1.2758   0.01626   0.00953  -0.0992  0.4371  1.0000  -2.3811   0.0000   0.0000   0.0000   0.3174
   8.000   1.3160   0.01715   0.01040  -0.0968  0.4010  1.0000  -2.6782   0.0000   0.0000   0.0000   0.3125
   8.500   1.3518   0.01824   0.01144  -0.0939  0.3639  1.0000  -2.9822   0.0000   0.0000   0.0000   0.3076
   9.000   1.3844   0.01945   0.01264  -0.0906  0.3288  1.0000  -3.2860   0.0000   0.0000   0.0000   0.3028
   9.500   1.4084   0.02093   0.01404  -0.0861  0.2943  1.0000  -3.5683   0.0000   0.0000   0.0000   0.2978
  10.000   1.4266   0.02272   0.01579  -0.0813  0.2572  1.0000  -3.8353   0.0000   0.0000   0.0000   0.2928
  10.500   1.4407   0.02502   0.01808  -0.0768  0.2227  1.0000  -4.0895   0.0000   0.0000   0.0000   0.2883
  11.000   1.4526   0.02777   0.02080  -0.0727  0.1890  1.0000  -4.3361   0.0000   0.0000   0.0000   0.2841
  11.500   1.4565   0.03140   0.02431  -0.0686  0.1575  1.0000  -4.5496   0.0000   0.0000   0.0000   0.2803
  12.000   1.4623   0.03524   0.02817  -0.0653  0.1288  1.0000  -4.7676   0.0000   0.0000   0.0000   0.2769
  12.500   1.4627   0.03977   0.03269  -0.0622  0.1056  1.0000  -4.9582   0.0000   0.0000   0.0000   0.2738
  13.000   1.4594   0.04492   0.03786  -0.0594  0.0875  1.0000  -5.1348   0.0000   0.0000   0.0000   0.2711
  13.500   1.4486   0.05106   0.04396  -0.0569  0.0728  1.0000  -5.2682   0.0000   0.0000   0.0000   0.2686
  14.000   1.4510   0.05634   0.04949  -0.0557  0.0625  1.0000  -5.4609   0.0000   0.0000   0.0000   0.2667
  14.500   1.4378   0.06340   0.05661  -0.0540  0.0538  1.0000  -5.5533   0.0000   0.0000   0.0000   0.2649
  15.000   1.4380   0.06951   0.06306  -0.0535  0.0482  1.0000  -5.7069   0.0000   0.0000   0.0000   0.2635


