xflr5 v6.59

 Calculated polar for: revR_35_revT

 1 1 Reynolds number fixed          Mach number fixed         

 xtrf =   1.000 (top)        1.000 (bottom)
 Mach =   0.000     Re =     0.455 e 6     Ncrit =   9.000

  alpha     CL        CD       CDp       Cm    Top Xtr Bot Xtr   Cpmin    Chinge    XCp    
 ------- -------- --------- --------- -------- ------- ------- -------- --------- ---------
  -5.000  -0.1304   0.01137   0.00494  -0.0935  0.8350  0.0517  -2.5163   0.0000   0.0000   0.0000  -0.4867
  -4.500  -0.0761   0.01064   0.00410  -0.0932  0.8233  0.0693  -2.1624   0.0000   0.0000   0.0000  -1.0047
  -4.000  -0.0214   0.01007   0.00357  -0.0931  0.8117  0.1022  -1.8193   0.0000   0.0000   0.0000  -4.1981
  -3.500   0.0337   0.00958   0.00322  -0.0931  0.8006  0.1605  -1.4940   0.0000   0.0000   0.0000   3.0574
  -3.000   0.0886   0.00908   0.00296  -0.0931  0.7894  0.2337  -1.2496   0.0000   0.0000   0.0000   1.3155
  -2.500   0.1436   0.00865   0.00274  -0.0930  0.7772  0.3270  -1.0286   0.0000   0.0000   0.0000   0.9050
  -2.000   0.1984   0.00818   0.00260  -0.0930  0.7659  0.4332  -0.8179   0.0000   0.0000   0.0000   0.7223
  -1.500   0.2523   0.00774   0.00254  -0.0926  0.7538  0.5789  -0.6227   0.0000   0.0000   0.0000   0.6186
  -1.000   0.3060   0.00746   0.00255  -0.0919  0.7407  0.6814  -0.6188   0.0000   0.0000   0.0000   0.5506
  -0.500   0.3601   0.00742   0.00258  -0.0910  0.7275  0.7528  -0.6610   0.0000   0.0000   0.0000   0.5022
   0.000   0.4141   0.00738   0.00261  -0.0902  0.7140  0.7997  -0.7063   0.0000   0.0000   0.0000   0.4665
   0.500   0.4671   0.00736   0.00264  -0.0891  0.6986  0.8362  -0.7549   0.0000   0.0000   0.0000   0.4389
   1.000   0.5189   0.00740   0.00264  -0.0878  0.6825  0.8741  -0.8059   0.0000   0.0000   0.0000   0.4166
   1.500   0.5683   0.00734   0.00265  -0.0859  0.6648  0.9105  -0.8616   0.0000   0.0000   0.0000   0.3980
   2.000   0.6203   0.00731   0.00263  -0.0845  0.6455  0.9544  -0.9198   0.0000   0.0000   0.0000   0.3827
   2.500   0.6918   0.00737   0.00261  -0.0879  0.6226  1.0000  -0.9954   0.0000   0.0000   0.0000   0.3730
   3.000   0.7472   0.00758   0.00272  -0.0881  0.6000  1.0000  -1.0692   0.0000   0.0000   0.0000   0.3633
   3.500   0.8017   0.00784   0.00287  -0.0880  0.5731  1.0000  -1.1482   0.0000   0.0000   0.0000   0.3547
   4.000   0.8553   0.00817   0.00308  -0.0877  0.5442  1.0000  -1.2396   0.0000   0.0000   0.0000   0.3469
   4.500   0.9084   0.00856   0.00336  -0.0873  0.5145  1.0000  -1.3475   0.0000   0.0000   0.0000   0.3400
   5.000   0.9609   0.00897   0.00370  -0.0868  0.4814  1.0000  -1.4796   0.0000   0.0000   0.0000   0.3337
   6.000   1.0626   0.01005   0.00456  -0.0855  0.4112  1.0000  -1.9074   0.0000   0.0000   0.0000   0.3226
   6.500   1.1107   0.01077   0.00511  -0.0845  0.3672  1.0000  -2.2277   0.0000   0.0000   0.0000   0.3176
   7.000   1.1575   0.01159   0.00575  -0.0833  0.3227  1.0000  -2.5698   0.0000   0.0000   0.0000   0.3129
   7.500   1.2017   0.01259   0.00652  -0.0818  0.2703  1.0000  -2.9222   0.0000   0.0000   0.0000   0.3084
   8.000   1.2450   0.01362   0.00738  -0.0803  0.2286  1.0000  -3.2851   0.0000   0.0000   0.0000   0.3041
   8.500   1.2858   0.01478   0.00837  -0.0784  0.1882  1.0000  -3.6512   0.0000   0.0000   0.0000   0.2999
   9.000   1.3234   0.01609   0.00952  -0.0761  0.1476  1.0000  -4.0163   0.0000   0.0000   0.0000   0.2957
   9.500   1.3544   0.01762   0.01085  -0.0729  0.1092  1.0000  -4.3643   0.0000   0.0000   0.0000   0.2913
  10.000   1.3815   0.01929   0.01240  -0.0694  0.0820  1.0000  -4.7021   0.0000   0.0000   0.0000   0.2869
  10.500   1.4063   0.02112   0.01417  -0.0658  0.0620  1.0000  -5.0337   0.0000   0.0000   0.0000   0.2828
  11.000   1.4294   0.02316   0.01622  -0.0625  0.0480  1.0000  -5.3582   0.0000   0.0000   0.0000   0.2789
  11.500   1.4494   0.02557   0.01872  -0.0594  0.0361  1.0000  -5.6595   0.0000   0.0000   0.0000   0.2752
  12.000   1.4592   0.02898   0.02218  -0.0558  0.0256  1.0000  -5.8777   0.0000   0.0000   0.0000   0.2716
  12.500   1.4681   0.03269   0.02597  -0.0529  0.0207  1.0000  -6.0887   0.0000   0.0000   0.0000   0.2685
  13.000   1.4580   0.03846   0.03201  -0.0495  0.0176  1.0000  -6.1544   0.0000   0.0000   0.0000   0.2655
  13.500   1.4563   0.04372   0.03752  -0.0475  0.0169  1.0000  -6.3066   0.0000   0.0000   0.0000   0.2631
  14.000   1.4593   0.04874   0.04276  -0.0461  0.0164  1.0000  -6.5031   0.0000   0.0000   0.0000   0.2611
  14.500   1.4577   0.05461   0.04886  -0.0453  0.0159  1.0000  -6.6687   0.0000   0.0000   0.0000   0.2596
  15.000   1.4539   0.06109   0.05556  -0.0451  0.0154  1.0000  -6.8182   0.0000   0.0000   0.0000   0.2585


