xflr5 v6.59

 Calculated polar for: revR_90_revT

 1 1 Reynolds number fixed          Mach number fixed         

 xtrf =   1.000 (top)        1.000 (bottom)
 Mach =   0.000     Re =     0.440 e 6     Ncrit =   9.000

  alpha     CL        CD       CDp       Cm    Top Xtr Bot Xtr   Cpmin    Chinge    XCp    
 ------- -------- --------- --------- -------- ------- ------- -------- --------- ---------
  -5.000   0.1004   0.01275   0.00620  -0.1452  0.7821  0.0446  -2.3331   0.0000   0.0000   0.0000   1.7319
  -4.500   0.1567   0.01176   0.00516  -0.1456  0.7748  0.0550  -2.0720   0.0000   0.0000   0.0000   1.1990
  -4.000   0.2141   0.01119   0.00452  -0.1460  0.7669  0.0740  -1.8138   0.0000   0.0000   0.0000   0.9446
  -3.500   0.2709   0.01068   0.00411  -0.1464  0.7593  0.1087  -1.5607   0.0000   0.0000   0.0000   0.7991
  -3.000   0.3280   0.01027   0.00386  -0.1469  0.7517  0.1616  -1.3131   0.0000   0.0000   0.0000   0.7036
  -2.500   0.3855   0.00993   0.00364  -0.1473  0.7438  0.2253  -1.0771   0.0000   0.0000   0.0000   0.6360
  -2.000   0.4429   0.00971   0.00358  -0.1478  0.7355  0.2943  -0.8575   0.0000   0.0000   0.0000   0.5860
  -1.500   0.4998   0.00939   0.00347  -0.1481  0.7264  0.3771  -0.8115   0.0000   0.0000   0.0000   0.5475
  -1.000   0.5572   0.00911   0.00339  -0.1485  0.7175  0.4732  -0.8536   0.0000   0.0000   0.0000   0.5166
  -0.500   0.6138   0.00891   0.00350  -0.1487  0.7089  0.5923  -0.8979   0.0000   0.0000   0.0000   0.4915
   0.000   0.6686   0.00868   0.00355  -0.1483  0.6982  0.6990  -0.9419   0.0000   0.0000   0.0000   0.4702
   0.500   0.7233   0.00867   0.00361  -0.1477  0.6878  0.7766  -0.9861   0.0000   0.0000   0.0000   0.4519
   1.000   0.7760   0.00864   0.00371  -0.1468  0.6781  0.8285  -1.0357   0.0000   0.0000   0.0000   0.4361
   1.500   0.8249   0.00854   0.00367  -0.1448  0.6658  0.8870  -1.0876   0.0000   0.0000   0.0000   0.4219
   2.000   0.8749   0.00840   0.00361  -0.1431  0.6530  0.9754  -1.1406   0.0000   0.0000   0.0000   0.4093
   2.500   0.9344   0.00852   0.00359  -0.1441  0.6387  1.0000  -1.2088   0.0000   0.0000   0.0000   0.3992
   3.000   0.9913   0.00869   0.00373  -0.1445  0.6241  1.0000  -1.2771   0.0000   0.0000   0.0000   0.3902
   3.500   1.0468   0.00891   0.00384  -0.1446  0.6060  1.0000  -1.3453   0.0000   0.0000   0.0000   0.3819
   4.000   1.1014   0.00918   0.00402  -0.1445  0.5878  1.0000  -1.4163   0.0000   0.0000   0.0000   0.3743
   4.500   1.1554   0.00946   0.00429  -0.1444  0.5695  1.0000  -1.4983   0.0000   0.0000   0.0000   0.3674
   5.000   1.2076   0.00983   0.00460  -0.1439  0.5479  1.0000  -1.5810   0.0000   0.0000   0.0000   0.3609
   5.500   1.2582   0.01027   0.00496  -0.1432  0.5238  1.0000  -1.6791   0.0000   0.0000   0.0000   0.3548
   6.000   1.3076   0.01077   0.00541  -0.1423  0.5006  1.0000  -1.7845   0.0000   0.0000   0.0000   0.3491
   6.500   1.3544   0.01136   0.00593  -0.1410  0.4729  1.0000  -1.9087   0.0000   0.0000   0.0000   0.3437
   7.000   1.3996   0.01202   0.00653  -0.1394  0.4465  1.0000  -2.0378   0.0000   0.0000   0.0000   0.3385
   7.500   1.4406   0.01283   0.00724  -0.1372  0.4157  1.0000  -2.1884   0.0000   0.0000   0.0000   0.3333
   8.000   1.4781   0.01373   0.00806  -0.1345  0.3873  1.0000  -2.3364   0.0000   0.0000   0.0000   0.3283
   8.500   1.5092   0.01481   0.00906  -0.1307  0.3585  1.0000  -2.4943   0.0000   0.0000   0.0000   0.3231
   9.000   1.5373   0.01608   0.01026  -0.1268  0.3294  1.0000  -2.7012   0.0000   0.0000   0.0000   0.3182
   9.500   1.5641   0.01753   0.01167  -0.1230  0.3034  1.0000  -2.9672   0.0000   0.0000   0.0000   0.3135
  10.000   1.5889   0.01923   0.01336  -0.1194  0.2782  1.0000  -3.2342   0.0000   0.0000   0.0000   0.3091
  10.500   1.6100   0.02131   0.01538  -0.1157  0.2512  1.0000  -3.5000   0.0000   0.0000   0.0000   0.3049
  11.000   1.6276   0.02375   0.01777  -0.1120  0.2227  1.0000  -3.7647   0.0000   0.0000   0.0000   0.3009
  11.500   1.6424   0.02656   0.02051  -0.1083  0.1961  1.0000  -4.0243   0.0000   0.0000   0.0000   0.2971
  12.000   1.6540   0.02972   0.02363  -0.1047  0.1706  1.0000  -4.2768   0.0000   0.0000   0.0000   0.2935
  12.500   1.6623   0.03328   0.02714  -0.1012  0.1474  1.0000  -4.5201   0.0000   0.0000   0.0000   0.2900
  13.000   1.6684   0.03715   0.03099  -0.0979  0.1265  1.0000  -4.7575   0.0000   0.0000   0.0000   0.2868
  13.500   1.6731   0.04139   0.03522  -0.0949  0.1085  1.0000  -4.9916   0.0000   0.0000   0.0000   0.2838
  14.000   1.6749   0.04609   0.03995  -0.0922  0.0936  1.0000  -5.2141   0.0000   0.0000   0.0000   0.2810
  14.500   1.6747   0.05129   0.04518  -0.0898  0.0801  1.0000  -5.4285   0.0000   0.0000   0.0000   0.2785
  15.000   1.6774   0.05638   0.05037  -0.0880  0.0701  1.0000  -5.6572   0.0000   0.0000   0.0000   0.2762


