xflr5 v6.59

 Calculated polar for: revR_65_revT

 1 1 Reynolds number fixed          Mach number fixed         

 xtrf =   1.000 (top)        1.000 (bottom)
 Mach =   0.000     Re =     0.030 e 6     Ncrit =   9.000

  alpha     CL        CD       CDp       Cm    Top Xtr Bot Xtr   Cpmin    Chinge    XCp    
 ------- -------- --------- --------- -------- ------- ------- -------- --------- ---------
  -4.500  -0.4478   0.07609   0.06881  -0.0245  1.0000  0.2736  -1.8669   0.0000   0.0000   0.0000   0.1900
  -4.000  -0.3950   0.06297   0.05492  -0.0414  1.0000  0.2411  -1.9554   0.0000   0.0000   0.0000   0.1395
  -3.500  -0.3415   0.05519   0.04657  -0.0495  1.0000  0.2535  -1.8996   0.0000   0.0000   0.0000   0.0991
  -3.000  -0.2676   0.04795   0.03809  -0.0598  1.0000  0.2693  -1.8412   0.0000   0.0000   0.0000   0.0192
  -2.500  -0.2161   0.04461   0.03449  -0.0616  1.0000  0.3139  -1.7048   0.0000   0.0000   0.0000  -0.0433
  -2.000  -0.1602   0.04200   0.03162  -0.0633  1.0000  0.3867  -1.5826   0.0000   0.0000   0.0000  -0.1551
  -1.500  -0.1110   0.04031   0.03018  -0.0620  1.0000  0.5144  -1.4547   0.0000   0.0000   0.0000  -0.3205
  -1.000  -0.0863   0.03920   0.02985  -0.0532  1.0000  0.7020  -1.3436   0.0000   0.0000   0.0000  -0.3801
  -0.500  -0.0590   0.03651   0.02715  -0.0512  1.0000  1.0000  -1.2516   0.0000   0.0000   0.0000  -0.6342
   0.000   0.0015   0.03847   0.02782  -0.0576  1.0000  1.0000  -1.0547   0.0000   0.0000   0.0000  38.0025
   0.500   0.0476   0.04056   0.02918  -0.0602  1.0000  1.0000  -0.8787   0.0000   0.0000   0.0000   1.5210
   1.000   0.0899   0.04287   0.03093  -0.0621  1.0000  1.0000  -0.7288   0.0000   0.0000   0.0000   0.9416
   1.500   0.1296   0.04538   0.03301  -0.0637  1.0000  1.0000  -0.5871   0.0000   0.0000   0.0000   0.7397
   2.000   0.1673   0.04812   0.03541  -0.0652  1.0000  1.0000  -0.5247   0.0000   0.0000   0.0000   0.6362
   2.500   0.2031   0.05109   0.03811  -0.0666  1.0000  1.0000  -0.5475   0.0000   0.0000   0.0000   0.5733
   3.000   0.2372   0.05430   0.04111  -0.0679  1.0000  1.0000  -0.5701   0.0000   0.0000   0.0000   0.5309
   3.500   0.2699   0.05775   0.04441  -0.0693  1.0000  1.0000  -0.5897   0.0000   0.0000   0.0000   0.5006
   4.000   0.3011   0.06146   0.04802  -0.0707  1.0000  1.0000  -0.6111   0.0000   0.0000   0.0000   0.4780
   4.500   0.3310   0.06541   0.05192  -0.0721  1.0000  1.0000  -0.6308   0.0000   0.0000   0.0000   0.4606
   5.000   0.3594   0.06963   0.05611  -0.0736  1.0000  1.0000  -0.6525   0.0000   0.0000   0.0000   0.4469
   5.500   0.3867   0.07411   0.06060  -0.0752  1.0000  1.0000  -0.6708   0.0000   0.0000   0.0000   0.4359
   6.000   0.4130   0.07886   0.06540  -0.0768  1.0000  1.0000  -0.6920   0.0000   0.0000   0.0000   0.4269
   6.500   0.4671   0.08608   0.07273  -0.0844  0.9755  1.0000  -0.7332   0.0000   0.0000   0.0000   0.4213
   7.000   0.5179   0.09327   0.08006  -0.0909  0.9347  1.0000  -0.7787   0.0000   0.0000   0.0000   0.4157
   7.500   0.5739   0.10164   0.08860  -0.0978  0.8997  1.0000  -0.8305   0.0000   0.0000   0.0000   0.4101
   8.000   0.5958   0.10655   0.09367  -0.0985  0.8642  1.0000  -0.8572   0.0000   0.0000   0.0000   0.4045
   8.500   0.6287   0.11292   0.10022  -0.1010  0.8317  1.0000  -0.8989   0.0000   0.0000   0.0000   0.3994
   9.000   0.6813   0.12270   0.11023  -0.1065  0.7998  1.0000  -0.9667   0.0000   0.0000   0.0000   0.3946
   9.500   0.6993   0.12850   0.11622  -0.1070  0.7739  1.0000  -0.9915   0.0000   0.0000   0.0000   0.3908
  10.000   0.7064   0.13242   0.12032  -0.1059  0.7435  1.0000  -1.0126   0.0000   0.0000   0.0000   0.3871
  10.500   0.7267   0.13881   0.12691  -0.1071  0.7176  1.0000  -1.0464   0.0000   0.0000   0.0000   0.3840
  11.000   0.7527   0.14552   0.13386  -0.1086  0.6847  1.0000  -1.1012   0.0000   0.0000   0.0000   0.3804
  11.500   0.7700   0.15215   0.14070  -0.1099  0.6617  1.0000  -1.1365   0.0000   0.0000   0.0000   0.3782
  12.000   0.8179   0.16402   0.15286  -0.1138  0.6294  1.0000  -1.2255   0.0000   0.0000   0.0000   0.3741
  12.500   0.8307   0.17009   0.15916  -0.1146  0.6062  1.0000  -1.2666   0.0000   0.0000   0.0000   0.3723
  13.000   0.8404   0.17559   0.16482  -0.1151  0.5796  1.0000  -1.3044   0.0000   0.0000   0.0000   0.3706
  13.500   0.8551   0.18211   0.17155  -0.1164  0.5548  1.0000  -1.3454   0.0000   0.0000   0.0000   0.3691
  14.000   0.8779   0.19091   0.18057  -0.1185  0.5318  1.0000  -1.4125   0.0000   0.0000   0.0000   0.3673
  14.500   0.8824   0.19421   0.18400  -0.1193  0.5030  1.0000  -1.4415   0.0000   0.0000   0.0000   0.3667
  15.000   0.9063   0.20370   0.19370  -0.1217  0.4821  1.0000  -1.5228   0.0000   0.0000   0.0000   0.3650


