xflr5 v6.59

 Calculated polar for: revR_10_revT

 1 1 Reynolds number fixed          Mach number fixed         

 xtrf =   1.000 (top)        1.000 (bottom)
 Mach =   0.000     Re =     0.360 e 6     Ncrit =   9.000

  alpha     CL        CD       CDp       Cm    Top Xtr Bot Xtr   Cpmin    Chinge    XCp    
 ------- -------- --------- --------- -------- ------- ------- -------- --------- ---------
  -5.000  -0.2207   0.01184   0.00523  -0.0735  0.8987  0.0628  -2.5499   0.0000   0.0000   0.0000  -0.0936
  -4.500  -0.1704   0.01104   0.00443  -0.0724  0.8818  0.0900  -2.1902   0.0000   0.0000   0.0000  -0.1864
  -4.000  -0.1188   0.01040   0.00389  -0.0715  0.8664  0.1435  -1.8277   0.0000   0.0000   0.0000  -0.3664
  -3.500  -0.0676   0.00981   0.00351  -0.0707  0.8510  0.2168  -1.4980   0.0000   0.0000   0.0000  -0.8165
  -3.000  -0.0172   0.00916   0.00322  -0.0698  0.8356  0.3269  -1.2176   0.0000   0.0000   0.0000  -3.8862
  -2.500   0.0333   0.00854   0.00298  -0.0688  0.8203  0.4629  -1.0121   0.0000   0.0000   0.0000   2.3398
  -2.000   0.0824   0.00797   0.00293  -0.0672  0.8056  0.6166  -0.8171   0.0000   0.0000   0.0000   1.0738
  -1.500   0.1339   0.00782   0.00295  -0.0658  0.7905  0.7071  -0.6263   0.0000   0.0000   0.0000   0.7442
  -1.000   0.1860   0.00779   0.00295  -0.0642  0.7745  0.7711  -0.5176   0.0000   0.0000   0.0000   0.5963
  -0.500   0.2376   0.00774   0.00294  -0.0627  0.7575  0.8106  -0.5603   0.0000   0.0000   0.0000   0.5136
   0.000   0.2892   0.00775   0.00295  -0.0612  0.7412  0.8476  -0.6037   0.0000   0.0000   0.0000   0.4604
   0.500   0.3391   0.00774   0.00292  -0.0592  0.7224  0.8804  -0.6537   0.0000   0.0000   0.0000   0.4226
   1.000   0.3887   0.00776   0.00289  -0.0571  0.7034  0.9141  -0.7040   0.0000   0.0000   0.0000   0.3945
   1.500   0.4445   0.00776   0.00287  -0.0564  0.6815  0.9465  -0.7602   0.0000   0.0000   0.0000   0.3740
   2.000   0.5170   0.00785   0.00288  -0.0596  0.6569  0.9695  -0.8375   0.0000   0.0000   0.0000   0.3620
   2.500   0.5968   0.00799   0.00293  -0.0646  0.6302  0.9855  -0.9245   0.0000   0.0000   0.0000   0.3545
   3.000   0.6771   0.00812   0.00299  -0.0700  0.5963  0.9995  -1.0296   0.0000   0.0000   0.0000   0.3492
   3.500   0.7112   0.00831   0.00308  -0.0660  0.5673  1.0000  -1.1135   0.0000   0.0000   0.0000   0.3383
   4.000   0.7521   0.00865   0.00326  -0.0632  0.5338  1.0000  -1.2135   0.0000   0.0000   0.0000   0.3290
   4.500   0.7979   0.00902   0.00354  -0.0612  0.4990  1.0000  -1.3556   0.0000   0.0000   0.0000   0.3213
   5.000   0.8437   0.00949   0.00387  -0.0594  0.4594  1.0000  -1.6067   0.0000   0.0000   0.0000   0.3144
   5.500   0.8907   0.00998   0.00429  -0.0578  0.4237  1.0000  -1.9302   0.0000   0.0000   0.0000   0.3083
   6.000   0.9358   0.01058   0.00474  -0.0559  0.3808  1.0000  -2.2645   0.0000   0.0000   0.0000   0.3027
   6.500   0.9786   0.01131   0.00528  -0.0538  0.3303  1.0000  -2.6063   0.0000   0.0000   0.0000   0.2973
   7.000   1.0187   0.01221   0.00593  -0.0513  0.2754  1.0000  -2.9515   0.0000   0.0000   0.0000   0.2921
   7.500   1.0581   0.01316   0.00671  -0.0487  0.2271  1.0000  -3.3054   0.0000   0.0000   0.0000   0.2873
   8.000   1.0942   0.01427   0.00760  -0.0458  0.1757  1.0000  -3.6722   0.0000   0.0000   0.0000   0.2824
   8.500   1.1261   0.01555   0.00865  -0.0422  0.1273  1.0000  -4.0345   0.0000   0.0000   0.0000   0.2775
   9.000   1.1527   0.01693   0.00983  -0.0378  0.0904  1.0000  -4.3804   0.0000   0.0000   0.0000   0.2722
   9.500   1.1746   0.01825   0.01112  -0.0326  0.0674  1.0000  -4.7088   0.0000   0.0000   0.0000   0.2665
  10.000   1.1938   0.01978   0.01260  -0.0274  0.0495  1.0000  -5.0211   0.0000   0.0000   0.0000   0.2610
  10.500   1.2076   0.02173   0.01453  -0.0220  0.0342  1.0000  -5.2833   0.0000   0.0000   0.0000   0.2555
  11.000   1.2082   0.02468   0.01755  -0.0159  0.0228  1.0000  -5.4101   0.0000   0.0000   0.0000   0.2497
  11.500   1.2220   0.02707   0.02013  -0.0120  0.0205  1.0000  -5.6417   0.0000   0.0000   0.0000   0.2455
  12.000   1.2305   0.03007   0.02330  -0.0083  0.0188  1.0000  -5.8569   0.0000   0.0000   0.0000   0.2417
  12.500   1.2366   0.03353   0.02697  -0.0053  0.0177  1.0000  -6.0727   0.0000   0.0000   0.0000   0.2384
  13.000   1.2377   0.03778   0.03139  -0.0029  0.0167  1.0000  -6.2547   0.0000   0.0000   0.0000   0.2355
  13.500   1.2335   0.04295   0.03677  -0.0011  0.0160  1.0000  -6.3859   0.0000   0.0000   0.0000   0.2331
  14.000   1.2265   0.04890   0.04298   0.0000  0.0154  1.0000  -6.4726   0.0000   0.0000   0.0000   0.2312
  14.500   1.2198   0.05546   0.04983   0.0005  0.0150  1.0000  -6.5379   0.0000   0.0000   0.0000   0.2299
  15.000   1.2214   0.06132   0.05594  -0.0002  0.0148  1.0000  -6.7071   0.0000   0.0000   0.0000   0.2295


