xflr5 v6.59

 Calculated polar for: revR_55_revT

 1 1 Reynolds number fixed          Mach number fixed         

 xtrf =   1.000 (top)        1.000 (bottom)
 Mach =   0.000     Re =     0.415 e 6     Ncrit =   9.000

  alpha     CL        CD       CDp       Cm    Top Xtr Bot Xtr   Cpmin    Chinge    XCp    
 ------- -------- --------- --------- -------- ------- ------- -------- --------- ---------
  -5.000  -0.0453   0.01244   0.00588  -0.1129  0.8179  0.0479  -2.4134   0.0000   0.0000   0.0000  -2.3027
  -4.500   0.0091   0.01141   0.00475  -0.1128  0.8080  0.0637  -2.0910   0.0000   0.0000   0.0000  12.9653
  -4.000   0.0646   0.01076   0.00409  -0.1128  0.7982  0.0938  -1.7706   0.0000   0.0000   0.0000   2.0307
  -3.500   0.1199   0.01020   0.00372  -0.1129  0.7883  0.1462  -1.5189   0.0000   0.0000   0.0000   1.2071
  -3.000   0.1760   0.00978   0.00344  -0.1131  0.7787  0.2144  -1.2756   0.0000   0.0000   0.0000   0.9012
  -2.500   0.2316   0.00938   0.00328  -0.1133  0.7689  0.2940  -1.0426   0.0000   0.0000   0.0000   0.7441
  -2.000   0.2873   0.00894   0.00309  -0.1133  0.7578  0.3954  -0.8283   0.0000   0.0000   0.0000   0.6473
  -1.500   0.3428   0.00859   0.00306  -0.1134  0.7482  0.5128  -0.6602   0.0000   0.0000   0.0000   0.5821
  -1.000   0.3975   0.00826   0.00304  -0.1130  0.7368  0.6293  -0.7017   0.0000   0.0000   0.0000   0.5345
  -0.500   0.4515   0.00815   0.00311  -0.1122  0.7253  0.7273  -0.7432   0.0000   0.0000   0.0000   0.4978
   0.000   0.5050   0.00806   0.00313  -0.1112  0.7125  0.7849  -0.7875   0.0000   0.0000   0.0000   0.4689
   0.500   0.5579   0.00809   0.00318  -0.1102  0.7008  0.8324  -0.8351   0.0000   0.0000   0.0000   0.4454
   1.000   0.6089   0.00803   0.00317  -0.1086  0.6863  0.8749  -0.8835   0.0000   0.0000   0.0000   0.4257
   1.500   0.6565   0.00798   0.00317  -0.1063  0.6715  0.9208  -0.9361   0.0000   0.0000   0.0000   0.4087
   2.000   0.7183   0.00791   0.00304  -0.1071  0.6558  0.9863  -1.0004   0.0000   0.0000   0.0000   0.3954
   2.500   0.7776   0.00801   0.00307  -0.1081  0.6367  1.0000  -1.0670   0.0000   0.0000   0.0000   0.3847
   3.000   0.8341   0.00819   0.00318  -0.1084  0.6172  1.0000  -1.1360   0.0000   0.0000   0.0000   0.3751
   3.500   0.8895   0.00842   0.00333  -0.1085  0.5954  1.0000  -1.2114   0.0000   0.0000   0.0000   0.3665
   4.000   0.9439   0.00870   0.00353  -0.1083  0.5720  1.0000  -1.2941   0.0000   0.0000   0.0000   0.3587
   4.500   0.9972   0.00904   0.00378  -0.1080  0.5458  1.0000  -1.3844   0.0000   0.0000   0.0000   0.3517
   5.000   1.0493   0.00946   0.00410  -0.1074  0.5179  1.0000  -1.4966   0.0000   0.0000   0.0000   0.3452
   5.500   1.1001   0.00997   0.00450  -0.1067  0.4886  1.0000  -1.6125   0.0000   0.0000   0.0000   0.3392
   6.000   1.1502   0.01048   0.00495  -0.1059  0.4552  1.0000  -1.7674   0.0000   0.0000   0.0000   0.3336
   6.500   1.1985   0.01112   0.00549  -0.1049  0.4230  1.0000  -1.9319   0.0000   0.0000   0.0000   0.3284
   7.000   1.2451   0.01184   0.00612  -0.1036  0.3890  1.0000  -2.1571   0.0000   0.0000   0.0000   0.3234
   7.500   1.2893   0.01268   0.00684  -0.1020  0.3510  1.0000  -2.4611   0.0000   0.0000   0.0000   0.3186
   8.000   1.3320   0.01358   0.00767  -0.1002  0.3186  1.0000  -2.7835   0.0000   0.0000   0.0000   0.3141
   8.500   1.3706   0.01466   0.00861  -0.0979  0.2790  1.0000  -3.1056   0.0000   0.0000   0.0000   0.3095
   9.000   1.4045   0.01585   0.00968  -0.0948  0.2427  1.0000  -3.4225   0.0000   0.0000   0.0000   0.3049
   9.500   1.4320   0.01734   0.01101  -0.0910  0.2059  1.0000  -3.7251   0.0000   0.0000   0.0000   0.3001
  10.000   1.4568   0.01905   0.01259  -0.0872  0.1687  1.0000  -4.0251   0.0000   0.0000   0.0000   0.2957
  10.500   1.4759   0.02125   0.01467  -0.0832  0.1354  1.0000  -4.3080   0.0000   0.0000   0.0000   0.2913
  11.000   1.4957   0.02358   0.01692  -0.0798  0.1087  1.0000  -4.5983   0.0000   0.0000   0.0000   0.2874
  11.500   1.5123   0.02627   0.01958  -0.0764  0.0871  1.0000  -4.8785   0.0000   0.0000   0.0000   0.2837
  12.000   1.5261   0.02935   0.02265  -0.0733  0.0698  1.0000  -5.1482   0.0000   0.0000   0.0000   0.2803
  12.500   1.5337   0.03311   0.02639  -0.0701  0.0544  1.0000  -5.3984   0.0000   0.0000   0.0000   0.2770
  13.000   1.5448   0.03671   0.03008  -0.0675  0.0458  1.0000  -5.6699   0.0000   0.0000   0.0000   0.2741
  13.500   1.5444   0.04158   0.03510  -0.0648  0.0374  1.0000  -5.8716   0.0000   0.0000   0.0000   0.2713
  14.000   1.5497   0.04611   0.03976  -0.0629  0.0321  1.0000  -6.1075   0.0000   0.0000   0.0000   0.2689
  14.500   1.5317   0.05356   0.04736  -0.0610  0.0264  1.0000  -6.1902   0.0000   0.0000   0.0000   0.2671
  15.000   1.5311   0.05944   0.05347  -0.0601  0.0244  1.0000  -6.3759   0.0000   0.0000   0.0000   0.2654


