xflr5 v6.59

 Calculated polar for: revR_80_revT

 1 1 Reynolds number fixed          Mach number fixed         

 xtrf =   1.000 (top)        1.000 (bottom)
 Mach =   0.000     Re =     0.050 e 6     Ncrit =   9.000

  alpha     CL        CD       CDp       Cm    Top Xtr Bot Xtr   Cpmin    Chinge    XCp    
 ------- -------- --------- --------- -------- ------- ------- -------- --------- ---------
  -5.000  -0.4652   0.09850   0.09343   0.0051  1.0000  0.3197  -1.5295   0.0000   0.0000   0.0000   0.2551
  -4.500  -0.4710   0.09358   0.08859   0.0074  1.0000  0.3436  -1.5176   0.0000   0.0000   0.0000   0.2603
  -4.000  -0.4788   0.08907   0.08416   0.0043  1.0000  0.3830  -1.5370   0.0000   0.0000   0.0000   0.2542
  -3.500  -0.4695   0.08353   0.07868   0.0111  1.0000  0.4142  -1.4780   0.0000   0.0000   0.0000   0.2692
  -3.000  -0.2497   0.04582   0.03750  -0.0723  1.0000  0.1664  -2.0047   0.0000   0.0000   0.0000  -0.0488
  -2.500  -0.1861   0.04219   0.03300  -0.0771  1.0000  0.1825  -1.8918   0.0000   0.0000   0.0000  -0.1759
  -2.000  -0.1321   0.04093   0.03141  -0.0793  1.0000  0.2189  -1.7474   0.0000   0.0000   0.0000  -0.3649
  -1.500  -0.0774   0.04021   0.03057  -0.0814  1.0000  0.2797  -1.6022   0.0000   0.0000   0.0000  -0.8239
  -1.000   0.0581   0.04103   0.03217  -0.0959  0.9633  0.5076  -1.2815   0.0000   0.0000   0.0000   1.9239
  -0.500   0.1096   0.04156   0.03392  -0.0920  0.9461  0.7925  -1.0915   0.0000   0.0000   0.0000   1.0989
   0.000   0.1390   0.04179   0.03376  -0.0908  0.9318  1.0000  -0.9580   0.0000   0.0000   0.0000   0.9084
   0.500   0.2085   0.04443   0.03566  -0.0967  0.9101  1.0000  -0.7479   0.0000   0.0000   0.0000   0.7156
   1.000   0.2719   0.04718   0.03789  -0.1011  0.8892  1.0000  -0.5953   0.0000   0.0000   0.0000   0.6214
   1.500   0.3340   0.04989   0.04021  -0.1048  0.8659  1.0000  -0.6380   0.0000   0.0000   0.0000   0.5620
   2.000   0.3944   0.05264   0.04288  -0.1079  0.8426  1.0000  -0.6811   0.0000   0.0000   0.0000   0.5209
   2.500   0.4514   0.05531   0.04510  -0.1102  0.8183  1.0000  -0.7263   0.0000   0.0000   0.0000   0.4906
   3.000   0.5205   0.05823   0.04784  -0.1139  0.7964  1.0000  -0.7858   0.0000   0.0000   0.0000   0.4645
   3.500   0.5658   0.06071   0.05022  -0.1142  0.7718  1.0000  -0.8283   0.0000   0.0000   0.0000   0.4469
   4.000   0.6082   0.06329   0.05275  -0.1142  0.7473  1.0000  -0.8677   0.0000   0.0000   0.0000   0.4321
   4.500   0.6443   0.06612   0.05556  -0.1136  0.7233  1.0000  -0.9058   0.0000   0.0000   0.0000   0.4200
   5.000   0.6849   0.06893   0.05837  -0.1132  0.6987  1.0000  -0.9524   0.0000   0.0000   0.0000   0.4084
   5.500   0.7172   0.07213   0.06162  -0.1124  0.6748  1.0000  -0.9925   0.0000   0.0000   0.0000   0.3991
   6.000   0.7569   0.07503   0.06458  -0.1118  0.6500  1.0000  -1.0439   0.0000   0.0000   0.0000   0.3896
   6.500   0.7865   0.07854   0.06818  -0.1108  0.6263  1.0000  -1.0873   0.0000   0.0000   0.0000   0.3821
   7.000   0.8220   0.08168   0.07143  -0.1099  0.6015  1.0000  -1.1460   0.0000   0.0000   0.0000   0.3742
   7.500   0.8370   0.08653   0.07640  -0.1086  0.5793  1.0000  -1.1756   0.0000   0.0000   0.0000   0.3696
   8.000   0.8648   0.09037   0.08039  -0.1075  0.5549  1.0000  -1.2329   0.0000   0.0000   0.0000   0.3635
   8.500   0.8796   0.09559   0.08575  -0.1065  0.5327  1.0000  -1.2683   0.0000   0.0000   0.0000   0.3596
   9.000   0.9025   0.09999   0.09032  -0.1054  0.5085  1.0000  -1.3288   0.0000   0.0000   0.0000   0.3546
   9.500   0.9149   0.10597   0.09646  -0.1048  0.4883  1.0000  -1.3658   0.0000   0.0000   0.0000   0.3516
  10.000   0.9352   0.11077   0.10144  -0.1037  0.4642  1.0000  -1.4286   0.0000   0.0000   0.0000   0.3473
  10.500   0.9573   0.11602   0.10689  -0.1031  0.4435  1.0000  -1.4956   0.0000   0.0000   0.0000   0.3433
  11.000   0.9760   0.12096   0.11201  -0.1020  0.4193  1.0000  -1.5706   0.0000   0.0000   0.0000   0.3394
  11.500   1.0090   0.12495   0.11624  -0.1007  0.3978  1.0000  -1.6783   0.0000   0.0000   0.0000   0.3339
  12.000   0.9000   0.15370   0.14507  -0.1141  0.4717  1.0000  -1.3472   0.0000   0.0000   0.0000   0.3610
  12.500   0.9763   0.14434   0.13590  -0.1039  0.3623  1.0000  -1.6413   0.0000   0.0000   0.0000   0.3393
  13.000   0.9915   0.15134   0.14309  -0.1044  0.3449  1.0000  -1.7132   0.0000   0.0000   0.0000   0.3374
  13.500   1.0059   0.15704   0.14897  -0.1044  0.3209  1.0000  -1.8019   0.0000   0.0000   0.0000   0.3350
  14.000   0.9956   0.16955   0.16161  -0.1091  0.3223  1.0000  -1.7573   0.0000   0.0000   0.0000   0.3403
  14.500   1.0041   0.18153   0.17377  -0.1129  0.3247  1.0000  -1.7691   0.0000   0.0000   0.0000   0.3426
  15.000   1.0498   0.18078   0.17324  -0.1079  0.2768  1.0000  -2.0575   0.0000   0.0000   0.0000   0.3317


