xflr5 v6.59

 Calculated polar for: revR_25_revT

 1 1 Reynolds number fixed          Mach number fixed         

 xtrf =   1.000 (top)        1.000 (bottom)
 Mach =   0.000     Re =     0.170 e 6     Ncrit =   9.000

  alpha     CL        CD       CDp       Cm    Top Xtr Bot Xtr   Cpmin    Chinge    XCp    
 ------- -------- --------- --------- -------- ------- ------- -------- --------- ---------
  -5.000  -0.1950   0.01893   0.01122  -0.0862  0.9297  0.0784  -2.4624   0.0000   0.0000   0.0000  -0.2054
  -4.500  -0.1242   0.01652   0.00886  -0.0894  0.9220  0.1088  -2.1327   0.0000   0.0000   0.0000  -0.4886
  -4.000  -0.0700   0.01551   0.00803  -0.0895  0.9075  0.1704  -1.8133   0.0000   0.0000   0.0000  -1.0566
  -3.500  -0.0062   0.01428   0.00729  -0.0913  0.8972  0.2865  -1.4801   0.0000   0.0000   0.0000  -14.6247
  -3.000   0.0424   0.01353   0.00705  -0.0902  0.8813  0.4213  -1.2339   0.0000   0.0000   0.0000   2.4082
  -2.500   0.0950   0.01284   0.00699  -0.0888  0.8695  0.5986  -1.0237   0.0000   0.0000   0.0000   1.1968
  -2.000   0.1418   0.01270   0.00713  -0.0857  0.8541  0.7182  -0.8314   0.0000   0.0000   0.0000   0.8603
  -1.500   0.1877   0.01277   0.00725  -0.0822  0.8387  0.7963  -0.6489   0.0000   0.0000   0.0000   0.6909
  -1.000   0.2334   0.01270   0.00715  -0.0781  0.8260  0.8540  -0.5567   0.0000   0.0000   0.0000   0.5859
  -0.500   0.2744   0.01269   0.00712  -0.0736  0.8089  0.9051  -0.5929   0.0000   0.0000   0.0000   0.5183
   0.000   0.3381   0.01253   0.00685  -0.0737  0.7943  0.9526  -0.6433   0.0000   0.0000   0.0000   0.4671
   0.500   0.4333   0.01222   0.00635  -0.0809  0.7794  0.9877  -0.7167   0.0000   0.0000   0.0000   0.4351
   1.000   0.5019   0.01213   0.00616  -0.0841  0.7606  1.0000  -0.7783   0.0000   0.0000   0.0000   0.4155
   1.500   0.5438   0.01217   0.00609  -0.0818  0.7409  1.0000  -0.8277   0.0000   0.0000   0.0000   0.3977
   2.000   0.5925   0.01222   0.00602  -0.0805  0.7215  1.0000  -0.8846   0.0000   0.0000   0.0000   0.3826
   2.500   0.6453   0.01227   0.00595  -0.0797  0.7009  1.0000  -0.9508   0.0000   0.0000   0.0000   0.3698
   3.000   0.6989   0.01234   0.00593  -0.0790  0.6785  1.0000  -1.0235   0.0000   0.0000   0.0000   0.3589
   3.500   0.7520   0.01245   0.00598  -0.0783  0.6539  1.0000  -1.1054   0.0000   0.0000   0.0000   0.3494
   4.000   0.8048   0.01261   0.00611  -0.0774  0.6272  1.0000  -1.2053   0.0000   0.0000   0.0000   0.3410
   4.500   0.8570   0.01282   0.00627  -0.0765  0.5976  1.0000  -1.3180   0.0000   0.0000   0.0000   0.3335
   5.000   0.9091   0.01312   0.00646  -0.0755  0.5666  1.0000  -1.4656   0.0000   0.0000   0.0000   0.3268
   5.500   0.9592   0.01355   0.00687  -0.0744  0.5319  1.0000  -1.6679   0.0000   0.0000   0.0000   0.3207
   6.000   1.0082   0.01408   0.00728  -0.0730  0.4947  1.0000  -1.9844   0.0000   0.0000   0.0000   0.3150
   6.500   1.0555   0.01470   0.00790  -0.0716  0.4556  1.0000  -2.3095   0.0000   0.0000   0.0000   0.3098
   7.000   1.1008   0.01546   0.00861  -0.0698  0.4144  1.0000  -2.6432   0.0000   0.0000   0.0000   0.3048
   7.500   1.1434   0.01636   0.00940  -0.0678  0.3711  1.0000  -2.9808   0.0000   0.0000   0.0000   0.3001
   8.000   1.1836   0.01742   0.01037  -0.0656  0.3273  1.0000  -3.3200   0.0000   0.0000   0.0000   0.2955
   9.000   1.2510   0.02018   0.01299  -0.0598  0.2296  1.0000  -4.0061   0.0000   0.0000   0.0000   0.2865
   9.500   1.2747   0.02208   0.01474  -0.0558  0.1782  1.0000  -4.3163   0.0000   0.0000   0.0000   0.2818
  10.000   1.2893   0.02457   0.01703  -0.0512  0.1329  1.0000  -4.5856   0.0000   0.0000   0.0000   0.2769
  10.500   1.2971   0.02777   0.02000  -0.0467  0.0983  1.0000  -4.8211   0.0000   0.0000   0.0000   0.2724
  11.000   1.3052   0.03130   0.02350  -0.0429  0.0756  1.0000  -5.0432   0.0000   0.0000   0.0000   0.2685
  11.500   1.3144   0.03501   0.02732  -0.0399  0.0607  1.0000  -5.2545   0.0000   0.0000   0.0000   0.2651
  12.000   1.3183   0.03950   0.03202  -0.0368  0.0502  1.0000  -5.3972   0.0000   0.0000   0.0000   0.2618
  12.500   1.3167   0.04475   0.03742  -0.0343  0.0423  1.0000  -5.5072   0.0000   0.0000   0.0000   0.2590
  13.000   1.3191   0.05017   0.04308  -0.0311  0.0377  1.0000  -5.5735   0.0000   0.0000   0.0000   0.2558
  13.500   1.3260   0.05522   0.04845  -0.0292  0.0351  1.0000  -5.6873   0.0000   0.0000   0.0000   0.2533
  14.000   1.3288   0.06096   0.05453  -0.0276  0.0332  1.0000  -5.7809   0.0000   0.0000   0.0000   0.2512
  14.500   1.3250   0.06766   0.06159  -0.0268  0.0321  1.0000  -5.8426   0.0000   0.0000   0.0000   0.2497
  15.000   1.3131   0.07567   0.07000  -0.0271  0.0314  1.0000  -5.8572   0.0000   0.0000   0.0000   0.2491


