xflr5 v6.59

 Calculated polar for: revR_100_revT

 1 1 Reynolds number fixed          Mach number fixed         

 xtrf =   1.000 (top)        1.000 (bottom)
 Mach =   0.000     Re =     0.180 e 6     Ncrit =   9.000

  alpha     CL        CD       CDp       Cm    Top Xtr Bot Xtr   Cpmin    Chinge    XCp    
 ------- -------- --------- --------- -------- ------- ------- -------- --------- ---------
  -5.000   0.1132   0.02299   0.01571  -0.1553  0.8331  0.0673  -2.2174   0.0000   0.0000   0.0000   1.6580
  -4.500   0.1699   0.02076   0.01329  -0.1558  0.8254  0.0776  -2.0171   0.0000   0.0000   0.0000   1.1888
  -4.000   0.2306   0.01940   0.01182  -0.1566  0.8196  0.0978  -1.8034   0.0000   0.0000   0.0000   0.9433
  -3.500   0.2788   0.01902   0.01148  -0.1559  0.8085  0.1307  -1.6021   0.0000   0.0000   0.0000   0.8195
  -3.000   0.3366   0.01825   0.01086  -0.1565  0.7998  0.1919  -1.3737   0.0000   0.0000   0.0000   0.7222
  -2.500   0.3989   0.01755   0.01034  -0.1576  0.7933  0.2749  -1.1334   0.0000   0.0000   0.0000   0.6498
  -2.000   0.4486   0.01764   0.01072  -0.1572  0.7826  0.3611  -0.9309   0.0000   0.0000   0.0000   0.6037
  -1.500   0.5056   0.01724   0.01057  -0.1573  0.7731  0.4644  -0.8163   0.0000   0.0000   0.0000   0.5631
  -1.000   0.5653   0.01667   0.01036  -0.1573  0.7665  0.5959  -0.8607   0.0000   0.0000   0.0000   0.5289
  -0.500   0.6083   0.01688   0.01094  -0.1546  0.7540  0.7184  -0.8963   0.0000   0.0000   0.0000   0.5040
   0.000   0.6549   0.01657   0.01075  -0.1513  0.7447  0.8217  -0.9363   0.0000   0.0000   0.0000   0.4800
   0.500   0.6937   0.01625   0.01047  -0.1462  0.7368  0.9241  -0.9722   0.0000   0.0000   0.0000   0.4588
   1.500   0.8215   0.01604   0.00991  -0.1495  0.7150  1.0000  -1.0844   0.0000   0.0000   0.0000   0.4286
   2.000   0.8744   0.01650   0.01031  -0.1495  0.7017  1.0000  -1.1377   0.0000   0.0000   0.0000   0.4169
   2.500   0.9363   0.01636   0.01003  -0.1504  0.6914  1.0000  -1.2025   0.0000   0.0000   0.0000   0.4058
   3.000   0.9923   0.01646   0.01007  -0.1504  0.6779  1.0000  -1.2702   0.0000   0.0000   0.0000   0.3961
   3.500   1.0522   0.01627   0.00978  -0.1508  0.6653  1.0000  -1.3423   0.0000   0.0000   0.0000   0.3872
   4.000   1.1056   0.01645   0.00995  -0.1504  0.6506  1.0000  -1.4093   0.0000   0.0000   0.0000   0.3792
   4.500   1.1666   0.01622   0.00961  -0.1510  0.6372  1.0000  -1.4923   0.0000   0.0000   0.0000   0.3718
   5.000   1.2165   0.01638   0.00982  -0.1499  0.6186  1.0000  -1.5713   0.0000   0.0000   0.0000   0.3649
   5.500   1.2702   0.01654   0.00995  -0.1495  0.6016  1.0000  -1.6604   0.0000   0.0000   0.0000   0.3586
   6.000   1.3274   0.01663   0.00993  -0.1495  0.5842  1.0000  -1.7676   0.0000   0.0000   0.0000   0.3528
   6.500   1.3734   0.01695   0.01030  -0.1478  0.5617  1.0000  -1.8752   0.0000   0.0000   0.0000   0.3470
   7.000   1.4186   0.01742   0.01079  -0.1461  0.5383  1.0000  -1.9959   0.0000   0.0000   0.0000   0.3416
   7.500   1.4621   0.01801   0.01138  -0.1441  0.5141  1.0000  -2.1171   0.0000   0.0000   0.0000   0.3363
   8.000   1.5019   0.01871   0.01207  -0.1415  0.4874  1.0000  -2.2634   0.0000   0.0000   0.0000   0.3312
   8.500   1.5378   0.01961   0.01295  -0.1384  0.4613  1.0000  -2.4082   0.0000   0.0000   0.0000   0.3262
   9.000   1.5661   0.02067   0.01394  -0.1341  0.4335  1.0000  -2.5553   0.0000   0.0000   0.0000   0.3209
   9.500   1.5884   0.02201   0.01526  -0.1292  0.4063  1.0000  -2.7255   0.0000   0.0000   0.0000   0.3158
  10.000   1.6079   0.02363   0.01689  -0.1243  0.3810  1.0000  -2.9141   0.0000   0.0000   0.0000   0.3108
  10.500   1.6227   0.02562   0.01886  -0.1192  0.3547  1.0000  -3.1172   0.0000   0.0000   0.0000   0.3061
  11.000   1.6326   0.02805   0.02132  -0.1142  0.3282  1.0000  -3.3140   0.0000   0.0000   0.0000   0.3016
  11.500   1.6425   0.03080   0.02410  -0.1097  0.3035  1.0000  -3.5136   0.0000   0.0000   0.0000   0.2975
  12.500   1.6530   0.03756   0.03093  -0.1013  0.2558  1.0000  -3.9021   0.0000   0.0000   0.0000   0.2899
  13.000   1.6538   0.04161   0.03505  -0.0975  0.2328  1.0000  -4.0955   0.0000   0.0000   0.0000   0.2865
  13.500   1.6517   0.04624   0.03974  -0.0941  0.2100  1.0000  -4.2793   0.0000   0.0000   0.0000   0.2835
  14.000   1.6478   0.05137   0.04495  -0.0912  0.1881  1.0000  -4.4615   0.0000   0.0000   0.0000   0.2808
  14.500   1.6438   0.05691   0.05058  -0.0889  0.1678  1.0000  -4.6490   0.0000   0.0000   0.0000   0.2784
  15.000   1.6379   0.06292   0.05667  -0.0870  0.1496  1.0000  -4.8275   0.0000   0.0000   0.0000   0.2762


