xflr5 v6.59

 Calculated polar for: revR_30_revT

 1 1 Reynolds number fixed          Mach number fixed         

 xtrf =   1.000 (top)        1.000 (bottom)
 Mach =   0.000     Re =     0.380 e 6     Ncrit =   9.000

  alpha     CL        CD       CDp       Cm    Top Xtr Bot Xtr   Cpmin    Chinge    XCp    
 ------- -------- --------- --------- -------- ------- ------- -------- --------- ---------
  -5.000  -0.1475   0.01226   0.00566  -0.0900  0.8568  0.0559  -2.4921   0.0000   0.0000   0.0000  -0.3773
  -4.500  -0.0944   0.01134   0.00464  -0.0895  0.8443  0.0759  -2.1542   0.0000   0.0000   0.0000  -0.7211
  -4.000  -0.0409   0.01058   0.00399  -0.0892  0.8315  0.1183  -1.8143   0.0000   0.0000   0.0000  -1.9744
  -3.500   0.0134   0.01005   0.00364  -0.0890  0.8197  0.1820  -1.4943   0.0000   0.0000   0.0000   7.0176
  -3.000   0.0676   0.00951   0.00334  -0.0889  0.8077  0.2700  -1.2374   0.0000   0.0000   0.0000   1.5845
  -2.500   0.1216   0.00901   0.00313  -0.0887  0.7950  0.3738  -1.0213   0.0000   0.0000   0.0000   0.9876
  -2.000   0.1753   0.00850   0.00298  -0.0883  0.7826  0.5017  -0.8146   0.0000   0.0000   0.0000   0.7579
  -1.500   0.2277   0.00810   0.00301  -0.0874  0.7700  0.6437  -0.6238   0.0000   0.0000   0.0000   0.6359
  -1.000   0.2812   0.00797   0.00299  -0.0864  0.7567  0.7276  -0.5966   0.0000   0.0000   0.0000   0.5577
  -0.500   0.3339   0.00791   0.00304  -0.0852  0.7421  0.7836  -0.6389   0.0000   0.0000   0.0000   0.5046
   0.000   0.3871   0.00794   0.00304  -0.0840  0.7287  0.8263  -0.6838   0.0000   0.0000   0.0000   0.4658
   0.500   0.4379   0.00788   0.00303  -0.0824  0.7126  0.8636  -0.7308   0.0000   0.0000   0.0000   0.4362
   1.000   0.4875   0.00787   0.00303  -0.0804  0.6959  0.9002  -0.7810   0.0000   0.0000   0.0000   0.4125
   1.500   0.5366   0.00783   0.00297  -0.0783  0.6787  0.9409  -0.8362   0.0000   0.0000   0.0000   0.3929
   2.000   0.6060   0.00782   0.00288  -0.0808  0.6585  0.9811  -0.9051   0.0000   0.0000   0.0000   0.3799
   3.000   0.7248   0.00811   0.00297  -0.0829  0.6120  1.0000  -1.0513   0.0000   0.0000   0.0000   0.3599
   3.500   0.7789   0.00835   0.00313  -0.0827  0.5854  1.0000  -1.1318   0.0000   0.0000   0.0000   0.3512
   4.000   0.8323   0.00864   0.00334  -0.0823  0.5559  1.0000  -1.2285   0.0000   0.0000   0.0000   0.3434
   4.500   0.8850   0.00901   0.00361  -0.0818  0.5250  1.0000  -1.3390   0.0000   0.0000   0.0000   0.3365
   5.000   0.9365   0.00948   0.00395  -0.0812  0.4919  1.0000  -1.4798   0.0000   0.0000   0.0000   0.3301
   5.500   0.9877   0.00996   0.00436  -0.0805  0.4555  1.0000  -1.6591   0.0000   0.0000   0.0000   0.3244
   6.000   1.0374   0.01057   0.00484  -0.0796  0.4202  1.0000  -1.9754   0.0000   0.0000   0.0000   0.3191
   6.500   1.0854   0.01127   0.00540  -0.0785  0.3765  1.0000  -2.3025   0.0000   0.0000   0.0000   0.3141
   7.000   1.1323   0.01207   0.00606  -0.0774  0.3314  1.0000  -2.6475   0.0000   0.0000   0.0000   0.3095
   7.500   1.1757   0.01311   0.00686  -0.0758  0.2778  1.0000  -3.0042   0.0000   0.0000   0.0000   0.3049
   8.000   1.2183   0.01420   0.00776  -0.0741  0.2318  1.0000  -3.3714   0.0000   0.0000   0.0000   0.3007
   8.500   1.2592   0.01536   0.00877  -0.0723  0.1901  1.0000  -3.7446   0.0000   0.0000   0.0000   0.2966
   9.000   1.2957   0.01677   0.01001  -0.0700  0.1466  1.0000  -4.1110   0.0000   0.0000   0.0000   0.2924
   9.500   1.3263   0.01838   0.01143  -0.0668  0.1069  1.0000  -4.4612   0.0000   0.0000   0.0000   0.2881
  10.000   1.3523   0.02017   0.01309  -0.0632  0.0787  1.0000  -4.7964   0.0000   0.0000   0.0000   0.2837
  10.500   1.3758   0.02214   0.01501  -0.0596  0.0586  1.0000  -5.1213   0.0000   0.0000   0.0000   0.2795
  11.000   1.3972   0.02436   0.01724  -0.0562  0.0449  1.0000  -5.4336   0.0000   0.0000   0.0000   0.2756
  11.500   1.4145   0.02706   0.02006  -0.0530  0.0332  1.0000  -5.7053   0.0000   0.0000   0.0000   0.2720
  12.000   1.4189   0.03106   0.02418  -0.0493  0.0246  1.0000  -5.8611   0.0000   0.0000   0.0000   0.2684
  12.500   1.4275   0.03492   0.02822  -0.0467  0.0214  1.0000  -6.0638   0.0000   0.0000   0.0000   0.2654
  13.000   1.4282   0.03978   0.03325  -0.0443  0.0195  1.0000  -6.2245   0.0000   0.0000   0.0000   0.2628
  13.500   1.4192   0.04591   0.03963  -0.0422  0.0182  1.0000  -6.3150   0.0000   0.0000   0.0000   0.2605
  14.000   1.4036   0.05303   0.04705  -0.0405  0.0174  1.0000  -6.3544   0.0000   0.0000   0.0000   0.2587
  14.500   1.3927   0.06007   0.05438  -0.0395  0.0168  1.0000  -6.4191   0.0000   0.0000   0.0000   0.2572
  15.000   1.3929   0.06624   0.06078  -0.0396  0.0166  1.0000  -6.5839   0.0000   0.0000   0.0000   0.2562


