xflr5 v6.59

 Calculated polar for: revR_70_revT

 1 1 Reynolds number fixed          Mach number fixed         

 xtrf =   1.000 (top)        1.000 (bottom)
 Mach =   0.000     Re =     0.155 e 6     Ncrit =   9.000

  alpha     CL        CD       CDp       Cm    Top Xtr Bot Xtr   Cpmin    Chinge    XCp    
 ------- -------- --------- --------- -------- ------- ------- -------- --------- ---------
  -5.000  -0.0067   0.02228   0.01461  -0.1309  0.8773  0.0772  -2.2533   0.0000   0.0000   0.0000  -19.9344
  -4.500   0.0475   0.02104   0.01323  -0.1308  0.8674  0.0919  -1.9861   0.0000   0.0000   0.0000   3.0644
  -4.000   0.1012   0.01976   0.01188  -0.1306  0.8567  0.1177  -1.7781   0.0000   0.0000   0.0000   1.5669
  -3.500   0.1647   0.01846   0.01083  -0.1320  0.8496  0.1824  -1.5364   0.0000   0.0000   0.0000   1.0654
  -3.000   0.2122   0.01803   0.01066  -0.1311  0.8361  0.2633  -1.3287   0.0000   0.0000   0.0000   0.8773
  -2.500   0.2722   0.01728   0.01026  -0.1318  0.8274  0.3740  -1.0951   0.0000   0.0000   0.0000   0.7400
  -2.000   0.3227   0.01703   0.01046  -0.1310  0.8159  0.5033  -0.8873   0.0000   0.0000   0.0000   0.6596
  -1.500   0.3747   0.01663   0.01049  -0.1293  0.8050  0.6465  -0.6967   0.0000   0.0000   0.0000   0.5973
  -1.000   0.4204   0.01660   0.01069  -0.1258  0.7946  0.7632  -0.7228   0.0000   0.0000   0.0000   0.5503
  -0.500   0.4593   0.01655   0.01071  -0.1210  0.7812  0.8498  -0.7560   0.0000   0.0000   0.0000   0.5134
   0.000   0.5005   0.01626   0.01041  -0.1161  0.7716  0.9334  -0.7926   0.0000   0.0000   0.0000   0.4811
   0.500   0.5715   0.01619   0.01020  -0.1195  0.7577  1.0000  -0.8489   0.0000   0.0000   0.0000   0.4574
   1.000   0.6363   0.01606   0.00982  -0.1210  0.7473  1.0000  -0.9062   0.0000   0.0000   0.0000   0.4379
   1.500   0.6924   0.01622   0.00986  -0.1214  0.7322  1.0000  -0.9585   0.0000   0.0000   0.0000   0.4223
   2.000   0.7513   0.01628   0.00978  -0.1218  0.7194  1.0000  -1.0218   0.0000   0.0000   0.0000   0.4085
   2.500   0.8108   0.01613   0.00952  -0.1221  0.7052  1.0000  -1.0867   0.0000   0.0000   0.0000   0.3963
   3.000   0.8651   0.01627   0.00962  -0.1217  0.6883  1.0000  -1.1484   0.0000   0.0000   0.0000   0.3858
   3.500   0.9272   0.01607   0.00929  -0.1223  0.6752  1.0000  -1.2273   0.0000   0.0000   0.0000   0.3764
   4.000   0.9813   0.01605   0.00926  -0.1217  0.6562  1.0000  -1.3025   0.0000   0.0000   0.0000   0.3679
   4.500   1.0346   0.01613   0.00935  -0.1210  0.6363  1.0000  -1.3859   0.0000   0.0000   0.0000   0.3602
   5.000   1.0888   0.01626   0.00948  -0.1205  0.6168  1.0000  -1.4808   0.0000   0.0000   0.0000   0.3533
   5.500   1.1424   0.01635   0.00955  -0.1198  0.5944  1.0000  -1.5905   0.0000   0.0000   0.0000   0.3468
   6.000   1.1941   0.01656   0.00974  -0.1188  0.5698  1.0000  -1.7142   0.0000   0.0000   0.0000   0.3407
   6.500   1.2438   0.01692   0.01009  -0.1176  0.5434  1.0000  -1.8478   0.0000   0.0000   0.0000   0.3351
   7.000   1.2913   0.01737   0.01051  -0.1160  0.5140  1.0000  -2.0110   0.0000   0.0000   0.0000   0.3297
   7.500   1.3378   0.01802   0.01106  -0.1144  0.4845  1.0000  -2.1909   0.0000   0.0000   0.0000   0.3246
   8.000   1.3770   0.01882   0.01192  -0.1117  0.4508  1.0000  -2.3976   0.0000   0.0000   0.0000   0.3195
   8.500   1.4141   0.01979   0.01287  -0.1088  0.4183  1.0000  -2.6415   0.0000   0.0000   0.0000   0.3145
   9.000   1.4481   0.02096   0.01393  -0.1056  0.3865  1.0000  -2.9279   0.0000   0.0000   0.0000   0.3097
   9.500   1.4713   0.02228   0.01533  -0.1008  0.3528  1.0000  -3.2007   0.0000   0.0000   0.0000   0.3045
  10.000   1.4894   0.02390   0.01695  -0.0957  0.3210  1.0000  -3.4665   0.0000   0.0000   0.0000   0.2994
  10.500   1.5042   0.02595   0.01895  -0.0907  0.2916  1.0000  -3.7250   0.0000   0.0000   0.0000   0.2946
  11.000   1.5141   0.02846   0.02147  -0.0858  0.2612  1.0000  -3.9683   0.0000   0.0000   0.0000   0.2901
  11.500   1.5201   0.03151   0.02456  -0.0814  0.2297  1.0000  -4.1986   0.0000   0.0000   0.0000   0.2860
  12.000   1.5223   0.03520   0.02822  -0.0773  0.2006  1.0000  -4.4139   0.0000   0.0000   0.0000   0.2822
  12.500   1.5210   0.03951   0.03253  -0.0735  0.1740  1.0000  -4.6130   0.0000   0.0000   0.0000   0.2789
  13.000   1.5163   0.04442   0.03739  -0.0702  0.1496  1.0000  -4.7949   0.0000   0.0000   0.0000   0.2758
  13.500   1.5108   0.04977   0.04276  -0.0675  0.1281  1.0000  -4.9688   0.0000   0.0000   0.0000   0.2731
  14.000   1.5058   0.05548   0.04858  -0.0655  0.1102  1.0000  -5.1389   0.0000   0.0000   0.0000   0.2709
  14.500   1.5006   0.06157   0.05483  -0.0639  0.0948  1.0000  -5.2987   0.0000   0.0000   0.0000   0.2689
  15.000   1.4911   0.06834   0.06163  -0.0625  0.0820  1.0000  -5.4374   0.0000   0.0000   0.0000   0.2672


