xflr5 v6.59

 Calculated polar for: revR_10_revT

 1 1 Reynolds number fixed          Mach number fixed         

 xtrf =   1.000 (top)        1.000 (bottom)
 Mach =   0.000     Re =     0.455 e 6     Ncrit =   9.000

  alpha     CL        CD       CDp       Cm    Top Xtr Bot Xtr   Cpmin    Chinge    XCp    
 ------- -------- --------- --------- -------- ------- ------- -------- --------- ---------
  -5.000  -0.2244   0.01108   0.00468  -0.0719  0.8775  0.0536  -2.5738   0.0000   0.0000   0.0000  -0.0804
  -4.500  -0.1740   0.01029   0.00382  -0.0707  0.8609  0.0773  -2.2137   0.0000   0.0000   0.0000  -0.1677
  -4.000  -0.1222   0.00967   0.00332  -0.0699  0.8461  0.1271  -1.8463   0.0000   0.0000   0.0000  -0.3362
  -3.500  -0.0703   0.00914   0.00298  -0.0692  0.8310  0.1892  -1.5093   0.0000   0.0000   0.0000  -0.7546
  -3.000  -0.0182   0.00862   0.00269  -0.0686  0.8159  0.2731  -1.2225   0.0000   0.0000   0.0000  -3.5928
  -2.500   0.0333   0.00801   0.00245  -0.0679  0.8016  0.4017  -1.0146   0.0000   0.0000   0.0000   2.3163
  -2.000   0.0844   0.00744   0.00234  -0.0670  0.7874  0.5425  -0.8160   0.0000   0.0000   0.0000   1.0520
  -1.500   0.1355   0.00711   0.00232  -0.0657  0.7719  0.6679  -0.6257   0.0000   0.0000   0.0000   0.7378
  -1.000   0.1882   0.00699   0.00231  -0.0645  0.7557  0.7363  -0.5195   0.0000   0.0000   0.0000   0.5937
  -0.500   0.2413   0.00696   0.00234  -0.0635  0.7400  0.7835  -0.5629   0.0000   0.0000   0.0000   0.5126
   0.000   0.2945   0.00698   0.00233  -0.0624  0.7228  0.8195  -0.6075   0.0000   0.0000   0.0000   0.4606
   0.500   0.3463   0.00700   0.00233  -0.0610  0.7035  0.8523  -0.6586   0.0000   0.0000   0.0000   0.4242
   1.000   0.3973   0.00699   0.00236  -0.0594  0.6841  0.8829  -0.7096   0.0000   0.0000   0.0000   0.3971
   1.500   0.4466   0.00702   0.00237  -0.0575  0.6607  0.9163  -0.7621   0.0000   0.0000   0.0000   0.3758
   2.000   0.5015   0.00706   0.00241  -0.0567  0.6379  0.9479  -0.8274   0.0000   0.0000   0.0000   0.3598
   2.500   0.5726   0.00722   0.00247  -0.0598  0.6097  0.9725  -0.9069   0.0000   0.0000   0.0000   0.3506
   3.000   0.6479   0.00743   0.00258  -0.0640  0.5773  0.9892  -1.0059   0.0000   0.0000   0.0000   0.3446
   3.500   0.7143   0.00768   0.00272  -0.0666  0.5427  1.0000  -1.1183   0.0000   0.0000   0.0000   0.3387
   4.000   0.7530   0.00801   0.00290  -0.0634  0.5093  1.0000  -1.2159   0.0000   0.0000   0.0000   0.3292
   4.500   0.7985   0.00839   0.00317  -0.0615  0.4726  1.0000  -1.3588   0.0000   0.0000   0.0000   0.3215
   5.000   0.8451   0.00885   0.00349  -0.0598  0.4354  1.0000  -1.6209   0.0000   0.0000   0.0000   0.3147
   5.500   0.8923   0.00935   0.00389  -0.0583  0.3979  1.0000  -1.9472   0.0000   0.0000   0.0000   0.3088
   6.000   0.9359   0.01006   0.00435  -0.0562  0.3424  1.0000  -2.2787   0.0000   0.0000   0.0000   0.3030
   6.500   0.9793   0.01083   0.00489  -0.0542  0.2875  1.0000  -2.6237   0.0000   0.0000   0.0000   0.2977
   7.000   1.0222   0.01163   0.00551  -0.0522  0.2433  1.0000  -2.9803   0.0000   0.0000   0.0000   0.2929
   7.500   1.0624   0.01258   0.00627  -0.0498  0.1947  1.0000  -3.3519   0.0000   0.0000   0.0000   0.2881
   8.000   1.0985   0.01373   0.00716  -0.0468  0.1423  1.0000  -3.7252   0.0000   0.0000   0.0000   0.2833
   8.500   1.1327   0.01491   0.00814  -0.0436  0.1033  1.0000  -4.1007   0.0000   0.0000   0.0000   0.2785
   9.000   1.1626   0.01617   0.00923  -0.0397  0.0732  1.0000  -4.4650   0.0000   0.0000   0.0000   0.2735
   9.500   1.1875   0.01732   0.01037  -0.0348  0.0546  1.0000  -4.8110   0.0000   0.0000   0.0000   0.2680
  10.000   1.2090   0.01866   0.01166  -0.0297  0.0395  1.0000  -5.1368   0.0000   0.0000   0.0000   0.2626
  10.500   1.2202   0.02066   0.01361  -0.0237  0.0226  1.0000  -5.3635   0.0000   0.0000   0.0000   0.2567
  11.000   1.2352   0.02260   0.01562  -0.0188  0.0176  1.0000  -5.6175   0.0000   0.0000   0.0000   0.2518
  11.500   1.2364   0.02562   0.01883  -0.0133  0.0150  1.0000  -5.7707   0.0000   0.0000   0.0000   0.2465
  12.000   1.2518   0.02797   0.02138  -0.0099  0.0143  1.0000  -6.0631   0.0000   0.0000   0.0000   0.2429
  12.500   1.2623   0.03090   0.02449  -0.0068  0.0137  1.0000  -6.3255   0.0000   0.0000   0.0000   0.2395
  13.000   1.2686   0.03445   0.02823  -0.0042  0.0132  1.0000  -6.5604   0.0000   0.0000   0.0000   0.2365
  13.500   1.2714   0.03865   0.03263  -0.0022  0.0128  1.0000  -6.7678   0.0000   0.0000   0.0000   0.2340
  14.000   1.2723   0.04340   0.03760  -0.0009  0.0125  1.0000  -6.9617   0.0000   0.0000   0.0000   0.2320
  14.500   1.2710   0.04876   0.04318  -0.0004  0.0123  1.0000  -7.1396   0.0000   0.0000   0.0000   0.2306
  15.000   1.2685   0.05477   0.04940  -0.0007  0.0120  1.0000  -7.3034   0.0000   0.0000   0.0000   0.2299


