xflr5 v6.59

 Calculated polar for: revR_90_revT

 1 1 Reynolds number fixed          Mach number fixed         

 xtrf =   1.000 (top)        1.000 (bottom)
 Mach =   0.000     Re =     0.190 e 6     Ncrit =   9.000

  alpha     CL        CD       CDp       Cm    Top Xtr Bot Xtr   Cpmin    Chinge    XCp    
 ------- -------- --------- --------- -------- ------- ------- -------- --------- ---------
  -5.000   0.0892   0.02056   0.01326  -0.1485  0.8417  0.0686  -2.2065   0.0000   0.0000   0.0000   1.9571
  -4.500   0.1379   0.01920   0.01169  -0.1476  0.8308  0.0782  -2.0134   0.0000   0.0000   0.0000   1.3450
  -4.000   0.1942   0.01798   0.01047  -0.1478  0.8230  0.1018  -1.7911   0.0000   0.0000   0.0000   1.0268
  -3.500   0.2536   0.01727   0.00974  -0.1484  0.8159  0.1434  -1.5556   0.0000   0.0000   0.0000   0.8456
  -3.000   0.3038   0.01673   0.00952  -0.1482  0.8043  0.2113  -1.3420   0.0000   0.0000   0.0000   0.7449
  -2.500   0.3622   0.01614   0.00911  -0.1486  0.7960  0.2951  -1.1111   0.0000   0.0000   0.0000   0.6653
  -2.000   0.4200   0.01584   0.00906  -0.1491  0.7885  0.3948  -0.8931   0.0000   0.0000   0.0000   0.6080
  -1.500   0.4711   0.01564   0.00922  -0.1484  0.7765  0.5053  -0.7804   0.0000   0.0000   0.0000   0.5670
  -1.000   0.5269   0.01515   0.00909  -0.1476  0.7683  0.6408  -0.8234   0.0000   0.0000   0.0000   0.5309
  -0.500   0.5737   0.01520   0.00940  -0.1450  0.7577  0.7553  -0.8616   0.0000   0.0000   0.0000   0.5026
   0.000   0.6167   0.01506   0.00936  -0.1413  0.7465  0.8426  -0.8983   0.0000   0.0000   0.0000   0.4781
   0.500   0.6607   0.01468   0.00894  -0.1372  0.7389  0.9295  -0.9374   0.0000   0.0000   0.0000   0.4558
   1.000   0.7217   0.01477   0.00898  -0.1388  0.7247  1.0000  -0.9900   0.0000   0.0000   0.0000   0.4398
   1.500   0.7879   0.01456   0.00852  -0.1406  0.7151  1.0000  -1.0519   0.0000   0.0000   0.0000   0.4251
   2.000   0.8423   0.01493   0.00884  -0.1408  0.7021  1.0000  -1.1057   0.0000   0.0000   0.0000   0.4132
   2.500   0.9045   0.01474   0.00848  -0.1417  0.6904  1.0000  -1.1745   0.0000   0.0000   0.0000   0.4020
   3.000   0.9585   0.01493   0.00864  -0.1414  0.6754  1.0000  -1.2399   0.0000   0.0000   0.0000   0.3922
   3.500   1.0200   0.01475   0.00832  -0.1421  0.6629  1.0000  -1.3128   0.0000   0.0000   0.0000   0.3833
   4.000   1.0719   0.01497   0.00857  -0.1415  0.6462  1.0000  -1.3792   0.0000   0.0000   0.0000   0.3753
   4.500   1.1285   0.01496   0.00849  -0.1414  0.6301  1.0000  -1.4635   0.0000   0.0000   0.0000   0.3680
   5.000   1.1843   0.01497   0.00842  -0.1412  0.6122  1.0000  -1.5488   0.0000   0.0000   0.0000   0.3612
   5.500   1.2341   0.01528   0.00881  -0.1402  0.5925  1.0000  -1.6425   0.0000   0.0000   0.0000   0.3549
   6.000   1.2846   0.01558   0.00910  -0.1392  0.5709  1.0000  -1.7443   0.0000   0.0000   0.0000   0.3489
   6.500   1.3333   0.01594   0.00944  -0.1380  0.5470  1.0000  -1.8678   0.0000   0.0000   0.0000   0.3433
   7.000   1.3801   0.01646   0.00994  -0.1365  0.5226  1.0000  -1.9934   0.0000   0.0000   0.0000   0.3379
   7.500   1.4233   0.01708   0.01054  -0.1344  0.4951  1.0000  -2.1430   0.0000   0.0000   0.0000   0.3327
   8.000   1.4633   0.01787   0.01130  -0.1319  0.4673  1.0000  -2.2938   0.0000   0.0000   0.0000   0.3276
   8.500   1.4985   0.01881   0.01220  -0.1288  0.4383  1.0000  -2.4510   0.0000   0.0000   0.0000   0.3225
   9.000   1.5268   0.01994   0.01326  -0.1246  0.4092  1.0000  -2.6477   0.0000   0.0000   0.0000   0.3174
   9.500   1.5507   0.02131   0.01460  -0.1199  0.3821  1.0000  -2.8771   0.0000   0.0000   0.0000   0.3123
  10.000   1.5685   0.02300   0.01631  -0.1149  0.3541  1.0000  -3.1169   0.0000   0.0000   0.0000   0.3073
  10.500   1.5825   0.02506   0.01840  -0.1099  0.3259  1.0000  -3.3494   0.0000   0.0000   0.0000   0.3026
  11.000   1.5961   0.02746   0.02082  -0.1054  0.3001  1.0000  -3.5842   0.0000   0.0000   0.0000   0.2983
  11.500   1.6069   0.03024   0.02364  -0.1012  0.2748  1.0000  -3.8137   0.0000   0.0000   0.0000   0.2942
  12.000   1.6134   0.03355   0.02697  -0.0971  0.2489  1.0000  -4.0377   0.0000   0.0000   0.0000   0.2905
  12.500   1.6161   0.03736   0.03083  -0.0932  0.2230  1.0000  -4.2500   0.0000   0.0000   0.0000   0.2870
  13.000   1.6163   0.04164   0.03513  -0.0897  0.1986  1.0000  -4.4530   0.0000   0.0000   0.0000   0.2837
  13.500   1.6143   0.04642   0.03994  -0.0866  0.1760  1.0000  -4.6472   0.0000   0.0000   0.0000   0.2808
  14.000   1.6103   0.05176   0.04530  -0.0840  0.1552  1.0000  -4.8315   0.0000   0.0000   0.0000   0.2782
  14.500   1.6023   0.05779   0.05131  -0.0817  0.1365  1.0000  -4.9968   0.0000   0.0000   0.0000   0.2759
  15.000   1.5961   0.06408   0.05770  -0.0802  0.1201  1.0000  -5.1668   0.0000   0.0000   0.0000   0.2741


