xflr5 v6.59

 Calculated polar for: revR_80_revT

 1 1 Reynolds number fixed          Mach number fixed         

 xtrf =   1.000 (top)        1.000 (bottom)
 Mach =   0.000     Re =     0.365 e 6     Ncrit =   9.000

  alpha     CL        CD       CDp       Cm    Top Xtr Bot Xtr   Cpmin    Chinge    XCp    
 ------- -------- --------- --------- -------- ------- ------- -------- --------- ---------
  -5.000   0.0583   0.01334   0.00665  -0.1365  0.8023  0.0507  -2.3121   0.0000   0.0000   0.0000   2.6505
  -4.500   0.1147   0.01288   0.00605  -0.1367  0.7943  0.0593  -2.0328   0.0000   0.0000   0.0000   1.4680
  -4.000   0.1700   0.01190   0.00510  -0.1369  0.7861  0.0844  -1.7956   0.0000   0.0000   0.0000   1.0707
  -3.500   0.2268   0.01134   0.00459  -0.1372  0.7774  0.1243  -1.5430   0.0000   0.0000   0.0000   0.8646
  -3.000   0.2835   0.01093   0.00437  -0.1376  0.7692  0.1893  -1.2950   0.0000   0.0000   0.0000   0.7419
  -2.500   0.3397   0.01057   0.00421  -0.1380  0.7608  0.2588  -1.0669   0.0000   0.0000   0.0000   0.6602
  -2.000   0.3969   0.01018   0.00401  -0.1383  0.7518  0.3438  -0.8472   0.0000   0.0000   0.0000   0.6010
  -1.500   0.4535   0.00992   0.00397  -0.1386  0.7425  0.4414  -0.7644   0.0000   0.0000   0.0000   0.5568
  -1.000   0.5092   0.00957   0.00396  -0.1386  0.7326  0.5581  -0.8067   0.0000   0.0000   0.0000   0.5224
  -0.500   0.5648   0.00936   0.00398  -0.1382  0.7232  0.6733  -0.8505   0.0000   0.0000   0.0000   0.4941
   0.000   0.6176   0.00928   0.00411  -0.1372  0.7125  0.7594  -0.8926   0.0000   0.0000   0.0000   0.4707
   0.500   0.6703   0.00920   0.00407  -0.1360  0.7012  0.8211  -0.9378   0.0000   0.0000   0.0000   0.4507
   1.000   0.7202   0.00921   0.00415  -0.1343  0.6907  0.8718  -0.9853   0.0000   0.0000   0.0000   0.4337
   1.500   0.7646   0.00901   0.00402  -0.1312  0.6781  0.9390  -1.0339   0.0000   0.0000   0.0000   0.4181
   2.000   0.8283   0.00901   0.00395  -0.1329  0.6644  1.0000  -1.0966   0.0000   0.0000   0.0000   0.4063
   2.500   0.8868   0.00911   0.00393  -0.1336  0.6500  1.0000  -1.1646   0.0000   0.0000   0.0000   0.3959
   3.000   0.9432   0.00927   0.00406  -0.1338  0.6342  1.0000  -1.2317   0.0000   0.0000   0.0000   0.3865
   3.500   0.9989   0.00946   0.00415  -0.1339  0.6163  1.0000  -1.2992   0.0000   0.0000   0.0000   0.3781
   4.000   1.0536   0.00972   0.00430  -0.1338  0.5972  1.0000  -1.3766   0.0000   0.0000   0.0000   0.3704
   4.500   1.1072   0.00999   0.00455  -0.1335  0.5777  1.0000  -1.4575   0.0000   0.0000   0.0000   0.3634
   5.000   1.1594   0.01034   0.00485  -0.1330  0.5546  1.0000  -1.5471   0.0000   0.0000   0.0000   0.3568
   5.500   1.2101   0.01077   0.00521  -0.1323  0.5297  1.0000  -1.6475   0.0000   0.0000   0.0000   0.3507
   6.000   1.2595   0.01128   0.00566  -0.1313  0.5046  1.0000  -1.7625   0.0000   0.0000   0.0000   0.3450
   6.500   1.3062   0.01190   0.00619  -0.1300  0.4762  1.0000  -1.8899   0.0000   0.0000   0.0000   0.3395
   7.000   1.3513   0.01258   0.00681  -0.1284  0.4477  1.0000  -2.0316   0.0000   0.0000   0.0000   0.3343
   7.500   1.3942   0.01333   0.00752  -0.1265  0.4176  1.0000  -2.1954   0.0000   0.0000   0.0000   0.3293
   8.000   1.4333   0.01422   0.00835  -0.1240  0.3867  1.0000  -2.3738   0.0000   0.0000   0.0000   0.3243
   8.500   1.4668   0.01524   0.00930  -0.1207  0.3573  1.0000  -2.5888   0.0000   0.0000   0.0000   0.3193
   9.500   1.5210   0.01796   0.01190  -0.1128  0.2977  1.0000  -3.1457   0.0000   0.0000   0.0000   0.3095
  10.000   1.5454   0.01965   0.01355  -0.1090  0.2695  1.0000  -3.4270   0.0000   0.0000   0.0000   0.3050
  10.500   1.5648   0.02180   0.01563  -0.1051  0.2393  1.0000  -3.6976   0.0000   0.0000   0.0000   0.3008
  11.000   1.5812   0.02432   0.01811  -0.1013  0.2113  1.0000  -3.9658   0.0000   0.0000   0.0000   0.2968
  11.500   1.5940   0.02728   0.02100  -0.0976  0.1839  1.0000  -4.2310   0.0000   0.0000   0.0000   0.2930
  12.000   1.6060   0.03047   0.02415  -0.0942  0.1581  1.0000  -4.4974   0.0000   0.0000   0.0000   0.2894
  12.500   1.6141   0.03411   0.02775  -0.0909  0.1342  1.0000  -4.7509   0.0000   0.0000   0.0000   0.2861
  13.000   1.6186   0.03820   0.03182  -0.0877  0.1129  1.0000  -4.9921   0.0000   0.0000   0.0000   0.2830
  13.500   1.6197   0.04283   0.03646  -0.0848  0.0948  1.0000  -5.2184   0.0000   0.0000   0.0000   0.2801
  14.000   1.6227   0.04754   0.04122  -0.0824  0.0808  1.0000  -5.4548   0.0000   0.0000   0.0000   0.2775
  14.500   1.6249   0.05262   0.04640  -0.0805  0.0693  1.0000  -5.6865   0.0000   0.0000   0.0000   0.2751
  15.000   1.6162   0.05912   0.05293  -0.0788  0.0581  1.0000  -5.8609   0.0000   0.0000   0.0000   0.2732


