xflr5 v6.59

 Calculated polar for: revR_95_revT

 1 1 Reynolds number fixed          Mach number fixed         

 xtrf =   1.000 (top)        1.000 (bottom)
 Mach =   0.000     Re =     0.415 e 6     Ncrit =   9.000

  alpha     CL        CD       CDp       Cm    Top Xtr Bot Xtr   Cpmin    Chinge    XCp    
 ------- -------- --------- --------- -------- ------- ------- -------- --------- ---------
  -5.000   0.1206   0.01301   0.00640  -0.1498  0.7819  0.0453  -2.3405   0.0000   0.0000   0.0000   1.5231
  -4.500   0.1774   0.01225   0.00559  -0.1503  0.7748  0.0547  -2.0701   0.0000   0.0000   0.0000   1.1154
  -4.000   0.2351   0.01163   0.00489  -0.1508  0.7671  0.0727  -1.8160   0.0000   0.0000   0.0000   0.9034
  -3.500   0.2918   0.01106   0.00444  -0.1512  0.7597  0.1082  -1.5693   0.0000   0.0000   0.0000   0.7766
  -3.000   0.3490   0.01064   0.00417  -0.1517  0.7521  0.1597  -1.3192   0.0000   0.0000   0.0000   0.6904
  -2.500   0.4068   0.01031   0.00394  -0.1522  0.7446  0.2218  -1.0847   0.0000   0.0000   0.0000   0.6279
  -2.000   0.4644   0.01010   0.00389  -0.1527  0.7364  0.2912  -0.8607   0.0000   0.0000   0.0000   0.5812
  -1.500   0.5212   0.00978   0.00380  -0.1531  0.7276  0.3765  -0.8329   0.0000   0.0000   0.0000   0.5449
  -1.000   0.5788   0.00949   0.00370  -0.1535  0.7188  0.4701  -0.8745   0.0000   0.0000   0.0000   0.5153
  -0.500   0.6358   0.00934   0.00381  -0.1538  0.7104  0.5808  -0.9192   0.0000   0.0000   0.0000   0.4911
   0.000   0.6904   0.00910   0.00389  -0.1533  0.7003  0.6943  -0.9633   0.0000   0.0000   0.0000   0.4705
   0.500   0.7449   0.00903   0.00390  -0.1526  0.6900  0.7747  -1.0077   0.0000   0.0000   0.0000   0.4526
   1.000   0.7972   0.00904   0.00403  -0.1516  0.6804  0.8305  -1.0559   0.0000   0.0000   0.0000   0.4372
   1.500   0.8447   0.00891   0.00399  -0.1494  0.6690  0.8943  -1.1071   0.0000   0.0000   0.0000   0.4231
   2.000   0.8974   0.00878   0.00388  -0.1483  0.6564  1.0000  -1.1620   0.0000   0.0000   0.0000   0.4109
   2.500   0.9557   0.00888   0.00389  -0.1490  0.6427  1.0000  -1.2284   0.0000   0.0000   0.0000   0.4009
   3.000   1.0127   0.00908   0.00401  -0.1495  0.6289  1.0000  -1.2968   0.0000   0.0000   0.0000   0.3919
   3.500   1.0683   0.00929   0.00409  -0.1495  0.6115  1.0000  -1.3652   0.0000   0.0000   0.0000   0.3836
   4.000   1.1228   0.00950   0.00430  -0.1495  0.5939  1.0000  -1.4338   0.0000   0.0000   0.0000   0.3761
   4.500   1.1766   0.00981   0.00456  -0.1493  0.5767  1.0000  -1.5153   0.0000   0.0000   0.0000   0.3692
   5.000   1.2287   0.01018   0.00485  -0.1488  0.5569  1.0000  -1.5964   0.0000   0.0000   0.0000   0.3627
   5.500   1.2787   0.01062   0.00520  -0.1479  0.5328  1.0000  -1.6915   0.0000   0.0000   0.0000   0.3566
   6.000   1.3276   0.01112   0.00565  -0.1470  0.5103  1.0000  -1.7905   0.0000   0.0000   0.0000   0.3509
   6.500   1.3738   0.01172   0.00618  -0.1455  0.4841  1.0000  -1.9119   0.0000   0.0000   0.0000   0.3454
   7.000   1.4180   0.01239   0.00679  -0.1438  0.4579  1.0000  -2.0329   0.0000   0.0000   0.0000   0.3401
   7.500   1.4592   0.01315   0.00750  -0.1416  0.4304  1.0000  -2.1725   0.0000   0.0000   0.0000   0.3349
   8.000   1.4955   0.01401   0.00832  -0.1387  0.4016  1.0000  -2.3159   0.0000   0.0000   0.0000   0.3298
   8.500   1.5279   0.01503   0.00930  -0.1351  0.3758  1.0000  -2.4586   0.0000   0.0000   0.0000   0.3247
   9.000   1.5556   0.01630   0.01050  -0.1312  0.3473  1.0000  -2.6381   0.0000   0.0000   0.0000   0.3197
   9.500   1.5802   0.01784   0.01199  -0.1271  0.3195  1.0000  -2.8333   0.0000   0.0000   0.0000   0.3150
  10.000   1.6040   0.01960   0.01374  -0.1233  0.2950  1.0000  -3.0846   0.0000   0.0000   0.0000   0.3106
  10.500   1.6244   0.02170   0.01581  -0.1196  0.2696  1.0000  -3.3348   0.0000   0.0000   0.0000   0.3064
  11.000   1.6416   0.02419   0.01825  -0.1158  0.2435  1.0000  -3.5800   0.0000   0.0000   0.0000   0.3024
  11.500   1.6552   0.02706   0.02107  -0.1120  0.2171  1.0000  -3.8222   0.0000   0.0000   0.0000   0.2985
  12.000   1.6667   0.03023   0.02421  -0.1084  0.1930  1.0000  -4.0647   0.0000   0.0000   0.0000   0.2949
  12.500   1.6765   0.03365   0.02762  -0.1050  0.1706  1.0000  -4.3048   0.0000   0.0000   0.0000   0.2915
  13.000   1.6827   0.03753   0.03148  -0.1017  0.1495  1.0000  -4.5342   0.0000   0.0000   0.0000   0.2882
  13.500   1.6867   0.04180   0.03575  -0.0986  0.1298  1.0000  -4.7573   0.0000   0.0000   0.0000   0.2852
  14.000   1.6882   0.04655   0.04052  -0.0958  0.1121  1.0000  -4.9718   0.0000   0.0000   0.0000   0.2824
  14.500   1.6865   0.05189   0.04587  -0.0934  0.0965  1.0000  -5.1728   0.0000   0.0000   0.0000   0.2799
  15.000   1.6847   0.05744   0.05145  -0.0914  0.0835  1.0000  -5.3747   0.0000   0.0000   0.0000   0.2776
  15.500   1.6844   0.06308   0.05721  -0.0898  0.0734  1.0000  -5.5823   0.0000   0.0000   0.0000   0.2756
  16.000   1.6727   0.07031   0.06448  -0.0886  0.0632  1.0000  -5.7333   0.0000   0.0000   0.0000   0.2740
  16.500   1.6721   0.07635   0.07069  -0.0879  0.0566  1.0000  -5.9418   0.0000   0.0000   0.0000   0.2724
  17.000   1.6539   0.08492   0.07934  -0.0876  0.0487  1.0000  -6.0589   0.0000   0.0000   0.0000   0.2716
  17.500   1.6484   0.09203   0.08665  -0.0878  0.0438  1.0000  -6.2592   0.0000   0.0000   0.0000   0.2707
  18.000   1.6272   0.10147   0.09619  -0.0888  0.0387  1.0000  -6.3708   0.0000   0.0000   0.0000   0.2708
  18.500   1.6111   0.11047   0.10540  -0.0902  0.0350  1.0000  -6.5062   0.0000   0.0000   0.0000   0.2709
  19.000   1.5988   0.11907   0.11419  -0.0921  0.0318  1.0000  -6.6649   0.0000   0.0000   0.0000   0.2713
  19.500   1.5772   0.12930   0.12455  -0.0951  0.0289  1.0000  -6.7475   0.0000   0.0000   0.0000   0.2727
  20.000   1.5596   0.13906   0.13450  -0.0984  0.0266  1.0000  -6.8383   0.0000   0.0000   0.0000   0.2742
  20.500   1.5515   0.14753   0.14316  -0.1017  0.0247  1.0000  -6.9950   0.0000   0.0000   0.0000   0.2754
  21.000   1.5413   0.15652   0.15230  -0.1058  0.0229  1.0000  -7.1267   0.0000   0.0000   0.0000   0.2771
  21.500   1.5280   0.16614   0.16203  -0.1107  0.0212  1.0000  -7.2148   0.0000   0.0000   0.0000   0.2795
  22.000   1.5190   0.17484   0.17089  -0.1153  0.0197  1.0000  -7.3135   0.0000   0.0000   0.0000   0.2816
  22.500   1.5147   0.18316   0.17941  -0.1202  0.0188  1.0000  -7.4524   0.0000   0.0000   0.0000   0.2836
  23.000   1.5116   0.19131   0.18776  -0.1252  0.0178  1.0000  -7.6008   0.0000   0.0000   0.0000   0.2857
  23.500   1.5072   0.19995   0.19655  -0.1310  0.0169  1.0000  -7.7263   0.0000   0.0000   0.0000   0.2883
  24.000   1.5039   0.20843   0.20516  -0.1369  0.0161  1.0000  -7.8545   0.0000   0.0000   0.0000   0.2909
  24.500   1.5010   0.21667   0.21349  -0.1428  0.0152  1.0000  -7.9719   0.0000   0.0000   0.0000   0.2935
  25.000   1.4924   0.22632   0.22337  -0.1500  0.0144  1.0000  -7.9738   0.0000   0.0000   0.0000   0.2973
  25.500   1.4836   0.23722   0.23451  -0.1584  0.0141  1.0000  -7.9597   0.0000   0.0000   0.0000   0.3021
  26.000   1.4686   0.25042   0.24798  -0.1686  0.0138  1.0000  -7.8053   0.0000   0.0000   0.0000   0.3089
  28.500   0.8451   0.31924   0.31758  -0.1425  0.0155  1.0000  -1.4592   0.0000   0.0000   0.0000   0.3770
  29.000   0.8527   0.32349   0.32185  -0.1439  0.0148  1.0000  -1.6170   0.0000   0.0000   0.0000   0.3754
  29.500   0.8548   0.33362   0.33200  -0.1464  0.0144  1.0000  -1.5482   0.0000   0.0000   0.0000   0.3766
  30.000   0.8517   0.34527   0.34366  -0.1504  0.0129  1.0000  -1.2994   0.0000   0.0000   0.0000   0.3815


