xflr5 v6.59

 Calculated polar for: revR_05_revT

 1 1 Reynolds number fixed          Mach number fixed         

 xtrf =   1.000 (top)        1.000 (bottom)
 Mach =   0.000     Re =     0.070 e 6     Ncrit =   9.000

  alpha     CL        CD       CDp       Cm    Top Xtr Bot Xtr   Cpmin    Chinge    XCp    
 ------- -------- --------- --------- -------- ------- ------- -------- --------- ---------
  -5.000  -0.5086   0.03247   0.02389  -0.0266  1.0000  0.1145  -2.8164   0.0000   0.0000   0.0000   0.1926
  -4.500  -0.4718   0.02836   0.01911  -0.0241  1.0000  0.1233  -2.7079   0.0000   0.0000   0.0000   0.1939
  -4.000  -0.4339   0.02633   0.01668  -0.0214  1.0000  0.1426  -2.5220   0.0000   0.0000   0.0000   0.1957
  -3.500  -0.3980   0.02415   0.01470  -0.0190  1.0000  0.1782  -2.3018   0.0000   0.0000   0.0000   0.1975
  -3.000  -0.3629   0.02252   0.01333  -0.0163  1.0000  0.2460  -2.0799   0.0000   0.0000   0.0000   0.2006
  -2.500  -0.3234   0.02076   0.01272  -0.0145  0.9970  0.4222  -1.8306   0.0000   0.0000   0.0000   0.2008
  -2.000  -0.2758   0.02064   0.01422  -0.0102  0.9790  0.7843  -1.5327   0.0000   0.0000   0.0000   0.2087
  -1.500  -0.0731   0.02286   0.01589  -0.0339  0.9706  0.9982  -0.9399   0.0000   0.0000   0.0000  -0.2239
  -1.000  -0.0041   0.02308   0.01564  -0.0405  0.9464  1.0000  -0.7294   0.0000   0.0000   0.0000  -9.6798
  -0.500   0.0623   0.02351   0.01570  -0.0451  0.9219  1.0000  -0.5459   0.0000   0.0000   0.0000   0.9779
   0.000   0.1270   0.02407   0.01596  -0.0485  0.8981  1.0000  -0.4707   0.0000   0.0000   0.0000   0.6320
   0.500   0.1968   0.02462   0.01628  -0.0520  0.8738  1.0000  -0.5245   0.0000   0.0000   0.0000   0.5131
   1.000   0.2681   0.02509   0.01659  -0.0553  0.8497  1.0000  -0.5828   0.0000   0.0000   0.0000   0.4543
   2.000   0.4155   0.02556   0.01694  -0.0612  0.8020  1.0000  -0.7188   0.0000   0.0000   0.0000   0.3943
   2.500   0.4865   0.02547   0.01686  -0.0627  0.7774  1.0000  -0.7953   0.0000   0.0000   0.0000   0.3754
   3.000   0.5521   0.02534   0.01677  -0.0629  0.7524  1.0000  -0.8804   0.0000   0.0000   0.0000   0.3601
   3.500   0.6179   0.02495   0.01644  -0.0625  0.7268  1.0000  -0.9760   0.0000   0.0000   0.0000   0.3471
   4.000   0.6612   0.02535   0.01693  -0.0595  0.6951  1.0000  -1.0747   0.0000   0.0000   0.0000   0.3354
   4.500   0.7169   0.02520   0.01688  -0.0577  0.6651  1.0000  -1.2070   0.0000   0.0000   0.0000   0.3255
   5.000   0.7811   0.02447   0.01624  -0.0565  0.6346  1.0000  -1.4040   0.0000   0.0000   0.0000   0.3168
   5.500   0.8346   0.02436   0.01621  -0.0542  0.6001  1.0000  -1.6841   0.0000   0.0000   0.0000   0.3090
   6.000   0.8917   0.02396   0.01587  -0.0522  0.5618  1.0000  -2.0420   0.0000   0.0000   0.0000   0.3020
   6.500   0.9391   0.02421   0.01617  -0.0493  0.5187  1.0000  -2.3805   0.0000   0.0000   0.0000   0.2954
   7.000   0.9862   0.02438   0.01628  -0.0462  0.4703  1.0000  -2.7361   0.0000   0.0000   0.0000   0.2892
   7.500   1.0292   0.02493   0.01680  -0.0428  0.4192  1.0000  -3.0865   0.0000   0.0000   0.0000   0.2833
   8.000   1.0635   0.02579   0.01752  -0.0385  0.3621  1.0000  -3.4122   0.0000   0.0000   0.0000   0.2773
   8.500   1.0879   0.02707   0.01862  -0.0331  0.2997  1.0000  -3.6992   0.0000   0.0000   0.0000   0.2708
   9.000   1.1046   0.02925   0.02056  -0.0272  0.2367  1.0000  -3.9369   0.0000   0.0000   0.0000   0.2643
   9.500   1.1191   0.03209   0.02311  -0.0215  0.1837  1.0000  -4.1425   0.0000   0.0000   0.0000   0.2582
  10.000   1.1380   0.03573   0.02673  -0.0169  0.1448  1.0000  -4.3262   0.0000   0.0000   0.0000   0.2532
  10.500   1.1595   0.03983   0.03090  -0.0130  0.1177  1.0000  -4.4799   0.0000   0.0000   0.0000   0.2489
  11.000   1.1733   0.04443   0.03572  -0.0087  0.0987  1.0000  -4.5985   0.0000   0.0000   0.0000   0.2444
  11.500   1.1855   0.05004   0.04144  -0.0052  0.0848  1.0000  -4.7151   0.0000   0.0000   0.0000   0.2407
  12.000   1.1730   0.05553   0.04757   0.0003  0.0797  1.0000  -4.7037   0.0000   0.0000   0.0000   0.2354
  12.500   1.1497   0.06248   0.05507   0.0040  0.0772  1.0000  -4.6467   0.0000   0.0000   0.0000   0.2315
  13.000   1.1089   0.07127   0.06439   0.0053  0.0767  1.0000  -4.5192   0.0000   0.0000   0.0000   0.2294
  13.500   1.0450   0.08399   0.07759   0.0017  0.0785  1.0000  -4.2730   0.0000   0.0000   0.0000   0.2317
  14.000   0.9610   0.10414   0.09806  -0.0096  0.0829  1.0000  -3.8499   0.0000   0.0000   0.0000   0.2428
  14.500   0.8984   0.12788   0.12181  -0.0226  0.0864  1.0000  -3.3648   0.0000   0.0000   0.0000   0.2577
  15.000   0.8264   0.16332   0.15706  -0.0428  0.1120  1.0000  -2.4095   0.0000   0.0000   0.0000   0.2854


