xflr5 v6.59

 Calculated polar for: revR_85_revT

 1 1 Reynolds number fixed          Mach number fixed         

 xtrf =   1.000 (top)        1.000 (bottom)
 Mach =   0.000     Re =     0.225 e 6     Ncrit =   9.000

  alpha     CL        CD       CDp       Cm    Top Xtr Bot Xtr   Cpmin    Chinge    XCp    
 ------- -------- --------- --------- -------- ------- ------- -------- --------- ---------
  -5.000   0.0736   0.01809   0.01098  -0.1431  0.8321  0.0633  -2.2323   0.0000   0.0000   0.0000   2.2434
  -4.500   0.1291   0.01652   0.00925  -0.1432  0.8244  0.0755  -2.0076   0.0000   0.0000   0.0000   1.3840
  -4.000   0.1845   0.01565   0.00837  -0.1433  0.8163  0.0994  -1.7784   0.0000   0.0000   0.0000   1.0421
  -3.500   0.2379   0.01501   0.00781  -0.1432  0.8062  0.1428  -1.5506   0.0000   0.0000   0.0000   0.8622
  -3.000   0.2958   0.01437   0.00734  -0.1437  0.7980  0.2152  -1.3118   0.0000   0.0000   0.0000   0.7426
  -2.500   0.3514   0.01407   0.00723  -0.1439  0.7893  0.2941  -1.0849   0.0000   0.0000   0.0000   0.6641
  -2.000   0.4058   0.01370   0.00717  -0.1439  0.7789  0.3920  -0.8755   0.0000   0.0000   0.0000   0.6075
  -1.500   0.4639   0.01328   0.00699  -0.1441  0.7710  0.5051  -0.7717   0.0000   0.0000   0.0000   0.5623
  -1.000   0.5154   0.01307   0.00719  -0.1431  0.7600  0.6359  -0.8100   0.0000   0.0000   0.0000   0.5281
  -0.500   0.5667   0.01288   0.00723  -0.1414  0.7498  0.7451  -0.8516   0.0000   0.0000   0.0000   0.4990
   0.000   0.6165   0.01285   0.00724  -0.1390  0.7413  0.8246  -0.8939   0.0000   0.0000   0.0000   0.4743
   0.500   0.6546   0.01272   0.00725  -0.1346  0.7286  0.8975  -0.9292   0.0000   0.0000   0.0000   0.4536
   1.000   0.7174   0.01233   0.00673  -0.1351  0.7189  1.0000  -0.9870   0.0000   0.0000   0.0000   0.4356
   1.500   0.7750   0.01253   0.00685  -0.1360  0.7056  1.0000  -1.0404   0.0000   0.0000   0.0000   0.4221
   2.000   0.8372   0.01251   0.00664  -0.1372  0.6946  1.0000  -1.1032   0.0000   0.0000   0.0000   0.4099
   2.500   0.8925   0.01266   0.00675  -0.1373  0.6797  1.0000  -1.1659   0.0000   0.0000   0.0000   0.3992
   3.000   0.9532   0.01264   0.00655  -0.1380  0.6669  1.0000  -1.2341   0.0000   0.0000   0.0000   0.3894
   3.500   1.0063   0.01280   0.00674  -0.1376  0.6508  1.0000  -1.3003   0.0000   0.0000   0.0000   0.3808
   4.000   1.0618   0.01288   0.00676  -0.1375  0.6340  1.0000  -1.3772   0.0000   0.0000   0.0000   0.3729
   4.500   1.1185   0.01300   0.00675  -0.1375  0.6172  1.0000  -1.4579   0.0000   0.0000   0.0000   0.3657
   5.000   1.1696   0.01324   0.00704  -0.1367  0.5973  1.0000  -1.5463   0.0000   0.0000   0.0000   0.3590
   5.500   1.2207   0.01354   0.00732  -0.1359  0.5753  1.0000  -1.6409   0.0000   0.0000   0.0000   0.3527
   6.000   1.2706   0.01392   0.00769  -0.1349  0.5521  1.0000  -1.7553   0.0000   0.0000   0.0000   0.3468
   6.500   1.3187   0.01441   0.00814  -0.1337  0.5271  1.0000  -1.8748   0.0000   0.0000   0.0000   0.3413
   7.000   1.3640   0.01500   0.00868  -0.1320  0.4997  1.0000  -2.0095   0.0000   0.0000   0.0000   0.3359
   7.500   1.4070   0.01572   0.00937  -0.1300  0.4723  1.0000  -2.1586   0.0000   0.0000   0.0000   0.3308
   8.000   1.4449   0.01662   0.01015  -0.1272  0.4416  1.0000  -2.3112   0.0000   0.0000   0.0000   0.3256
   8.500   1.4797   0.01760   0.01116  -0.1240  0.4131  1.0000  -2.5049   0.0000   0.0000   0.0000   0.3206
   9.000   1.5078   0.01874   0.01229  -0.1199  0.3849  1.0000  -2.7319   0.0000   0.0000   0.0000   0.3155
   9.500   1.5295   0.02018   0.01371  -0.1151  0.3545  1.0000  -2.9864   0.0000   0.0000   0.0000   0.3104
  10.000   1.5489   0.02194   0.01545  -0.1104  0.3264  1.0000  -3.2395   0.0000   0.0000   0.0000   0.3056
  10.500   1.5661   0.02403   0.01756  -0.1061  0.2997  1.0000  -3.4907   0.0000   0.0000   0.0000   0.3011
  11.000   1.5794   0.02657   0.02007  -0.1018  0.2725  1.0000  -3.7328   0.0000   0.0000   0.0000   0.2969
  11.500   1.5885   0.02960   0.02307  -0.0976  0.2454  1.0000  -3.9694   0.0000   0.0000   0.0000   0.2930
  12.000   1.5949   0.03309   0.02653  -0.0938  0.2184  1.0000  -4.2010   0.0000   0.0000   0.0000   0.2893
  12.500   1.6002   0.03688   0.03035  -0.0903  0.1932  1.0000  -4.4302   0.0000   0.0000   0.0000   0.2860
  13.000   1.6022   0.04118   0.03470  -0.0871  0.1695  1.0000  -4.6469   0.0000   0.0000   0.0000   0.2828
  13.500   1.6003   0.04611   0.03963  -0.0841  0.1477  1.0000  -4.8469   0.0000   0.0000   0.0000   0.2800
  14.000   1.5960   0.05162   0.04516  -0.0817  0.1283  1.0000  -5.0354   0.0000   0.0000   0.0000   0.2775
  14.500   1.5946   0.05714   0.05078  -0.0799  0.1117  1.0000  -5.2355   0.0000   0.0000   0.0000   0.2753
  15.000   1.5906   0.06324   0.05699  -0.0784  0.0970  1.0000  -5.4205   0.0000   0.0000   0.0000   0.2735


