xflr5 v6.59

 Calculated polar for: revR_85_revT

 1 1 Reynolds number fixed          Mach number fixed         

 xtrf =   1.000 (top)        1.000 (bottom)
 Mach =   0.000     Re =     0.360 e 6     Ncrit =   9.000

  alpha     CL        CD       CDp       Cm    Top Xtr Bot Xtr   Cpmin    Chinge    XCp    
 ------- -------- --------- --------- -------- ------- ------- -------- --------- ---------
  -5.000   0.0794   0.01386   0.00714  -0.1411  0.7991  0.0499  -2.3009   0.0000   0.0000   0.0000   2.0706
  -4.500   0.1350   0.01282   0.00601  -0.1414  0.7914  0.0613  -2.0500   0.0000   0.0000   0.0000   1.3206
  -4.000   0.1907   0.01210   0.00531  -0.1416  0.7830  0.0830  -1.8002   0.0000   0.0000   0.0000   1.0065
  -3.500   0.2478   0.01150   0.00476  -0.1420  0.7748  0.1216  -1.5489   0.0000   0.0000   0.0000   0.8321
  -3.000   0.3050   0.01117   0.00455  -0.1425  0.7668  0.1824  -1.3044   0.0000   0.0000   0.0000   0.7232
  -2.500   0.3610   0.01076   0.00437  -0.1427  0.7582  0.2537  -1.0721   0.0000   0.0000   0.0000   0.6495
  -2.000   0.4184   0.01043   0.00419  -0.1432  0.7499  0.3279  -0.8557   0.0000   0.0000   0.0000   0.5946
  -1.500   0.4756   0.01018   0.00413  -0.1435  0.7405  0.4258  -0.7850   0.0000   0.0000   0.0000   0.5530
  -1.000   0.5314   0.00986   0.00413  -0.1436  0.7312  0.5309  -0.8256   0.0000   0.0000   0.0000   0.5204
  -0.500   0.5870   0.00957   0.00415  -0.1433  0.7222  0.6566  -0.8696   0.0000   0.0000   0.0000   0.4935
   0.000   0.6406   0.00952   0.00428  -0.1425  0.7120  0.7481  -0.9140   0.0000   0.0000   0.0000   0.4709
   0.500   0.6927   0.00943   0.00430  -0.1412  0.7009  0.8141  -0.9583   0.0000   0.0000   0.0000   0.4516
   1.000   0.7428   0.00942   0.00430  -0.1394  0.6901  0.8719  -1.0084   0.0000   0.0000   0.0000   0.4348
   1.500   0.7870   0.00924   0.00424  -0.1364  0.6783  0.9364  -1.0549   0.0000   0.0000   0.0000   0.4198
   2.000   0.8507   0.00922   0.00409  -0.1380  0.6651  1.0000  -1.1190   0.0000   0.0000   0.0000   0.4080
   2.500   0.9081   0.00931   0.00415  -0.1385  0.6509  1.0000  -1.1836   0.0000   0.0000   0.0000   0.3977
   3.000   0.9653   0.00949   0.00422  -0.1389  0.6364  1.0000  -1.2489   0.0000   0.0000   0.0000   0.3885
   3.500   1.0209   0.00966   0.00427  -0.1390  0.6185  1.0000  -1.3178   0.0000   0.0000   0.0000   0.3800
   4.000   1.0754   0.00988   0.00450  -0.1389  0.6010  1.0000  -1.3945   0.0000   0.0000   0.0000   0.3724
   4.500   1.1292   0.01017   0.00473  -0.1386  0.5818  1.0000  -1.4727   0.0000   0.0000   0.0000   0.3654
   5.000   1.1813   0.01051   0.00501  -0.1381  0.5598  1.0000  -1.5639   0.0000   0.0000   0.0000   0.3588
   5.500   1.2322   0.01094   0.00537  -0.1374  0.5370  1.0000  -1.6585   0.0000   0.0000   0.0000   0.3527
   6.000   1.2812   0.01143   0.00580  -0.1364  0.5117  1.0000  -1.7753   0.0000   0.0000   0.0000   0.3470
   6.500   1.3283   0.01201   0.00633  -0.1351  0.4845  1.0000  -1.8939   0.0000   0.0000   0.0000   0.3415
   7.000   1.3735   0.01266   0.00694  -0.1335  0.4573  1.0000  -2.0323   0.0000   0.0000   0.0000   0.3363
   7.500   1.4145   0.01346   0.00766  -0.1313  0.4256  1.0000  -2.1792   0.0000   0.0000   0.0000   0.3311
   8.000   1.4535   0.01434   0.00848  -0.1288  0.3982  1.0000  -2.3353   0.0000   0.0000   0.0000   0.3262
   8.500   1.4849   0.01541   0.00947  -0.1251  0.3690  1.0000  -2.5308   0.0000   0.0000   0.0000   0.3210
   9.000   1.5126   0.01668   0.01067  -0.1211  0.3384  1.0000  -2.7747   0.0000   0.0000   0.0000   0.3160
   9.500   1.5392   0.01810   0.01207  -0.1172  0.3121  1.0000  -3.0477   0.0000   0.0000   0.0000   0.3113
  10.000   1.5628   0.01983   0.01377  -0.1134  0.2845  1.0000  -3.3180   0.0000   0.0000   0.0000   0.3068
  10.500   1.5826   0.02195   0.01587  -0.1095  0.2562  1.0000  -3.5846   0.0000   0.0000   0.0000   0.3025
  11.000   1.5986   0.02449   0.01835  -0.1057  0.2275  1.0000  -3.8501   0.0000   0.0000   0.0000   0.2985
  11.500   1.6118   0.02741   0.02121  -0.1020  0.2008  1.0000  -4.1096   0.0000   0.0000   0.0000   0.2947
  12.000   1.6213   0.03077   0.02450  -0.0983  0.1741  1.0000  -4.3591   0.0000   0.0000   0.0000   0.2911
  12.500   1.6277   0.03454   0.02821  -0.0949  0.1497  1.0000  -4.5989   0.0000   0.0000   0.0000   0.2877
  13.000   1.6321   0.03865   0.03233  -0.0916  0.1276  1.0000  -4.8328   0.0000   0.0000   0.0000   0.2846
  13.500   1.6354   0.04308   0.03675  -0.0888  0.1087  1.0000  -5.0638   0.0000   0.0000   0.0000   0.2817
  14.000   1.6395   0.04766   0.04139  -0.0864  0.0936  1.0000  -5.3001   0.0000   0.0000   0.0000   0.2790
  14.500   1.6403   0.05286   0.04668  -0.0844  0.0809  1.0000  -5.5200   0.0000   0.0000   0.0000   0.2767
  15.000   1.6318   0.05930   0.05314  -0.0825  0.0685  1.0000  -5.6944   0.0000   0.0000   0.0000   0.2747


