xflr5 v6.59

 Calculated polar for: revR_65_revT

 1 1 Reynolds number fixed          Mach number fixed         

 xtrf =   1.000 (top)        1.000 (bottom)
 Mach =   0.000     Re =     0.070 e 6     Ncrit =   9.000

  alpha     CL        CD       CDp       Cm    Top Xtr Bot Xtr   Cpmin    Chinge    XCp    
 ------- -------- --------- --------- -------- ------- ------- -------- --------- ---------
  -5.000  -0.3860   0.05707   0.05140  -0.0630  0.9765  0.1296  -2.3021   0.0000   0.0000   0.0000   0.0793
  -4.500  -0.2860   0.04333   0.03593  -0.0808  0.9690  0.1159  -2.3815   0.0000   0.0000   0.0000  -0.0428
  -4.000  -0.2145   0.03797   0.02939  -0.0868  0.9572  0.1257  -2.2387   0.0000   0.0000   0.0000  -0.1677
  -3.500  -0.1191   0.03524   0.02586  -0.0951  0.9468  0.1470  -1.9794   0.0000   0.0000   0.0000  -0.5692
  -3.000  -0.0624   0.03342   0.02416  -0.0969  0.9328  0.1862  -1.7602   0.0000   0.0000   0.0000  -1.3367
  -2.500   0.0317   0.03234   0.02334  -0.1045  0.9221  0.2898  -1.5071   0.0000   0.0000   0.0000   3.6049
  -2.000   0.0791   0.03175   0.02332  -0.1044  0.9061  0.4226  -1.3176   0.0000   0.0000   0.0000   1.5905
  -1.500   0.1403   0.03166   0.02422  -0.1046  0.8926  0.6373  -1.0967   0.0000   0.0000   0.0000   1.0050
  -1.000   0.1653   0.03186   0.02492  -0.0961  0.8768  0.8399  -0.9443   0.0000   0.0000   0.0000   0.8372
  -0.500   0.2111   0.03233   0.02509  -0.0956  0.8575  1.0000  -0.7681   0.0000   0.0000   0.0000   0.7061
   0.000   0.2808   0.03367   0.02589  -0.1001  0.8400  1.0000  -0.6056   0.0000   0.0000   0.0000   0.6075
   0.500   0.3623   0.03479   0.02659  -0.1054  0.8252  1.0000  -0.6646   0.0000   0.0000   0.0000   0.5403
   1.000   0.4090   0.03619   0.02774  -0.1056  0.8042  1.0000  -0.7006   0.0000   0.0000   0.0000   0.5066
   1.500   0.4589   0.03769   0.02903  -0.1060  0.7837  1.0000  -0.7407   0.0000   0.0000   0.0000   0.4787
   2.000   0.5126   0.03915   0.03034  -0.1068  0.7643  1.0000  -0.7900   0.0000   0.0000   0.0000   0.4552
   2.500   0.6014   0.03925   0.03030  -0.1107  0.7510  1.0000  -0.8715   0.0000   0.0000   0.0000   0.4302
   3.000   0.6425   0.04078   0.03177  -0.1095  0.7286  1.0000  -0.9143   0.0000   0.0000   0.0000   0.4160
   3.500   0.6873   0.04216   0.03313  -0.1085  0.7063  1.0000  -0.9649   0.0000   0.0000   0.0000   0.4029
   4.000   0.7317   0.04358   0.03456  -0.1075  0.6840  1.0000  -1.0214   0.0000   0.0000   0.0000   0.3912
   5.000   0.8805   0.04201   0.03311  -0.1084  0.6540  1.0000  -1.2156   0.0000   0.0000   0.0000   0.3663
   5.500   0.9242   0.04274   0.03395  -0.1063  0.6312  1.0000  -1.2923   0.0000   0.0000   0.0000   0.3576
   6.500   1.0128   0.04398   0.03547  -0.1019  0.5864  1.0000  -1.4838   0.0000   0.0000   0.0000   0.3418
   7.500   1.1363   0.04151   0.03339  -0.0984  0.5453  1.0000  -1.7953   0.0000   0.0000   0.0000   0.3264
   8.000   1.2338   0.03748   0.02955  -0.0992  0.5248  1.0000  -2.0734   0.0000   0.0000   0.0000   0.3195
   8.500   1.3028   0.03587   0.02811  -0.0983  0.4963  1.0000  -2.3520   0.0000   0.0000   0.0000   0.3137
   9.000   1.3787   0.03403   0.02623  -0.0982  0.4635  1.0000  -2.7535   0.0000   0.0000   0.0000   0.3087
   9.500   1.4161   0.03479   0.02708  -0.0947  0.4277  1.0000  -3.0540   0.0000   0.0000   0.0000   0.3035
  10.000   1.4640   0.03512   0.02738  -0.0923  0.3899  1.0000  -3.4045   0.0000   0.0000   0.0000   0.2988
  10.500   1.4810   0.03692   0.02928  -0.0868  0.3528  1.0000  -3.6537   0.0000   0.0000   0.0000   0.2935
  11.000   1.5083   0.03824   0.03037  -0.0824  0.3137  1.0000  -3.9564   0.0000   0.0000   0.0000   0.2886
  11.500   1.5031   0.04116   0.03345  -0.0751  0.2810  1.0000  -4.1243   0.0000   0.0000   0.0000   0.2831
  12.000   1.5107   0.04397   0.03612  -0.0698  0.2471  1.0000  -4.3443   0.0000   0.0000   0.0000   0.2784
  12.500   1.5072   0.04785   0.03997  -0.0645  0.2166  1.0000  -4.5134   0.0000   0.0000   0.0000   0.2741
  13.000   1.4976   0.05256   0.04479  -0.0597  0.1905  1.0000  -4.6519   0.0000   0.0000   0.0000   0.2702
  13.500   1.4887   0.05772   0.05010  -0.0558  0.1671  1.0000  -4.7869   0.0000   0.0000   0.0000   0.2668
  14.000   1.4861   0.06330   0.05576  -0.0527  0.1466  1.0000  -4.9298   0.0000   0.0000   0.0000   0.2638
  14.500   1.4867   0.06899   0.06143  -0.0501  0.1280  1.0000  -5.0825   0.0000   0.0000   0.0000   0.2611
  15.000   1.4511   0.07781   0.07086  -0.0485  0.1193  1.0000  -5.0506   0.0000   0.0000   0.0000   0.2598


