xflr5 v6.59

 Calculated polar for: revR_60_revT

 1 1 Reynolds number fixed          Mach number fixed         

 xtrf =   1.000 (top)        1.000 (bottom)
 Mach =   0.000     Re =     0.245 e 6     Ncrit =   9.000

  alpha     CL        CD       CDp       Cm    Top Xtr Bot Xtr   Cpmin    Chinge    XCp    
 ------- -------- --------- --------- -------- ------- ------- -------- --------- ---------
  -5.000  -0.0192   0.01634   0.00922  -0.1211  0.8530  0.0620  -2.2949   0.0000   0.0000   0.0000  -6.2013
  -4.500   0.0322   0.01475   0.00756  -0.1206  0.8434  0.0796  -2.0153   0.0000   0.0000   0.0000   4.0799
  -4.000   0.0857   0.01378   0.00663  -0.1204  0.8327  0.1135  -1.7493   0.0000   0.0000   0.0000   1.6809
  -3.500   0.1414   0.01312   0.00609  -0.1204  0.8234  0.1756  -1.5094   0.0000   0.0000   0.0000   1.1155
  -3.000   0.1945   0.01258   0.00585  -0.1203  0.8120  0.2589  -1.2753   0.0000   0.0000   0.0000   0.8768
  -2.500   0.2508   0.01206   0.00556  -0.1204  0.8026  0.3565  -1.0459   0.0000   0.0000   0.0000   0.7351
  -2.000   0.3038   0.01169   0.00557  -0.1200  0.7916  0.4778  -0.8388   0.0000   0.0000   0.0000   0.6483
  -1.500   0.3575   0.01122   0.00548  -0.1191  0.7804  0.6113  -0.6712   0.0000   0.0000   0.0000   0.5849
  -1.000   0.4082   0.01114   0.00565  -0.1175  0.7693  0.7248  -0.7109   0.0000   0.0000   0.0000   0.5383
  -0.500   0.4590   0.01106   0.00565  -0.1156  0.7580  0.7962  -0.7511   0.0000   0.0000   0.0000   0.5014
   0.000   0.5056   0.01103   0.00567  -0.1127  0.7462  0.8557  -0.7907   0.0000   0.0000   0.0000   0.4717
   0.500   0.5499   0.01083   0.00548  -0.1092  0.7333  0.9107  -0.8341   0.0000   0.0000   0.0000   0.4467
   1.000   0.6133   0.01067   0.00528  -0.1101  0.7204  0.9784  -0.8886   0.0000   0.0000   0.0000   0.4270
   1.500   0.6780   0.01065   0.00510  -0.1122  0.7070  1.0000  -0.9512   0.0000   0.0000   0.0000   0.4123
   2.000   0.7347   0.01075   0.00511  -0.1126  0.6905  1.0000  -1.0108   0.0000   0.0000   0.0000   0.3996
   2.500   0.7927   0.01086   0.00509  -0.1131  0.6760  1.0000  -1.0759   0.0000   0.0000   0.0000   0.3883
   3.000   0.8489   0.01092   0.00506  -0.1131  0.6582  1.0000  -1.1442   0.0000   0.0000   0.0000   0.3783
   3.500   0.9035   0.01106   0.00517  -0.1129  0.6385  1.0000  -1.2161   0.0000   0.0000   0.0000   0.3695
   4.000   0.9579   0.01126   0.00532  -0.1126  0.6183  1.0000  -1.2967   0.0000   0.0000   0.0000   0.3615
   4.500   1.0116   0.01149   0.00550  -0.1122  0.5958  1.0000  -1.3865   0.0000   0.0000   0.0000   0.3543
   5.000   1.0640   0.01179   0.00575  -0.1116  0.5711  1.0000  -1.4907   0.0000   0.0000   0.0000   0.3476
   5.500   1.1152   0.01218   0.00608  -0.1107  0.5441  1.0000  -1.6074   0.0000   0.0000   0.0000   0.3414
   6.000   1.1647   0.01267   0.00648  -0.1097  0.5151  1.0000  -1.7414   0.0000   0.0000   0.0000   0.3356
   6.500   1.2125   0.01328   0.00702  -0.1084  0.4851  1.0000  -1.8991   0.0000   0.0000   0.0000   0.3302
   7.000   1.2575   0.01393   0.00766  -0.1067  0.4503  1.0000  -2.0805   0.0000   0.0000   0.0000   0.3250
   7.500   1.3010   0.01475   0.00840  -0.1049  0.4188  1.0000  -2.3082   0.0000   0.0000   0.0000   0.3200
   8.000   1.3409   0.01567   0.00929  -0.1026  0.3832  1.0000  -2.5997   0.0000   0.0000   0.0000   0.3151
   8.500   1.3764   0.01676   0.01029  -0.0996  0.3474  1.0000  -2.8987   0.0000   0.0000   0.0000   0.3103
   9.000   1.4081   0.01797   0.01145  -0.0962  0.3160  1.0000  -3.1940   0.0000   0.0000   0.0000   0.3055
   9.500   1.4336   0.01939   0.01283  -0.0920  0.2809  1.0000  -3.4772   0.0000   0.0000   0.0000   0.3006
  10.000   1.4522   0.02131   0.01463  -0.0875  0.2464  1.0000  -3.7420   0.0000   0.0000   0.0000   0.2958
  10.500   1.4724   0.02337   0.01673  -0.0837  0.2142  1.0000  -4.0165   0.0000   0.0000   0.0000   0.2915
  11.000   1.4852   0.02612   0.01939  -0.0797  0.1820  1.0000  -4.2730   0.0000   0.0000   0.0000   0.2875
  11.500   1.4963   0.02927   0.02249  -0.0761  0.1512  1.0000  -4.5275   0.0000   0.0000   0.0000   0.2838
  12.000   1.5039   0.03291   0.02608  -0.0728  0.1236  1.0000  -4.7686   0.0000   0.0000   0.0000   0.2804
  12.500   1.5077   0.03708   0.03022  -0.0696  0.1007  1.0000  -4.9927   0.0000   0.0000   0.0000   0.2772
  13.000   1.5090   0.04170   0.03487  -0.0669  0.0829  1.0000  -5.2027   0.0000   0.0000   0.0000   0.2744
  13.500   1.5036   0.04721   0.04046  -0.0643  0.0692  1.0000  -5.3745   0.0000   0.0000   0.0000   0.2718
  14.000   1.5015   0.05279   0.04613  -0.0626  0.0583  1.0000  -5.5637   0.0000   0.0000   0.0000   0.2697
  14.500   1.4924   0.05943   0.05295  -0.0611  0.0506  1.0000  -5.7047   0.0000   0.0000   0.0000   0.2679
  15.000   1.4889   0.06587   0.05958  -0.0606  0.0445  1.0000  -5.8767   0.0000   0.0000   0.0000   0.2666


