xflr5 v6.59

 Calculated polar for: revR_50_revT

 1 1 Reynolds number fixed          Mach number fixed         

 xtrf =   1.000 (top)        1.000 (bottom)
 Mach =   0.000     Re =     0.245 e 6     Ncrit =   9.000

  alpha     CL        CD       CDp       Cm    Top Xtr Bot Xtr   Cpmin    Chinge    XCp    
 ------- -------- --------- --------- -------- ------- ------- -------- --------- ---------
  -5.000  -0.0600   0.01564   0.00856  -0.1122  0.8655  0.0662  -2.3461   0.0000   0.0000   0.0000  -1.6669
  -4.500  -0.0074   0.01425   0.00709  -0.1117  0.8548  0.0840  -2.0561   0.0000   0.0000   0.0000  -15.1411
  -4.000   0.0458   0.01340   0.00630  -0.1113  0.8442  0.1237  -1.7493   0.0000   0.0000   0.0000   2.7267
  -3.500   0.0993   0.01268   0.00580  -0.1111  0.8323  0.1936  -1.4925   0.0000   0.0000   0.0000   1.3868
  -3.000   0.1542   0.01217   0.00549  -0.1110  0.8225  0.2799  -1.2605   0.0000   0.0000   0.0000   0.9799
  -2.500   0.2072   0.01162   0.00532  -0.1107  0.8103  0.3918  -1.0385   0.0000   0.0000   0.0000   0.7902
  -1.500   0.3123   0.01083   0.00525  -0.1088  0.7869  0.6529  -0.6383   0.0000   0.0000   0.0000   0.6002
  -1.000   0.3643   0.01076   0.00532  -0.1070  0.7768  0.7537  -0.6712   0.0000   0.0000   0.0000   0.5443
  -0.500   0.4123   0.01071   0.00540  -0.1047  0.7632  0.8143  -0.7084   0.0000   0.0000   0.0000   0.5035
   0.000   0.4605   0.01065   0.00530  -0.1019  0.7516  0.8673  -0.7511   0.0000   0.0000   0.0000   0.4702
   1.000   0.5712   0.01035   0.00496  -0.1001  0.7241  0.9755  -0.8508   0.0000   0.0000   0.0000   0.4227
   1.500   0.6382   0.01028   0.00475  -0.1026  0.7085  1.0000  -0.9148   0.0000   0.0000   0.0000   0.4077
   2.000   0.6937   0.01040   0.00478  -0.1029  0.6915  1.0000  -0.9755   0.0000   0.0000   0.0000   0.3947
   2.500   0.7504   0.01051   0.00478  -0.1031  0.6749  1.0000  -1.0394   0.0000   0.0000   0.0000   0.3832
   3.000   0.8069   0.01060   0.00474  -0.1031  0.6563  1.0000  -1.1092   0.0000   0.0000   0.0000   0.3731
   3.500   0.8614   0.01073   0.00482  -0.1029  0.6356  1.0000  -1.1855   0.0000   0.0000   0.0000   0.3642
   4.000   0.9153   0.01093   0.00497  -0.1025  0.6129  1.0000  -1.2687   0.0000   0.0000   0.0000   0.3561
   4.500   0.9686   0.01120   0.00517  -0.1020  0.5885  1.0000  -1.3623   0.0000   0.0000   0.0000   0.3489
   5.000   1.0209   0.01155   0.00543  -0.1013  0.5616  1.0000  -1.4755   0.0000   0.0000   0.0000   0.3422
   5.500   1.0715   0.01195   0.00583  -0.1004  0.5322  1.0000  -1.5993   0.0000   0.0000   0.0000   0.3361
   6.000   1.1209   0.01246   0.00629  -0.0994  0.5006  1.0000  -1.7550   0.0000   0.0000   0.0000   0.3304
   6.500   1.1680   0.01312   0.00681  -0.0980  0.4665  1.0000  -1.9349   0.0000   0.0000   0.0000   0.3250
   7.000   1.2144   0.01378   0.00749  -0.0965  0.4330  1.0000  -2.2058   0.0000   0.0000   0.0000   0.3200
   7.500   1.2570   0.01465   0.00824  -0.0946  0.3959  1.0000  -2.5083   0.0000   0.0000   0.0000   0.3150
   8.000   1.2979   0.01557   0.00912  -0.0924  0.3582  1.0000  -2.8241   0.0000   0.0000   0.0000   0.3103
   8.500   1.3348   0.01671   0.01018  -0.0898  0.3234  1.0000  -3.1433   0.0000   0.0000   0.0000   0.3056
   9.000   1.3678   0.01793   0.01135  -0.0867  0.2838  1.0000  -3.4596   0.0000   0.0000   0.0000   0.3010
   9.500   1.3927   0.01945   0.01276  -0.0825  0.2468  1.0000  -3.7546   0.0000   0.0000   0.0000   0.2961
  10.000   1.4146   0.02127   0.01451  -0.0784  0.2110  1.0000  -4.0435   0.0000   0.0000   0.0000   0.2914
  10.500   1.4318   0.02356   0.01671  -0.0743  0.1742  1.0000  -4.3183   0.0000   0.0000   0.0000   0.2871
  11.000   1.4421   0.02659   0.01960  -0.0703  0.1382  1.0000  -4.5665   0.0000   0.0000   0.0000   0.2831
  11.500   1.4543   0.02975   0.02273  -0.0669  0.1091  1.0000  -4.8223   0.0000   0.0000   0.0000   0.2795
  12.000   1.4618   0.03348   0.02643  -0.0638  0.0867  1.0000  -5.0562   0.0000   0.0000   0.0000   0.2762
  12.500   1.4650   0.03783   0.03081  -0.0608  0.0706  1.0000  -5.2625   0.0000   0.0000   0.0000   0.2731
  13.000   1.4614   0.04305   0.03606  -0.0581  0.0576  1.0000  -5.4297   0.0000   0.0000   0.0000   0.2704
  13.500   1.4637   0.04792   0.04115  -0.0560  0.0495  1.0000  -5.6131   0.0000   0.0000   0.0000   0.2679
  14.000   1.4539   0.05445   0.04776  -0.0545  0.0422  1.0000  -5.7332   0.0000   0.0000   0.0000   0.2661
  14.500   1.4436   0.06132   0.05486  -0.0530  0.0375  1.0000  -5.8297   0.0000   0.0000   0.0000   0.2643
  15.000   1.4419   0.06765   0.06149  -0.0526  0.0339  1.0000  -5.9754   0.0000   0.0000   0.0000   0.2630


