xflr5 v6.59

 Calculated polar for: revR_15_revT

 1 1 Reynolds number fixed          Mach number fixed         

 xtrf =   1.000 (top)        1.000 (bottom)
 Mach =   0.000     Re =     0.270 e 6     Ncrit =   9.000

  alpha     CL        CD       CDp       Cm    Top Xtr Bot Xtr   Cpmin    Chinge    XCp    
 ------- -------- --------- --------- -------- ------- ------- -------- --------- ---------
  -5.000  -0.2006   0.01364   0.00673  -0.0797  0.9132  0.0700  -2.4832   0.0000   0.0000   0.0000  -0.1592
  -4.500  -0.1467   0.01259   0.00561  -0.0793  0.8990  0.0976  -2.1330   0.0000   0.0000   0.0000  -0.3043
  -4.000  -0.0968   0.01169   0.00493  -0.0782  0.8829  0.1592  -1.8099   0.0000   0.0000   0.0000  -0.5758
  -3.500  -0.0443   0.01097   0.00451  -0.0776  0.8694  0.2530  -1.4801   0.0000   0.0000   0.0000  -1.5341
  -3.000   0.0046   0.01027   0.00419  -0.0764  0.8538  0.3728  -1.2182   0.0000   0.0000   0.0000  17.2209
  -2.500   0.0533   0.00964   0.00403  -0.0750  0.8390  0.5196  -1.0166   0.0000   0.0000   0.0000   1.6738
  -2.000   0.1025   0.00921   0.00402  -0.0728  0.8243  0.6654  -0.8206   0.0000   0.0000   0.0000   0.9676
  -1.500   0.1522   0.00914   0.00408  -0.0709  0.8092  0.7435  -0.6331   0.0000   0.0000   0.0000   0.7186
  -1.000   0.2025   0.00915   0.00410  -0.0687  0.7942  0.8012  -0.5314   0.0000   0.0000   0.0000   0.5905
  -0.500   0.2526   0.00912   0.00404  -0.0665  0.7780  0.8438  -0.5734   0.0000   0.0000   0.0000   0.5132
   0.000   0.3002   0.00909   0.00403  -0.0638  0.7608  0.8816  -0.6142   0.0000   0.0000   0.0000   0.4616
   0.500   0.3494   0.00908   0.00398  -0.0615  0.7444  0.9193  -0.6628   0.0000   0.0000   0.0000   0.4243
   1.000   0.4157   0.00906   0.00386  -0.0628  0.7258  0.9503  -0.7229   0.0000   0.0000   0.0000   0.3987
   1.500   0.4978   0.00909   0.00378  -0.0678  0.7057  0.9720  -0.7969   0.0000   0.0000   0.0000   0.3834
   2.000   0.5828   0.00910   0.00369  -0.0738  0.6814  0.9892  -0.8827   0.0000   0.0000   0.0000   0.3733
   2.500   0.6524   0.00912   0.00362  -0.0771  0.6568  1.0000  -0.9641   0.0000   0.0000   0.0000   0.3644
   3.000   0.6843   0.00921   0.00365  -0.0727  0.6305  1.0000  -1.0274   0.0000   0.0000   0.0000   0.3521
   3.500   0.7243   0.00941   0.00377  -0.0696  0.6016  1.0000  -1.1083   0.0000   0.0000   0.0000   0.3415
   4.000   0.7698   0.00969   0.00396  -0.0676  0.5711  1.0000  -1.2109   0.0000   0.0000   0.0000   0.3327
   4.500   0.8164   0.01009   0.00420  -0.0657  0.5377  1.0000  -1.3372   0.0000   0.0000   0.0000   0.3249
   5.000   0.8634   0.01048   0.00455  -0.0640  0.5025  1.0000  -1.5197   0.0000   0.0000   0.0000   0.3181
   5.500   0.9087   0.01101   0.00495  -0.0620  0.4629  1.0000  -1.8281   0.0000   0.0000   0.0000   0.3117
   6.000   0.9545   0.01156   0.00544  -0.0602  0.4270  1.0000  -2.1528   0.0000   0.0000   0.0000   0.3060
   6.500   0.9972   0.01223   0.00598  -0.0580  0.3836  1.0000  -2.4830   0.0000   0.0000   0.0000   0.3004
   7.000   1.0384   0.01299   0.00662  -0.0555  0.3418  1.0000  -2.8210   0.0000   0.0000   0.0000   0.2952
   7.500   1.0761   0.01388   0.00739  -0.0526  0.2925  1.0000  -3.1588   0.0000   0.0000   0.0000   0.2900
   8.000   1.1104   0.01494   0.00826  -0.0493  0.2410  1.0000  -3.4997   0.0000   0.0000   0.0000   0.2848
   8.500   1.1396   0.01621   0.00930  -0.0453  0.1890  1.0000  -3.8406   0.0000   0.0000   0.0000   0.2796
   9.000   1.1620   0.01761   0.01049  -0.0402  0.1434  1.0000  -4.1590   0.0000   0.0000   0.0000   0.2738
   9.500   1.1794   0.01919   0.01194  -0.0346  0.1056  1.0000  -4.4592   0.0000   0.0000   0.0000   0.2678
  10.000   1.1951   0.02099   0.01363  -0.0293  0.0790  1.0000  -4.7508   0.0000   0.0000   0.0000   0.2623
  10.500   1.2109   0.02294   0.01559  -0.0245  0.0609  1.0000  -5.0364   0.0000   0.0000   0.0000   0.2573
  11.000   1.2224   0.02533   0.01804  -0.0198  0.0464  1.0000  -5.2838   0.0000   0.0000   0.0000   0.2525
  11.500   1.2212   0.02887   0.02162  -0.0148  0.0342  1.0000  -5.4198   0.0000   0.0000   0.0000   0.2476
  12.000   1.2259   0.03235   0.02524  -0.0112  0.0279  1.0000  -5.5806   0.0000   0.0000   0.0000   0.2438
  12.500   1.2113   0.03794   0.03103  -0.0074  0.0243  1.0000  -5.5979   0.0000   0.0000   0.0000   0.2399
  13.000   1.2158   0.04234   0.03570  -0.0053  0.0232  1.0000  -5.7414   0.0000   0.0000   0.0000   0.2372
  13.500   1.2224   0.04685   0.04045  -0.0038  0.0224  1.0000  -5.8995   0.0000   0.0000   0.0000   0.2351
  14.000   1.2274   0.05188   0.04575  -0.0028  0.0217  1.0000  -6.0395   0.0000   0.0000   0.0000   0.2333
  14.500   1.2301   0.05754   0.05171  -0.0023  0.0213  1.0000  -6.1565   0.0000   0.0000   0.0000   0.2320
  15.000   1.2280   0.06419   0.05869  -0.0027  0.0210  1.0000  -6.2362   0.0000   0.0000   0.0000   0.2314


