xflr5 v6.59

 Calculated polar for: revR_10_revT

 1 1 Reynolds number fixed          Mach number fixed         

 xtrf =   1.000 (top)        1.000 (bottom)
 Mach =   0.000     Re =     0.365 e 6     Ncrit =   9.000

  alpha     CL        CD       CDp       Cm    Top Xtr Bot Xtr   Cpmin    Chinge    XCp    
 ------- -------- --------- --------- -------- ------- ------- -------- --------- ---------
  -5.000  -0.2206   0.01178   0.00517  -0.0735  0.8976  0.0624  -2.5510   0.0000   0.0000   0.0000  -0.0935
  -4.500  -0.1706   0.01099   0.00439  -0.0722  0.8805  0.0894  -2.1919   0.0000   0.0000   0.0000  -0.1851
  -4.000  -0.1191   0.01034   0.00385  -0.0714  0.8651  0.1427  -1.8294   0.0000   0.0000   0.0000  -0.3635
  -3.500  -0.0676   0.00977   0.00347  -0.0706  0.8499  0.2150  -1.4982   0.0000   0.0000   0.0000  -0.8150
  -3.000  -0.0172   0.00912   0.00318  -0.0697  0.8343  0.3234  -1.2179   0.0000   0.0000   0.0000  -3.8638
  -2.500   0.0333   0.00850   0.00295  -0.0687  0.8191  0.4593  -1.0123   0.0000   0.0000   0.0000   2.3401
  -2.000   0.0826   0.00794   0.00288  -0.0672  0.8046  0.6126  -0.8169   0.0000   0.0000   0.0000   1.0719
  -1.500   0.1340   0.00777   0.00291  -0.0658  0.7893  0.7049  -0.6262   0.0000   0.0000   0.0000   0.7438
  -1.000   0.1860   0.00773   0.00291  -0.0642  0.7734  0.7692  -0.5177   0.0000   0.0000   0.0000   0.5962
  -0.500   0.2379   0.00769   0.00289  -0.0628  0.7565  0.8088  -0.5605   0.0000   0.0000   0.0000   0.5135
   0.000   0.2896   0.00771   0.00290  -0.0613  0.7400  0.8462  -0.6040   0.0000   0.0000   0.0000   0.4605
   0.500   0.3396   0.00769   0.00288  -0.0593  0.7211  0.8787  -0.6540   0.0000   0.0000   0.0000   0.4227
   1.000   0.3893   0.00771   0.00286  -0.0573  0.7024  0.9120  -0.7043   0.0000   0.0000   0.0000   0.3947
   1.500   0.4437   0.00772   0.00283  -0.0562  0.6805  0.9452  -0.7597   0.0000   0.0000   0.0000   0.3739
   2.000   0.5152   0.00780   0.00285  -0.0592  0.6559  0.9687  -0.8363   0.0000   0.0000   0.0000   0.3616
   2.500   0.5953   0.00793   0.00291  -0.0643  0.6290  0.9847  -0.9235   0.0000   0.0000   0.0000   0.3543
   3.000   0.6751   0.00807   0.00296  -0.0695  0.5951  0.9990  -1.0280   0.0000   0.0000   0.0000   0.3489
   3.500   0.7113   0.00828   0.00305  -0.0660  0.5659  1.0000  -1.1137   0.0000   0.0000   0.0000   0.3383
   4.000   0.7522   0.00860   0.00324  -0.0632  0.5324  1.0000  -1.2137   0.0000   0.0000   0.0000   0.3290
   4.500   0.7979   0.00898   0.00352  -0.0613  0.4974  1.0000  -1.3558   0.0000   0.0000   0.0000   0.3213
   5.000   0.8439   0.00945   0.00384  -0.0594  0.4579  1.0000  -1.6077   0.0000   0.0000   0.0000   0.3144
   5.500   0.8907   0.00994   0.00426  -0.0578  0.4224  1.0000  -1.9311   0.0000   0.0000   0.0000   0.3084
   6.000   0.9358   0.01054   0.00472  -0.0559  0.3788  1.0000  -2.2656   0.0000   0.0000   0.0000   0.3027
   6.500   0.9785   0.01128   0.00525  -0.0538  0.3277  1.0000  -2.6069   0.0000   0.0000   0.0000   0.2973
   7.500   1.0582   0.01312   0.00669  -0.0488  0.2253  1.0000  -3.3071   0.0000   0.0000   0.0000   0.2873
   8.000   1.0946   0.01423   0.00757  -0.0458  0.1737  1.0000  -3.6760   0.0000   0.0000   0.0000   0.2825
   8.500   1.1266   0.01550   0.00861  -0.0423  0.1258  1.0000  -4.0388   0.0000   0.0000   0.0000   0.2775
   9.000   1.1532   0.01689   0.00980  -0.0379  0.0890  1.0000  -4.3851   0.0000   0.0000   0.0000   0.2722
   9.500   1.1757   0.01817   0.01106  -0.0328  0.0669  1.0000  -4.7165   0.0000   0.0000   0.0000   0.2666
  10.000   1.1952   0.01968   0.01253  -0.0276  0.0492  1.0000  -5.0307   0.0000   0.0000   0.0000   0.2611
  10.500   1.2095   0.02160   0.01442  -0.0223  0.0339  1.0000  -5.2959   0.0000   0.0000   0.0000   0.2557
  11.000   1.2107   0.02449   0.01738  -0.0161  0.0227  1.0000  -5.4278   0.0000   0.0000   0.0000   0.2499
  11.500   1.2239   0.02691   0.01997  -0.0121  0.0202  1.0000  -5.6563   0.0000   0.0000   0.0000   0.2456
  12.000   1.2328   0.02986   0.02310  -0.0085  0.0186  1.0000  -5.8781   0.0000   0.0000   0.0000   0.2418
  12.500   1.2382   0.03336   0.02679  -0.0055  0.0174  1.0000  -6.0916   0.0000   0.0000   0.0000   0.2384
  13.000   1.2376   0.03775   0.03136  -0.0029  0.0164  1.0000  -6.2592   0.0000   0.0000   0.0000   0.2355
  13.500   1.2316   0.04310   0.03694  -0.0011  0.0157  1.0000  -6.3719   0.0000   0.0000   0.0000   0.2331
  14.000   1.2235   0.04923   0.04335   0.0002  0.0151  1.0000  -6.4418   0.0000   0.0000   0.0000   0.2311
  14.500   1.2236   0.05491   0.04928   0.0004  0.0149  1.0000  -6.5879   0.0000   0.0000   0.0000   0.2300
  15.000   1.2248   0.06080   0.05541  -0.0003  0.0147  1.0000  -6.7545   0.0000   0.0000   0.0000   0.2296


