xflr5 v6.59

 Calculated polar for: revR_95_revT

 1 1 Reynolds number fixed          Mach number fixed         

 xtrf =   1.000 (top)        1.000 (bottom)
 Mach =   0.000     Re =     0.425 e 6     Ncrit =   9.000

  alpha     CL        CD       CDp       Cm    Top Xtr Bot Xtr   Cpmin    Chinge    XCp    
 ------- -------- --------- --------- -------- ------- ------- -------- --------- ---------
  -5.000   0.1209   0.01298   0.00640  -0.1498  0.7804  0.0444  -2.3369   0.0000   0.0000   0.0000   1.5194
  -4.500   0.1777   0.01209   0.00545  -0.1503  0.7735  0.0543  -2.0728   0.0000   0.0000   0.0000   1.1140
  -4.000   0.2354   0.01156   0.00483  -0.1508  0.7652  0.0724  -1.8171   0.0000   0.0000   0.0000   0.9026
  -3.500   0.2919   0.01094   0.00434  -0.1512  0.7583  0.1071  -1.5699   0.0000   0.0000   0.0000   0.7761
  -3.000   0.3493   0.01052   0.00407  -0.1517  0.7507  0.1583  -1.3189   0.0000   0.0000   0.0000   0.6899
  -2.500   0.4072   0.01021   0.00385  -0.1522  0.7432  0.2198  -1.0841   0.0000   0.0000   0.0000   0.6275
  -2.000   0.4645   0.00999   0.00380  -0.1527  0.7352  0.2884  -0.8606   0.0000   0.0000   0.0000   0.5810
  -1.500   0.5215   0.00967   0.00370  -0.1531  0.7262  0.3730  -0.8333   0.0000   0.0000   0.0000   0.5446
  -1.000   0.5793   0.00940   0.00361  -0.1535  0.7174  0.4661  -0.8750   0.0000   0.0000   0.0000   0.5151
  -0.500   0.6361   0.00923   0.00372  -0.1538  0.7092  0.5755  -0.9196   0.0000   0.0000   0.0000   0.4910
   0.000   0.6911   0.00899   0.00378  -0.1534  0.6990  0.6897  -0.9639   0.0000   0.0000   0.0000   0.4704
   0.500   0.7459   0.00896   0.00382  -0.1528  0.6885  0.7712  -1.0084   0.0000   0.0000   0.0000   0.4526
   1.000   0.7983   0.00893   0.00394  -0.1519  0.6791  0.8267  -1.0567   0.0000   0.0000   0.0000   0.4372
   1.500   0.8464   0.00881   0.00390  -0.1497  0.6676  0.8893  -1.1083   0.0000   0.0000   0.0000   0.4232
   2.000   0.8977   0.00866   0.00380  -0.1484  0.6549  1.0000  -1.1624   0.0000   0.0000   0.0000   0.4109
   2.500   0.9562   0.00878   0.00381  -0.1491  0.6413  1.0000  -1.2290   0.0000   0.0000   0.0000   0.4009
   3.000   1.0132   0.00897   0.00395  -0.1495  0.6274  1.0000  -1.2973   0.0000   0.0000   0.0000   0.3919
   3.500   1.0687   0.00919   0.00403  -0.1496  0.6099  1.0000  -1.3657   0.0000   0.0000   0.0000   0.3836
   4.000   1.1233   0.00941   0.00423  -0.1495  0.5923  1.0000  -1.4344   0.0000   0.0000   0.0000   0.3761
   4.500   1.1771   0.00971   0.00449  -0.1494  0.5749  1.0000  -1.5159   0.0000   0.0000   0.0000   0.3692
   5.000   1.2293   0.01008   0.00479  -0.1489  0.5550  1.0000  -1.5971   0.0000   0.0000   0.0000   0.3627
   5.500   1.2793   0.01052   0.00515  -0.1481  0.5311  1.0000  -1.6923   0.0000   0.0000   0.0000   0.3566
   6.000   1.3281   0.01104   0.00559  -0.1471  0.5085  1.0000  -1.7914   0.0000   0.0000   0.0000   0.3509
   6.500   1.3745   0.01162   0.00612  -0.1457  0.4822  1.0000  -1.9131   0.0000   0.0000   0.0000   0.3454
   7.000   1.4190   0.01228   0.00673  -0.1440  0.4562  1.0000  -2.0344   0.0000   0.0000   0.0000   0.3401
   7.500   1.4602   0.01304   0.00743  -0.1418  0.4282  1.0000  -2.1744   0.0000   0.0000   0.0000   0.3350
   8.000   1.4965   0.01392   0.00826  -0.1388  0.3995  1.0000  -2.3178   0.0000   0.0000   0.0000   0.3299
   8.500   1.5289   0.01494   0.00923  -0.1353  0.3735  1.0000  -2.4608   0.0000   0.0000   0.0000   0.3248
   9.000   1.5566   0.01621   0.01043  -0.1313  0.3447  1.0000  -2.6408   0.0000   0.0000   0.0000   0.3198
   9.500   1.5811   0.01776   0.01192  -0.1273  0.3172  1.0000  -2.8360   0.0000   0.0000   0.0000   0.3151
  10.000   1.6051   0.01950   0.01366  -0.1235  0.2927  1.0000  -3.0893   0.0000   0.0000   0.0000   0.3106
  10.500   1.6255   0.02162   0.01573  -0.1198  0.2674  1.0000  -3.3394   0.0000   0.0000   0.0000   0.3064
  11.000   1.6426   0.02411   0.01817  -0.1160  0.2411  1.0000  -3.5844   0.0000   0.0000   0.0000   0.3024
  11.500   1.6560   0.02699   0.02101  -0.1122  0.2146  1.0000  -3.8265   0.0000   0.0000   0.0000   0.2986
  12.000   1.6676   0.03016   0.02414  -0.1086  0.1907  1.0000  -4.0695   0.0000   0.0000   0.0000   0.2950
  12.500   1.6777   0.03356   0.02752  -0.1052  0.1685  1.0000  -4.3109   0.0000   0.0000   0.0000   0.2915
  13.000   1.6839   0.03743   0.03138  -0.1018  0.1475  1.0000  -4.5408   0.0000   0.0000   0.0000   0.2883
  13.500   1.6882   0.04168   0.03562  -0.0988  0.1277  1.0000  -4.7651   0.0000   0.0000   0.0000   0.2852
  14.000   1.6904   0.04635   0.04032  -0.0960  0.1103  1.0000  -4.9831   0.0000   0.0000   0.0000   0.2824
  14.500   1.6898   0.05156   0.04555  -0.0936  0.0952  1.0000  -5.1895   0.0000   0.0000   0.0000   0.2799
  15.000   1.6861   0.05732   0.05132  -0.0915  0.0819  1.0000  -5.3827   0.0000   0.0000   0.0000   0.2777
  15.500   1.6871   0.06280   0.05692  -0.0900  0.0723  1.0000  -5.5971   0.0000   0.0000   0.0000   0.2756
  16.000   1.6765   0.06989   0.06407  -0.0887  0.0624  1.0000  -5.7536   0.0000   0.0000   0.0000   0.2740
  16.500   1.6750   0.07602   0.07036  -0.0880  0.0556  1.0000  -5.9589   0.0000   0.0000   0.0000   0.2724
  17.000   1.6579   0.08442   0.07885  -0.0877  0.0480  1.0000  -6.0822   0.0000   0.0000   0.0000   0.2716
  17.500   1.6515   0.09163   0.08626  -0.0879  0.0431  1.0000  -6.2805   0.0000   0.0000   0.0000   0.2707
  18.000   1.6279   0.10142   0.09615  -0.0889  0.0378  1.0000  -6.3762   0.0000   0.0000   0.0000   0.2708
  18.500   1.6160   0.10977   0.10472  -0.0902  0.0345  1.0000  -6.5419   0.0000   0.0000   0.0000   0.2707
  19.000   1.6019   0.11866   0.11377  -0.0921  0.0313  1.0000  -6.6897   0.0000   0.0000   0.0000   0.2712
  19.500   1.5774   0.12933   0.12458  -0.0952  0.0282  1.0000  -6.7503   0.0000   0.0000   0.0000   0.2728
  20.000   1.5638   0.13846   0.13391  -0.0982  0.0262  1.0000  -6.8734   0.0000   0.0000   0.0000   0.2739
  20.500   1.5547   0.14707   0.14271  -0.1016  0.0243  1.0000  -7.0247   0.0000   0.0000   0.0000   0.2752
  21.000   1.5429   0.15633   0.15211  -0.1059  0.0226  1.0000  -7.1451   0.0000   0.0000   0.0000   0.2771
  21.500   1.5280   0.16618   0.16206  -0.1108  0.0207  1.0000  -7.2155   0.0000   0.0000   0.0000   0.2796
  22.000   1.5207   0.17469   0.17076  -0.1153  0.0195  1.0000  -7.3345   0.0000   0.0000   0.0000   0.2815
  22.500   1.5159   0.18308   0.17935  -0.1202  0.0186  1.0000  -7.4701   0.0000   0.0000   0.0000   0.2836
  23.000   1.5128   0.19122   0.18768  -0.1253  0.0175  1.0000  -7.6202   0.0000   0.0000   0.0000   0.2856
  23.500   1.5082   0.19990   0.19650  -0.1310  0.0167  1.0000  -7.7462   0.0000   0.0000   0.0000   0.2882
  24.000   1.5045   0.20842   0.20514  -0.1370  0.0158  1.0000  -7.8713   0.0000   0.0000   0.0000   0.2909
  24.500   1.5012   0.21650   0.21333  -0.1428  0.0148  1.0000  -7.9749   0.0000   0.0000   0.0000   0.2934
  25.000   1.4937   0.22628   0.22334  -0.1500  0.0143  1.0000  -8.0004   0.0000   0.0000   0.0000   0.2972
  25.500   1.4860   0.23678   0.23408  -0.1581  0.0139  1.0000  -8.0045   0.0000   0.0000   0.0000   0.3017
  26.000   1.4725   0.24941   0.24696  -0.1679  0.0135  1.0000  -7.8796   0.0000   0.0000   0.0000   0.3080
  26.500   1.4397   0.26964   0.26755  -0.1832  0.0133  1.0000  -7.3167   0.0000   0.0000   0.0000   0.3205
  28.500   1.3848   0.36052   0.35858  -0.2411  0.0144  1.0000  -3.1238   0.0000   0.0000   0.0000   0.3671
  29.000   1.3972   0.37187   0.36991  -0.2512  0.0130  1.0000  -2.7600   0.0000   0.0000   0.0000   0.3716
  29.500   1.4095   0.37796   0.37602  -0.2568  0.0117  1.0000  -2.7721   0.0000   0.0000   0.0000   0.3723
  30.000   1.4211   0.38246   0.38053  -0.2616  0.0109  1.0000  -2.8800   0.0000   0.0000   0.0000   0.3723


