xflr5 v6.59

 Calculated polar for: revR_90_revT

 1 1 Reynolds number fixed          Mach number fixed         

 xtrf =   1.000 (top)        1.000 (bottom)
 Mach =   0.000     Re =     0.465 e 6     Ncrit =   9.000

  alpha     CL        CD       CDp       Cm    Top Xtr Bot Xtr   Cpmin    Chinge    XCp    
 ------- -------- --------- --------- -------- ------- ------- -------- --------- ---------
  -5.000   0.1004   0.01233   0.00585  -0.1451  0.7787  0.0439  -2.3432   0.0000   0.0000   0.0000   1.7304
  -4.500   0.1571   0.01145   0.00488  -0.1455  0.7716  0.0540  -2.0775   0.0000   0.0000   0.0000   1.1962
  -4.000   0.2145   0.01097   0.00435  -0.1460  0.7633  0.0731  -1.8167   0.0000   0.0000   0.0000   0.9432
  -3.500   0.2712   0.01043   0.00391  -0.1463  0.7560  0.1062  -1.5618   0.0000   0.0000   0.0000   0.7980
  -3.000   0.3286   0.01002   0.00365  -0.1468  0.7486  0.1579  -1.3129   0.0000   0.0000   0.0000   0.7026
  -2.500   0.3864   0.00975   0.00348  -0.1473  0.7403  0.2206  -1.0762   0.0000   0.0000   0.0000   0.6351
  -2.000   0.4433   0.00946   0.00339  -0.1477  0.7325  0.2879  -0.8574   0.0000   0.0000   0.0000   0.5856
  -1.500   0.5005   0.00916   0.00327  -0.1481  0.7232  0.3679  -0.8124   0.0000   0.0000   0.0000   0.5470
  -1.000   0.5582   0.00895   0.00323  -0.1486  0.7142  0.4632  -0.8545   0.0000   0.0000   0.0000   0.5162
  -0.500   0.6145   0.00868   0.00331  -0.1488  0.7059  0.5798  -0.8987   0.0000   0.0000   0.0000   0.4913
   0.000   0.6700   0.00846   0.00334  -0.1485  0.6952  0.6875  -0.9431   0.0000   0.0000   0.0000   0.4700
   0.500   0.7248   0.00847   0.00345  -0.1480  0.6850  0.7683  -0.9873   0.0000   0.0000   0.0000   0.4518
   1.000   0.7783   0.00842   0.00352  -0.1472  0.6749  0.8205  -1.0374   0.0000   0.0000   0.0000   0.4362
   1.500   0.8285   0.00838   0.00350  -0.1456  0.6621  0.8763  -1.0902   0.0000   0.0000   0.0000   0.4220
   2.500   0.9354   0.00833   0.00346  -0.1442  0.6351  1.0000  -1.2099   0.0000   0.0000   0.0000   0.3992
   3.000   0.9924   0.00847   0.00358  -0.1446  0.6202  1.0000  -1.2782   0.0000   0.0000   0.0000   0.3902
   3.500   1.0479   0.00869   0.00371  -0.1447  0.6019  1.0000  -1.3464   0.0000   0.0000   0.0000   0.3819
   4.000   1.1023   0.00899   0.00390  -0.1447  0.5840  1.0000  -1.4174   0.0000   0.0000   0.0000   0.3743
   4.500   1.1564   0.00928   0.00416  -0.1445  0.5654  1.0000  -1.4995   0.0000   0.0000   0.0000   0.3674
   5.000   1.2086   0.00964   0.00447  -0.1441  0.5429  1.0000  -1.5822   0.0000   0.0000   0.0000   0.3610
   5.500   1.2593   0.01008   0.00484  -0.1434  0.5192  1.0000  -1.6806   0.0000   0.0000   0.0000   0.3549
   6.000   1.3088   0.01058   0.00528  -0.1425  0.4956  1.0000  -1.7866   0.0000   0.0000   0.0000   0.3492
   6.500   1.3556   0.01119   0.00580  -0.1412  0.4675  1.0000  -1.9107   0.0000   0.0000   0.0000   0.3438
   7.000   1.4007   0.01185   0.00640  -0.1397  0.4412  1.0000  -2.0403   0.0000   0.0000   0.0000   0.3386
   7.500   1.4410   0.01270   0.00713  -0.1373  0.4097  1.0000  -2.1898   0.0000   0.0000   0.0000   0.3334
   8.000   1.4783   0.01360   0.00795  -0.1345  0.3819  1.0000  -2.3374   0.0000   0.0000   0.0000   0.3283
   8.500   1.5112   0.01462   0.00892  -0.1311  0.3532  1.0000  -2.5000   0.0000   0.0000   0.0000   0.3233
   9.000   1.5410   0.01582   0.01006  -0.1274  0.3246  1.0000  -2.7149   0.0000   0.0000   0.0000   0.3184
   9.500   1.5684   0.01724   0.01144  -0.1237  0.2989  1.0000  -2.9834   0.0000   0.0000   0.0000   0.3137
  10.000   1.5933   0.01892   0.01311  -0.1201  0.2736  1.0000  -3.2516   0.0000   0.0000   0.0000   0.3093
  10.500   1.6138   0.02103   0.01514  -0.1163  0.2453  1.0000  -3.5174   0.0000   0.0000   0.0000   0.3051
  11.000   1.6304   0.02354   0.01756  -0.1124  0.2165  1.0000  -3.7791   0.0000   0.0000   0.0000   0.3011
  11.500   1.6442   0.02641   0.02035  -0.1087  0.1898  1.0000  -4.0357   0.0000   0.0000   0.0000   0.2972
  12.000   1.6557   0.02958   0.02348  -0.1051  0.1644  1.0000  -4.2880   0.0000   0.0000   0.0000   0.2936
  12.500   1.6642   0.03313   0.02697  -0.1016  0.1416  1.0000  -4.5324   0.0000   0.0000   0.0000   0.2902
  13.000   1.6709   0.03694   0.03077  -0.0983  0.1215  1.0000  -4.7730   0.0000   0.0000   0.0000   0.2869
  13.500   1.6771   0.04104   0.03488  -0.0953  0.1046  1.0000  -5.0140   0.0000   0.0000   0.0000   0.2839
  14.000   1.6815   0.04548   0.03936  -0.0927  0.0905  1.0000  -5.2489   0.0000   0.0000   0.0000   0.2811
  14.500   1.6800   0.05077   0.04469  -0.0903  0.0768  1.0000  -5.4580   0.0000   0.0000   0.0000   0.2786
  15.000   1.6825   0.05586   0.04986  -0.0884  0.0674  1.0000  -5.6875   0.0000   0.0000   0.0000   0.2763


