xflr5 v6.59

 Calculated polar for: revR_0_revT

 1 1 Reynolds number fixed          Mach number fixed         

 xtrf =   1.000 (top)        1.000 (bottom)
 Mach =   0.000     Re =     0.400 e 6     Ncrit =   9.000

  alpha     CL        CD       CDp       Cm    Top Xtr Bot Xtr   Cpmin    Chinge    XCp    
 ------- -------- --------- --------- -------- ------- ------- -------- --------- ---------
  -5.000  -0.2631   0.01126   0.00476  -0.0633  0.9144  0.0634  -2.7554   0.0000   0.0000   0.0000   0.0005
  -4.500  -0.2123   0.01051   0.00404  -0.0623  0.8949  0.0935  -2.3621   0.0000   0.0000   0.0000  -0.0526
  -4.000  -0.1616   0.00984   0.00353  -0.0613  0.8771  0.1522  -1.9756   0.0000   0.0000   0.0000  -0.1397
  -3.500  -0.1105   0.00927   0.00316  -0.0604  0.8599  0.2266  -1.6036   0.0000   0.0000   0.0000  -0.3094
  -3.000  -0.0603   0.00860   0.00284  -0.0594  0.8428  0.3401  -1.2707   0.0000   0.0000   0.0000  -0.7536
  -2.500  -0.0108   0.00793   0.00261  -0.0582  0.8263  0.4861  -1.0043   0.0000   0.0000   0.0000  -5.2141
  -2.000   0.0384   0.00743   0.00254  -0.0566  0.8102  0.6329  -0.7988   0.0000   0.0000   0.0000   1.7403
  -1.500   0.0901   0.00729   0.00253  -0.0552  0.7933  0.7141  -0.6201   0.0000   0.0000   0.0000   0.8671
  -1.000   0.1420   0.00724   0.00254  -0.0538  0.7752  0.7703  -0.4810   0.0000   0.0000   0.0000   0.6299
  -0.500   0.1947   0.00723   0.00253  -0.0525  0.7576  0.8086  -0.5239   0.0000   0.0000   0.0000   0.5196
   0.000   0.2465   0.00723   0.00253  -0.0511  0.7382  0.8422  -0.5696   0.0000   0.0000   0.0000   0.4559
   0.500   0.2976   0.00724   0.00252  -0.0494  0.7178  0.8730  -0.6185   0.0000   0.0000   0.0000   0.4142
   1.000   0.3476   0.00726   0.00253  -0.0475  0.6963  0.9038  -0.6695   0.0000   0.0000   0.0000   0.3843
   1.500   0.3985   0.00729   0.00253  -0.0458  0.6718  0.9353  -0.7264   0.0000   0.0000   0.0000   0.3620
   2.000   0.4611   0.00738   0.00258  -0.0468  0.6457  0.9619  -0.7952   0.0000   0.0000   0.0000   0.3481
   2.500   0.5364   0.00755   0.00264  -0.0508  0.6142  0.9784  -0.8827   0.0000   0.0000   0.0000   0.3410
   3.000   0.6145   0.00777   0.00274  -0.0556  0.5793  0.9907  -0.9941   0.0000   0.0000   0.0000   0.3364
   3.500   0.6805   0.00802   0.00286  -0.0582  0.5418  1.0000  -1.1129   0.0000   0.0000   0.0000   0.3311
   4.000   0.7170   0.00832   0.00304  -0.0546  0.5051  1.0000  -1.2338   0.0000   0.0000   0.0000   0.3213
   4.500   0.7597   0.00874   0.00331  -0.0522  0.4668  1.0000  -1.4557   0.0000   0.0000   0.0000   0.3133
   5.000   0.8062   0.00918   0.00365  -0.0504  0.4305  1.0000  -1.7783   0.0000   0.0000   0.0000   0.3067
   5.500   0.8520   0.00974   0.00406  -0.0487  0.3852  1.0000  -2.1166   0.0000   0.0000   0.0000   0.3008
   6.000   0.8978   0.01037   0.00453  -0.0470  0.3402  1.0000  -2.4710   0.0000   0.0000   0.0000   0.2955
   6.500   0.9414   0.01117   0.00511  -0.0451  0.2819  1.0000  -2.8331   0.0000   0.0000   0.0000   0.2905
   7.000   0.9843   0.01207   0.00579  -0.0431  0.2288  1.0000  -3.2144   0.0000   0.0000   0.0000   0.2859
   7.500   1.0252   0.01312   0.00660  -0.0410  0.1743  1.0000  -3.6041   0.0000   0.0000   0.0000   0.2814
   8.000   1.0619   0.01445   0.00763  -0.0383  0.1162  1.0000  -3.9871   0.0000   0.0000   0.0000   0.2769
   8.500   1.0976   0.01577   0.00874  -0.0355  0.0776  1.0000  -4.3725   0.0000   0.0000   0.0000   0.2726
   9.000   1.1319   0.01707   0.00994  -0.0324  0.0531  1.0000  -4.7544   0.0000   0.0000   0.0000   0.2683
   9.500   1.1614   0.01850   0.01129  -0.0287  0.0345  1.0000  -5.1055   0.0000   0.0000   0.0000   0.2637
  10.000   1.1800   0.02019   0.01298  -0.0232  0.0218  1.0000  -5.3625   0.0000   0.0000   0.0000   0.2579
  10.500   1.1928   0.02226   0.01513  -0.0175  0.0175  1.0000  -5.5927   0.0000   0.0000   0.0000   0.2522
  11.000   1.2110   0.02416   0.01720  -0.0132  0.0162  1.0000  -5.8720   0.0000   0.0000   0.0000   0.2477
  11.500   1.2247   0.02653   0.01976  -0.0091  0.0152  1.0000  -6.1354   0.0000   0.0000   0.0000   0.2435
  12.000   1.2355   0.02935   0.02275  -0.0057  0.0145  1.0000  -6.3908   0.0000   0.0000   0.0000   0.2398
  12.500   1.2426   0.03278   0.02636  -0.0028  0.0140  1.0000  -6.6259   0.0000   0.0000   0.0000   0.2366
  13.000   1.2448   0.03700   0.03075  -0.0006  0.0136  1.0000  -6.8243   0.0000   0.0000   0.0000   0.2339
  13.500   1.2433   0.04199   0.03594   0.0009  0.0133  1.0000  -6.9846   0.0000   0.0000   0.0000   0.2318
  14.000   1.2397   0.04765   0.04182   0.0017  0.0131  1.0000  -7.1138   0.0000   0.0000   0.0000   0.2302
  14.500   1.2352   0.05386   0.04828   0.0018  0.0129  1.0000  -7.2190   0.0000   0.0000   0.0000   0.2292
  15.000   1.2304   0.06058   0.05527   0.0011  0.0128  1.0000  -7.3583   0.0000   0.0000   0.0000   0.2288


