xflr5 v6.59

 Calculated polar for: revR_80_revT

 1 1 Reynolds number fixed          Mach number fixed         

 xtrf =   1.000 (top)        1.000 (bottom)
 Mach =   0.000     Re =     0.265 e 6     Ncrit =   9.000

  alpha     CL        CD       CDp       Cm    Top Xtr Bot Xtr   Cpmin    Chinge    XCp    
 ------- -------- --------- --------- -------- ------- ------- -------- --------- ---------
  -5.000   0.0590   0.01631   0.00930  -0.1381  0.8256  0.0584  -2.2435   0.0000   0.0000   0.0000   2.6492
  -4.500   0.1120   0.01487   0.00779  -0.1380  0.8170  0.0716  -2.0144   0.0000   0.0000   0.0000   1.5092
  -4.000   0.1667   0.01401   0.00691  -0.1380  0.8078  0.0958  -1.7806   0.0000   0.0000   0.0000   1.0938
  -3.500   0.2239   0.01328   0.00625  -0.1383  0.7997  0.1431  -1.5372   0.0000   0.0000   0.0000   0.8780
  -3.000   0.2787   0.01285   0.00604  -0.1385  0.7904  0.2131  -1.2981   0.0000   0.0000   0.0000   0.7537
  -2.500   0.3346   0.01243   0.00583  -0.1387  0.7808  0.2927  -1.0728   0.0000   0.0000   0.0000   0.6690
  -2.000   0.3925   0.01206   0.00565  -0.1391  0.7730  0.3893  -0.8532   0.0000   0.0000   0.0000   0.6073
  -1.500   0.4464   0.01176   0.00568  -0.1389  0.7623  0.4977  -0.7562   0.0000   0.0000   0.0000   0.5627
  -1.000   0.5012   0.01137   0.00565  -0.1384  0.7525  0.6304  -0.7986   0.0000   0.0000   0.0000   0.5265
  -0.500   0.5539   0.01130   0.00578  -0.1371  0.7431  0.7325  -0.8405   0.0000   0.0000   0.0000   0.4970
   0.000   0.6029   0.01123   0.00586  -0.1350  0.7319  0.8108  -0.8804   0.0000   0.0000   0.0000   0.4727
   0.500   0.6524   0.01112   0.00570  -0.1327  0.7217  0.8702  -0.9241   0.0000   0.0000   0.0000   0.4514
   1.000   0.6940   0.01090   0.00560  -0.1290  0.7089  0.9459  -0.9664   0.0000   0.0000   0.0000   0.4331
   1.500   0.7632   0.01085   0.00537  -0.1318  0.6984  1.0000  -1.0296   0.0000   0.0000   0.0000   0.4193
   2.000   0.8206   0.01097   0.00543  -0.1324  0.6840  1.0000  -1.0874   0.0000   0.0000   0.0000   0.4073
   2.500   0.8806   0.01104   0.00532  -0.1332  0.6710  1.0000  -1.1566   0.0000   0.0000   0.0000   0.3966
   3.000   0.9355   0.01113   0.00541  -0.1331  0.6550  1.0000  -1.2224   0.0000   0.0000   0.0000   0.3870
   3.500   0.9916   0.01129   0.00549  -0.1332  0.6393  1.0000  -1.2900   0.0000   0.0000   0.0000   0.3784
   4.000   1.0475   0.01142   0.00550  -0.1332  0.6214  1.0000  -1.3682   0.0000   0.0000   0.0000   0.3706
   4.500   1.1004   0.01163   0.00571  -0.1327  0.6017  1.0000  -1.4484   0.0000   0.0000   0.0000   0.3634
   5.000   1.1529   0.01194   0.00601  -0.1322  0.5813  1.0000  -1.5370   0.0000   0.0000   0.0000   0.3568
   5.500   1.2039   0.01229   0.00631  -0.1314  0.5574  1.0000  -1.6372   0.0000   0.0000   0.0000   0.3506
   6.000   1.2534   0.01273   0.00672  -0.1304  0.5326  1.0000  -1.7508   0.0000   0.0000   0.0000   0.3448
   6.500   1.3010   0.01328   0.00721  -0.1291  0.5061  1.0000  -1.8790   0.0000   0.0000   0.0000   0.3393
   7.000   1.3458   0.01395   0.00780  -0.1274  0.4774  1.0000  -2.0172   0.0000   0.0000   0.0000   0.3340
   7.500   1.3879   0.01474   0.00852  -0.1253  0.4483  1.0000  -2.1790   0.0000   0.0000   0.0000   0.3288
   8.000   1.4268   0.01559   0.00937  -0.1227  0.4178  1.0000  -2.3537   0.0000   0.0000   0.0000   0.3238
   8.500   1.4612   0.01660   0.01035  -0.1196  0.3873  1.0000  -2.5654   0.0000   0.0000   0.0000   0.3188
   9.000   1.4886   0.01780   0.01152  -0.1153  0.3578  1.0000  -2.8270   0.0000   0.0000   0.0000   0.3137
   9.500   1.5106   0.01936   0.01298  -0.1107  0.3278  1.0000  -3.0905   0.0000   0.0000   0.0000   0.3087
  10.000   1.5315   0.02114   0.01474  -0.1064  0.2993  1.0000  -3.3566   0.0000   0.0000   0.0000   0.3040
  10.500   1.5513   0.02318   0.01680  -0.1025  0.2718  1.0000  -3.6252   0.0000   0.0000   0.0000   0.2997
  11.000   1.5662   0.02573   0.01934  -0.0986  0.2424  1.0000  -3.8815   0.0000   0.0000   0.0000   0.2957
  11.500   1.5778   0.02871   0.02229  -0.0948  0.2141  1.0000  -4.1315   0.0000   0.0000   0.0000   0.2918
  12.000   1.5861   0.03215   0.02569  -0.0911  0.1878  1.0000  -4.3781   0.0000   0.0000   0.0000   0.2883
  12.500   1.5906   0.03609   0.02960  -0.0877  0.1625  1.0000  -4.6114   0.0000   0.0000   0.0000   0.2849
  13.000   1.5926   0.04046   0.03396  -0.0845  0.1400  1.0000  -4.8350   0.0000   0.0000   0.0000   0.2819
  13.500   1.5935   0.04517   0.03869  -0.0818  0.1201  1.0000  -5.0543   0.0000   0.0000   0.0000   0.2791
  14.000   1.5936   0.05028   0.04388  -0.0795  0.1027  1.0000  -5.2697   0.0000   0.0000   0.0000   0.2766
  14.500   1.5914   0.05588   0.04958  -0.0777  0.0881  1.0000  -5.4719   0.0000   0.0000   0.0000   0.2744
  15.000   1.5789   0.06297   0.05669  -0.0762  0.0754  1.0000  -5.6192   0.0000   0.0000   0.0000   0.2727


