xflr5 v6.59

 Calculated polar for: revR_100_revT

 1 1 Reynolds number fixed          Mach number fixed         

 xtrf =   1.000 (top)        1.000 (bottom)
 Mach =   0.000     Re =     0.070 e 6     Ncrit =   9.000

  alpha     CL        CD       CDp       Cm    Top Xtr Bot Xtr   Cpmin    Chinge    XCp    
 ------- -------- --------- --------- -------- ------- ------- -------- --------- ---------
  -5.000  -0.3426   0.09324   0.08868  -0.0431  0.9380  0.2194  -1.5772   0.0000   0.0000   0.0000   0.1147
  -4.500  -0.2990   0.08638   0.08172  -0.0529  0.9274  0.2462  -1.5194   0.0000   0.0000   0.0000   0.0628
  -4.000  -0.2892   0.08221   0.07756  -0.0490  0.9180  0.2582  -1.4621   0.0000   0.0000   0.0000   0.0706
  -3.500  -0.2443   0.07527   0.07049  -0.0580  0.9060  0.2820  -1.4150   0.0000   0.0000   0.0000   0.0019
  -3.000   0.0153   0.04373   0.03498  -0.1237  0.8965  0.1454  -1.8296   0.0000   0.0000   0.0000   8.5057
  -2.500   0.0632   0.04272   0.03375  -0.1244  0.8847  0.1737  -1.6910   0.0000   0.0000   0.0000   2.2605
  -2.000   0.1665   0.04191   0.03290  -0.1330  0.8732  0.2538  -1.4457   0.0000   0.0000   0.0000   1.0622
  -1.500   0.1951   0.04208   0.03329  -0.1305  0.8576  0.3295  -1.3124   0.0000   0.0000   0.0000   0.9283
  -1.000   0.2898   0.04215   0.03399  -0.1366  0.8461  0.5075  -1.0341   0.0000   0.0000   0.0000   0.7264
  -0.500   0.3049   0.04289   0.03534  -0.1309  0.8285  0.6461  -0.9141   0.0000   0.0000   0.0000   0.6825
   0.000   0.3313   0.04273   0.03579  -0.1219  0.8159  0.9284  -0.7678   0.0000   0.0000   0.0000   0.6196
   0.500   0.3837   0.04430   0.03675  -0.1250  0.7973  1.0000  -0.6969   0.0000   0.0000   0.0000   0.5760
   1.000   0.4289   0.04645   0.03851  -0.1258  0.7800  1.0000  -0.7288   0.0000   0.0000   0.0000   0.5424
   1.500   0.5168   0.04757   0.03919  -0.1308  0.7663  1.0000  -0.7978   0.0000   0.0000   0.0000   0.5009
   2.000   0.5412   0.04985   0.04130  -0.1286  0.7450  1.0000  -0.8183   0.0000   0.0000   0.0000   0.4845
   2.500   0.5794   0.05220   0.04348  -0.1279  0.7264  1.0000  -0.8492   0.0000   0.0000   0.0000   0.4670
   3.000   0.6621   0.05291   0.04399  -0.1311  0.7139  1.0000  -0.9275   0.0000   0.0000   0.0000   0.4434
   3.500   0.6851   0.05550   0.04651  -0.1288  0.6914  1.0000  -0.9550   0.0000   0.0000   0.0000   0.4325
   4.000   0.7167   0.05802   0.04899  -0.1272  0.6705  1.0000  -0.9896   0.0000   0.0000   0.0000   0.4214
   4.500   0.8027   0.05783   0.04870  -0.1295  0.6595  1.0000  -1.0802   0.0000   0.0000   0.0000   0.4044
   5.000   0.8304   0.06025   0.05114  -0.1275  0.6377  1.0000  -1.1160   0.0000   0.0000   0.0000   0.3958
   5.500   0.8497   0.06359   0.05453  -0.1251  0.6155  1.0000  -1.1477   0.0000   0.0000   0.0000   0.3889
   6.500   0.9559   0.06534   0.05637  -0.1235  0.5823  1.0000  -1.2980   0.0000   0.0000   0.0000   0.3693
   7.000   0.9894   0.06729   0.05842  -0.1216  0.5615  1.0000  -1.3608   0.0000   0.0000   0.0000   0.3622
  11.000   1.1310   0.09959   0.09186  -0.1062  0.3927  1.0000  -1.8406   0.0000   0.0000   0.0000   0.3268
  11.500   1.2416   0.08898   0.08156  -0.1012  0.3836  1.0000  -2.1650   0.0000   0.0000   0.0000   0.3132
  12.000   1.5491   0.05433   0.04719  -0.0991  0.3721  1.0000  -3.2368   0.0000   0.0000   0.0000   0.2943
  12.500   1.3476   0.08352   0.07659  -0.0938  0.3489  1.0000  -2.6752   0.0000   0.0000   0.0000   0.2992
  13.000   1.3106   0.09509   0.08828  -0.0931  0.3247  1.0000  -2.6543   0.0000   0.0000   0.0000   0.2997
  13.500   1.2640   0.10983   0.10313  -0.0946  0.3010  1.0000  -2.5769   0.0000   0.0000   0.0000   0.3028
  14.500   1.5974   0.07022   0.06356  -0.0807  0.2449  1.0000  -4.2459   0.0000   0.0000   0.0000   0.2756
  15.000   1.1232   0.16147   0.15490  -0.1108  0.2414  1.0000  -2.1603   0.0000   0.0000   0.0000   0.3251


