xflr5 v6.59

 Calculated polar for: revR_75_revT

 1 1 Reynolds number fixed          Mach number fixed         

 xtrf =   1.000 (top)        1.000 (bottom)
 Mach =   0.000     Re =     0.070 e 6     Ncrit =   9.000

  alpha     CL        CD       CDp       Cm    Top Xtr Bot Xtr   Cpmin    Chinge    XCp    
 ------- -------- --------- --------- -------- ------- ------- -------- --------- ---------
  -5.000  -0.3564   0.06204   0.05647  -0.0696  0.9641  0.1376  -2.2234   0.0000   0.0000   0.0000   0.0463
  -4.500  -0.3507   0.07655   0.07193  -0.0391  0.9521  0.2694  -1.5809   0.0000   0.0000   0.0000   0.1312
  -4.000  -0.2966   0.06731   0.06236  -0.0556  0.9393  0.2815  -1.5796   0.0000   0.0000   0.0000   0.0549
  -3.500  -0.1116   0.03766   0.02871  -0.1006  0.9333  0.1390  -1.9979   0.0000   0.0000   0.0000  -0.6755
  -3.000  -0.0157   0.03620   0.02689  -0.1088  0.9230  0.1816  -1.7449   0.0000   0.0000   0.0000  -6.8283
  -2.500   0.0335   0.03499   0.02574  -0.1090  0.9079  0.2356  -1.5859   0.0000   0.0000   0.0000   3.5663
  -2.000   0.1247   0.03449   0.02586  -0.1160  0.8976  0.3827  -1.3164   0.0000   0.0000   0.0000   1.1937
  -1.500   0.1642   0.03427   0.02631  -0.1140  0.8806  0.5272  -1.1425   0.0000   0.0000   0.0000   0.9532
  -1.000   0.2059   0.03466   0.02748  -0.1098  0.8665  0.7394  -0.9632   0.0000   0.0000   0.0000   0.7884
  -0.500   0.2374   0.03452   0.02749  -0.1033  0.8502  1.0000  -0.8099   0.0000   0.0000   0.0000   0.6882
   0.000   0.2938   0.03598   0.02838  -0.1066  0.8313  1.0000  -0.6304   0.0000   0.0000   0.0000   0.6139
   0.500   0.3552   0.03755   0.02953  -0.1094  0.8144  1.0000  -0.6635   0.0000   0.0000   0.0000   0.5577
   1.000   0.4354   0.03863   0.03024  -0.1139  0.7994  1.0000  -0.7247   0.0000   0.0000   0.0000   0.5101
   1.500   0.4762   0.04027   0.03167  -0.1133  0.7782  1.0000  -0.7579   0.0000   0.0000   0.0000   0.4855
   2.000   0.5218   0.04198   0.03322  -0.1131  0.7578  1.0000  -0.7964   0.0000   0.0000   0.0000   0.4637
   2.500   0.5737   0.04362   0.03473  -0.1136  0.7395  1.0000  -0.8473   0.0000   0.0000   0.0000   0.4442
   3.000   0.6547   0.04383   0.03481  -0.1164  0.7250  1.0000  -0.9261   0.0000   0.0000   0.0000   0.4232
   4.000   0.7303   0.04750   0.03844  -0.1135  0.6805  1.0000  -1.0109   0.0000   0.0000   0.0000   0.3996
   5.000   0.8713   0.04704   0.03804  -0.1145  0.6502  1.0000  -1.1869   0.0000   0.0000   0.0000   0.3743
   5.500   0.9080   0.04850   0.03958  -0.1124  0.6271  1.0000  -1.2484   0.0000   0.0000   0.0000   0.3660
   7.000   1.1007   0.04510   0.03661  -0.1087  0.5772  1.0000  -1.6105   0.0000   0.0000   0.0000   0.3389
   7.500   1.1129   0.04820   0.03986  -0.1046  0.5492  1.0000  -1.6741   0.0000   0.0000   0.0000   0.3334
   8.000   1.1941   0.04473   0.03661  -0.1034  0.5320  1.0000  -1.8773   0.0000   0.0000   0.0000   0.3253
   8.500   1.2619   0.04276   0.03486  -0.1020  0.5100  1.0000  -2.0827   0.0000   0.0000   0.0000   0.3188
   9.000   1.3629   0.03863   0.03090  -0.1035  0.4849  1.0000  -2.4379   0.0000   0.0000   0.0000   0.3130
   9.500   1.4520   0.03617   0.02841  -0.1048  0.4534  1.0000  -2.8463   0.0000   0.0000   0.0000   0.3084
  10.000   1.4693   0.03784   0.03028  -0.0993  0.4204  1.0000  -3.0880   0.0000   0.0000   0.0000   0.3029
  10.500   1.5174   0.03797   0.03033  -0.0969  0.3847  1.0000  -3.4548   0.0000   0.0000   0.0000   0.2983
  11.000   1.5376   0.03969   0.03208  -0.0918  0.3513  1.0000  -3.7228   0.0000   0.0000   0.0000   0.2933
  11.500   1.5420   0.04200   0.03445  -0.0854  0.3186  1.0000  -3.9345   0.0000   0.0000   0.0000   0.2880
  12.000   1.5659   0.04376   0.03601  -0.0812  0.2830  1.0000  -4.2299   0.0000   0.0000   0.0000   0.2835
  12.500   1.5559   0.04764   0.04005  -0.0749  0.2552  1.0000  -4.3777   0.0000   0.0000   0.0000   0.2789
  13.000   1.5482   0.05199   0.04451  -0.0698  0.2281  1.0000  -4.5291   0.0000   0.0000   0.0000   0.2748
  13.500   1.5386   0.05676   0.04936  -0.0654  0.2029  1.0000  -4.6708   0.0000   0.0000   0.0000   0.2712
  14.000   1.5291   0.06211   0.05479  -0.0617  0.1804  1.0000  -4.8033   0.0000   0.0000   0.0000   0.2681
  14.500   1.5198   0.06786   0.06061  -0.0587  0.1604  1.0000  -4.9333   0.0000   0.0000   0.0000   0.2653
  15.000   1.5195   0.07355   0.06630  -0.0563  0.1417  1.0000  -5.0930   0.0000   0.0000   0.0000   0.2627


