xflr5 v6.59

 Calculated polar for: revR_75_revT

 1 1 Reynolds number fixed          Mach number fixed         

 xtrf =   1.000 (top)        1.000 (bottom)
 Mach =   0.000     Re =     0.315 e 6     Ncrit =   9.000

  alpha     CL        CD       CDp       Cm    Top Xtr Bot Xtr   Cpmin    Chinge    XCp    
 ------- -------- --------- --------- -------- ------- ------- -------- --------- ---------
  -5.000   0.0376   0.01424   0.00742  -0.1326  0.8174  0.0551  -2.2958   0.0000   0.0000   0.0000   3.8598
  -4.500   0.0930   0.01358   0.00665  -0.1326  0.8084  0.0658  -2.0198   0.0000   0.0000   0.0000   1.7067
  -4.000   0.1491   0.01264   0.00564  -0.1328  0.8004  0.0908  -1.7807   0.0000   0.0000   0.0000   1.1574
  -3.500   0.2042   0.01205   0.00519  -0.1329  0.7912  0.1366  -1.5334   0.0000   0.0000   0.0000   0.9114
  -3.000   0.2603   0.01154   0.00488  -0.1332  0.7818  0.2071  -1.2917   0.0000   0.0000   0.0000   0.7685
  -2.500   0.3177   0.01121   0.00470  -0.1336  0.7737  0.2832  -1.0578   0.0000   0.0000   0.0000   0.6750
  -2.000   0.3727   0.01082   0.00461  -0.1337  0.7639  0.3766  -0.8461   0.0000   0.0000   0.0000   0.6115
  -1.500   0.4292   0.01042   0.00446  -0.1338  0.7541  0.4885  -0.7403   0.0000   0.0000   0.0000   0.5632
  -1.000   0.4841   0.01015   0.00452  -0.1335  0.7444  0.6077  -0.7821   0.0000   0.0000   0.0000   0.5261
  -0.500   0.5371   0.00997   0.00463  -0.1325  0.7340  0.7205  -0.8230   0.0000   0.0000   0.0000   0.4962
   0.000   0.5906   0.00995   0.00463  -0.1313  0.7236  0.7924  -0.8649   0.0000   0.0000   0.0000   0.4710
   0.500   0.6394   0.00985   0.00466  -0.1293  0.7114  0.8500  -0.9096   0.0000   0.0000   0.0000   0.4502
   1.000   0.6856   0.00974   0.00455  -0.1265  0.7010  0.9067  -0.9576   0.0000   0.0000   0.0000   0.4317
   1.500   0.7442   0.00956   0.00442  -0.1267  0.6876  1.0000  -1.0130   0.0000   0.0000   0.0000   0.4168
   2.000   0.8050   0.00967   0.00433  -0.1278  0.6741  1.0000  -1.0779   0.0000   0.0000   0.0000   0.4048
   2.500   0.8615   0.00974   0.00438  -0.1282  0.6586  1.0000  -1.1422   0.0000   0.0000   0.0000   0.3942
   3.000   0.9185   0.00991   0.00445  -0.1285  0.6436  1.0000  -1.2078   0.0000   0.0000   0.0000   0.3847
   3.500   0.9744   0.01006   0.00447  -0.1285  0.6250  1.0000  -1.2782   0.0000   0.0000   0.0000   0.3761
   4.000   1.0286   0.01026   0.00466  -0.1283  0.6061  1.0000  -1.3558   0.0000   0.0000   0.0000   0.3683
   4.500   1.0823   0.01054   0.00492  -0.1281  0.5863  1.0000  -1.4359   0.0000   0.0000   0.0000   0.3612
   5.000   1.1344   0.01087   0.00518  -0.1275  0.5622  1.0000  -1.5322   0.0000   0.0000   0.0000   0.3546
   5.500   1.1855   0.01128   0.00554  -0.1268  0.5380  1.0000  -1.6334   0.0000   0.0000   0.0000   0.3485
   6.000   1.2348   0.01177   0.00597  -0.1257  0.5114  1.0000  -1.7577   0.0000   0.0000   0.0000   0.3427
   6.500   1.2817   0.01239   0.00649  -0.1244  0.4824  1.0000  -1.8815   0.0000   0.0000   0.0000   0.3373
   7.000   1.3269   0.01309   0.00712  -0.1228  0.4539  1.0000  -2.0406   0.0000   0.0000   0.0000   0.3320
   7.500   1.3693   0.01384   0.00784  -0.1208  0.4210  1.0000  -2.2017   0.0000   0.0000   0.0000   0.3270
   8.000   1.4094   0.01472   0.00868  -0.1185  0.3915  1.0000  -2.4056   0.0000   0.0000   0.0000   0.3221
   8.500   1.4429   0.01580   0.00967  -0.1152  0.3601  1.0000  -2.6371   0.0000   0.0000   0.0000   0.3171
   9.000   1.4713   0.01702   0.01083  -0.1112  0.3277  1.0000  -2.9219   0.0000   0.0000   0.0000   0.3120
   9.500   1.4984   0.01841   0.01222  -0.1074  0.2994  1.0000  -3.2106   0.0000   0.0000   0.0000   0.3073
  10.000   1.5207   0.02018   0.01393  -0.1033  0.2693  1.0000  -3.4904   0.0000   0.0000   0.0000   0.3027
  10.500   1.5372   0.02248   0.01612  -0.0991  0.2382  1.0000  -3.7556   0.0000   0.0000   0.0000   0.2984
  11.000   1.5545   0.02495   0.01856  -0.0954  0.2101  1.0000  -4.0286   0.0000   0.0000   0.0000   0.2944
  11.500   1.5696   0.02775   0.02137  -0.0920  0.1821  1.0000  -4.2983   0.0000   0.0000   0.0000   0.2907
  12.000   1.5800   0.03107   0.02465  -0.0886  0.1554  1.0000  -4.5526   0.0000   0.0000   0.0000   0.2871
  12.500   1.5866   0.03486   0.02840  -0.0852  0.1317  1.0000  -4.8007   0.0000   0.0000   0.0000   0.2838
  13.000   1.5904   0.03907   0.03261  -0.0821  0.1110  1.0000  -5.0397   0.0000   0.0000   0.0000   0.2807
  13.500   1.5927   0.04363   0.03720  -0.0794  0.0939  1.0000  -5.2721   0.0000   0.0000   0.0000   0.2779
  14.000   1.5904   0.04894   0.04254  -0.0770  0.0790  1.0000  -5.4815   0.0000   0.0000   0.0000   0.2754
  14.500   1.5863   0.05478   0.04841  -0.0752  0.0665  1.0000  -5.6815   0.0000   0.0000   0.0000   0.2733
  15.000   1.5854   0.06054   0.05437  -0.0739  0.0571  1.0000  -5.8929   0.0000   0.0000   0.0000   0.2714


