xflr5 v6.59

 Calculated polar for: revR_10_revT

 1 1 Reynolds number fixed          Mach number fixed         

 xtrf =   1.000 (top)        1.000 (bottom)
 Mach =   0.000     Re =     0.045 e 6     Ncrit =   9.000

  alpha     CL        CD       CDp       Cm    Top Xtr Bot Xtr   Cpmin    Chinge    XCp    
 ------- -------- --------- --------- -------- ------- ------- -------- --------- ---------
  -5.000  -0.4992   0.04029   0.03150  -0.0301  1.0000  0.1603  -2.5630   0.0000   0.0000   0.0000   0.1848
  -4.500  -0.4656   0.03519   0.02554  -0.0283  1.0000  0.1722  -2.4920   0.0000   0.0000   0.0000   0.1844
  -4.000  -0.4289   0.03201   0.02202  -0.0260  1.0000  0.1989  -2.3337   0.0000   0.0000   0.0000   0.1846
  -3.500  -0.3906   0.02937   0.01911  -0.0236  1.0000  0.2422  -2.1596   0.0000   0.0000   0.0000   0.1850
  -3.000  -0.3521   0.02690   0.01682  -0.0208  1.0000  0.3171  -1.9823   0.0000   0.0000   0.0000   0.1865
  -2.500  -0.3204   0.02473   0.01574  -0.0163  1.0000  0.4878  -1.7917   0.0000   0.0000   0.0000   0.1948
  -2.000  -0.3163   0.02375   0.01638  -0.0024  1.0000  0.7784  -1.6432   0.0000   0.0000   0.0000   0.2387
  -1.500  -0.1902   0.02433   0.01613  -0.0158  1.0000  1.0000  -1.2024   0.0000   0.0000   0.0000   0.1623
  -1.000  -0.1754   0.02431   0.01552  -0.0130  1.0000  1.0000  -1.0880   0.0000   0.0000   0.0000   0.1717
  -0.500  -0.1472   0.02494   0.01563  -0.0117  1.0000  1.0000  -0.9460   0.0000   0.0000   0.0000   0.1668
   0.000  -0.1163   0.02590   0.01614  -0.0108  1.0000  1.0000  -0.8016   0.0000   0.0000   0.0000   0.1538
   0.500  -0.0476   0.02814   0.01794  -0.0170  0.9829  1.0000  -0.6061   0.0000   0.0000   0.0000  -0.1090
   1.000   0.0334   0.03066   0.02012  -0.0250  0.9533  1.0000  -0.4434   0.0000   0.0000   0.0000   0.9936
   1.500   0.1133   0.03314   0.02235  -0.0322  0.9228  1.0000  -0.4802   0.0000   0.0000   0.0000   0.5298
   2.000   0.1888   0.03551   0.02454  -0.0380  0.8922  1.0000  -0.5355   0.0000   0.0000   0.0000   0.4472
   2.500   0.2433   0.03739   0.02634  -0.0402  0.8604  1.0000  -0.5824   0.0000   0.0000   0.0000   0.4107
   3.000   0.3095   0.03947   0.02839  -0.0437  0.8283  1.0000  -0.6430   0.0000   0.0000   0.0000   0.3865
   3.500   0.3796   0.04153   0.03048  -0.0471  0.7966  1.0000  -0.7127   0.0000   0.0000   0.0000   0.3693
   4.000   0.4191   0.04360   0.03260  -0.0465  0.7634  1.0000  -0.7632   0.0000   0.0000   0.0000   0.3557
   4.500   0.4881   0.04529   0.03443  -0.0488  0.7304  1.0000  -0.8482   0.0000   0.0000   0.0000   0.3444
   5.000   0.5332   0.04742   0.03669  -0.0482  0.6973  1.0000  -0.9287   0.0000   0.0000   0.0000   0.3346
   5.500   0.5761   0.04960   0.03904  -0.0474  0.6639  1.0000  -1.0128   0.0000   0.0000   0.0000   0.3260
   6.000   0.6727   0.04934   0.03915  -0.0495  0.6315  1.0000  -1.2152   0.0000   0.0000   0.0000   0.3171
   6.500   0.6701   0.05351   0.04342  -0.0452  0.5953  1.0000  -1.2612   0.0000   0.0000   0.0000   0.3104
   7.000   0.7899   0.05015   0.04064  -0.0459  0.5609  1.0000  -1.6807   0.0000   0.0000   0.0000   0.3006
   7.500   0.7670   0.05648   0.04701  -0.0413  0.5240  1.0000  -1.7102   0.0000   0.0000   0.0000   0.2958
   8.500   1.0573   0.04068   0.03224  -0.0385  0.4080  1.0000  -3.1748   0.0000   0.0000   0.0000   0.2772
   9.000   1.1120   0.03995   0.03130  -0.0340  0.3366  1.0000  -3.5658   0.0000   0.0000   0.0000   0.2705
   9.500   1.1478   0.04150   0.03242  -0.0290  0.2698  1.0000  -3.8559   0.0000   0.0000   0.0000   0.2645
  10.000   1.1642   0.04496   0.03588  -0.0235  0.2206  1.0000  -4.0324   0.0000   0.0000   0.0000   0.2587
  10.500   1.1733   0.05022   0.04142  -0.0184  0.1891  1.0000  -4.1256   0.0000   0.0000   0.0000   0.2535
  11.000   1.1753   0.05524   0.04662  -0.0132  0.1646  1.0000  -4.2051   0.0000   0.0000   0.0000   0.2484
  12.000   1.1115   0.07108   0.06326  -0.0036  0.1520  1.0000  -4.0511   0.0000   0.0000   0.0000   0.2392
  12.500   1.0453   0.08355   0.07603  -0.0047  0.1541  1.0000  -3.8212   0.0000   0.0000   0.0000   0.2397
  13.500   0.8363   0.14460   0.13674  -0.0386  0.2017  1.0000  -2.4909   0.0000   0.0000   0.0000   0.2816
  14.000   0.8342   0.15802   0.15018  -0.0434  0.2022  1.0000  -2.3723   0.0000   0.0000   0.0000   0.2871
  14.500   0.7748   0.17953   0.17153  -0.0605  0.2949  1.0000  -1.8756   0.0000   0.0000   0.0000   0.3132
  15.000   0.7961   0.18835   0.18046  -0.0619  0.2743  1.0000  -1.8816   0.0000   0.0000   0.0000   0.3123


