xflr5 v6.59

 Calculated polar for: revR_35_revT

 1 1 Reynolds number fixed          Mach number fixed         

 xtrf =   1.000 (top)        1.000 (bottom)
 Mach =   0.000     Re =     0.405 e 6     Ncrit =   9.000

  alpha     CL        CD       CDp       Cm    Top Xtr Bot Xtr   Cpmin    Chinge    XCp    
 ------- -------- --------- --------- -------- ------- ------- -------- --------- ---------
  -5.000  -0.1282   0.01200   0.00545  -0.0942  0.8445  0.0539  -2.4921   0.0000   0.0000   0.0000  -0.5050
  -4.500  -0.0748   0.01110   0.00446  -0.0938  0.8321  0.0726  -2.1490   0.0000   0.0000   0.0000  -1.0336
  -4.000  -0.0204   0.01046   0.00388  -0.0936  0.8207  0.1100  -1.8134   0.0000   0.0000   0.0000  -4.4420
  -3.500   0.0342   0.00993   0.00351  -0.0935  0.8090  0.1687  -1.4906   0.0000   0.0000   0.0000   3.0282
  -3.000   0.0891   0.00945   0.00326  -0.0936  0.7983  0.2506  -1.2466   0.0000   0.0000   0.0000   1.3147
  -2.500   0.1435   0.00894   0.00302  -0.0934  0.7855  0.3460  -1.0275   0.0000   0.0000   0.0000   0.9081
  -2.000   0.1982   0.00852   0.00289  -0.0933  0.7743  0.4616  -0.8172   0.0000   0.0000   0.0000   0.7244
  -1.500   0.2512   0.00801   0.00285  -0.0926  0.7617  0.6095  -0.6243   0.0000   0.0000   0.0000   0.6206
  -1.000   0.3049   0.00786   0.00288  -0.0918  0.7493  0.7040  -0.6177   0.0000   0.0000   0.0000   0.5515
  -0.500   0.3581   0.00777   0.00289  -0.0907  0.7352  0.7688  -0.6595   0.0000   0.0000   0.0000   0.5027
   0.000   0.4114   0.00777   0.00294  -0.0897  0.7220  0.8138  -0.7043   0.0000   0.0000   0.0000   0.4667
   0.500   0.4641   0.00779   0.00291  -0.0885  0.7070  0.8514  -0.7529   0.0000   0.0000   0.0000   0.4386
   1.000   0.5137   0.00772   0.00292  -0.0865  0.6905  0.8895  -0.8023   0.0000   0.0000   0.0000   0.4159
   1.500   0.5623   0.00769   0.00291  -0.0844  0.6737  0.9292  -0.8574   0.0000   0.0000   0.0000   0.3970
   2.000   0.6250   0.00767   0.00283  -0.0854  0.6547  0.9747  -0.9224   0.0000   0.0000   0.0000   0.3831
   2.500   0.6914   0.00776   0.00282  -0.0879  0.6325  1.0000  -0.9945   0.0000   0.0000   0.0000   0.3731
   3.000   0.7464   0.00796   0.00292  -0.0880  0.6098  1.0000  -1.0681   0.0000   0.0000   0.0000   0.3633
   3.500   0.8010   0.00820   0.00308  -0.0878  0.5842  1.0000  -1.1470   0.0000   0.0000   0.0000   0.3546
   4.000   0.8547   0.00850   0.00328  -0.0875  0.5552  1.0000  -1.2384   0.0000   0.0000   0.0000   0.3469
   4.500   0.9077   0.00887   0.00356  -0.0871  0.5256  1.0000  -1.3460   0.0000   0.0000   0.0000   0.3399
   5.000   0.9591   0.00935   0.00389  -0.0865  0.4930  1.0000  -1.4761   0.0000   0.0000   0.0000   0.3335
   5.500   1.0107   0.00981   0.00429  -0.0859  0.4584  1.0000  -1.6306   0.0000   0.0000   0.0000   0.3277
   6.000   1.0604   0.01042   0.00477  -0.0850  0.4233  1.0000  -1.8966   0.0000   0.0000   0.0000   0.3224
   6.500   1.1092   0.01106   0.00532  -0.0841  0.3828  1.0000  -2.2182   0.0000   0.0000   0.0000   0.3174
   7.000   1.1562   0.01184   0.00596  -0.0829  0.3405  1.0000  -2.5554   0.0000   0.0000   0.0000   0.3126
   7.500   1.2000   0.01283   0.00673  -0.0813  0.2894  1.0000  -2.9052   0.0000   0.0000   0.0000   0.3081
   8.000   1.2421   0.01392   0.00762  -0.0796  0.2421  1.0000  -3.2627   0.0000   0.0000   0.0000   0.3037
   8.500   1.2829   0.01506   0.00861  -0.0777  0.2026  1.0000  -3.6274   0.0000   0.0000   0.0000   0.2995
   9.000   1.3195   0.01641   0.00980  -0.0753  0.1620  1.0000  -3.9867   0.0000   0.0000   0.0000   0.2953
   9.500   1.3484   0.01805   0.01121  -0.0719  0.1197  1.0000  -4.3245   0.0000   0.0000   0.0000   0.2908
  10.000   1.3761   0.01969   0.01276  -0.0684  0.0913  1.0000  -4.6629   0.0000   0.0000   0.0000   0.2865
  10.500   1.4000   0.02160   0.01462  -0.0649  0.0696  1.0000  -4.9886   0.0000   0.0000   0.0000   0.2823
  11.000   1.4215   0.02379   0.01680  -0.0615  0.0533  1.0000  -5.3028   0.0000   0.0000   0.0000   0.2784
  11.500   1.4374   0.02657   0.01963  -0.0581  0.0397  1.0000  -5.5811   0.0000   0.0000   0.0000   0.2747
  12.000   1.4469   0.03007   0.02315  -0.0547  0.0288  1.0000  -5.8059   0.0000   0.0000   0.0000   0.2712
  12.500   1.4558   0.03384   0.02712  -0.0518  0.0237  1.0000  -6.0021   0.0000   0.0000   0.0000   0.2681
  13.000   1.4596   0.03831   0.03173  -0.0494  0.0207  1.0000  -6.1852   0.0000   0.0000   0.0000   0.2653
  13.500   1.4515   0.04423   0.03788  -0.0471  0.0187  1.0000  -6.2851   0.0000   0.0000   0.0000   0.2630
  14.000   1.4328   0.05161   0.04557  -0.0452  0.0175  1.0000  -6.3084   0.0000   0.0000   0.0000   0.2610
  14.500   1.4238   0.05843   0.05265  -0.0442  0.0170  1.0000  -6.3990   0.0000   0.0000   0.0000   0.2596
  15.000   1.4216   0.06480   0.05926  -0.0441  0.0168  1.0000  -6.5458   0.0000   0.0000   0.0000   0.2585


