xflr5 v6.59

 Calculated polar for: revR_0_revT

 1 1 Reynolds number fixed          Mach number fixed         

 xtrf =   1.000 (top)        1.000 (bottom)
 Mach =   0.000     Re =     0.265 e 6     Ncrit =   9.000

  alpha     CL        CD       CDp       Cm    Top Xtr Bot Xtr   Cpmin    Chinge    XCp    
 ------- -------- --------- --------- -------- ------- ------- -------- --------- ---------
  -5.000  -0.2809   0.01375   0.00668  -0.0616  0.9428  0.0726  -2.7608   0.0000   0.0000   0.0000   0.0222
  -4.500  -0.2151   0.01243   0.00551  -0.0639  0.9316  0.1121  -2.3336   0.0000   0.0000   0.0000  -0.0565
  -4.000  -0.1586   0.01141   0.00477  -0.0642  0.9157  0.1878  -1.9403   0.0000   0.0000   0.0000  -0.1655
  -3.500  -0.1074   0.01055   0.00431  -0.0635  0.8985  0.2988  -1.5825   0.0000   0.0000   0.0000  -0.3544
  -3.000  -0.0592   0.00972   0.00398  -0.0620  0.8809  0.4467  -1.2597   0.0000   0.0000   0.0000  -0.8176
  -2.500  -0.0126   0.00907   0.00387  -0.0597  0.8630  0.6101  -1.0021   0.0000   0.0000   0.0000  -4.5549
  -2.000   0.0367   0.00889   0.00389  -0.0574  0.8459  0.7129  -0.8003   0.0000   0.0000   0.0000   1.8342
  -1.500   0.0868   0.00887   0.00391  -0.0552  0.8288  0.7763  -0.6243   0.0000   0.0000   0.0000   0.8920
  -1.000   0.1369   0.00887   0.00387  -0.0530  0.8112  0.8217  -0.4769   0.0000   0.0000   0.0000   0.6390
  -0.500   0.1863   0.00888   0.00384  -0.0506  0.7934  0.8590  -0.5181   0.0000   0.0000   0.0000   0.5214
   0.000   0.2346   0.00889   0.00384  -0.0480  0.7740  0.8934  -0.5616   0.0000   0.0000   0.0000   0.4536
   0.500   0.2864   0.00887   0.00378  -0.0461  0.7536  0.9262  -0.6105   0.0000   0.0000   0.0000   0.4093
   1.000   0.3545   0.00891   0.00371  -0.0478  0.7326  0.9531  -0.6724   0.0000   0.0000   0.0000   0.3824
   1.500   0.4366   0.00897   0.00368  -0.0529  0.7076  0.9707  -0.7500   0.0000   0.0000   0.0000   0.3683
   2.000   0.5203   0.00901   0.00361  -0.0586  0.6803  0.9847  -0.8356   0.0000   0.0000   0.0000   0.3595
   2.500   0.6016   0.00903   0.00355  -0.0641  0.6494  0.9991  -0.9353   0.0000   0.0000   0.0000   0.3530
   3.000   0.6392   0.00911   0.00353  -0.0610  0.6181  1.0000  -1.0162   0.0000   0.0000   0.0000   0.3414
   3.500   0.6750   0.00931   0.00364  -0.0573  0.5863  1.0000  -1.1039   0.0000   0.0000   0.0000   0.3304
   4.000   0.7157   0.00962   0.00383  -0.0543  0.5511  1.0000  -1.2282   0.0000   0.0000   0.0000   0.3210
   4.500   0.7594   0.01004   0.00409  -0.0520  0.5133  1.0000  -1.4325   0.0000   0.0000   0.0000   0.3131
   5.000   0.8047   0.01050   0.00445  -0.0499  0.4725  1.0000  -1.7481   0.0000   0.0000   0.0000   0.3062
   5.500   0.8504   0.01105   0.00490  -0.0481  0.4339  1.0000  -2.0814   0.0000   0.0000   0.0000   0.3002
   6.000   0.8948   0.01167   0.00539  -0.0461  0.3874  1.0000  -2.4266   0.0000   0.0000   0.0000   0.2946
   6.500   0.9387   0.01238   0.00600  -0.0441  0.3421  1.0000  -2.7842   0.0000   0.0000   0.0000   0.2896
   7.000   0.9805   0.01322   0.00669  -0.0419  0.2888  1.0000  -3.1478   0.0000   0.0000   0.0000   0.2847
   7.500   1.0192   0.01429   0.00753  -0.0393  0.2301  1.0000  -3.5131   0.0000   0.0000   0.0000   0.2800
   8.000   1.0552   0.01556   0.00858  -0.0365  0.1726  1.0000  -3.8857   0.0000   0.0000   0.0000   0.2754
   8.500   1.0863   0.01716   0.00987  -0.0331  0.1148  1.0000  -4.2423   0.0000   0.0000   0.0000   0.2707
   9.000   1.1147   0.01882   0.01136  -0.0293  0.0786  1.0000  -4.5863   0.0000   0.0000   0.0000   0.2659
   9.500   1.1359   0.02059   0.01306  -0.0244  0.0560  1.0000  -4.8901   0.0000   0.0000   0.0000   0.2605
  10.000   1.1517   0.02257   0.01506  -0.0190  0.0392  1.0000  -5.1317   0.0000   0.0000   0.0000   0.2548
  10.500   1.1572   0.02534   0.01792  -0.0130  0.0297  1.0000  -5.2744   0.0000   0.0000   0.0000   0.2488
  11.000   1.1664   0.02815   0.02085  -0.0086  0.0259  1.0000  -5.4663   0.0000   0.0000   0.0000   0.2442
  11.500   1.1646   0.03233   0.02517  -0.0042  0.0239  1.0000  -5.5701   0.0000   0.0000   0.0000   0.2396
  12.000   1.1779   0.03567   0.02875  -0.0015  0.0229  1.0000  -5.7691   0.0000   0.0000   0.0000   0.2365
  12.500   1.1902   0.03939   0.03269   0.0007  0.0219  1.0000  -5.9616   0.0000   0.0000   0.0000   0.2338
  13.000   1.2013   0.04346   0.03700   0.0025  0.0211  1.0000  -6.1511   0.0000   0.0000   0.0000   0.2315
  13.500   1.2096   0.04801   0.04179   0.0037  0.0204  1.0000  -6.3307   0.0000   0.0000   0.0000   0.2296
  14.000   1.2142   0.05315   0.04719   0.0042  0.0198  1.0000  -6.4919   0.0000   0.0000   0.0000   0.2283
  14.500   1.2140   0.05910   0.05340   0.0040  0.0193  1.0000  -6.6306   0.0000   0.0000   0.0000   0.2275
  15.000   1.2078   0.06617   0.06078   0.0029  0.0191  1.0000  -6.7871   0.0000   0.0000   0.0000   0.2275


