xflr5 v6.59

 Calculated polar for: revR_35_revT

 1 1 Reynolds number fixed          Mach number fixed         

 xtrf =   1.000 (top)        1.000 (bottom)
 Mach =   0.000     Re =     0.160 e 6     Ncrit =   9.000

  alpha     CL        CD       CDp       Cm    Top Xtr Bot Xtr   Cpmin    Chinge    XCp    
 ------- -------- --------- --------- -------- ------- ------- -------- --------- ---------
  -5.000  -0.1467   0.01939   0.01168  -0.0982  0.9225  0.0839  -2.4137   0.0000   0.0000   0.0000  -0.4376
  -4.500  -0.0935   0.01795   0.01017  -0.0979  0.9091  0.1050  -2.1218   0.0000   0.0000   0.0000  -0.8217
  -4.000  -0.0274   0.01656   0.00898  -0.1000  0.8998  0.1609  -1.7920   0.0000   0.0000   0.0000  -3.4715
  -3.500   0.0249   0.01564   0.00843  -0.0998  0.8858  0.2552  -1.4982   0.0000   0.0000   0.0000   4.3354
  -3.000   0.0847   0.01467   0.00790  -0.1005  0.8753  0.3864  -1.2428   0.0000   0.0000   0.0000   1.4545
  -2.500   0.1322   0.01411   0.00797  -0.0988  0.8604  0.5498  -1.0408   0.0000   0.0000   0.0000   1.0069
  -2.000   0.1848   0.01375   0.00798  -0.0966  0.8501  0.6917  -0.8337   0.0000   0.0000   0.0000   0.7776
  -1.500   0.2274   0.01385   0.00820  -0.0927  0.8335  0.7814  -0.6616   0.0000   0.0000   0.0000   0.6602
  -1.000   0.2713   0.01387   0.00821  -0.0884  0.8208  0.8492  -0.5898   0.0000   0.0000   0.0000   0.5771
  -0.500   0.3123   0.01373   0.00805  -0.0835  0.8062  0.9061  -0.6255   0.0000   0.0000   0.0000   0.5175
   0.000   0.3788   0.01359   0.00781  -0.0844  0.7917  0.9624  -0.6769   0.0000   0.0000   0.0000   0.4720
   0.500   0.4861   0.01311   0.00710  -0.0940  0.7792  0.9999  -0.7569   0.0000   0.0000   0.0000   0.4418
   1.000   0.5233   0.01325   0.00715  -0.0914  0.7605  1.0000  -0.7981   0.0000   0.0000   0.0000   0.4224
   1.500   0.5715   0.01334   0.00711  -0.0901  0.7427  1.0000  -0.8518   0.0000   0.0000   0.0000   0.4050
   2.000   0.6265   0.01332   0.00695  -0.0897  0.7256  1.0000  -0.9115   0.0000   0.0000   0.0000   0.3899
   2.500   0.6828   0.01329   0.00678  -0.0895  0.7074  1.0000  -0.9771   0.0000   0.0000   0.0000   0.3772
   3.000   0.7363   0.01336   0.00681  -0.0888  0.6860  1.0000  -1.0490   0.0000   0.0000   0.0000   0.3663
   3.500   0.7902   0.01343   0.00683  -0.0881  0.6634  1.0000  -1.1268   0.0000   0.0000   0.0000   0.3567
   4.000   0.8441   0.01354   0.00688  -0.0874  0.6397  1.0000  -1.2171   0.0000   0.0000   0.0000   0.3482
   4.500   0.8979   0.01369   0.00698  -0.0867  0.6144  1.0000  -1.3235   0.0000   0.0000   0.0000   0.3407
   5.000   0.9502   0.01393   0.00717  -0.0858  0.5856  1.0000  -1.4476   0.0000   0.0000   0.0000   0.3338
   5.500   1.0005   0.01429   0.00754  -0.0846  0.5538  1.0000  -1.5993   0.0000   0.0000   0.0000   0.3275
   6.000   1.0506   0.01473   0.00788  -0.0834  0.5201  1.0000  -1.8141   0.0000   0.0000   0.0000   0.3217
   6.500   1.0980   0.01531   0.00846  -0.0819  0.4835  1.0000  -2.1235   0.0000   0.0000   0.0000   0.3163
   7.000   1.1442   0.01605   0.00906  -0.0802  0.4462  1.0000  -2.4440   0.0000   0.0000   0.0000   0.3112
   7.500   1.1869   0.01684   0.00989  -0.0781  0.4050  1.0000  -2.7652   0.0000   0.0000   0.0000   0.3062
   8.000   1.2272   0.01782   0.01082  -0.0758  0.3638  1.0000  -3.0902   0.0000   0.0000   0.0000   0.3015
   8.500   1.2639   0.01901   0.01193  -0.0731  0.3228  1.0000  -3.4246   0.0000   0.0000   0.0000   0.2969
   9.000   1.2944   0.02041   0.01327  -0.0697  0.2780  1.0000  -3.7480   0.0000   0.0000   0.0000   0.2921
   9.500   1.3172   0.02212   0.01486  -0.0654  0.2334  1.0000  -4.0471   0.0000   0.0000   0.0000   0.2872
  10.000   1.3339   0.02424   0.01689  -0.0607  0.1903  1.0000  -4.3215   0.0000   0.0000   0.0000   0.2822
  10.500   1.3446   0.02701   0.01956  -0.0561  0.1496  1.0000  -4.5677   0.0000   0.0000   0.0000   0.2777
  11.000   1.3492   0.03059   0.02299  -0.0518  0.1162  1.0000  -4.7811   0.0000   0.0000   0.0000   0.2735
  11.500   1.3552   0.03443   0.02682  -0.0484  0.0910  1.0000  -4.9927   0.0000   0.0000   0.0000   0.2700
  12.000   1.3567   0.03893   0.03134  -0.0454  0.0734  1.0000  -5.1725   0.0000   0.0000   0.0000   0.2668
  12.500   1.3548   0.04402   0.03654  -0.0427  0.0605  1.0000  -5.3222   0.0000   0.0000   0.0000   0.2640
  13.000   1.3577   0.04898   0.04176  -0.0403  0.0521  1.0000  -5.4547   0.0000   0.0000   0.0000   0.2613
  13.500   1.3564   0.05452   0.04745  -0.0387  0.0455  1.0000  -5.5734   0.0000   0.0000   0.0000   0.2591
  14.000   1.3552   0.06065   0.05374  -0.0354  0.0401  1.0000  -5.6106   0.0000   0.0000   0.0000   0.2559
  14.500   1.3573   0.06648   0.05994  -0.0343  0.0380  1.0000  -5.7023   0.0000   0.0000   0.0000   0.2540
  15.000   1.3532   0.07339   0.06724  -0.0336  0.0362  1.0000  -5.7527   0.0000   0.0000   0.0000   0.2527


