xflr5 v6.59

 Calculated polar for: revR_30_revT

 1 1 Reynolds number fixed          Mach number fixed         

 xtrf =   1.000 (top)        1.000 (bottom)
 Mach =   0.000     Re =     0.200 e 6     Ncrit =   9.000

  alpha     CL        CD       CDp       Cm    Top Xtr Bot Xtr   Cpmin    Chinge    XCp    
 ------- -------- --------- --------- -------- ------- ------- -------- --------- ---------
  -5.000  -0.1446   0.01686   0.00947  -0.0951  0.9123  0.0772  -2.3958   0.0000   0.0000   0.0000  -0.4254
  -4.500  -0.0878   0.01522   0.00778  -0.0953  0.9008  0.1023  -2.0836   0.0000   0.0000   0.0000  -0.8617
  -4.000  -0.0362   0.01412   0.00693  -0.0948  0.8872  0.1603  -1.7781   0.0000   0.0000   0.0000  -2.4213
  -3.500   0.0189   0.01319   0.00634  -0.0948  0.8751  0.2578  -1.4668   0.0000   0.0000   0.0000   5.3496
  -3.000   0.0690   0.01256   0.00608  -0.0939  0.8607  0.3705  -1.2265   0.0000   0.0000   0.0000   1.6310
  -2.500   0.1217   0.01185   0.00588  -0.0929  0.8494  0.5307  -1.0145   0.0000   0.0000   0.0000   1.0224
  -2.000   0.1685   0.01155   0.00603  -0.0904  0.8339  0.6704  -0.8214   0.0000   0.0000   0.0000   0.7917
  -1.500   0.2178   0.01150   0.00608  -0.0878  0.8209  0.7589  -0.6377   0.0000   0.0000   0.0000   0.6556
  -1.000   0.2649   0.01150   0.00610  -0.0848  0.8066  0.8224  -0.5825   0.0000   0.0000   0.0000   0.5710
  -0.500   0.3089   0.01152   0.00611  -0.0811  0.7917  0.8733  -0.6204   0.0000   0.0000   0.0000   0.5124
   0.000   0.3553   0.01136   0.00586  -0.0774  0.7782  0.9213  -0.6617   0.0000   0.0000   0.0000   0.4670
   0.500   0.4210   0.01120   0.00566  -0.0786  0.7613  0.9662  -0.7165   0.0000   0.0000   0.0000   0.4350
   1.000   0.5177   0.01103   0.00535  -0.0868  0.7456  0.9982  -0.7953   0.0000   0.0000   0.0000   0.4155
   1.500   0.5656   0.01102   0.00518  -0.0857  0.7281  1.0000  -0.8492   0.0000   0.0000   0.0000   0.3986
   2.000   0.6145   0.01106   0.00511  -0.0845  0.7088  1.0000  -0.9046   0.0000   0.0000   0.0000   0.3842
   2.500   0.6668   0.01116   0.00513  -0.0839  0.6878  1.0000  -0.9695   0.0000   0.0000   0.0000   0.3720
   3.000   0.7204   0.01127   0.00516  -0.0834  0.6655  1.0000  -1.0416   0.0000   0.0000   0.0000   0.3614
   3.500   0.7742   0.01140   0.00522  -0.0828  0.6417  1.0000  -1.1217   0.0000   0.0000   0.0000   0.3522
   4.000   0.8277   0.01159   0.00534  -0.0822  0.6164  1.0000  -1.2168   0.0000   0.0000   0.0000   0.3440
   4.500   0.8807   0.01186   0.00549  -0.0815  0.5883  1.0000  -1.3267   0.0000   0.0000   0.0000   0.3367
   5.000   0.9317   0.01220   0.00583  -0.0806  0.5567  1.0000  -1.4637   0.0000   0.0000   0.0000   0.3301
   5.500   0.9821   0.01263   0.00619  -0.0795  0.5227  1.0000  -1.6250   0.0000   0.0000   0.0000   0.3240
   6.000   1.0311   0.01318   0.00667  -0.0783  0.4867  1.0000  -1.9196   0.0000   0.0000   0.0000   0.3184
   6.500   1.0786   0.01384   0.00724  -0.0769  0.4492  1.0000  -2.2394   0.0000   0.0000   0.0000   0.3131
   7.000   1.1241   0.01457   0.00793  -0.0753  0.4084  1.0000  -2.5673   0.0000   0.0000   0.0000   0.3082
   7.500   1.1675   0.01546   0.00875  -0.0735  0.3673  1.0000  -2.9009   0.0000   0.0000   0.0000   0.3035
   8.000   1.2080   0.01651   0.00970  -0.0713  0.3258  1.0000  -3.2440   0.0000   0.0000   0.0000   0.2989
   8.500   1.2445   0.01774   0.01081  -0.0687  0.2799  1.0000  -3.5914   0.0000   0.0000   0.0000   0.2944
   9.000   1.2767   0.01919   0.01217  -0.0657  0.2312  1.0000  -3.9308   0.0000   0.0000   0.0000   0.2899
   9.500   1.3016   0.02095   0.01377  -0.0618  0.1837  1.0000  -4.2466   0.0000   0.0000   0.0000   0.2852
  10.000   1.3193   0.02321   0.01584  -0.0575  0.1385  1.0000  -4.5339   0.0000   0.0000   0.0000   0.2805
  10.500   1.3326   0.02598   0.01843  -0.0533  0.1021  1.0000  -4.8006   0.0000   0.0000   0.0000   0.2762
  11.000   1.3408   0.02940   0.02178  -0.0494  0.0778  1.0000  -5.0332   0.0000   0.0000   0.0000   0.2722
  11.500   1.3520   0.03285   0.02532  -0.0464  0.0622  1.0000  -5.2685   0.0000   0.0000   0.0000   0.2688
  12.000   1.3572   0.03706   0.02970  -0.0433  0.0508  1.0000  -5.4479   0.0000   0.0000   0.0000   0.2656
  12.500   1.3480   0.04289   0.03566  -0.0403  0.0415  1.0000  -5.5305   0.0000   0.0000   0.0000   0.2626
  13.000   1.3514   0.04782   0.04087  -0.0381  0.0368  1.0000  -5.6507   0.0000   0.0000   0.0000   0.2600
  13.500   1.3536   0.05304   0.04631  -0.0364  0.0332  1.0000  -5.7710   0.0000   0.0000   0.0000   0.2577
  14.000   1.3536   0.05869   0.05216  -0.0351  0.0309  1.0000  -5.8903   0.0000   0.0000   0.0000   0.2558
  14.500   1.3513   0.06486   0.05855  -0.0339  0.0291  1.0000  -5.9815   0.0000   0.0000   0.0000   0.2540
  15.000   1.3453   0.07195   0.06596  -0.0326  0.0279  1.0000  -6.0142   0.0000   0.0000   0.0000   0.2523


