xflr5 v6.59

 Calculated polar for: revR_70_revT

 1 1 Reynolds number fixed          Mach number fixed         

 xtrf =   1.000 (top)        1.000 (bottom)
 Mach =   0.000     Re =     0.205 e 6     Ncrit =   9.000

  alpha     CL        CD       CDp       Cm    Top Xtr Bot Xtr   Cpmin    Chinge    XCp    
 ------- -------- --------- --------- -------- ------- ------- -------- --------- ---------
  -5.000   0.0155   0.01823   0.01097  -0.1311  0.8556  0.0676  -2.2415   0.0000   0.0000   0.0000   8.8954
  -4.500   0.0715   0.01674   0.00934  -0.1311  0.8476  0.0835  -1.9736   0.0000   0.0000   0.0000   2.1242
  -4.000   0.1219   0.01587   0.00850  -0.1304  0.8363  0.1110  -1.7591   0.0000   0.0000   0.0000   1.3415
  -3.500   0.1786   0.01502   0.00774  -0.1306  0.8273  0.1700  -1.5225   0.0000   0.0000   0.0000   0.9937
  -3.000   0.2321   0.01452   0.00753  -0.1306  0.8169  0.2515  -1.2928   0.0000   0.0000   0.0000   0.8206
  -2.500   0.2869   0.01406   0.00731  -0.1305  0.8066  0.3436  -1.0685   0.0000   0.0000   0.0000   0.7101
  -1.500   0.3939   0.01330   0.00732  -0.1294  0.7858  0.5964  -0.7051   0.0000   0.0000   0.0000   0.5804
  -1.000   0.4466   0.01299   0.00725  -0.1276  0.7763  0.7215  -0.7455   0.0000   0.0000   0.0000   0.5363
  -0.500   0.4918   0.01308   0.00750  -0.1247  0.7636  0.8034  -0.7816   0.0000   0.0000   0.0000   0.5033
   0.000   0.5372   0.01290   0.00733  -0.1212  0.7537  0.8695  -0.8209   0.0000   0.0000   0.0000   0.4746
   0.500   0.5791   0.01274   0.00721  -0.1173  0.7408  0.9450  -0.8619   0.0000   0.0000   0.0000   0.4507
   1.000   0.6533   0.01250   0.00678  -0.1209  0.7292  1.0000  -0.9248   0.0000   0.0000   0.0000   0.4325
   1.500   0.7107   0.01269   0.00687  -0.1217  0.7155  1.0000  -0.9788   0.0000   0.0000   0.0000   0.4180
   2.000   0.7722   0.01263   0.00661  -0.1226  0.7031  1.0000  -1.0445   0.0000   0.0000   0.0000   0.4050
   2.500   0.8270   0.01276   0.00670  -0.1225  0.6864  1.0000  -1.1057   0.0000   0.0000   0.0000   0.3938
   3.000   0.8849   0.01283   0.00666  -0.1228  0.6721  1.0000  -1.1709   0.0000   0.0000   0.0000   0.3838
   3.500   0.9415   0.01284   0.00659  -0.1228  0.6552  1.0000  -1.2460   0.0000   0.0000   0.0000   0.3748
   4.000   0.9952   0.01296   0.00670  -0.1223  0.6355  1.0000  -1.3211   0.0000   0.0000   0.0000   0.3667
   4.500   1.0493   0.01316   0.00688  -0.1220  0.6165  1.0000  -1.4070   0.0000   0.0000   0.0000   0.3594
   5.000   1.1026   0.01337   0.00705  -0.1214  0.5949  1.0000  -1.5017   0.0000   0.0000   0.0000   0.3526
   5.500   1.1542   0.01365   0.00729  -0.1206  0.5705  1.0000  -1.6127   0.0000   0.0000   0.0000   0.3463
   6.000   1.2045   0.01405   0.00767  -0.1196  0.5451  1.0000  -1.7347   0.0000   0.0000   0.0000   0.3405
   6.500   1.2524   0.01454   0.00811  -0.1182  0.5161  1.0000  -1.8710   0.0000   0.0000   0.0000   0.3349
   7.000   1.2988   0.01517   0.00867  -0.1167  0.4873  1.0000  -2.0325   0.0000   0.0000   0.0000   0.3296
   7.500   1.3414   0.01593   0.00936  -0.1146  0.4549  1.0000  -2.2093   0.0000   0.0000   0.0000   0.3245
   8.000   1.3810   0.01679   0.01024  -0.1122  0.4224  1.0000  -2.4198   0.0000   0.0000   0.0000   0.3195
   8.500   1.4175   0.01782   0.01122  -0.1093  0.3914  1.0000  -2.6686   0.0000   0.0000   0.0000   0.3146
   9.000   1.4462   0.01905   0.01236  -0.1053  0.3577  1.0000  -2.9441   0.0000   0.0000   0.0000   0.3095
   9.500   1.4702   0.02042   0.01378  -0.1008  0.3258  1.0000  -3.2251   0.0000   0.0000   0.0000   0.3045
  10.000   1.4907   0.02213   0.01548  -0.0963  0.2965  1.0000  -3.5011   0.0000   0.0000   0.0000   0.2997
  10.500   1.5045   0.02438   0.01764  -0.0915  0.2658  1.0000  -3.7580   0.0000   0.0000   0.0000   0.2950
  11.000   1.5181   0.02691   0.02019  -0.0874  0.2342  1.0000  -4.0182   0.0000   0.0000   0.0000   0.2909
  11.500   1.5282   0.02997   0.02323  -0.0836  0.2045  1.0000  -4.2672   0.0000   0.0000   0.0000   0.2871
  12.000   1.5335   0.03364   0.02686  -0.0799  0.1763  1.0000  -4.4987   0.0000   0.0000   0.0000   0.2835
  12.500   1.5335   0.03798   0.03119  -0.0764  0.1503  1.0000  -4.7076   0.0000   0.0000   0.0000   0.2802
  13.000   1.5319   0.04275   0.03595  -0.0733  0.1274  1.0000  -4.9074   0.0000   0.0000   0.0000   0.2773
  13.500   1.5295   0.04790   0.04114  -0.0708  0.1082  1.0000  -5.1012   0.0000   0.0000   0.0000   0.2747
  14.000   1.5278   0.05336   0.04670  -0.0688  0.0920  1.0000  -5.2943   0.0000   0.0000   0.0000   0.2724
  14.500   1.5219   0.05953   0.05299  -0.0672  0.0788  1.0000  -5.4649   0.0000   0.0000   0.0000   0.2705
  15.000   1.5059   0.06716   0.06061  -0.0660  0.0671  1.0000  -5.5797   0.0000   0.0000   0.0000   0.2691


