xflr5 v6.59

 Calculated polar for: revR_10_revT

 1 1 Reynolds number fixed          Mach number fixed         

 xtrf =   1.000 (top)        1.000 (bottom)
 Mach =   0.000     Re =     0.190 e 6     Ncrit =   9.000

  alpha     CL        CD       CDp       Cm    Top Xtr Bot Xtr   Cpmin    Chinge    XCp    
 ------- -------- --------- --------- -------- ------- ------- -------- --------- ---------
  -5.000  -0.2701   0.01771   0.01017  -0.0676  0.9414  0.0748  -2.6032   0.0000   0.0000   0.0000  -0.0091
  -4.500  -0.2153   0.01561   0.00809  -0.0677  0.9272  0.1026  -2.2882   0.0000   0.0000   0.0000  -0.0745
  -4.000  -0.1406   0.01408   0.00691  -0.0719  0.9198  0.1818  -1.8746   0.0000   0.0000   0.0000  -0.2740
  -3.500  -0.0886   0.01306   0.00637  -0.0715  0.9036  0.2981  -1.5513   0.0000   0.0000   0.0000  -0.5739
  -3.000  -0.0280   0.01199   0.00591  -0.0725  0.8926  0.4668  -1.2319   0.0000   0.0000   0.0000  -2.3797
  -2.500   0.0180   0.01138   0.00592  -0.0697  0.8761  0.6388  -1.0344   0.0000   0.0000   0.0000   4.1754
  -2.000   0.0676   0.01128   0.00598  -0.0671  0.8602  0.7371  -0.8376   0.0000   0.0000   0.0000   1.2551
  -1.500   0.1206   0.01124   0.00593  -0.0647  0.8465  0.8061  -0.6427   0.0000   0.0000   0.0000   0.7911
  -1.000   0.1649   0.01128   0.00598  -0.0611  0.8288  0.8539  -0.5021   0.0000   0.0000   0.0000   0.6221
  -0.500   0.2125   0.01128   0.00592  -0.0579  0.8115  0.8976  -0.5426   0.0000   0.0000   0.0000   0.5224
   0.000   0.2782   0.01125   0.00575  -0.0583  0.7958  0.9334  -0.5936   0.0000   0.0000   0.0000   0.4586
   0.500   0.3657   0.01122   0.00560  -0.0638  0.7779  0.9596  -0.6655   0.0000   0.0000   0.0000   0.4228
   1.000   0.4631   0.01111   0.00537  -0.0718  0.7569  0.9782  -0.7445   0.0000   0.0000   0.0000   0.4030
   1.500   0.5539   0.01094   0.00511  -0.0790  0.7346  0.9973  -0.8309   0.0000   0.0000   0.0000   0.3901
   2.000   0.5963   0.01084   0.00491  -0.0769  0.7101  1.0000  -0.8877   0.0000   0.0000   0.0000   0.3759
   2.500   0.6288   0.01084   0.00484  -0.0726  0.6852  1.0000  -0.9448   0.0000   0.0000   0.0000   0.3619
   3.000   0.6651   0.01095   0.00486  -0.0689  0.6600  1.0000  -1.0128   0.0000   0.0000   0.0000   0.3495
   3.500   0.7071   0.01112   0.00488  -0.0660  0.6317  1.0000  -1.1019   0.0000   0.0000   0.0000   0.3388
   4.000   0.7510   0.01136   0.00509  -0.0635  0.6002  1.0000  -1.2048   0.0000   0.0000   0.0000   0.3296
   4.500   0.7973   0.01167   0.00532  -0.0615  0.5665  1.0000  -1.3440   0.0000   0.0000   0.0000   0.3217
   5.000   0.8438   0.01209   0.00562  -0.0595  0.5309  1.0000  -1.5671   0.0000   0.0000   0.0000   0.3146
   5.500   0.8891   0.01258   0.00603  -0.0574  0.4916  1.0000  -1.8805   0.0000   0.0000   0.0000   0.3081
   6.000   0.9335   0.01314   0.00653  -0.0552  0.4510  1.0000  -2.2058   0.0000   0.0000   0.0000   0.3022
   6.500   0.9764   0.01382   0.00711  -0.0529  0.4104  1.0000  -2.5408   0.0000   0.0000   0.0000   0.2966
   7.000   1.0161   0.01459   0.00776  -0.0501  0.3648  1.0000  -2.8782   0.0000   0.0000   0.0000   0.2912
   7.500   1.0534   0.01549   0.00860  -0.0471  0.3193  1.0000  -3.2177   0.0000   0.0000   0.0000   0.2860
   8.000   1.0873   0.01652   0.00953  -0.0436  0.2712  1.0000  -3.5532   0.0000   0.0000   0.0000   0.2808
   8.500   1.1164   0.01777   0.01066  -0.0396  0.2202  1.0000  -3.8760   0.0000   0.0000   0.0000   0.2754
   9.000   1.1358   0.01938   0.01201  -0.0342  0.1639  1.0000  -4.1661   0.0000   0.0000   0.0000   0.2695
   9.500   1.1462   0.02130   0.01372  -0.0278  0.1185  1.0000  -4.4290   0.0000   0.0000   0.0000   0.2629
  10.000   1.1550   0.02355   0.01581  -0.0218  0.0870  1.0000  -4.6790   0.0000   0.0000   0.0000   0.2569
  10.500   1.1622   0.02618   0.01841  -0.0165  0.0673  1.0000  -4.9050   0.0000   0.0000   0.0000   0.2515
  11.000   1.1708   0.02900   0.02131  -0.0121  0.0530  1.0000  -5.1202   0.0000   0.0000   0.0000   0.2469
  11.500   1.1748   0.03255   0.02504  -0.0080  0.0423  1.0000  -5.2583   0.0000   0.0000   0.0000   0.2425
  12.000   1.1685   0.03757   0.03012  -0.0041  0.0349  1.0000  -5.3132   0.0000   0.0000   0.0000   0.2384
  12.500   1.1800   0.04163   0.03444  -0.0016  0.0321  1.0000  -5.4487   0.0000   0.0000   0.0000   0.2354
  13.000   1.1919   0.04595   0.03910   0.0003  0.0300  1.0000  -5.5932   0.0000   0.0000   0.0000   0.2330
  13.500   1.2003   0.05088   0.04434   0.0018  0.0287  1.0000  -5.7204   0.0000   0.0000   0.0000   0.2309
  14.000   1.2026   0.05671   0.05052   0.0026  0.0278  1.0000  -5.8134   0.0000   0.0000   0.0000   0.2294
  14.500   1.1960   0.06377   0.05797   0.0025  0.0274  1.0000  -5.8524   0.0000   0.0000   0.0000   0.2286
  15.000   1.1782   0.07264   0.06727   0.0008  0.0273  1.0000  -5.8168   0.0000   0.0000   0.0000   0.2291


