xflr5 v6.59

 Calculated polar for: revR_60_revT

 1 1 Reynolds number fixed          Mach number fixed         

 xtrf =   1.000 (top)        1.000 (bottom)
 Mach =   0.000     Re =     0.225 e 6     Ncrit =   9.000

  alpha     CL        CD       CDp       Cm    Top Xtr Bot Xtr   Cpmin    Chinge    XCp    
 ------- -------- --------- --------- -------- ------- ------- -------- --------- ---------
  -5.000  -0.0218   0.01657   0.00936  -0.1216  0.8595  0.0660  -2.3118   0.0000   0.0000   0.0000  -5.4656
  -4.500   0.0338   0.01554   0.00820  -0.1215  0.8508  0.0823  -1.9978   0.0000   0.0000   0.0000   3.9216
  -4.000   0.0848   0.01448   0.00726  -0.1210  0.8397  0.1174  -1.7461   0.0000   0.0000   0.0000   1.7043
  -3.500   0.1400   0.01371   0.00662  -0.1209  0.8293  0.1812  -1.5096   0.0000   0.0000   0.0000   1.1280
  -3.000   0.1941   0.01319   0.00639  -0.1209  0.8193  0.2682  -1.2743   0.0000   0.0000   0.0000   0.8816
  -2.500   0.2482   0.01269   0.00617  -0.1207  0.8081  0.3681  -1.0504   0.0000   0.0000   0.0000   0.7417
  -2.000   0.3037   0.01225   0.00606  -0.1205  0.7991  0.4958  -0.8381   0.0000   0.0000   0.0000   0.6501
  -1.500   0.3540   0.01189   0.00615  -0.1192  0.7861  0.6306  -0.6678   0.0000   0.0000   0.0000   0.5884
  -1.000   0.4065   0.01173   0.00615  -0.1174  0.7763  0.7379  -0.7092   0.0000   0.0000   0.0000   0.5393
  -0.500   0.4532   0.01176   0.00632  -0.1148  0.7635  0.8086  -0.7465   0.0000   0.0000   0.0000   0.5031
   0.000   0.5005   0.01162   0.00614  -0.1117  0.7529  0.8700  -0.7870   0.0000   0.0000   0.0000   0.4721
   0.500   0.5422   0.01148   0.00607  -0.1078  0.7386  0.9296  -0.8283   0.0000   0.0000   0.0000   0.4471
   1.000   0.6195   0.01123   0.00565  -0.1117  0.7272  1.0000  -0.8913   0.0000   0.0000   0.0000   0.4277
   1.500   0.6749   0.01134   0.00568  -0.1122  0.7120  1.0000  -0.9476   0.0000   0.0000   0.0000   0.4131
   2.000   0.7329   0.01141   0.00561  -0.1127  0.6970  1.0000  -1.0083   0.0000   0.0000   0.0000   0.4001
   2.500   0.7910   0.01145   0.00551  -0.1131  0.6818  1.0000  -1.0735   0.0000   0.0000   0.0000   0.3887
   3.000   0.8459   0.01157   0.00561  -0.1130  0.6637  1.0000  -1.1405   0.0000   0.0000   0.0000   0.3787
   3.500   0.9012   0.01168   0.00565  -0.1128  0.6448  1.0000  -1.2131   0.0000   0.0000   0.0000   0.3697
   4.000   0.9564   0.01184   0.00574  -0.1126  0.6256  1.0000  -1.2941   0.0000   0.0000   0.0000   0.3617
   4.500   1.0103   0.01204   0.00588  -0.1121  0.6036  1.0000  -1.3842   0.0000   0.0000   0.0000   0.3544
   5.000   1.0627   0.01232   0.00612  -0.1115  0.5792  1.0000  -1.4879   0.0000   0.0000   0.0000   0.3476
   5.500   1.1138   0.01268   0.00645  -0.1106  0.5525  1.0000  -1.6043   0.0000   0.0000   0.0000   0.3414
   6.000   1.1633   0.01313   0.00687  -0.1095  0.5232  1.0000  -1.7372   0.0000   0.0000   0.0000   0.3356
   6.500   1.2113   0.01371   0.00737  -0.1082  0.4932  1.0000  -1.8953   0.0000   0.0000   0.0000   0.3302
   7.000   1.2564   0.01440   0.00799  -0.1065  0.4595  1.0000  -2.0758   0.0000   0.0000   0.0000   0.3249
   7.500   1.2999   0.01517   0.00874  -0.1047  0.4270  1.0000  -2.3012   0.0000   0.0000   0.0000   0.3199
   8.000   1.3394   0.01613   0.00962  -0.1023  0.3925  1.0000  -2.5902   0.0000   0.0000   0.0000   0.3150
   8.500   1.3755   0.01716   0.01063  -0.0994  0.3560  1.0000  -2.8900   0.0000   0.0000   0.0000   0.3102
   9.000   1.4068   0.01840   0.01179  -0.0959  0.3235  1.0000  -3.1836   0.0000   0.0000   0.0000   0.3053
   9.500   1.4317   0.01984   0.01319  -0.0916  0.2905  1.0000  -3.4638   0.0000   0.0000   0.0000   0.3004
  10.000   1.4511   0.02165   0.01493  -0.0871  0.2546  1.0000  -3.7310   0.0000   0.0000   0.0000   0.2956
  10.500   1.4670   0.02392   0.01718  -0.0828  0.2225  1.0000  -3.9887   0.0000   0.0000   0.0000   0.2912
  11.000   1.4826   0.02648   0.01973  -0.0791  0.1902  1.0000  -4.2535   0.0000   0.0000   0.0000   0.2872
  11.500   1.4903   0.02984   0.02298  -0.0752  0.1589  1.0000  -4.4933   0.0000   0.0000   0.0000   0.2834
  12.000   1.4961   0.03363   0.02673  -0.0718  0.1313  1.0000  -4.7242   0.0000   0.0000   0.0000   0.2800
  12.500   1.4998   0.03781   0.03092  -0.0687  0.1077  1.0000  -4.9451   0.0000   0.0000   0.0000   0.2768
  13.000   1.4982   0.04273   0.03583  -0.0659  0.0886  1.0000  -5.1389   0.0000   0.0000   0.0000   0.2740
  13.500   1.4924   0.04832   0.04143  -0.0634  0.0736  1.0000  -5.3083   0.0000   0.0000   0.0000   0.2715
  14.000   1.4941   0.05352   0.04687  -0.0618  0.0626  1.0000  -5.5103   0.0000   0.0000   0.0000   0.2694
  14.500   1.4758   0.06117   0.05455  -0.0602  0.0531  1.0000  -5.6005   0.0000   0.0000   0.0000   0.2677
  15.000   1.4778   0.06701   0.06067  -0.0597  0.0476  1.0000  -5.7955   0.0000   0.0000   0.0000   0.2662


