xflr5 v6.59

 Calculated polar for: revR_20_revT

 1 1 Reynolds number fixed          Mach number fixed         

 xtrf =   1.000 (top)        1.000 (bottom)
 Mach =   0.000     Re =     0.180 e 6     Ncrit =   9.000

  alpha     CL        CD       CDp       Cm    Top Xtr Bot Xtr   Cpmin    Chinge    XCp    
 ------- -------- --------- --------- -------- ------- ------- -------- --------- ---------
  -5.000  -0.2338   0.01848   0.01091  -0.0770  0.9263  0.0757  -2.5431   0.0000   0.0000   0.0000  -0.0903
  -4.500  -0.1577   0.01626   0.00863  -0.0811  0.9204  0.1036  -2.1881   0.0000   0.0000   0.0000  -0.2782
  -4.000  -0.1079   0.01510   0.00774  -0.0804  0.9052  0.1614  -1.8808   0.0000   0.0000   0.0000  -0.5120
  -3.500  -0.0389   0.01380   0.00692  -0.0832  0.8964  0.2827  -1.5155   0.0000   0.0000   0.0000  -1.9268
  -3.000   0.0068   0.01304   0.00664  -0.0814  0.8802  0.4150  -1.2577   0.0000   0.0000   0.0000  12.4320
  -2.500   0.0601   0.01227   0.00654  -0.0803  0.8684  0.5977  -1.0456   0.0000   0.0000   0.0000   1.6033
  -2.000   0.1080   0.01207   0.00660  -0.0774  0.8531  0.7179  -0.8509   0.0000   0.0000   0.0000   0.9736
  -1.500   0.1548   0.01210   0.00670  -0.0741  0.8375  0.7947  -0.6666   0.0000   0.0000   0.0000   0.7322
  -1.000   0.2056   0.01204   0.00659  -0.0712  0.8250  0.8510  -0.5359   0.0000   0.0000   0.0000   0.5977
  -0.500   0.2496   0.01204   0.00658  -0.0674  0.8075  0.8989  -0.5742   0.0000   0.0000   0.0000   0.5199
   0.000   0.3145   0.01200   0.00644  -0.0678  0.7921  0.9409  -0.6246   0.0000   0.0000   0.0000   0.4645
   0.500   0.4112   0.01187   0.00611  -0.0749  0.7776  0.9673  -0.7003   0.0000   0.0000   0.0000   0.4306
   1.000   0.5121   0.01172   0.00586  -0.0839  0.7583  0.9886  -0.7823   0.0000   0.0000   0.0000   0.4117
   1.500   0.5815   0.01153   0.00558  -0.0872  0.7374  1.0000  -0.8510   0.0000   0.0000   0.0000   0.3972
   2.000   0.6129   0.01153   0.00550  -0.0828  0.7161  1.0000  -0.8992   0.0000   0.0000   0.0000   0.3820
   2.500   0.6483   0.01157   0.00544  -0.0789  0.6935  1.0000  -0.9546   0.0000   0.0000   0.0000   0.3681
   3.000   0.6904   0.01168   0.00546  -0.0761  0.6702  1.0000  -1.0220   0.0000   0.0000   0.0000   0.3561
   3.500   0.7370   0.01181   0.00552  -0.0741  0.6445  1.0000  -1.0999   0.0000   0.0000   0.0000   0.3459
   4.000   0.7855   0.01198   0.00561  -0.0724  0.6168  1.0000  -1.2035   0.0000   0.0000   0.0000   0.3370
   4.500   0.8350   0.01224   0.00575  -0.0708  0.5875  1.0000  -1.3188   0.0000   0.0000   0.0000   0.3292
   5.000   0.8819   0.01259   0.00608  -0.0690  0.5538  1.0000  -1.4680   0.0000   0.0000   0.0000   0.3221
   5.500   0.9289   0.01303   0.00644  -0.0671  0.5190  1.0000  -1.7209   0.0000   0.0000   0.0000   0.3156
   6.000   0.9734   0.01355   0.00690  -0.0649  0.4797  1.0000  -2.0301   0.0000   0.0000   0.0000   0.3095
   6.500   1.0172   0.01423   0.00743  -0.0627  0.4430  1.0000  -2.3516   0.0000   0.0000   0.0000   0.3038
   7.000   1.0572   0.01492   0.00808  -0.0599  0.4004  1.0000  -2.6737   0.0000   0.0000   0.0000   0.2983
   7.500   1.0950   0.01574   0.00889  -0.0569  0.3580  1.0000  -2.9992   0.0000   0.0000   0.0000   0.2929
   8.000   1.1292   0.01670   0.00978  -0.0534  0.3155  1.0000  -3.3221   0.0000   0.0000   0.0000   0.2876
   8.500   1.1580   0.01783   0.01081  -0.0491  0.2708  1.0000  -3.6372   0.0000   0.0000   0.0000   0.2821
   9.000   1.1788   0.01917   0.01201  -0.0438  0.2245  1.0000  -3.9373   0.0000   0.0000   0.0000   0.2761
   9.500   1.1901   0.02082   0.01353  -0.0372  0.1783  1.0000  -4.2007   0.0000   0.0000   0.0000   0.2696
  10.000   1.1970   0.02301   0.01551  -0.0309  0.1365  1.0000  -4.4414   0.0000   0.0000   0.0000   0.2634
  10.500   1.2049   0.02549   0.01785  -0.0257  0.1020  1.0000  -4.6832   0.0000   0.0000   0.0000   0.2582
  11.000   1.2105   0.02843   0.02072  -0.0211  0.0787  1.0000  -4.9064   0.0000   0.0000   0.0000   0.2535
  11.500   1.2176   0.03163   0.02404  -0.0172  0.0634  1.0000  -5.1138   0.0000   0.0000   0.0000   0.2494
  12.000   1.2152   0.03595   0.02843  -0.0134  0.0518  1.0000  -5.2438   0.0000   0.0000   0.0000   0.2454
  12.500   1.2185   0.04014   0.03276  -0.0108  0.0429  1.0000  -5.3873   0.0000   0.0000   0.0000   0.2424
  13.000   1.2161   0.04578   0.03854  -0.0081  0.0368  1.0000  -5.4270   0.0000   0.0000   0.0000   0.2393
  13.500   1.2260   0.05033   0.04345  -0.0066  0.0339  1.0000  -5.5564   0.0000   0.0000   0.0000   0.2371
  14.000   1.2335   0.05551   0.04893  -0.0055  0.0318  1.0000  -5.6713   0.0000   0.0000   0.0000   0.2353
  14.500   1.2357   0.06153   0.05527  -0.0051  0.0305  1.0000  -5.7616   0.0000   0.0000   0.0000   0.2341
  15.000   1.2311   0.06869   0.06279  -0.0056  0.0297  1.0000  -5.8117   0.0000   0.0000   0.0000   0.2336


