xflr5 v6.59

 Calculated polar for: revR_60_revT

 1 1 Reynolds number fixed          Mach number fixed         

 xtrf =   1.000 (top)        1.000 (bottom)
 Mach =   0.000     Re =     0.075 e 6     Ncrit =   9.000

  alpha     CL        CD       CDp       Cm    Top Xtr Bot Xtr   Cpmin    Chinge    XCp    
 ------- -------- --------- --------- -------- ------- ------- -------- --------- ---------
  -5.000  -0.3361   0.04468   0.03758  -0.0769  0.9702  0.1080  -2.5618   0.0000   0.0000   0.0000   0.0120
  -4.500  -0.2687   0.03810   0.03007  -0.0827  0.9607  0.1104  -2.4465   0.0000   0.0000   0.0000  -0.0686
  -4.000  -0.1862   0.03514   0.02638  -0.0892  0.9496  0.1269  -2.1911   0.0000   0.0000   0.0000  -0.2435
  -3.500  -0.1158   0.03240   0.02321  -0.0931  0.9380  0.1491  -1.9614   0.0000   0.0000   0.0000  -0.5745
  -3.000  -0.0361   0.03076   0.02160  -0.0984  0.9260  0.2067  -1.6917   0.0000   0.0000   0.0000  -2.5315
  -2.500   0.0261   0.02990   0.02119  -0.1007  0.9126  0.3086  -1.4823   0.0000   0.0000   0.0000   4.1722
  -2.000   0.1047   0.02919   0.02130  -0.1052  0.9001  0.5010  -1.2227   0.0000   0.0000   0.0000   1.2694
  -1.500   0.1403   0.02936   0.02229  -0.1007  0.8840  0.6968  -1.0502   0.0000   0.0000   0.0000   0.9760
  -1.000   0.1665   0.02956   0.02280  -0.0917  0.8693  0.8843  -0.8966   0.0000   0.0000   0.0000   0.8065
  -0.500   0.2413   0.02997   0.02274  -0.0966  0.8517  1.0000  -0.6691   0.0000   0.0000   0.0000   0.6527
   0.000   0.2964   0.03116   0.02352  -0.0988  0.8326  1.0000  -0.6155   0.0000   0.0000   0.0000   0.5839
   0.500   0.3580   0.03235   0.02437  -0.1012  0.8150  1.0000  -0.6611   0.0000   0.0000   0.0000   0.5320
   1.000   0.4434   0.03285   0.02458  -0.1060  0.8013  1.0000  -0.7257   0.0000   0.0000   0.0000   0.4873
   1.500   0.4898   0.03408   0.02564  -0.1056  0.7800  1.0000  -0.7668   0.0000   0.0000   0.0000   0.4632
   2.000   0.5381   0.03536   0.02680  -0.1054  0.7591  1.0000  -0.8133   0.0000   0.0000   0.0000   0.4427
   3.000   0.6817   0.03569   0.02697  -0.1088  0.7285  1.0000  -0.9556   0.0000   0.0000   0.0000   0.4051
   3.500   0.7271   0.03663   0.02791  -0.1074  0.7062  1.0000  -1.0114   0.0000   0.0000   0.0000   0.3927
   4.000   0.7717   0.03771   0.02902  -0.1059  0.6841  1.0000  -1.0691   0.0000   0.0000   0.0000   0.3817
   5.000   0.9221   0.03514   0.02657  -0.1064  0.6556  1.0000  -1.2792   0.0000   0.0000   0.0000   0.3586
   5.500   0.9714   0.03529   0.02685  -0.1046  0.6333  1.0000  -1.3718   0.0000   0.0000   0.0000   0.3503
   6.000   1.0240   0.03512   0.02682  -0.1029  0.6112  1.0000  -1.4868   0.0000   0.0000   0.0000   0.3424
   6.500   1.0821   0.03444   0.02629  -0.1014  0.5891  1.0000  -1.6196   0.0000   0.0000   0.0000   0.3350
   7.000   1.1473   0.03317   0.02518  -0.1003  0.5664  1.0000  -1.8020   0.0000   0.0000   0.0000   0.3281
   7.500   1.2168   0.03163   0.02376  -0.0997  0.5412  1.0000  -2.0231   0.0000   0.0000   0.0000   0.3219
   8.000   1.2899   0.03016   0.02226  -0.0997  0.5127  1.0000  -2.3235   0.0000   0.0000   0.0000   0.3164
   8.500   1.3278   0.03092   0.02322  -0.0964  0.4780  1.0000  -2.6028   0.0000   0.0000   0.0000   0.3110
   9.000   1.3835   0.03070   0.02289  -0.0948  0.4415  1.0000  -2.9592   0.0000   0.0000   0.0000   0.3061
   9.500   1.4143   0.03200   0.02431  -0.0908  0.4044  1.0000  -3.2447   0.0000   0.0000   0.0000   0.3010
  10.000   1.4519   0.03287   0.02501  -0.0874  0.3645  1.0000  -3.5697   0.0000   0.0000   0.0000   0.2961
  10.500   1.4666   0.03466   0.02695  -0.0817  0.3259  1.0000  -3.8123   0.0000   0.0000   0.0000   0.2908
  11.000   1.4788   0.03683   0.02905  -0.0759  0.2892  1.0000  -4.0462   0.0000   0.0000   0.0000   0.2855
  11.500   1.4806   0.03959   0.03179  -0.0697  0.2544  1.0000  -4.2416   0.0000   0.0000   0.0000   0.2804
  12.000   1.4809   0.04296   0.03503  -0.0642  0.2211  1.0000  -4.4335   0.0000   0.0000   0.0000   0.2757
  12.500   1.4725   0.04728   0.03945  -0.0590  0.1925  1.0000  -4.5763   0.0000   0.0000   0.0000   0.2716
  13.000   1.4655   0.05204   0.04425  -0.0549  0.1668  1.0000  -4.7183   0.0000   0.0000   0.0000   0.2680
  13.500   1.4633   0.05734   0.04964  -0.0515  0.1449  1.0000  -4.8587   0.0000   0.0000   0.0000   0.2647
  14.000   1.4586   0.06316   0.05556  -0.0486  0.1267  1.0000  -4.9809   0.0000   0.0000   0.0000   0.2619
  14.500   1.4619   0.06898   0.06144  -0.0463  0.1103  1.0000  -5.1363   0.0000   0.0000   0.0000   0.2593
  15.000   1.4352   0.07750   0.07058  -0.0448  0.1029  1.0000  -5.1256   0.0000   0.0000   0.0000   0.2579


