xflr5 v6.59

 Calculated polar for: revR_20_revT

 1 1 Reynolds number fixed          Mach number fixed         

 xtrf =   1.000 (top)        1.000 (bottom)
 Mach =   0.000     Re =     0.235 e 6     Ncrit =   9.000

  alpha     CL        CD       CDp       Cm    Top Xtr Bot Xtr   Cpmin    Chinge    XCp    
 ------- -------- --------- --------- -------- ------- ------- -------- --------- ---------
  -5.000  -0.1844   0.01489   0.00778  -0.0845  0.9148  0.0725  -2.4446   0.0000   0.0000   0.0000  -0.2215
  -4.500  -0.1298   0.01368   0.00650  -0.0843  0.9014  0.0990  -2.1257   0.0000   0.0000   0.0000  -0.4157
  -4.000  -0.0783   0.01265   0.00571  -0.0836  0.8872  0.1608  -1.8041   0.0000   0.0000   0.0000  -0.8402
  -3.500  -0.0246   0.01182   0.00521  -0.0833  0.8740  0.2608  -1.4792   0.0000   0.0000   0.0000  -3.2004
  -3.000   0.0236   0.01115   0.00493  -0.0820  0.8588  0.3783  -1.2269   0.0000   0.0000   0.0000   3.7731
  -2.000   0.1211   0.01010   0.00479  -0.0781  0.8300  0.6742  -0.8292   0.0000   0.0000   0.0000   0.9010
  -1.500   0.1705   0.01007   0.00487  -0.0758  0.8160  0.7544  -0.6414   0.0000   0.0000   0.0000   0.6976
  -1.000   0.2206   0.01004   0.00485  -0.0734  0.8021  0.8125  -0.5466   0.0000   0.0000   0.0000   0.5836
  -0.500   0.2672   0.01004   0.00485  -0.0704  0.7853  0.8577  -0.5865   0.0000   0.0000   0.0000   0.5134
   0.000   0.3149   0.01001   0.00478  -0.0676  0.7696  0.8994  -0.6276   0.0000   0.0000   0.0000   0.4635
   0.500   0.3732   0.00995   0.00463  -0.0669  0.7542  0.9373  -0.6805   0.0000   0.0000   0.0000   0.4275
   1.000   0.4506   0.00992   0.00453  -0.0707  0.7352  0.9667  -0.7470   0.0000   0.0000   0.0000   0.4047
   1.500   0.5441   0.00990   0.00440  -0.0783  0.7154  0.9846  -0.8291   0.0000   0.0000   0.0000   0.3911
   2.000   0.6258   0.00981   0.00423  -0.0839  0.6928  1.0000  -0.9123   0.0000   0.0000   0.0000   0.3807
   2.500   0.6573   0.00985   0.00419  -0.0795  0.6704  1.0000  -0.9653   0.0000   0.0000   0.0000   0.3672
   3.000   0.6953   0.00997   0.00422  -0.0761  0.6464  1.0000  -1.0299   0.0000   0.0000   0.0000   0.3553
   3.500   0.7401   0.01015   0.00430  -0.0739  0.6198  1.0000  -1.1072   0.0000   0.0000   0.0000   0.3451
   4.000   0.7878   0.01041   0.00445  -0.0721  0.5911  1.0000  -1.2103   0.0000   0.0000   0.0000   0.3364
   4.500   0.8358   0.01074   0.00468  -0.0705  0.5600  1.0000  -1.3248   0.0000   0.0000   0.0000   0.3287
   5.000   0.8830   0.01113   0.00501  -0.0688  0.5258  1.0000  -1.4757   0.0000   0.0000   0.0000   0.3217
   5.500   0.9290   0.01164   0.00540  -0.0669  0.4895  1.0000  -1.7413   0.0000   0.0000   0.0000   0.3153
   6.000   0.9740   0.01218   0.00588  -0.0649  0.4518  1.0000  -2.0542   0.0000   0.0000   0.0000   0.3094
   6.500   1.0173   0.01282   0.00644  -0.0627  0.4136  1.0000  -2.3763   0.0000   0.0000   0.0000   0.3038
   7.000   1.0571   0.01360   0.00707  -0.0600  0.3713  1.0000  -2.7005   0.0000   0.0000   0.0000   0.2983
   7.500   1.0960   0.01440   0.00785  -0.0572  0.3301  1.0000  -3.0326   0.0000   0.0000   0.0000   0.2931
   8.000   1.1299   0.01538   0.00870  -0.0537  0.2835  1.0000  -3.3624   0.0000   0.0000   0.0000   0.2878
   8.500   1.1579   0.01657   0.00970  -0.0494  0.2342  1.0000  -3.6899   0.0000   0.0000   0.0000   0.2823
   9.000   1.1781   0.01793   0.01086  -0.0439  0.1869  1.0000  -3.9922   0.0000   0.0000   0.0000   0.2763
   9.500   1.1941   0.01952   0.01232  -0.0382  0.1440  1.0000  -4.2800   0.0000   0.0000   0.0000   0.2702
  10.000   1.2078   0.02143   0.01408  -0.0327  0.1075  1.0000  -4.5579   0.0000   0.0000   0.0000   0.2647
  10.500   1.2195   0.02365   0.01621  -0.0277  0.0815  1.0000  -4.8234   0.0000   0.0000   0.0000   0.2595
  11.000   1.2309   0.02612   0.01871  -0.0232  0.0639  1.0000  -5.0775   0.0000   0.0000   0.0000   0.2549
  11.500   1.2366   0.02924   0.02190  -0.0189  0.0503  1.0000  -5.2839   0.0000   0.0000   0.0000   0.2506
  12.000   1.2286   0.03378   0.02649  -0.0146  0.0384  1.0000  -5.3828   0.0000   0.0000   0.0000   0.2463
  12.500   1.2355   0.03756   0.03048  -0.0119  0.0326  1.0000  -5.5360   0.0000   0.0000   0.0000   0.2432
  13.000   1.2364   0.04215   0.03527  -0.0098  0.0289  1.0000  -5.6718   0.0000   0.0000   0.0000   0.2405
  13.500   1.2304   0.04793   0.04122  -0.0079  0.0263  1.0000  -5.7350   0.0000   0.0000   0.0000   0.2381
  14.000   1.2303   0.05409   0.04769  -0.0062  0.0248  1.0000  -5.7738   0.0000   0.0000   0.0000   0.2359
  14.500   1.2351   0.05960   0.05351  -0.0058  0.0243  1.0000  -5.8995   0.0000   0.0000   0.0000   0.2346
  15.000   1.2341   0.06623   0.06050  -0.0062  0.0240  1.0000  -5.9803   0.0000   0.0000   0.0000   0.2340


