xflr5 v6.59

 Calculated polar for: revR_65_revT

 1 1 Reynolds number fixed          Mach number fixed         

 xtrf =   1.000 (top)        1.000 (bottom)
 Mach =   0.000     Re =     0.345 e 6     Ncrit =   9.000

  alpha     CL        CD       CDp       Cm    Top Xtr Bot Xtr   Cpmin    Chinge    XCp    
 ------- -------- --------- --------- -------- ------- ------- -------- --------- ---------
  -5.000  -0.0030   0.01354   0.00680  -0.1231  0.8206  0.0530  -2.3414   0.0000   0.0000   0.0000  -42.3747
  -4.500   0.0513   0.01245   0.00562  -0.1230  0.8114  0.0667  -2.0360   0.0000   0.0000   0.0000   2.6988
  -4.000   0.1073   0.01180   0.00496  -0.1231  0.8024  0.0949  -1.7719   0.0000   0.0000   0.0000   1.4187
  -3.500   0.1625   0.01126   0.00455  -0.1232  0.7928  0.1449  -1.5266   0.0000   0.0000   0.0000   1.0200
  -3.000   0.2184   0.01078   0.00426  -0.1234  0.7834  0.2145  -1.2794   0.0000   0.0000   0.0000   0.8224
  -2.500   0.2750   0.01044   0.00408  -0.1237  0.7743  0.2973  -1.0506   0.0000   0.0000   0.0000   0.7043
  -2.000   0.3302   0.01002   0.00395  -0.1237  0.7640  0.3884  -0.8344   0.0000   0.0000   0.0000   0.6275
  -1.500   0.3861   0.00958   0.00382  -0.1237  0.7537  0.5153  -0.6994   0.0000   0.0000   0.0000   0.5718
  -1.000   0.4402   0.00932   0.00393  -0.1233  0.7439  0.6367  -0.7392   0.0000   0.0000   0.0000   0.5303
  -0.500   0.4939   0.00916   0.00395  -0.1223  0.7328  0.7313  -0.7820   0.0000   0.0000   0.0000   0.4970
   0.000   0.5466   0.00915   0.00401  -0.1211  0.7214  0.7988  -0.8245   0.0000   0.0000   0.0000   0.4702
   0.500   0.5979   0.00908   0.00399  -0.1196  0.7092  0.8469  -0.8727   0.0000   0.0000   0.0000   0.4480
   1.000   0.6452   0.00904   0.00399  -0.1171  0.6971  0.8983  -0.9193   0.0000   0.0000   0.0000   0.4288
   1.500   0.6960   0.00885   0.00382  -0.1154  0.6831  0.9588  -0.9722   0.0000   0.0000   0.0000   0.4124
   2.000   0.7617   0.00888   0.00378  -0.1176  0.6678  1.0000  -1.0394   0.0000   0.0000   0.0000   0.4005
   2.500   0.8201   0.00904   0.00377  -0.1183  0.6528  1.0000  -1.1026   0.0000   0.0000   0.0000   0.3898
   3.000   0.8760   0.00915   0.00383  -0.1184  0.6337  1.0000  -1.1695   0.0000   0.0000   0.0000   0.3801
   3.500   0.9314   0.00935   0.00399  -0.1185  0.6149  1.0000  -1.2440   0.0000   0.0000   0.0000   0.3715
   4.000   0.9861   0.00959   0.00417  -0.1183  0.5945  1.0000  -1.3212   0.0000   0.0000   0.0000   0.3638
   4.500   1.0394   0.00989   0.00440  -0.1179  0.5706  1.0000  -1.4115   0.0000   0.0000   0.0000   0.3566
   5.000   1.0918   0.01026   0.00470  -0.1174  0.5461  1.0000  -1.5077   0.0000   0.0000   0.0000   0.3501
   5.500   1.1425   0.01070   0.00507  -0.1167  0.5183  1.0000  -1.6270   0.0000   0.0000   0.0000   0.3440
   6.000   1.1917   0.01124   0.00552  -0.1157  0.4894  1.0000  -1.7468   0.0000   0.0000   0.0000   0.3383
   6.500   1.2391   0.01188   0.00606  -0.1144  0.4586  1.0000  -1.9043   0.0000   0.0000   0.0000   0.3329
   7.000   1.2851   0.01255   0.00669  -0.1130  0.4257  1.0000  -2.0662   0.0000   0.0000   0.0000   0.3278
   7.500   1.3291   0.01333   0.00741  -0.1113  0.3952  1.0000  -2.2768   0.0000   0.0000   0.0000   0.3229
   8.000   1.3683   0.01431   0.00828  -0.1089  0.3590  1.0000  -2.5276   0.0000   0.0000   0.0000   0.3180
   8.500   1.4060   0.01531   0.00922  -0.1064  0.3261  1.0000  -2.8277   0.0000   0.0000   0.0000   0.3133
   9.000   1.4365   0.01652   0.01034  -0.1027  0.2949  1.0000  -3.1144   0.0000   0.0000   0.0000   0.3084
   9.500   1.4633   0.01796   0.01169  -0.0988  0.2603  1.0000  -3.4076   0.0000   0.0000   0.0000   0.3036
  10.000   1.4873   0.01968   0.01337  -0.0950  0.2286  1.0000  -3.6982   0.0000   0.0000   0.0000   0.2991
  10.500   1.5056   0.02190   0.01548  -0.0910  0.1977  1.0000  -3.9736   0.0000   0.0000   0.0000   0.2948
  11.000   1.5247   0.02427   0.01781  -0.0875  0.1671  1.0000  -4.2574   0.0000   0.0000   0.0000   0.2909
  11.500   1.5382   0.02722   0.02067  -0.0839  0.1380  1.0000  -4.5322   0.0000   0.0000   0.0000   0.2872
  12.000   1.5469   0.03070   0.02405  -0.0804  0.1121  1.0000  -4.7900   0.0000   0.0000   0.0000   0.2837
  12.500   1.5547   0.03445   0.02781  -0.0773  0.0915  1.0000  -5.0455   0.0000   0.0000   0.0000   0.2804
  13.000   1.5611   0.03847   0.03187  -0.0745  0.0759  1.0000  -5.2957   0.0000   0.0000   0.0000   0.2774
  13.500   1.5648   0.04295   0.03644  -0.0719  0.0634  1.0000  -5.5308   0.0000   0.0000   0.0000   0.2747
  14.000   1.5578   0.04878   0.04229  -0.0695  0.0517  1.0000  -5.7083   0.0000   0.0000   0.0000   0.2723
  14.500   1.5612   0.05388   0.04759  -0.0680  0.0452  1.0000  -5.9374   0.0000   0.0000   0.0000   0.2702
  15.000   1.5489   0.06105   0.05483  -0.0668  0.0384  1.0000  -6.0838   0.0000   0.0000   0.0000   0.2687


