xflr5 v6.59

 Calculated polar for: revR_85_revT

 1 1 Reynolds number fixed          Mach number fixed         

 xtrf =   1.000 (top)        1.000 (bottom)
 Mach =   0.000     Re =     0.465 e 6     Ncrit =   9.000

  alpha     CL        CD       CDp       Cm    Top Xtr Bot Xtr   Cpmin    Chinge    XCp    
 ------- -------- --------- --------- -------- ------- ------- -------- --------- ---------
  -5.000   0.0792   0.01206   0.00559  -0.1405  0.7828  0.0449  -2.3499   0.0000   0.0000   0.0000   2.0680
  -4.500   0.1359   0.01138   0.00479  -0.1408  0.7750  0.0540  -2.0740   0.0000   0.0000   0.0000   1.3082
  -4.000   0.1931   0.01085   0.00423  -0.1412  0.7669  0.0758  -1.8112   0.0000   0.0000   0.0000   0.9950
  -3.500   0.2497   0.01035   0.00384  -0.1416  0.7594  0.1090  -1.5526   0.0000   0.0000   0.0000   0.8259
  -3.000   0.3069   0.00994   0.00355  -0.1419  0.7512  0.1603  -1.3061   0.0000   0.0000   0.0000   0.7186
  -2.500   0.3646   0.00967   0.00343  -0.1426  0.7428  0.2317  -1.0684   0.0000   0.0000   0.0000   0.6449
  -2.000   0.4211   0.00933   0.00329  -0.1428  0.7347  0.2984  -0.8527   0.0000   0.0000   0.0000   0.5915
  -1.500   0.4783   0.00902   0.00316  -0.1432  0.7255  0.3796  -0.7885   0.0000   0.0000   0.0000   0.5504
  -1.000   0.5359   0.00884   0.00318  -0.1437  0.7166  0.4822  -0.8301   0.0000   0.0000   0.0000   0.5181
  -0.500   0.5918   0.00853   0.00321  -0.1437  0.7074  0.5914  -0.8742   0.0000   0.0000   0.0000   0.4920
   0.000   0.6471   0.00834   0.00325  -0.1433  0.6970  0.7023  -0.9198   0.0000   0.0000   0.0000   0.4699
   0.500   0.7014   0.00832   0.00337  -0.1427  0.6865  0.7752  -0.9654   0.0000   0.0000   0.0000   0.4512
   1.000   0.7542   0.00826   0.00340  -0.1417  0.6753  0.8306  -1.0170   0.0000   0.0000   0.0000   0.4350
   1.500   0.8044   0.00825   0.00343  -0.1401  0.6630  0.8819  -1.0675   0.0000   0.0000   0.0000   0.4206
   2.000   0.8513   0.00809   0.00335  -0.1377  0.6491  0.9528  -1.1213   0.0000   0.0000   0.0000   0.4075
   2.500   0.9130   0.00820   0.00339  -0.1391  0.6357  1.0000  -1.1889   0.0000   0.0000   0.0000   0.3975
   3.000   0.9696   0.00839   0.00344  -0.1394  0.6179  1.0000  -1.2540   0.0000   0.0000   0.0000   0.3883
   3.500   1.0256   0.00858   0.00361  -0.1397  0.6007  1.0000  -1.3229   0.0000   0.0000   0.0000   0.3800
   4.000   1.0805   0.00886   0.00382  -0.1397  0.5830  1.0000  -1.4004   0.0000   0.0000   0.0000   0.3725
   4.500   1.1338   0.00919   0.00407  -0.1394  0.5617  1.0000  -1.4785   0.0000   0.0000   0.0000   0.3655
   5.000   1.1858   0.00958   0.00437  -0.1389  0.5387  1.0000  -1.5702   0.0000   0.0000   0.0000   0.3590
   5.500   1.2366   0.01003   0.00476  -0.1382  0.5152  1.0000  -1.6649   0.0000   0.0000   0.0000   0.3530
   6.000   1.2857   0.01055   0.00520  -0.1372  0.4882  1.0000  -1.7831   0.0000   0.0000   0.0000   0.3473
   6.500   1.3336   0.01112   0.00572  -0.1361  0.4623  1.0000  -1.9028   0.0000   0.0000   0.0000   0.3419
   7.000   1.3785   0.01181   0.00632  -0.1345  0.4309  1.0000  -2.0431   0.0000   0.0000   0.0000   0.3367
   7.500   1.4214   0.01257   0.00702  -0.1327  0.4025  1.0000  -2.1931   0.0000   0.0000   0.0000   0.3316
   8.000   1.4608   0.01345   0.00782  -0.1303  0.3743  1.0000  -2.3522   0.0000   0.0000   0.0000   0.3267
   9.000   1.5223   0.01574   0.00994  -0.1229  0.3148  1.0000  -2.8173   0.0000   0.0000   0.0000   0.3167
   9.500   1.5504   0.01711   0.01127  -0.1193  0.2879  1.0000  -3.0975   0.0000   0.0000   0.0000   0.3120
  10.000   1.5751   0.01881   0.01291  -0.1156  0.2592  1.0000  -3.3749   0.0000   0.0000   0.0000   0.3076
  10.500   1.5949   0.02095   0.01497  -0.1117  0.2285  1.0000  -3.6510   0.0000   0.0000   0.0000   0.3033
  11.000   1.6108   0.02351   0.01742  -0.1078  0.1996  1.0000  -3.9188   0.0000   0.0000   0.0000   0.2993
  11.500   1.6249   0.02638   0.02020  -0.1041  0.1715  1.0000  -4.1849   0.0000   0.0000   0.0000   0.2955
  12.000   1.6378   0.02945   0.02323  -0.1006  0.1476  1.0000  -4.4512   0.0000   0.0000   0.0000   0.2919
  12.500   1.6473   0.03293   0.02669  -0.0972  0.1256  1.0000  -4.7078   0.0000   0.0000   0.0000   0.2885
  13.000   1.6528   0.03686   0.03059  -0.0939  0.1061  1.0000  -4.9502   0.0000   0.0000   0.0000   0.2853
  13.500   1.6602   0.04085   0.03461  -0.0911  0.0916  1.0000  -5.2040   0.0000   0.0000   0.0000   0.2823
  14.000   1.6658   0.04517   0.03899  -0.0886  0.0788  1.0000  -5.4518   0.0000   0.0000   0.0000   0.2795
  14.500   1.6656   0.05035   0.04421  -0.0863  0.0668  1.0000  -5.6726   0.0000   0.0000   0.0000   0.2770
  15.000   1.6671   0.05557   0.04950  -0.0845  0.0577  1.0000  -5.9033   0.0000   0.0000   0.0000   0.2748


