xflr5 v6.59

 Calculated polar for: revR_30_revT

 1 1 Reynolds number fixed          Mach number fixed         

 xtrf =   1.000 (top)        1.000 (bottom)
 Mach =   0.000     Re =     0.095 e 6     Ncrit =   9.000

  alpha     CL        CD       CDp       Cm    Top Xtr Bot Xtr   Cpmin    Chinge    XCp    
 ------- -------- --------- --------- -------- ------- ------- -------- --------- ---------
  -5.000  -0.3613   0.03039   0.02240  -0.0624  0.9755  0.0943  -2.7191   0.0000   0.0000   0.0000   0.0696
  -4.500  -0.2755   0.02656   0.01795  -0.0690  0.9674  0.1094  -2.4509   0.0000   0.0000   0.0000  -0.0095
  -4.000  -0.2114   0.02453   0.01574  -0.0713  0.9546  0.1365  -2.1700   0.0000   0.0000   0.0000  -0.0976
  -3.500  -0.1250   0.02274   0.01417  -0.0778  0.9448  0.2095  -1.8208   0.0000   0.0000   0.0000  -0.3872
  -3.000  -0.0644   0.02133   0.01342  -0.0797  0.9296  0.3427  -1.5300   0.0000   0.0000   0.0000  -1.0138
  -2.500   0.0093   0.02036   0.01357  -0.0830  0.9185  0.5852  -1.2305   0.0000   0.0000   0.0000   9.3184
  -2.000   0.0532   0.02052   0.01417  -0.0787  0.9014  0.7565  -1.0373   0.0000   0.0000   0.0000   1.7503
  -1.500   0.0853   0.02089   0.01460  -0.0716  0.8839  0.8686  -0.8718   0.0000   0.0000   0.0000   1.0998
  -1.000   0.1969   0.02065   0.01410  -0.0793  0.8750  0.9750  -0.5827   0.0000   0.0000   0.0000   0.6552
  -0.500   0.2730   0.02076   0.01392  -0.0850  0.8565  1.0000  -0.5790   0.0000   0.0000   0.0000   0.5621
   0.000   0.3239   0.02107   0.01399  -0.0853  0.8372  1.0000  -0.6191   0.0000   0.0000   0.0000   0.5128
   0.500   0.4045   0.02078   0.01347  -0.0890  0.8251  1.0000  -0.6829   0.0000   0.0000   0.0000   0.4686
   1.000   0.4556   0.02104   0.01358  -0.0883  0.8040  1.0000  -0.7314   0.0000   0.0000   0.0000   0.4418
   1.500   0.5083   0.02136   0.01379  -0.0877  0.7834  1.0000  -0.7854   0.0000   0.0000   0.0000   0.4200
   2.000   0.5634   0.02155   0.01391  -0.0871  0.7632  1.0000  -0.8428   0.0000   0.0000   0.0000   0.4016
   2.500   0.6206   0.02155   0.01385  -0.0865  0.7433  1.0000  -0.9083   0.0000   0.0000   0.0000   0.3858
   3.000   0.6804   0.02131   0.01359  -0.0859  0.7243  1.0000  -0.9845   0.0000   0.0000   0.0000   0.3721
   3.500   0.7439   0.02074   0.01297  -0.0854  0.7061  1.0000  -1.0718   0.0000   0.0000   0.0000   0.3602
   4.000   0.7997   0.02057   0.01280  -0.0842  0.6830  1.0000  -1.1636   0.0000   0.0000   0.0000   0.3502
   4.500   0.8535   0.02052   0.01278  -0.0829  0.6576  1.0000  -1.2703   0.0000   0.0000   0.0000   0.3415
   5.000   0.9047   0.02061   0.01296  -0.0814  0.6293  1.0000  -1.3928   0.0000   0.0000   0.0000   0.3338
   5.500   0.9579   0.02055   0.01295  -0.0799  0.5993  1.0000  -1.5492   0.0000   0.0000   0.0000   0.3267
   6.000   1.0137   0.02042   0.01279  -0.0786  0.5684  1.0000  -1.7848   0.0000   0.0000   0.0000   0.3202
   6.500   1.0635   0.02072   0.01312  -0.0768  0.5327  1.0000  -2.1018   0.0000   0.0000   0.0000   0.3143
   7.000   1.1144   0.02102   0.01332  -0.0751  0.4947  1.0000  -2.4396   0.0000   0.0000   0.0000   0.3088
   7.500   1.1578   0.02173   0.01409  -0.0727  0.4527  1.0000  -2.7629   0.0000   0.0000   0.0000   0.3035
   8.000   1.1989   0.02258   0.01494  -0.0700  0.4088  1.0000  -3.0912   0.0000   0.0000   0.0000   0.2984
   8.500   1.2353   0.02365   0.01595  -0.0668  0.3626  1.0000  -3.4124   0.0000   0.0000   0.0000   0.2934
   9.000   1.2661   0.02504   0.01734  -0.0631  0.3150  1.0000  -3.7205   0.0000   0.0000   0.0000   0.2885
   9.500   1.2876   0.02682   0.01902  -0.0585  0.2649  1.0000  -4.0080   0.0000   0.0000   0.0000   0.2833
  10.000   1.2989   0.02919   0.02123  -0.0529  0.2167  1.0000  -4.2500   0.0000   0.0000   0.0000   0.2778
  10.500   1.3027   0.03226   0.02415  -0.0471  0.1739  1.0000  -4.4506   0.0000   0.0000   0.0000   0.2725
  11.000   1.3091   0.03617   0.02779  -0.0424  0.1399  1.0000  -4.6396   0.0000   0.0000   0.0000   0.2679
  11.500   1.3153   0.04028   0.03197  -0.0384  0.1141  1.0000  -4.8079   0.0000   0.0000   0.0000   0.2639
  12.000   1.3240   0.04482   0.03654  -0.0350  0.0942  1.0000  -4.9676   0.0000   0.0000   0.0000   0.2603
  12.500   1.3306   0.04954   0.04128  -0.0321  0.0786  1.0000  -5.1206   0.0000   0.0000   0.0000   0.2572
  13.000   1.3364   0.05510   0.04742  -0.0294  0.0697  1.0000  -5.1987   0.0000   0.0000   0.0000   0.2542
  13.500   1.3380   0.06051   0.05303  -0.0274  0.0624  1.0000  -5.3051   0.0000   0.0000   0.0000   0.2518
  14.000   1.3302   0.06948   0.06235  -0.0255  0.0572  1.0000  -5.2970   0.0000   0.0000   0.0000   0.2497
  14.500   1.3049   0.07798   0.07141  -0.0255  0.0559  1.0000  -5.2505   0.0000   0.0000   0.0000   0.2491
  15.000   1.2682   0.08890   0.08287  -0.0275  0.0554  1.0000  -5.1308   0.0000   0.0000   0.0000   0.2503


