xflr5 v6.59

 Calculated polar for: revR_40_revT

 1 1 Reynolds number fixed          Mach number fixed         

 xtrf =   1.000 (top)        1.000 (bottom)
 Mach =   0.000     Re =     0.405 e 6     Ncrit =   9.000

  alpha     CL        CD       CDp       Cm    Top Xtr Bot Xtr   Cpmin    Chinge    XCp    
 ------- -------- --------- --------- -------- ------- ------- -------- --------- ---------
  -5.000  -0.1077   0.01210   0.00555  -0.0989  0.8374  0.0530  -2.4735   0.0000   0.0000   0.0000  -0.6928
  -4.500  -0.0536   0.01122   0.00454  -0.0986  0.8260  0.0708  -2.1324   0.0000   0.0000   0.0000  -1.6316
  -4.000   0.0007   0.01055   0.00395  -0.0985  0.8148  0.1049  -1.8059   0.0000   0.0000   0.0000  135.1048
  -3.500   0.0558   0.01003   0.00356  -0.0984  0.8040  0.1633  -1.4901   0.0000   0.0000   0.0000   2.0429
  -2.500   0.1657   0.00908   0.00308  -0.0984  0.7816  0.3320  -1.0322   0.0000   0.0000   0.0000   0.8503
  -2.000   0.2204   0.00865   0.00296  -0.0984  0.7703  0.4421  -0.8200   0.0000   0.0000   0.0000   0.6996
  -1.500   0.2741   0.00816   0.00290  -0.0979  0.7586  0.5884  -0.6254   0.0000   0.0000   0.0000   0.6086
  -1.000   0.3279   0.00796   0.00295  -0.0971  0.7464  0.6888  -0.6384   0.0000   0.0000   0.0000   0.5466
  -0.500   0.3813   0.00788   0.00295  -0.0960  0.7329  0.7609  -0.6795   0.0000   0.0000   0.0000   0.5013
   0.000   0.4346   0.00786   0.00301  -0.0951  0.7199  0.8085  -0.7247   0.0000   0.0000   0.0000   0.4674
   0.500   0.4877   0.00790   0.00299  -0.0939  0.7060  0.8479  -0.7732   0.0000   0.0000   0.0000   0.4406
   1.000   0.5369   0.00781   0.00299  -0.0919  0.6898  0.8875  -0.8217   0.0000   0.0000   0.0000   0.4187
   1.500   0.5854   0.00777   0.00298  -0.0898  0.6737  0.9285  -0.8767   0.0000   0.0000   0.0000   0.4003
   2.000   0.6488   0.00774   0.00289  -0.0910  0.6557  0.9777  -0.9427   0.0000   0.0000   0.0000   0.3866
   2.500   0.7124   0.00785   0.00288  -0.0929  0.6343  1.0000  -1.0111   0.0000   0.0000   0.0000   0.3762
   3.000   0.7679   0.00805   0.00298  -0.0930  0.6121  1.0000  -1.0846   0.0000   0.0000   0.0000   0.3665
   3.500   0.8227   0.00829   0.00313  -0.0929  0.5882  1.0000  -1.1617   0.0000   0.0000   0.0000   0.3578
   4.000   0.8767   0.00857   0.00334  -0.0927  0.5605  1.0000  -1.2512   0.0000   0.0000   0.0000   0.3500
   4.500   0.9300   0.00892   0.00362  -0.0923  0.5322  1.0000  -1.3544   0.0000   0.0000   0.0000   0.3431
   5.000   0.9819   0.00936   0.00395  -0.0917  0.5003  1.0000  -1.4754   0.0000   0.0000   0.0000   0.3367
   5.500   1.0327   0.00987   0.00435  -0.0910  0.4674  1.0000  -1.6248   0.0000   0.0000   0.0000   0.3308
   6.000   1.0832   0.01041   0.00482  -0.0903  0.4329  1.0000  -1.8152   0.0000   0.0000   0.0000   0.3254
   6.500   1.1313   0.01110   0.00537  -0.0892  0.3949  1.0000  -2.1262   0.0000   0.0000   0.0000   0.3203
   7.000   1.1785   0.01184   0.00601  -0.0881  0.3561  1.0000  -2.4508   0.0000   0.0000   0.0000   0.3155
   7.500   1.2234   0.01272   0.00674  -0.0866  0.3132  1.0000  -2.7950   0.0000   0.0000   0.0000   0.3109
   8.000   1.2639   0.01387   0.00764  -0.0846  0.2612  1.0000  -3.1377   0.0000   0.0000   0.0000   0.3064
   8.500   1.3043   0.01498   0.00861  -0.0827  0.2211  1.0000  -3.4925   0.0000   0.0000   0.0000   0.3021
   9.000   1.3407   0.01628   0.00978  -0.0802  0.1830  1.0000  -3.8429   0.0000   0.0000   0.0000   0.2978
   9.500   1.3690   0.01786   0.01116  -0.0766  0.1421  1.0000  -4.1710   0.0000   0.0000   0.0000   0.2932
  10.000   1.3950   0.01958   0.01274  -0.0730  0.1086  1.0000  -4.4962   0.0000   0.0000   0.0000   0.2888
  10.500   1.4170   0.02162   0.01468  -0.0692  0.0831  1.0000  -4.8083   0.0000   0.0000   0.0000   0.2846
  11.000   1.4374   0.02390   0.01692  -0.0658  0.0641  1.0000  -5.1156   0.0000   0.0000   0.0000   0.2807
  11.500   1.4565   0.02643   0.01954  -0.0627  0.0503  1.0000  -5.4152   0.0000   0.0000   0.0000   0.2771
  12.000   1.4702   0.02956   0.02272  -0.0596  0.0388  1.0000  -5.6793   0.0000   0.0000   0.0000   0.2736
  12.500   1.4735   0.03378   0.02698  -0.0563  0.0288  1.0000  -5.8687   0.0000   0.0000   0.0000   0.2704
  13.000   1.4797   0.03799   0.03140  -0.0538  0.0246  1.0000  -6.0579   0.0000   0.0000   0.0000   0.2676
  13.500   1.4819   0.04278   0.03636  -0.0517  0.0217  1.0000  -6.2357   0.0000   0.0000   0.0000   0.2651
  14.000   1.4740   0.04891   0.04267  -0.0499  0.0196  1.0000  -6.3495   0.0000   0.0000   0.0000   0.2631
  14.500   1.4555   0.05671   0.05075  -0.0487  0.0182  1.0000  -6.3793   0.0000   0.0000   0.0000   0.2616
  15.000   1.4334   0.06530   0.05966  -0.0479  0.0174  1.0000  -6.3771   0.0000   0.0000   0.0000   0.2606


