xflr5 v6.59

 Calculated polar for: revR_25_revT

 1 1 Reynolds number fixed          Mach number fixed         

 xtrf =   1.000 (top)        1.000 (bottom)
 Mach =   0.000     Re =     0.250 e 6     Ncrit =   9.000

  alpha     CL        CD       CDp       Cm    Top Xtr Bot Xtr   Cpmin    Chinge    XCp    
 ------- -------- --------- --------- -------- ------- ------- -------- --------- ---------
  -5.000  -0.1598   0.01432   0.00729  -0.0895  0.9020  0.0699  -2.4325   0.0000   0.0000   0.0000  -0.3257
  -4.500  -0.1076   0.01327   0.00619  -0.0888  0.8889  0.0953  -2.1156   0.0000   0.0000   0.0000  -0.5954
  -4.000  -0.0548   0.01237   0.00540  -0.0882  0.8752  0.1505  -1.7868   0.0000   0.0000   0.0000  -1.3939
  -3.500  -0.0035   0.01168   0.00505  -0.0876  0.8609  0.2412  -1.4787   0.0000   0.0000   0.0000  -25.1426
  -3.000   0.0496   0.01100   0.00469  -0.0871  0.8487  0.3536  -1.2234   0.0000   0.0000   0.0000   2.0330
  -2.500   0.0999   0.01038   0.00455  -0.0862  0.8341  0.4937  -1.0183   0.0000   0.0000   0.0000   1.1228
  -2.000   0.1497   0.00993   0.00455  -0.0843  0.8205  0.6451  -0.8202   0.0000   0.0000   0.0000   0.8182
  -1.500   0.2004   0.00981   0.00459  -0.0824  0.8065  0.7355  -0.6296   0.0000   0.0000   0.0000   0.6636
  -1.000   0.2505   0.00984   0.00466  -0.0803  0.7923  0.7982  -0.5697   0.0000   0.0000   0.0000   0.5715
  -0.500   0.3000   0.00981   0.00459  -0.0778  0.7782  0.8455  -0.6113   0.0000   0.0000   0.0000   0.5093
   0.000   0.3459   0.00974   0.00455  -0.0748  0.7615  0.8865  -0.6519   0.0000   0.0000   0.0000   0.4651
   0.500   0.3940   0.00968   0.00446  -0.0721  0.7465  0.9284  -0.6975   0.0000   0.0000   0.0000   0.4312
   1.000   0.4601   0.00958   0.00421  -0.0734  0.7300  0.9675  -0.7576   0.0000   0.0000   0.0000   0.4071
   1.500   0.5486   0.00945   0.00402  -0.0801  0.7104  0.9961  -0.8370   0.0000   0.0000   0.0000   0.3931
   2.000   0.5993   0.00950   0.00398  -0.0796  0.6897  1.0000  -0.8952   0.0000   0.0000   0.0000   0.3795
   2.500   0.6493   0.00961   0.00400  -0.0787  0.6679  1.0000  -0.9595   0.0000   0.0000   0.0000   0.3674
   3.000   0.7023   0.00976   0.00405  -0.0782  0.6443  1.0000  -1.0319   0.0000   0.0000   0.0000   0.3570
   3.500   0.7556   0.00995   0.00416  -0.0777  0.6189  1.0000  -1.1144   0.0000   0.0000   0.0000   0.3480
   4.000   0.8085   0.01021   0.00431  -0.0770  0.5906  1.0000  -1.2157   0.0000   0.0000   0.0000   0.3400
   4.500   0.8606   0.01055   0.00457  -0.0763  0.5599  1.0000  -1.3291   0.0000   0.0000   0.0000   0.3329
   5.000   0.9119   0.01094   0.00490  -0.0755  0.5262  1.0000  -1.4772   0.0000   0.0000   0.0000   0.3265
   5.500   0.9618   0.01147   0.00530  -0.0745  0.4905  1.0000  -1.7032   0.0000   0.0000   0.0000   0.3205
   6.000   1.0110   0.01202   0.00581  -0.0734  0.4528  1.0000  -2.0231   0.0000   0.0000   0.0000   0.3151
   6.500   1.0588   0.01270   0.00639  -0.0722  0.4134  1.0000  -2.3540   0.0000   0.0000   0.0000   0.3101
   7.000   1.1043   0.01351   0.00710  -0.0707  0.3712  1.0000  -2.6924   0.0000   0.0000   0.0000   0.3053
   7.500   1.1485   0.01441   0.00789  -0.0691  0.3284  1.0000  -3.0411   0.0000   0.0000   0.0000   0.3008
   8.000   1.1891   0.01552   0.00883  -0.0671  0.2775  1.0000  -3.4044   0.0000   0.0000   0.0000   0.2965
   8.500   1.2269   0.01681   0.00994  -0.0649  0.2239  1.0000  -3.7680   0.0000   0.0000   0.0000   0.2922
   9.000   1.2610   0.01834   0.01132  -0.0622  0.1750  1.0000  -4.1251   0.0000   0.0000   0.0000   0.2880
   9.500   1.2881   0.02016   0.01293  -0.0587  0.1294  1.0000  -4.4592   0.0000   0.0000   0.0000   0.2835
  10.000   1.3093   0.02232   0.01492  -0.0548  0.0937  1.0000  -4.7693   0.0000   0.0000   0.0000   0.2790
  10.500   1.3290   0.02466   0.01724  -0.0510  0.0709  1.0000  -5.0668   0.0000   0.0000   0.0000   0.2748
  11.000   1.3423   0.02764   0.02024  -0.0473  0.0541  1.0000  -5.3213   0.0000   0.0000   0.0000   0.2708
  11.500   1.3451   0.03174   0.02439  -0.0435  0.0404  1.0000  -5.4926   0.0000   0.0000   0.0000   0.2671
  12.000   1.3557   0.03547   0.02838  -0.0408  0.0333  1.0000  -5.6784   0.0000   0.0000   0.0000   0.2640
  12.500   1.3521   0.04075   0.03380  -0.0382  0.0284  1.0000  -5.7858   0.0000   0.0000   0.0000   0.2612
  13.000   1.3384   0.04736   0.04067  -0.0350  0.0259  1.0000  -5.7884   0.0000   0.0000   0.0000   0.2582
  13.500   1.3446   0.05220   0.04577  -0.0334  0.0250  1.0000  -5.9457   0.0000   0.0000   0.0000   0.2560
  14.000   1.3467   0.05763   0.05149  -0.0320  0.0242  1.0000  -6.0717   0.0000   0.0000   0.0000   0.2540
  14.500   1.3461   0.06372   0.05789  -0.0310  0.0236  1.0000  -6.1732   0.0000   0.0000   0.0000   0.2523
  15.000   1.3406   0.07070   0.06521  -0.0308  0.0231  1.0000  -6.2401   0.0000   0.0000   0.0000   0.2512


