xflr5 v6.59

 Calculated polar for: revR_60_revT

 1 1 Reynolds number fixed          Mach number fixed         

 xtrf =   1.000 (top)        1.000 (bottom)
 Mach =   0.000     Re =     0.445 e 6     Ncrit =   9.000

  alpha     CL        CD       CDp       Cm    Top Xtr Bot Xtr   Cpmin    Chinge    XCp    
 ------- -------- --------- --------- -------- ------- ------- -------- --------- ---------
  -5.000  -0.0254   0.01203   0.00550  -0.1172  0.8076  0.0463  -2.4077   0.0000   0.0000   0.0000  -4.4836
  -4.500   0.0301   0.01124   0.00461  -0.1173  0.7985  0.0602  -2.0722   0.0000   0.0000   0.0000   4.2343
  -4.000   0.0855   0.01056   0.00396  -0.1174  0.7887  0.0864  -1.7798   0.0000   0.0000   0.0000   1.6479
  -3.500   0.1416   0.01004   0.00356  -0.1176  0.7798  0.1362  -1.5276   0.0000   0.0000   0.0000   1.0932
  -3.000   0.1977   0.00965   0.00334  -0.1178  0.7706  0.1982  -1.2807   0.0000   0.0000   0.0000   0.8537
  -2.000   0.3101   0.00890   0.00299  -0.1182  0.7503  0.3657  -0.8307   0.0000   0.0000   0.0000   0.6339
  -1.500   0.3659   0.00850   0.00292  -0.1183  0.7407  0.4760  -0.6808   0.0000   0.0000   0.0000   0.5747
  -1.000   0.4214   0.00818   0.00289  -0.1182  0.7303  0.5968  -0.7234   0.0000   0.0000   0.0000   0.5307
  -0.500   0.4757   0.00799   0.00298  -0.1176  0.7187  0.7020  -0.7655   0.0000   0.0000   0.0000   0.4966
   0.000   0.5300   0.00793   0.00298  -0.1169  0.7068  0.7669  -0.8096   0.0000   0.0000   0.0000   0.4690
   0.500   0.5832   0.00792   0.00307  -0.1159  0.6949  0.8192  -0.8580   0.0000   0.0000   0.0000   0.4466
   1.000   0.6353   0.00790   0.00305  -0.1146  0.6812  0.8602  -0.9065   0.0000   0.0000   0.0000   0.4277
   1.500   0.6840   0.00783   0.00308  -0.1126  0.6664  0.9058  -0.9599   0.0000   0.0000   0.0000   0.4114
   2.500   0.8002   0.00787   0.00299  -0.1133  0.6328  1.0000  -1.0866   0.0000   0.0000   0.0000   0.3871
   3.000   0.8571   0.00804   0.00311  -0.1137  0.6140  1.0000  -1.1555   0.0000   0.0000   0.0000   0.3776
   3.500   0.9127   0.00827   0.00326  -0.1138  0.5928  1.0000  -1.2287   0.0000   0.0000   0.0000   0.3691
   4.000   0.9672   0.00855   0.00346  -0.1137  0.5698  1.0000  -1.3104   0.0000   0.0000   0.0000   0.3614
   4.500   1.0206   0.00889   0.00372  -0.1134  0.5448  1.0000  -1.4003   0.0000   0.0000   0.0000   0.3543
   5.000   1.0728   0.00931   0.00404  -0.1128  0.5172  1.0000  -1.5071   0.0000   0.0000   0.0000   0.3478
   5.500   1.1235   0.00982   0.00444  -0.1121  0.4884  1.0000  -1.6235   0.0000   0.0000   0.0000   0.3418
   6.000   1.1737   0.01033   0.00489  -0.1114  0.4571  1.0000  -1.7637   0.0000   0.0000   0.0000   0.3363
   6.500   1.2220   0.01095   0.00542  -0.1103  0.4242  1.0000  -1.9230   0.0000   0.0000   0.0000   0.3310
   7.000   1.2684   0.01168   0.00604  -0.1090  0.3926  1.0000  -2.1146   0.0000   0.0000   0.0000   0.3260
   7.500   1.3128   0.01249   0.00675  -0.1074  0.3545  1.0000  -2.3626   0.0000   0.0000   0.0000   0.3212
   8.000   1.3548   0.01341   0.00757  -0.1055  0.3223  1.0000  -2.6723   0.0000   0.0000   0.0000   0.3165
   8.500   1.3943   0.01440   0.00847  -0.1033  0.2879  1.0000  -2.9888   0.0000   0.0000   0.0000   0.3120
   9.000   1.4257   0.01567   0.00957  -0.0999  0.2504  1.0000  -3.2890   0.0000   0.0000   0.0000   0.3072
   9.500   1.4566   0.01696   0.01079  -0.0965  0.2194  1.0000  -3.5960   0.0000   0.0000   0.0000   0.3026
  10.000   1.4802   0.01871   0.01242  -0.0925  0.1834  1.0000  -3.8851   0.0000   0.0000   0.0000   0.2980
  10.500   1.5012   0.02076   0.01434  -0.0887  0.1502  1.0000  -4.1742   0.0000   0.0000   0.0000   0.2938
  11.000   1.5192   0.02319   0.01666  -0.0850  0.1206  1.0000  -4.4630   0.0000   0.0000   0.0000   0.2898
  11.500   1.5349   0.02593   0.01933  -0.0815  0.0973  1.0000  -4.7469   0.0000   0.0000   0.0000   0.2860
  12.000   1.5493   0.02893   0.02231  -0.0783  0.0791  1.0000  -5.0283   0.0000   0.0000   0.0000   0.2826
  12.500   1.5622   0.03220   0.02561  -0.0754  0.0646  1.0000  -5.3050   0.0000   0.0000   0.0000   0.2793
  13.000   1.5687   0.03616   0.02964  -0.0724  0.0519  1.0000  -5.5514   0.0000   0.0000   0.0000   0.2762
  13.500   1.5735   0.04045   0.03397  -0.0698  0.0429  1.0000  -5.7956   0.0000   0.0000   0.0000   0.2734
  14.000   1.5737   0.04542   0.03909  -0.0675  0.0360  1.0000  -6.0140   0.0000   0.0000   0.0000   0.2709
  14.500   1.5762   0.05046   0.04425  -0.0658  0.0311  1.0000  -6.2493   0.0000   0.0000   0.0000   0.2687
  15.000   1.5569   0.05838   0.05234  -0.0643  0.0259  1.0000  -6.3380   0.0000   0.0000   0.0000   0.2672


