xflr5 v6.59

 Calculated polar for: revR_55_revT

 1 1 Reynolds number fixed          Mach number fixed         

 xtrf =   1.000 (top)        1.000 (bottom)
 Mach =   0.000     Re =     0.040 e 6     Ncrit =   9.000

  alpha     CL        CD       CDp       Cm    Top Xtr Bot Xtr   Cpmin    Chinge    XCp    
 ------- -------- --------- --------- -------- ------- ------- -------- --------- ---------
  -5.000  -0.4692   0.07429   0.06799  -0.0253  1.0000  0.2354  -1.9460   0.0000   0.0000   0.0000   0.1909
  -4.500  -0.4238   0.05872   0.05160  -0.0428  1.0000  0.1926  -2.1202   0.0000   0.0000   0.0000   0.1433
  -4.000  -0.3642   0.04882   0.04065  -0.0532  1.0000  0.1911  -2.1338   0.0000   0.0000   0.0000   0.0977
  -3.500  -0.3002   0.04233   0.03304  -0.0594  1.0000  0.2002  -2.0619   0.0000   0.0000   0.0000   0.0449
  -3.000  -0.2443   0.03891   0.02895  -0.0622  1.0000  0.2338  -1.9052   0.0000   0.0000   0.0000  -0.0125
  -2.500  -0.1922   0.03660   0.02645  -0.0633  1.0000  0.2849  -1.7403   0.0000   0.0000   0.0000  -0.0880
  -2.000  -0.1398   0.03504   0.02502  -0.0638  1.0000  0.3819  -1.5730   0.0000   0.0000   0.0000  -0.2172
  -1.500  -0.0924   0.03398   0.02483  -0.0620  1.0000  0.5596  -1.4122   0.0000   0.0000   0.0000  -0.4343
  -1.000  -0.0847   0.03319   0.02521  -0.0490  1.0000  0.8149  -1.3088   0.0000   0.0000   0.0000  -0.3417
  -0.500  -0.0470   0.03278   0.02411  -0.0513  1.0000  1.0000  -1.1615   0.0000   0.0000   0.0000  -0.8603
   0.000   0.0034   0.03465   0.02516  -0.0548  1.0000  1.0000  -0.9790   0.0000   0.0000   0.0000  16.7410
   0.500   0.0476   0.03671   0.02667  -0.0570  1.0000  1.0000  -0.8102   0.0000   0.0000   0.0000   1.4526
   1.000   0.0889   0.03899   0.02852  -0.0587  1.0000  1.0000  -0.6554   0.0000   0.0000   0.0000   0.9108
   1.500   0.1927   0.04359   0.03260  -0.0717  0.9653  1.0000  -0.5342   0.0000   0.0000   0.0000   0.6198
   2.000   0.2578   0.04688   0.03561  -0.0774  0.9384  1.0000  -0.5778   0.0000   0.0000   0.0000   0.5470
   2.500   0.3178   0.05020   0.03873  -0.0819  0.9113  1.0000  -0.6200   0.0000   0.0000   0.0000   0.5038
   3.000   0.3740   0.05359   0.04197  -0.0857  0.8840  1.0000  -0.6637   0.0000   0.0000   0.0000   0.4744
   3.500   0.4362   0.05713   0.04543  -0.0898  0.8537  1.0000  -0.7132   0.0000   0.0000   0.0000   0.4507
   4.000   0.4951   0.06071   0.04896  -0.0929  0.8220  1.0000  -0.7672   0.0000   0.0000   0.0000   0.4321
   4.500   0.5310   0.06403   0.05230  -0.0932  0.7938  1.0000  -0.8030   0.0000   0.0000   0.0000   0.4194
   5.000   0.5700   0.06757   0.05588  -0.0938  0.7650  1.0000  -0.8449   0.0000   0.0000   0.0000   0.4079
   5.500   0.6147   0.07123   0.05963  -0.0949  0.7356  1.0000  -0.8974   0.0000   0.0000   0.0000   0.3972
   6.000   0.6758   0.07467   0.06317  -0.0967  0.7027  1.0000  -0.9732   0.0000   0.0000   0.0000   0.3855
   6.500   0.6986   0.07883   0.06747  -0.0958  0.6763  1.0000  -1.0122   0.0000   0.0000   0.0000   0.3790
   7.000   0.7215   0.08318   0.07196  -0.0950  0.6491  1.0000  -1.0555   0.0000   0.0000   0.0000   0.3730
   7.500   0.7462   0.08779   0.07674  -0.0945  0.6226  1.0000  -1.1043   0.0000   0.0000   0.0000   0.3674
   8.000   0.7700   0.09275   0.08188  -0.0941  0.5972  1.0000  -1.1523   0.0000   0.0000   0.0000   0.3624
   8.500   0.8014   0.09724   0.08658  -0.0937  0.5681  1.0000  -1.2239   0.0000   0.0000   0.0000   0.3565
   9.000   0.8650   0.10039   0.09001  -0.0935  0.5367  1.0000  -1.3744   0.0000   0.0000   0.0000   0.3471
   9.500   0.8658   0.10659   0.09638  -0.0923  0.5105  1.0000  -1.4012   0.0000   0.0000   0.0000   0.3450
  10.000   0.8394   0.11613   0.10605  -0.0932  0.5014  1.0000  -1.3551   0.0000   0.0000   0.0000   0.3488
  10.500   0.8869   0.11936   0.10956  -0.0913  0.4612  1.0000  -1.5120   0.0000   0.0000   0.0000   0.3401
  11.000   0.8650   0.12999   0.12033  -0.0936  0.4585  1.0000  -1.4686   0.0000   0.0000   0.0000   0.3448
  11.500   0.8559   0.13993   0.13044  -0.0962  0.4587  1.0000  -1.4514   0.0000   0.0000   0.0000   0.3484
  12.000   0.8982   0.14458   0.13534  -0.0945  0.4144  1.0000  -1.6105   0.0000   0.0000   0.0000   0.3405
  12.500   0.9210   0.15233   0.14335  -0.0949  0.3921  1.0000  -1.7377   0.0000   0.0000   0.0000   0.3377


