xflr5 v6.59

 Calculated polar for: revR_65_revT

 1 1 Reynolds number fixed          Mach number fixed         

 xtrf =   1.000 (top)        1.000 (bottom)
 Mach =   0.000     Re =     0.480 e 6     Ncrit =   9.000

  alpha     CL        CD       CDp       Cm    Top Xtr Bot Xtr   Cpmin    Chinge    XCp    
 ------- -------- --------- --------- -------- ------- ------- -------- --------- ---------
  -5.000  -0.0049   0.01163   0.00513  -0.1218  0.7976  0.0451  -2.3965   0.0000   0.0000   0.0000  -25.3176
  -4.500   0.0509   0.01099   0.00445  -0.1218  0.7890  0.0560  -2.0520   0.0000   0.0000   0.0000   2.6960
  -4.000   0.1070   0.01036   0.00378  -0.1220  0.7797  0.0801  -1.7896   0.0000   0.0000   0.0000   1.4108
  -3.500   0.1634   0.00989   0.00345  -0.1223  0.7713  0.1255  -1.5341   0.0000   0.0000   0.0000   1.0102
  -3.000   0.2196   0.00945   0.00319  -0.1225  0.7621  0.1831  -1.2829   0.0000   0.0000   0.0000   0.8150
  -2.500   0.2763   0.00910   0.00299  -0.1228  0.7529  0.2564  -1.0520   0.0000   0.0000   0.0000   0.6988
  -2.000   0.3325   0.00875   0.00287  -0.1230  0.7428  0.3378  -0.8326   0.0000   0.0000   0.0000   0.6225
  -1.500   0.3890   0.00841   0.00276  -0.1233  0.7334  0.4343  -0.7030   0.0000   0.0000   0.0000   0.5680
  -1.000   0.4451   0.00811   0.00278  -0.1234  0.7236  0.5598  -0.7440   0.0000   0.0000   0.0000   0.5273
  -0.500   0.4999   0.00783   0.00281  -0.1230  0.7121  0.6709  -0.7874   0.0000   0.0000   0.0000   0.4953
   0.000   0.5550   0.00782   0.00287  -0.1225  0.7009  0.7491  -0.8312   0.0000   0.0000   0.0000   0.4692
   0.500   0.6087   0.00774   0.00293  -0.1217  0.6889  0.8029  -0.8810   0.0000   0.0000   0.0000   0.4477
   1.000   0.6620   0.00777   0.00295  -0.1207  0.6760  0.8451  -0.9311   0.0000   0.0000   0.0000   0.4296
   1.500   0.7116   0.00768   0.00297  -0.1190  0.6611  0.8911  -0.9841   0.0000   0.0000   0.0000   0.4138
   2.000   0.7598   0.00764   0.00296  -0.1169  0.6473  0.9456  -1.0402   0.0000   0.0000   0.0000   0.3999
   2.500   0.8232   0.00770   0.00292  -0.1185  0.6285  1.0000  -1.1070   0.0000   0.0000   0.0000   0.3894
   3.000   0.8802   0.00788   0.00303  -0.1189  0.6099  1.0000  -1.1749   0.0000   0.0000   0.0000   0.3800
   3.500   0.9362   0.00811   0.00320  -0.1191  0.5904  1.0000  -1.2498   0.0000   0.0000   0.0000   0.3716
   4.000   0.9906   0.00840   0.00340  -0.1190  0.5670  1.0000  -1.3271   0.0000   0.0000   0.0000   0.3639
   4.500   1.0442   0.00874   0.00366  -0.1188  0.5428  1.0000  -1.4184   0.0000   0.0000   0.0000   0.3569
   5.000   1.0966   0.00915   0.00398  -0.1183  0.5165  1.0000  -1.5161   0.0000   0.0000   0.0000   0.3504
   5.500   1.1471   0.00965   0.00437  -0.1176  0.4871  1.0000  -1.6353   0.0000   0.0000   0.0000   0.3444
   6.000   1.1972   0.01019   0.00483  -0.1168  0.4583  1.0000  -1.7571   0.0000   0.0000   0.0000   0.3388
   6.500   1.2455   0.01080   0.00535  -0.1158  0.4242  1.0000  -1.9185   0.0000   0.0000   0.0000   0.3335
   7.000   1.2926   0.01148   0.00595  -0.1146  0.3947  1.0000  -2.0864   0.0000   0.0000   0.0000   0.3285
   7.500   1.3361   0.01232   0.00666  -0.1129  0.3593  1.0000  -2.2971   0.0000   0.0000   0.0000   0.3236
   8.000   1.3784   0.01319   0.00745  -0.1110  0.3253  1.0000  -2.5688   0.0000   0.0000   0.0000   0.3189
   8.500   1.4166   0.01423   0.00837  -0.1085  0.2931  1.0000  -2.8724   0.0000   0.0000   0.0000   0.3143
   9.000   1.4496   0.01536   0.00940  -0.1053  0.2580  1.0000  -3.1748   0.0000   0.0000   0.0000   0.3095
   9.500   1.4786   0.01673   0.01068  -0.1017  0.2267  1.0000  -3.4790   0.0000   0.0000   0.0000   0.3048
  10.000   1.5034   0.01840   0.01223  -0.0978  0.1954  1.0000  -3.7761   0.0000   0.0000   0.0000   0.3003
  10.500   1.5262   0.02032   0.01407  -0.0941  0.1639  1.0000  -4.0728   0.0000   0.0000   0.0000   0.2961
  11.000   1.5426   0.02283   0.01643  -0.0902  0.1329  1.0000  -4.3557   0.0000   0.0000   0.0000   0.2920
  11.500   1.5580   0.02559   0.01910  -0.0867  0.1072  1.0000  -4.6434   0.0000   0.0000   0.0000   0.2883
  12.000   1.5717   0.02862   0.02209  -0.0834  0.0871  1.0000  -4.9282   0.0000   0.0000   0.0000   0.2847
  12.500   1.5836   0.03194   0.02543  -0.0803  0.0717  1.0000  -5.2084   0.0000   0.0000   0.0000   0.2814
  13.000   1.5954   0.03538   0.02893  -0.0775  0.0596  1.0000  -5.4919   0.0000   0.0000   0.0000   0.2783
  13.500   1.6001   0.03962   0.03323  -0.0747  0.0486  1.0000  -5.7401   0.0000   0.0000   0.0000   0.2754
  14.000   1.6016   0.04438   0.03802  -0.0723  0.0404  1.0000  -5.9741   0.0000   0.0000   0.0000   0.2728
  14.500   1.6005   0.04974   0.04354  -0.0703  0.0343  1.0000  -6.1915   0.0000   0.0000   0.0000   0.2705
  15.000   1.6023   0.05509   0.04903  -0.0690  0.0300  1.0000  -6.4340   0.0000   0.0000   0.0000   0.2686


