xflr5 v6.59

 Calculated polar for: revR_40_revT

 1 1 Reynolds number fixed          Mach number fixed         

 xtrf =   1.000 (top)        1.000 (bottom)
 Mach =   0.000     Re =     0.200 e 6     Ncrit =   9.000

  alpha     CL        CD       CDp       Cm    Top Xtr Bot Xtr   Cpmin    Chinge    XCp    
 ------- -------- --------- --------- -------- ------- ------- -------- --------- ---------
  -5.000  -0.0972   0.01720   0.00980  -0.1055  0.8986  0.0754  -2.3349   0.0000   0.0000   0.0000  -0.8632
  -4.500  -0.0489   0.01572   0.00828  -0.1043  0.8851  0.0964  -2.0620   0.0000   0.0000   0.0000  -1.9331
  -4.000   0.0075   0.01453   0.00720  -0.1044  0.8747  0.1468  -1.7561   0.0000   0.0000   0.0000  14.5201
  -3.500   0.0572   0.01375   0.00679  -0.1037  0.8608  0.2315  -1.4708   0.0000   0.0000   0.0000   2.0940
  -3.000   0.1128   0.01303   0.00633  -0.1035  0.8504  0.3355  -1.2390   0.0000   0.0000   0.0000   1.1808
  -2.500   0.1621   0.01248   0.00629  -0.1025  0.8364  0.4745  -1.0316   0.0000   0.0000   0.0000   0.8897
  -2.000   0.2145   0.01199   0.00623  -0.1010  0.8259  0.6271  -0.8241   0.0000   0.0000   0.0000   0.7250
  -1.500   0.2616   0.01190   0.00639  -0.0984  0.8107  0.7312  -0.6442   0.0000   0.0000   0.0000   0.6283
  -1.000   0.3105   0.01190   0.00642  -0.0956  0.7995  0.8046  -0.6228   0.0000   0.0000   0.0000   0.5588
  -0.500   0.3539   0.01186   0.00642  -0.0918  0.7846  0.8606  -0.6585   0.0000   0.0000   0.0000   0.5093
   0.000   0.3974   0.01178   0.00631  -0.0879  0.7711  0.9132  -0.6983   0.0000   0.0000   0.0000   0.4703
   0.500   0.4627   0.01150   0.00591  -0.0887  0.7571  0.9648  -0.7535   0.0000   0.0000   0.0000   0.4399
   1.000   0.5477   0.01141   0.00573  -0.0949  0.7414  1.0000  -0.8226   0.0000   0.0000   0.0000   0.4209
   1.500   0.5969   0.01144   0.00560  -0.0939  0.7254  1.0000  -0.8774   0.0000   0.0000   0.0000   0.4044
   2.000   0.6520   0.01146   0.00546  -0.0938  0.7083  1.0000  -0.9376   0.0000   0.0000   0.0000   0.3904
   2.500   0.7059   0.01156   0.00550  -0.0935  0.6888  1.0000  -0.9996   0.0000   0.0000   0.0000   0.3785
   3.000   0.7605   0.01167   0.00555  -0.0932  0.6685  1.0000  -1.0716   0.0000   0.0000   0.0000   0.3680
   3.500   0.8150   0.01178   0.00559  -0.0928  0.6464  1.0000  -1.1481   0.0000   0.0000   0.0000   0.3588
   4.000   0.8690   0.01195   0.00571  -0.0923  0.6235  1.0000  -1.2367   0.0000   0.0000   0.0000   0.3506
   4.500   0.9222   0.01216   0.00586  -0.0916  0.5974  1.0000  -1.3384   0.0000   0.0000   0.0000   0.3432
   5.000   0.9745   0.01245   0.00607  -0.0908  0.5690  1.0000  -1.4582   0.0000   0.0000   0.0000   0.3365
   5.500   1.0257   0.01288   0.00641  -0.0899  0.5390  1.0000  -1.6042   0.0000   0.0000   0.0000   0.3304
   6.000   1.0746   0.01336   0.00689  -0.0887  0.5047  1.0000  -1.7759   0.0000   0.0000   0.0000   0.3247
   6.500   1.1223   0.01401   0.00741  -0.0873  0.4698  1.0000  -2.0620   0.0000   0.0000   0.0000   0.3193
   7.000   1.1681   0.01469   0.00810  -0.0857  0.4324  1.0000  -2.3744   0.0000   0.0000   0.0000   0.3142
   7.500   1.2110   0.01556   0.00888  -0.0838  0.3935  1.0000  -2.6917   0.0000   0.0000   0.0000   0.3094
   8.000   1.2516   0.01654   0.00980  -0.0816  0.3544  1.0000  -3.0173   0.0000   0.0000   0.0000   0.3047
   8.500   1.2892   0.01765   0.01087  -0.0790  0.3142  1.0000  -3.3527   0.0000   0.0000   0.0000   0.3001
   9.000   1.3211   0.01900   0.01215  -0.0758  0.2715  1.0000  -3.6775   0.0000   0.0000   0.0000   0.2954
   9.500   1.3451   0.02063   0.01365  -0.0716  0.2305  1.0000  -3.9791   0.0000   0.0000   0.0000   0.2905
  10.000   1.3640   0.02265   0.01555  -0.0672  0.1897  1.0000  -4.2639   0.0000   0.0000   0.0000   0.2858
  10.500   1.3784   0.02518   0.01796  -0.0630  0.1488  1.0000  -4.5312   0.0000   0.0000   0.0000   0.2814
  11.000   1.3881   0.02833   0.02100  -0.0591  0.1145  1.0000  -4.7770   0.0000   0.0000   0.0000   0.2774
  11.500   1.3965   0.03189   0.02451  -0.0557  0.0889  1.0000  -5.0118   0.0000   0.0000   0.0000   0.2739
  12.000   1.4009   0.03603   0.02875  -0.0525  0.0715  1.0000  -5.2171   0.0000   0.0000   0.0000   0.2706
  12.500   1.3935   0.04152   0.03423  -0.0493  0.0582  1.0000  -5.3485   0.0000   0.0000   0.0000   0.2676
  13.000   1.4012   0.04588   0.03885  -0.0475  0.0497  1.0000  -5.5446   0.0000   0.0000   0.0000   0.2651
  13.500   1.3856   0.05272   0.04576  -0.0449  0.0420  1.0000  -5.5931   0.0000   0.0000   0.0000   0.2627
  14.000   1.3878   0.05811   0.05144  -0.0435  0.0382  1.0000  -5.7167   0.0000   0.0000   0.0000   0.2606
  14.500   1.3875   0.06402   0.05759  -0.0425  0.0347  1.0000  -5.8239   0.0000   0.0000   0.0000   0.2589
  15.000   1.3854   0.07038   0.06417  -0.0420  0.0323  1.0000  -5.9285   0.0000   0.0000   0.0000   0.2576


