xflr5 v6.59

 Calculated polar for: revR_50_revT

 1 1 Reynolds number fixed          Mach number fixed         

 xtrf =   1.000 (top)        1.000 (bottom)
 Mach =   0.000     Re =     0.360 e 6     Ncrit =   9.000

  alpha     CL        CD       CDp       Cm    Top Xtr Bot Xtr   Cpmin    Chinge    XCp    
 ------- -------- --------- --------- -------- ------- ------- -------- --------- ---------
  -5.000  -0.0654   0.01275   0.00604  -0.1089  0.8338  0.0541  -2.4275   0.0000   0.0000   0.0000  -1.4588
  -4.500  -0.0102   0.01213   0.00529  -0.1088  0.8240  0.0681  -2.0908   0.0000   0.0000   0.0000  -10.6632
  -4.000   0.0436   0.01121   0.00449  -0.1086  0.8130  0.1040  -1.7748   0.0000   0.0000   0.0000   2.7884
  -3.500   0.0992   0.01070   0.00407  -0.1087  0.8031  0.1613  -1.5041   0.0000   0.0000   0.0000   1.3635
  -3.000   0.1540   0.01022   0.00384  -0.1087  0.7926  0.2381  -1.2681   0.0000   0.0000   0.0000   0.9657
  -2.500   0.2095   0.00976   0.00360  -0.1088  0.7823  0.3240  -1.0388   0.0000   0.0000   0.0000   0.7747
  -2.000   0.2642   0.00931   0.00349  -0.1087  0.7710  0.4444  -0.8251   0.0000   0.0000   0.0000   0.6646
  -1.500   0.3187   0.00890   0.00342  -0.1084  0.7601  0.5671  -0.6385   0.0000   0.0000   0.0000   0.5916
  -1.000   0.3725   0.00869   0.00348  -0.1076  0.7492  0.6812  -0.6789   0.0000   0.0000   0.0000   0.5393
  -0.500   0.4254   0.00857   0.00351  -0.1065  0.7365  0.7588  -0.7192   0.0000   0.0000   0.0000   0.4997
   0.000   0.4780   0.00856   0.00354  -0.1052  0.7239  0.8115  -0.7640   0.0000   0.0000   0.0000   0.4688
   0.500   0.5291   0.00851   0.00353  -0.1036  0.7110  0.8564  -0.8099   0.0000   0.0000   0.0000   0.4438
   1.000   0.5777   0.00848   0.00353  -0.1015  0.6969  0.8998  -0.8577   0.0000   0.0000   0.0000   0.4230
   1.500   0.6277   0.00838   0.00338  -0.0995  0.6816  0.9508  -0.9117   0.0000   0.0000   0.0000   0.4053
   2.000   0.6978   0.00833   0.00332  -0.1025  0.6647  1.0000  -0.9821   0.0000   0.0000   0.0000   0.3932
   2.500   0.7546   0.00846   0.00336  -0.1030  0.6460  1.0000  -1.0462   0.0000   0.0000   0.0000   0.3822
   3.000   0.8107   0.00864   0.00344  -0.1032  0.6264  1.0000  -1.1156   0.0000   0.0000   0.0000   0.3725
   3.500   0.8658   0.00886   0.00357  -0.1031  0.6043  1.0000  -1.1925   0.0000   0.0000   0.0000   0.3638
   4.000   0.9201   0.00913   0.00376  -0.1029  0.5805  1.0000  -1.2764   0.0000   0.0000   0.0000   0.3560
   4.500   0.9732   0.00945   0.00401  -0.1025  0.5537  1.0000  -1.3714   0.0000   0.0000   0.0000   0.3489
   5.000   1.0254   0.00985   0.00433  -0.1019  0.5252  1.0000  -1.4847   0.0000   0.0000   0.0000   0.3424
   5.500   1.0761   0.01034   0.00472  -0.1012  0.4949  1.0000  -1.6119   0.0000   0.0000   0.0000   0.3364
   6.000   1.1255   0.01090   0.00519  -0.1002  0.4613  1.0000  -1.7680   0.0000   0.0000   0.0000   0.3308
   6.500   1.1742   0.01151   0.00574  -0.0992  0.4285  1.0000  -1.9559   0.0000   0.0000   0.0000   0.3256
   7.000   1.2199   0.01228   0.00639  -0.0978  0.3925  1.0000  -2.2397   0.0000   0.0000   0.0000   0.3206
   7.500   1.2646   0.01309   0.00711  -0.0962  0.3547  1.0000  -2.5547   0.0000   0.0000   0.0000   0.3158
   8.000   1.3067   0.01404   0.00796  -0.0944  0.3208  1.0000  -2.8832   0.0000   0.0000   0.0000   0.3113
   8.500   1.3446   0.01517   0.00896  -0.0920  0.2786  1.0000  -3.2106   0.0000   0.0000   0.0000   0.3067
   9.000   1.3787   0.01639   0.01006  -0.0890  0.2392  1.0000  -3.5350   0.0000   0.0000   0.0000   0.3021
   9.500   1.4060   0.01791   0.01143  -0.0852  0.2015  1.0000  -3.8435   0.0000   0.0000   0.0000   0.2974
  10.000   1.4287   0.01977   0.01311  -0.0812  0.1626  1.0000  -4.1408   0.0000   0.0000   0.0000   0.2929
  10.500   1.4497   0.02188   0.01515  -0.0775  0.1298  1.0000  -4.4359   0.0000   0.0000   0.0000   0.2887
  11.000   1.4668   0.02442   0.01759  -0.0739  0.1020  1.0000  -4.7185   0.0000   0.0000   0.0000   0.2847
  11.500   1.4818   0.02729   0.02042  -0.0705  0.0807  1.0000  -4.9933   0.0000   0.0000   0.0000   0.2811
  12.000   1.4958   0.03041   0.02357  -0.0675  0.0646  1.0000  -5.2633   0.0000   0.0000   0.0000   0.2777
  12.500   1.5052   0.03408   0.02730  -0.0646  0.0518  1.0000  -5.5081   0.0000   0.0000   0.0000   0.2745
  13.000   1.5049   0.03882   0.03206  -0.0616  0.0411  1.0000  -5.6979   0.0000   0.0000   0.0000   0.2716
  13.500   1.5110   0.04319   0.03664  -0.0595  0.0354  1.0000  -5.9098   0.0000   0.0000   0.0000   0.2690
  14.000   1.5073   0.04879   0.04234  -0.0576  0.0300  1.0000  -6.0839   0.0000   0.0000   0.0000   0.2668
  14.500   1.4845   0.05701   0.05084  -0.0560  0.0258  1.0000  -6.1129   0.0000   0.0000   0.0000   0.2652
  15.000   1.4855   0.06289   0.05695  -0.0555  0.0242  1.0000  -6.2997   0.0000   0.0000   0.0000   0.2639


