xflr5 v6.59

 Calculated polar for: revR_05_revT

 1 1 Reynolds number fixed          Mach number fixed         

 xtrf =   1.000 (top)        1.000 (bottom)
 Mach =   0.000     Re =     0.215 e 6     Ncrit =   9.000

  alpha     CL        CD       CDp       Cm    Top Xtr Bot Xtr   Cpmin    Chinge    XCp    
 ------- -------- --------- --------- -------- ------- ------- -------- --------- ---------
  -5.000  -0.2767   0.01609   0.00875  -0.0645  0.9431  0.0734  -2.6134   0.0000   0.0000   0.0000   0.0083
  -4.500  -0.2209   0.01425   0.00698  -0.0649  0.9289  0.1052  -2.2806   0.0000   0.0000   0.0000  -0.0530
  -4.000  -0.1498   0.01291   0.00595  -0.0682  0.9197  0.1888  -1.8680   0.0000   0.0000   0.0000  -0.2170
  -3.500  -0.0980   0.01192   0.00545  -0.0678  0.9032  0.3082  -1.5240   0.0000   0.0000   0.0000  -0.4570
  -3.000  -0.0441   0.01097   0.00507  -0.0674  0.8894  0.4668  -1.2176   0.0000   0.0000   0.0000  -1.3069
  -2.500   0.0044   0.01032   0.00501  -0.0652  0.8734  0.6378  -1.0159   0.0000   0.0000   0.0000  15.2172
  -2.000   0.0528   0.01021   0.00505  -0.0625  0.8556  0.7308  -0.8224   0.0000   0.0000   0.0000   1.4472
  -1.500   0.1024   0.01024   0.00509  -0.0599  0.8403  0.7976  -0.6351   0.0000   0.0000   0.0000   0.8398
  -1.000   0.1519   0.01023   0.00504  -0.0572  0.8239  0.8424  -0.4903   0.0000   0.0000   0.0000   0.6284
   0.000   0.2496   0.01023   0.00495  -0.0517  0.7867  0.9193  -0.5734   0.0000   0.0000   0.0000   0.4562
   1.000   0.4110   0.01025   0.00471  -0.0600  0.7483  0.9675  -0.7101   0.0000   0.0000   0.0000   0.3939
   1.500   0.5019   0.01021   0.00455  -0.0670  0.7257  0.9836  -0.7953   0.0000   0.0000   0.0000   0.3809
   2.000   0.5867   0.01008   0.00435  -0.0732  0.6976  0.9992  -0.8831   0.0000   0.0000   0.0000   0.3717
   2.500   0.6226   0.01006   0.00427  -0.0698  0.6716  1.0000  -0.9468   0.0000   0.0000   0.0000   0.3586
   3.000   0.6551   0.01014   0.00428  -0.0655  0.6432  1.0000  -1.0123   0.0000   0.0000   0.0000   0.3460
   3.500   0.6925   0.01031   0.00433  -0.0619  0.6123  1.0000  -1.1053   0.0000   0.0000   0.0000   0.3349
   4.000   0.7350   0.01061   0.00450  -0.0592  0.5811  1.0000  -1.2128   0.0000   0.0000   0.0000   0.3256
   4.500   0.7792   0.01094   0.00477  -0.0568  0.5441  1.0000  -1.3744   0.0000   0.0000   0.0000   0.3176
   5.000   0.8248   0.01141   0.00510  -0.0547  0.5079  1.0000  -1.6481   0.0000   0.0000   0.0000   0.3105
   5.500   0.8690   0.01192   0.00552  -0.0525  0.4652  1.0000  -1.9678   0.0000   0.0000   0.0000   0.3041
   6.000   0.9139   0.01250   0.00605  -0.0505  0.4259  1.0000  -2.3038   0.0000   0.0000   0.0000   0.2984
   6.500   0.9561   0.01318   0.00661  -0.0481  0.3803  1.0000  -2.6462   0.0000   0.0000   0.0000   0.2929
   7.000   0.9966   0.01397   0.00729  -0.0455  0.3342  1.0000  -2.9956   0.0000   0.0000   0.0000   0.2877
   7.500   1.0347   0.01489   0.00813  -0.0427  0.2857  1.0000  -3.3469   0.0000   0.0000   0.0000   0.2826
   8.000   1.0694   0.01598   0.00908  -0.0394  0.2353  1.0000  -3.6935   0.0000   0.0000   0.0000   0.2776
   8.500   1.0961   0.01746   0.01026  -0.0352  0.1748  1.0000  -4.0140   0.0000   0.0000   0.0000   0.2722
   9.000   1.1172   0.01918   0.01169  -0.0302  0.1191  1.0000  -4.3120   0.0000   0.0000   0.0000   0.2666
   9.500   1.1299   0.02106   0.01341  -0.0240  0.0852  1.0000  -4.5869   0.0000   0.0000   0.0000   0.2601
  10.000   1.1418   0.02315   0.01547  -0.0183  0.0649  1.0000  -4.8463   0.0000   0.0000   0.0000   0.2542
  10.500   1.1505   0.02564   0.01800  -0.0130  0.0494  1.0000  -5.0698   0.0000   0.0000   0.0000   0.2487
  11.000   1.1590   0.02844   0.02093  -0.0084  0.0381  1.0000  -5.2499   0.0000   0.0000   0.0000   0.2440
  11.500   1.1523   0.03290   0.02553  -0.0034  0.0318  1.0000  -5.3008   0.0000   0.0000   0.0000   0.2389
  12.000   1.1628   0.03642   0.02928  -0.0004  0.0288  1.0000  -5.4642   0.0000   0.0000   0.0000   0.2355
  12.500   1.1726   0.04032   0.03338   0.0019  0.0269  1.0000  -5.6323   0.0000   0.0000   0.0000   0.2326
  13.000   1.1817   0.04458   0.03790   0.0038  0.0255  1.0000  -5.8013   0.0000   0.0000   0.0000   0.2302
  13.500   1.1888   0.04943   0.04299   0.0052  0.0246  1.0000  -5.9504   0.0000   0.0000   0.0000   0.2282
  14.000   1.1915   0.05516   0.04902   0.0060  0.0241  1.0000  -6.0592   0.0000   0.0000   0.0000   0.2267
  14.500   1.1863   0.06205   0.05628   0.0059  0.0238  1.0000  -6.1122   0.0000   0.0000   0.0000   0.2259
  15.000   1.1723   0.07036   0.06499   0.0043  0.0237  1.0000  -6.1063   0.0000   0.0000   0.0000   0.2262


