xflr5 v6.59

 Calculated polar for: revR_70_revT

 1 1 Reynolds number fixed          Mach number fixed         

 xtrf =   1.000 (top)        1.000 (bottom)
 Mach =   0.000     Re =     0.085 e 6     Ncrit =   9.000

  alpha     CL        CD       CDp       Cm    Top Xtr Bot Xtr   Cpmin    Chinge    XCp    
 ------- -------- --------- --------- -------- ------- ------- -------- --------- ---------
  -5.000  -0.2496   0.04168   0.03449  -0.0952  0.9325  0.0976  -2.5260   0.0000   0.0000   0.0000  -0.1449
  -4.500  -0.1678   0.03724   0.02943  -0.1027  0.9247  0.1071  -2.2725   0.0000   0.0000   0.0000  -0.3803
  -4.000  -0.1064   0.03431   0.02564  -0.1050  0.9132  0.1167  -2.1051   0.0000   0.0000   0.0000  -0.7632
  -3.500  -0.0285   0.03176   0.02275  -0.1099  0.9029  0.1446  -1.8578   0.0000   0.0000   0.0000  -3.6912
  -3.000   0.0367   0.03066   0.02179  -0.1126  0.8913  0.1974  -1.6432   0.0000   0.0000   0.0000   3.3815
  -2.500   0.1050   0.02967   0.02116  -0.1157  0.8790  0.2973  -1.4210   0.0000   0.0000   0.0000   1.3703
  -2.000   0.1668   0.02935   0.02146  -0.1175  0.8666  0.4453  -1.1980   0.0000   0.0000   0.0000   0.9641
  -1.500   0.2240   0.02908   0.02198  -0.1170  0.8532  0.6332  -0.9793   0.0000   0.0000   0.0000   0.7780
  -1.000   0.2494   0.02965   0.02295  -0.1098  0.8373  0.8012  -0.8305   0.0000   0.0000   0.0000   0.6941
  -0.500   0.3060   0.02927   0.02250  -0.1074  0.8251  1.0000  -0.6431   0.0000   0.0000   0.0000   0.6027
   0.000   0.3577   0.03041   0.02323  -0.1093  0.8059  1.0000  -0.6684   0.0000   0.0000   0.0000   0.5558
   1.000   0.4937   0.03175   0.02396  -0.1145  0.7773  1.0000  -0.7749   0.0000   0.0000   0.0000   0.4801
   2.000   0.6261   0.03255   0.02442  -0.1175  0.7490  1.0000  -0.8943   0.0000   0.0000   0.0000   0.4343
   2.500   0.6698   0.03359   0.02539  -0.1162  0.7285  1.0000  -0.9415   0.0000   0.0000   0.0000   0.4196
   3.500   0.7995   0.03326   0.02496  -0.1169  0.6999  1.0000  -1.0819   0.0000   0.0000   0.0000   0.3910
   4.000   0.8471   0.03379   0.02551  -0.1155  0.6797  1.0000  -1.1469   0.0000   0.0000   0.0000   0.3805
   5.000   0.9868   0.03158   0.02338  -0.1156  0.6525  1.0000  -1.3422   0.0000   0.0000   0.0000   0.3601
   5.500   1.0339   0.03176   0.02366  -0.1137  0.6307  1.0000  -1.4279   0.0000   0.0000   0.0000   0.3522
   6.000   1.0825   0.03194   0.02396  -0.1119  0.6095  1.0000  -1.5323   0.0000   0.0000   0.0000   0.3450
   6.500   1.1409   0.03124   0.02339  -0.1107  0.5888  1.0000  -1.6640   0.0000   0.0000   0.0000   0.3380
   7.000   1.2051   0.03018   0.02243  -0.1101  0.5673  1.0000  -1.8230   0.0000   0.0000   0.0000   0.3316
   7.500   1.2674   0.02934   0.02168  -0.1094  0.5430  1.0000  -2.0119   0.0000   0.0000   0.0000   0.3258
   8.000   1.3275   0.02867   0.02107  -0.1085  0.5148  1.0000  -2.2357   0.0000   0.0000   0.0000   0.3204
   8.500   1.3877   0.02833   0.02065  -0.1077  0.4846  1.0000  -2.5083   0.0000   0.0000   0.0000   0.3155
   9.000   1.4233   0.02919   0.02159  -0.1043  0.4503  1.0000  -2.7760   0.0000   0.0000   0.0000   0.3103
   9.500   1.4619   0.02997   0.02236  -0.1012  0.4156  1.0000  -3.0805   0.0000   0.0000   0.0000   0.3054
  10.000   1.4960   0.03118   0.02359  -0.0977  0.3814  1.0000  -3.3875   0.0000   0.0000   0.0000   0.3007
  10.500   1.5109   0.03284   0.02532  -0.0919  0.3464  1.0000  -3.6415   0.0000   0.0000   0.0000   0.2954
  11.000   1.5304   0.03456   0.02683  -0.0869  0.3118  1.0000  -3.9213   0.0000   0.0000   0.0000   0.2904
  11.500   1.5278   0.03737   0.02980  -0.0802  0.2809  1.0000  -4.1092   0.0000   0.0000   0.0000   0.2852
  12.000   1.5277   0.04055   0.03301  -0.0746  0.2502  1.0000  -4.3065   0.0000   0.0000   0.0000   0.2807
  12.500   1.5264   0.04415   0.03656  -0.0697  0.2204  1.0000  -4.5007   0.0000   0.0000   0.0000   0.2765
  13.000   1.5226   0.04848   0.04081  -0.0654  0.1926  1.0000  -4.6774   0.0000   0.0000   0.0000   0.2728
  13.500   1.5136   0.05353   0.04594  -0.0616  0.1688  1.0000  -4.8232   0.0000   0.0000   0.0000   0.2695
  14.000   1.5093   0.05879   0.05122  -0.0584  0.1471  1.0000  -4.9788   0.0000   0.0000   0.0000   0.2665
  14.500   1.4990   0.06467   0.05725  -0.0559  0.1297  1.0000  -5.1024   0.0000   0.0000   0.0000   0.2641
  15.000   1.4841   0.07170   0.06462  -0.0541  0.1154  1.0000  -5.1825   0.0000   0.0000   0.0000   0.2622


