xflr5 v6.59

 Calculated polar for: revR_90_revT

 1 1 Reynolds number fixed          Mach number fixed         

 xtrf =   1.000 (top)        1.000 (bottom)
 Mach =   0.000     Re =     0.160 e 6     Ncrit =   9.000

  alpha     CL        CD       CDp       Cm    Top Xtr Bot Xtr   Cpmin    Chinge    XCp    
 ------- -------- --------- --------- -------- ------- ------- -------- --------- ---------
  -5.000   0.0642   0.02437   0.01694  -0.1467  0.8509  0.0738  -2.2096   0.0000   0.0000   0.0000   2.5922
  -4.500   0.1276   0.02174   0.01406  -0.1481  0.8449  0.0851  -1.9997   0.0000   0.0000   0.0000   1.4376
  -4.000   0.1724   0.02104   0.01333  -0.1469  0.8336  0.1053  -1.8119   0.0000   0.0000   0.0000   1.1197
  -3.500   0.2309   0.02016   0.01239  -0.1473  0.8244  0.1438  -1.5905   0.0000   0.0000   0.0000   0.8998
  -3.000   0.2949   0.01905   0.01152  -0.1487  0.8181  0.2184  -1.3540   0.0000   0.0000   0.0000   0.7621
  -2.500   0.3416   0.01902   0.01177  -0.1480  0.8052  0.2998  -1.1498   0.0000   0.0000   0.0000   0.6886
  -2.000   0.4006   0.01847   0.01154  -0.1485  0.7968  0.4041  -0.9301   0.0000   0.0000   0.0000   0.6243
  -1.500   0.4624   0.01786   0.01127  -0.1488  0.7905  0.5328  -0.7706   0.0000   0.0000   0.0000   0.5738
  -1.000   0.5033   0.01809   0.01195  -0.1462  0.7759  0.6614  -0.8027   0.0000   0.0000   0.0000   0.5414
  -0.500   0.5535   0.01765   0.01169  -0.1431  0.7678  0.7817  -0.8444   0.0000   0.0000   0.0000   0.5085
   0.000   0.5854   0.01788   0.01204  -0.1374  0.7549  0.8741  -0.8733   0.0000   0.0000   0.0000   0.4839
   0.500   0.6413   0.01742   0.01152  -0.1364  0.7449  1.0000  -0.9183   0.0000   0.0000   0.0000   0.4610
   1.000   0.7111   0.01725   0.01107  -0.1389  0.7371  1.0000  -0.9782   0.0000   0.0000   0.0000   0.4428
   1.500   0.7644   0.01755   0.01126  -0.1390  0.7215  1.0000  -1.0295   0.0000   0.0000   0.0000   0.4286
   2.000   0.8324   0.01722   0.01072  -0.1406  0.7136  1.0000  -1.0944   0.0000   0.0000   0.0000   0.4150
   2.500   0.8815   0.01772   0.01122  -0.1399  0.6976  1.0000  -1.1509   0.0000   0.0000   0.0000   0.4042
   3.000   0.9495   0.01717   0.01046  -0.1412  0.6876  1.0000  -1.2285   0.0000   0.0000   0.0000   0.3935
   3.500   0.9980   0.01752   0.01086  -0.1402  0.6705  1.0000  -1.2895   0.0000   0.0000   0.0000   0.3845
   4.000   1.0600   0.01729   0.01053  -0.1407  0.6580  1.0000  -1.3644   0.0000   0.0000   0.0000   0.3762
   4.500   1.1141   0.01727   0.01051  -0.1402  0.6411  1.0000  -1.4456   0.0000   0.0000   0.0000   0.3686
   5.000   1.1668   0.01734   0.01059  -0.1395  0.6226  1.0000  -1.5269   0.0000   0.0000   0.0000   0.3616
   5.500   1.2234   0.01733   0.01053  -0.1393  0.6054  1.0000  -1.6267   0.0000   0.0000   0.0000   0.3552
   6.000   1.2789   0.01739   0.01054  -0.1390  0.5861  1.0000  -1.7335   0.0000   0.0000   0.0000   0.3493
   6.500   1.3272   0.01765   0.01082  -0.1376  0.5624  1.0000  -1.8550   0.0000   0.0000   0.0000   0.3435
   7.000   1.3741   0.01808   0.01127  -0.1360  0.5380  1.0000  -1.9805   0.0000   0.0000   0.0000   0.3380
   7.500   1.4195   0.01862   0.01179  -0.1342  0.5119  1.0000  -2.1308   0.0000   0.0000   0.0000   0.3328
   8.000   1.4623   0.01932   0.01241  -0.1321  0.4840  1.0000  -2.2864   0.0000   0.0000   0.0000   0.3278
   8.500   1.4988   0.02023   0.01335  -0.1291  0.4556  1.0000  -2.4446   0.0000   0.0000   0.0000   0.3228
   9.000   1.5279   0.02130   0.01446  -0.1250  0.4257  1.0000  -2.6413   0.0000   0.0000   0.0000   0.3176
   9.500   1.5511   0.02257   0.01574  -0.1201  0.3972  1.0000  -2.8632   0.0000   0.0000   0.0000   0.3124
  10.000   1.5711   0.02413   0.01734  -0.1152  0.3699  1.0000  -3.1094   0.0000   0.0000   0.0000   0.3074
  10.500   1.5847   0.02608   0.01928  -0.1098  0.3413  1.0000  -3.3402   0.0000   0.0000   0.0000   0.3025
  11.000   1.5957   0.02843   0.02163  -0.1049  0.3140  1.0000  -3.5666   0.0000   0.0000   0.0000   0.2980
  11.500   1.6056   0.03115   0.02438  -0.1003  0.2884  1.0000  -3.7914   0.0000   0.0000   0.0000   0.2938
  12.000   1.6118   0.03434   0.02760  -0.0960  0.2630  1.0000  -4.0102   0.0000   0.0000   0.0000   0.2899
  12.500   1.6133   0.03809   0.03139  -0.0918  0.2373  1.0000  -4.2164   0.0000   0.0000   0.0000   0.2863
  13.000   1.6113   0.04240   0.03572  -0.0881  0.2125  1.0000  -4.4094   0.0000   0.0000   0.0000   0.2829
  13.500   1.6074   0.04720   0.04056  -0.0847  0.1892  1.0000  -4.5941   0.0000   0.0000   0.0000   0.2799
  14.000   1.6028   0.05247   0.04589  -0.0820  0.1675  1.0000  -4.7739   0.0000   0.0000   0.0000   0.2773
  14.500   1.5969   0.05824   0.05174  -0.0798  0.1481  1.0000  -4.9451   0.0000   0.0000   0.0000   0.2750
  15.000   1.5893   0.06452   0.05807  -0.0780  0.1309  1.0000  -5.1055   0.0000   0.0000   0.0000   0.2730


