xflr5 v6.59

 Calculated polar for: revR_20_revT

 1 1 Reynolds number fixed          Mach number fixed         

 xtrf =   1.000 (top)        1.000 (bottom)
 Mach =   0.000     Re =     0.185 e 6     Ncrit =   9.000

  alpha     CL        CD       CDp       Cm    Top Xtr Bot Xtr   Cpmin    Chinge    XCp    
 ------- -------- --------- --------- -------- ------- ------- -------- --------- ---------
  -5.000  -0.2254   0.01801   0.01049  -0.0784  0.9257  0.0756  -2.5242   0.0000   0.0000   0.0000  -0.1089
  -4.500  -0.1505   0.01586   0.00830  -0.0823  0.9197  0.1047  -2.1700   0.0000   0.0000   0.0000  -0.3116
  -4.000  -0.1021   0.01477   0.00746  -0.0812  0.9039  0.1635  -1.8647   0.0000   0.0000   0.0000  -0.5641
  -3.500  -0.0366   0.01357   0.00673  -0.0834  0.8943  0.2814  -1.5095   0.0000   0.0000   0.0000  -2.0710
  -3.000   0.0109   0.01277   0.00640  -0.0819  0.8785  0.4138  -1.2497   0.0000   0.0000   0.0000   7.8864
  -2.500   0.0606   0.01207   0.00635  -0.0802  0.8653  0.5901  -1.0450   0.0000   0.0000   0.0000   1.5898
  -2.000   0.1115   0.01180   0.00636  -0.0778  0.8514  0.7142  -0.8446   0.0000   0.0000   0.0000   0.9546
  -1.500   0.1569   0.01184   0.00647  -0.0743  0.8351  0.7901  -0.6629   0.0000   0.0000   0.0000   0.7268
  -1.000   0.2073   0.01183   0.00640  -0.0715  0.8226  0.8476  -0.5370   0.0000   0.0000   0.0000   0.5964
  -0.500   0.2515   0.01179   0.00634  -0.0677  0.8056  0.8952  -0.5757   0.0000   0.0000   0.0000   0.5190
   0.000   0.3138   0.01176   0.00624  -0.0675  0.7894  0.9363  -0.6245   0.0000   0.0000   0.0000   0.4643
   0.500   0.4032   0.01168   0.00598  -0.0733  0.7750  0.9656  -0.6958   0.0000   0.0000   0.0000   0.4301
   1.000   0.5058   0.01151   0.00569  -0.0825  0.7563  0.9858  -0.7787   0.0000   0.0000   0.0000   0.4109
   1.500   0.5835   0.01132   0.00541  -0.0873  0.7353  1.0000  -0.8530   0.0000   0.0000   0.0000   0.3969
   2.000   0.6146   0.01131   0.00533  -0.0830  0.7138  1.0000  -0.9009   0.0000   0.0000   0.0000   0.3818
   2.500   0.6494   0.01136   0.00528  -0.0790  0.6911  1.0000  -0.9559   0.0000   0.0000   0.0000   0.3679
   3.000   0.6911   0.01147   0.00531  -0.0761  0.6677  1.0000  -1.0230   0.0000   0.0000   0.0000   0.3560
   3.500   0.7376   0.01160   0.00536  -0.0741  0.6420  1.0000  -1.1009   0.0000   0.0000   0.0000   0.3458
   4.000   0.7862   0.01179   0.00544  -0.0724  0.6145  1.0000  -1.2049   0.0000   0.0000   0.0000   0.3370
   4.500   0.8351   0.01207   0.00563  -0.0708  0.5846  1.0000  -1.3194   0.0000   0.0000   0.0000   0.3292
   5.000   0.8820   0.01241   0.00595  -0.0689  0.5507  1.0000  -1.4688   0.0000   0.0000   0.0000   0.3220
   5.500   0.9293   0.01288   0.00630  -0.0671  0.5164  1.0000  -1.7244   0.0000   0.0000   0.0000   0.3156
   6.000   0.9734   0.01339   0.00677  -0.0649  0.4766  1.0000  -2.0328   0.0000   0.0000   0.0000   0.3094
   6.500   1.0172   0.01405   0.00733  -0.0627  0.4400  1.0000  -2.3541   0.0000   0.0000   0.0000   0.3038
   7.000   1.0570   0.01478   0.00795  -0.0599  0.3975  1.0000  -2.6763   0.0000   0.0000   0.0000   0.2982
   7.500   1.0949   0.01559   0.00877  -0.0569  0.3552  1.0000  -3.0025   0.0000   0.0000   0.0000   0.2929
   8.000   1.1293   0.01654   0.00965  -0.0534  0.3125  1.0000  -3.3260   0.0000   0.0000   0.0000   0.2876
   8.500   1.1584   0.01767   0.01068  -0.0492  0.2678  1.0000  -3.6444   0.0000   0.0000   0.0000   0.2821
   9.000   1.1791   0.01900   0.01187  -0.0438  0.2208  1.0000  -3.9446   0.0000   0.0000   0.0000   0.2762
   9.500   1.1909   0.02064   0.01338  -0.0374  0.1747  1.0000  -4.2108   0.0000   0.0000   0.0000   0.2697
  10.000   1.1990   0.02278   0.01532  -0.0312  0.1331  1.0000  -4.4580   0.0000   0.0000   0.0000   0.2636
  10.500   1.2054   0.02534   0.01769  -0.0258  0.0993  1.0000  -4.6946   0.0000   0.0000   0.0000   0.2583
  11.000   1.2106   0.02830   0.02060  -0.0211  0.0768  1.0000  -4.9149   0.0000   0.0000   0.0000   0.2535
  11.500   1.2192   0.03139   0.02380  -0.0174  0.0620  1.0000  -5.1319   0.0000   0.0000   0.0000   0.2495
  12.000   1.2184   0.03556   0.02808  -0.0136  0.0505  1.0000  -5.2689   0.0000   0.0000   0.0000   0.2456
  12.500   1.2185   0.04000   0.03262  -0.0109  0.0416  1.0000  -5.3978   0.0000   0.0000   0.0000   0.2425
  13.000   1.2177   0.04537   0.03819  -0.0083  0.0361  1.0000  -5.4505   0.0000   0.0000   0.0000   0.2394
  13.500   1.2266   0.04998   0.04314  -0.0067  0.0331  1.0000  -5.5772   0.0000   0.0000   0.0000   0.2373
  14.000   1.2337   0.05510   0.04852  -0.0057  0.0311  1.0000  -5.6985   0.0000   0.0000   0.0000   0.2355
  14.500   1.2367   0.06094   0.05466  -0.0052  0.0298  1.0000  -5.8013   0.0000   0.0000   0.0000   0.2342
  15.000   1.2342   0.06781   0.06186  -0.0057  0.0289  1.0000  -5.8687   0.0000   0.0000   0.0000   0.2336


