xflr5 v6.59

 Calculated polar for: revR_25_revT

 1 1 Reynolds number fixed          Mach number fixed         

 xtrf =   1.000 (top)        1.000 (bottom)
 Mach =   0.000     Re =     0.360 e 6     Ncrit =   9.000

  alpha     CL        CD       CDp       Cm    Top Xtr Bot Xtr   Cpmin    Chinge    XCp    
 ------- -------- --------- --------- -------- ------- ------- -------- --------- ---------
  -5.000  -0.1663   0.01245   0.00577  -0.0859  0.8700  0.0562  -2.4864   0.0000   0.0000   0.0000  -0.2814
  -4.500  -0.1142   0.01146   0.00471  -0.0852  0.8558  0.0777  -2.1591   0.0000   0.0000   0.0000  -0.5142
  -4.000  -0.0610   0.01073   0.00409  -0.0848  0.8429  0.1237  -1.8189   0.0000   0.0000   0.0000  -1.1704
  -3.500  -0.0073   0.01014   0.00369  -0.0845  0.8298  0.1909  -1.4952   0.0000   0.0000   0.0000  -11.5258
  -3.000   0.0464   0.00960   0.00343  -0.0843  0.8175  0.2845  -1.2350   0.0000   0.0000   0.0000   2.0944
  -2.500   0.0997   0.00901   0.00317  -0.0839  0.8039  0.4036  -1.0221   0.0000   0.0000   0.0000   1.1012
  -2.000   0.1524   0.00849   0.00309  -0.0833  0.7909  0.5418  -0.8194   0.0000   0.0000   0.0000   0.8016
  -1.500   0.2046   0.00818   0.00310  -0.0822  0.7780  0.6716  -0.6256   0.0000   0.0000   0.0000   0.6536
  -1.000   0.2572   0.00806   0.00313  -0.0810  0.7635  0.7459  -0.5755   0.0000   0.0000   0.0000   0.5653
  -0.500   0.3101   0.00805   0.00313  -0.0797  0.7492  0.7972  -0.6188   0.0000   0.0000   0.0000   0.5065
   0.000   0.3620   0.00802   0.00312  -0.0782  0.7344  0.8369  -0.6629   0.0000   0.0000   0.0000   0.4648
   0.500   0.4128   0.00801   0.00313  -0.0765  0.7178  0.8741  -0.7104   0.0000   0.0000   0.0000   0.4335
   1.000   0.4614   0.00798   0.00309  -0.0742  0.7011  0.9100  -0.7601   0.0000   0.0000   0.0000   0.4084
   1.500   0.5135   0.00795   0.00300  -0.0727  0.6828  0.9490  -0.8167   0.0000   0.0000   0.0000   0.3887
   2.000   0.5866   0.00793   0.00294  -0.0761  0.6612  0.9846  -0.8892   0.0000   0.0000   0.0000   0.3764
   2.500   0.6512   0.00801   0.00293  -0.0783  0.6378  1.0000  -0.9639   0.0000   0.0000   0.0000   0.3664
   3.000   0.7038   0.00821   0.00302  -0.0779  0.6133  1.0000  -1.0361   0.0000   0.0000   0.0000   0.3563
   3.500   0.7572   0.00846   0.00317  -0.0776  0.5856  1.0000  -1.1186   0.0000   0.0000   0.0000   0.3476
   4.000   0.8103   0.00876   0.00339  -0.0771  0.5554  1.0000  -1.2208   0.0000   0.0000   0.0000   0.3399
   4.500   0.8626   0.00913   0.00366  -0.0766  0.5232  1.0000  -1.3349   0.0000   0.0000   0.0000   0.3329
   5.000   0.9141   0.00960   0.00400  -0.0759  0.4892  1.0000  -1.4848   0.0000   0.0000   0.0000   0.3267
   5.500   0.9648   0.01010   0.00441  -0.0751  0.4515  1.0000  -1.7304   0.0000   0.0000   0.0000   0.3209
   6.000   1.0149   0.01068   0.00491  -0.0743  0.4154  1.0000  -2.0559   0.0000   0.0000   0.0000   0.3157
   6.500   1.0626   0.01141   0.00547  -0.0732  0.3695  1.0000  -2.3902   0.0000   0.0000   0.0000   0.3108
   7.000   1.1090   0.01225   0.00615  -0.0720  0.3215  1.0000  -2.7397   0.0000   0.0000   0.0000   0.3062
   7.500   1.1530   0.01327   0.00694  -0.0705  0.2668  1.0000  -3.1068   0.0000   0.0000   0.0000   0.3018
   8.000   1.1959   0.01437   0.00785  -0.0689  0.2205  1.0000  -3.4835   0.0000   0.0000   0.0000   0.2976
   8.500   1.2366   0.01559   0.00890  -0.0671  0.1770  1.0000  -3.8634   0.0000   0.0000   0.0000   0.2936
   9.000   1.2725   0.01710   0.01021  -0.0647  0.1303  1.0000  -4.2341   0.0000   0.0000   0.0000   0.2895
   9.500   1.3039   0.01875   0.01168  -0.0617  0.0937  1.0000  -4.5928   0.0000   0.0000   0.0000   0.2853
  10.000   1.3321   0.02041   0.01328  -0.0584  0.0697  1.0000  -4.9417   0.0000   0.0000   0.0000   0.2810
  10.500   1.3565   0.02234   0.01519  -0.0548  0.0519  1.0000  -5.2705   0.0000   0.0000   0.0000   0.2769
  11.000   1.3746   0.02482   0.01768  -0.0511  0.0373  1.0000  -5.5518   0.0000   0.0000   0.0000   0.2728
  11.500   1.3791   0.02860   0.02152  -0.0469  0.0255  1.0000  -5.7050   0.0000   0.0000   0.0000   0.2688
  12.000   1.3925   0.03189   0.02505  -0.0441  0.0221  1.0000  -5.9242   0.0000   0.0000   0.0000   0.2656
  12.500   1.3993   0.03599   0.02933  -0.0416  0.0201  1.0000  -6.1224   0.0000   0.0000   0.0000   0.2627
  13.000   1.3989   0.04105   0.03459  -0.0394  0.0188  1.0000  -6.2753   0.0000   0.0000   0.0000   0.2602
  13.500   1.3911   0.04711   0.04090  -0.0375  0.0179  1.0000  -6.3745   0.0000   0.0000   0.0000   0.2580
  14.000   1.3787   0.05396   0.04804  -0.0360  0.0171  1.0000  -6.4296   0.0000   0.0000   0.0000   0.2562
  14.500   1.3657   0.06124   0.05563  -0.0347  0.0166  1.0000  -6.4644   0.0000   0.0000   0.0000   0.2545
  15.000   1.3667   0.06742   0.06204  -0.0351  0.0164  1.0000  -6.6366   0.0000   0.0000   0.0000   0.2538


