xflr5 v6.59

 Calculated polar for: revR_90_revT

 1 1 Reynolds number fixed          Mach number fixed         

 xtrf =   1.000 (top)        1.000 (bottom)
 Mach =   0.000     Re =     0.060 e 6     Ncrit =   9.000

  alpha     CL        CD       CDp       Cm    Top Xtr Bot Xtr   Cpmin    Chinge    XCp    
 ------- -------- --------- --------- -------- ------- ------- -------- --------- ---------
  -5.000  -0.4788   0.10061   0.09603  -0.0041  1.0000  0.2438  -1.6272   0.0000   0.0000   0.0000   0.2352
  -4.000  -0.4223   0.08710   0.08249  -0.0150  0.9824  0.2915  -1.5377   0.0000   0.0000   0.0000   0.2084
  -3.000  -0.0962   0.04451   0.03573  -0.1034  0.9492  0.1530  -1.9083   0.0000   0.0000   0.0000  -0.8524
  -2.500  -0.0329   0.04298   0.03381  -0.1070  0.9368  0.1829  -1.7504   0.0000   0.0000   0.0000  -3.0711
  -2.000   0.0726   0.04233   0.03299  -0.1167  0.9218  0.2594  -1.5152   0.0000   0.0000   0.0000   1.8849
  -1.500   0.1118   0.04195   0.03291  -0.1157  0.9066  0.3467  -1.3678   0.0000   0.0000   0.0000   1.3004
  -1.000   0.1870   0.04232   0.03391  -0.1195  0.8912  0.5243  -1.1372   0.0000   0.0000   0.0000   0.8967
  -0.500   0.2230   0.04260   0.03506  -0.1149  0.8755  0.7289  -0.9750   0.0000   0.0000   0.0000   0.7698
   0.000   0.2396   0.04282   0.03541  -0.1081  0.8593  1.0000  -0.8568   0.0000   0.0000   0.0000   0.7043
   0.500   0.3282   0.04512   0.03690  -0.1159  0.8409  1.0000  -0.6465   0.0000   0.0000   0.0000   0.6038
   1.000   0.3696   0.04706   0.03848  -0.1164  0.8225  1.0000  -0.6739   0.0000   0.0000   0.0000   0.5643
   1.500   0.4154   0.04926   0.04036  -0.1171  0.8020  1.0000  -0.7077   0.0000   0.0000   0.0000   0.5301
   2.000   0.4708   0.05145   0.04228  -0.1187  0.7818  1.0000  -0.7506   0.0000   0.0000   0.0000   0.4994
   2.500   0.5544   0.05325   0.04381  -0.1232  0.7649  1.0000  -0.8201   0.0000   0.0000   0.0000   0.4685
   3.000   0.5770   0.05574   0.04622  -0.1210  0.7428  1.0000  -0.8432   0.0000   0.0000   0.0000   0.4553
   3.500   0.6120   0.05827   0.04865  -0.1200  0.7206  1.0000  -0.8789   0.0000   0.0000   0.0000   0.4410
   4.000   0.6527   0.06071   0.05103  -0.1195  0.6986  1.0000  -0.9194   0.0000   0.0000   0.0000   0.4273
   4.500   0.6994   0.06308   0.05336  -0.1196  0.6787  1.0000  -0.9670   0.0000   0.0000   0.0000   0.4144
   5.000   0.7812   0.06351   0.05377  -0.1216  0.6617  1.0000  -1.0600   0.0000   0.0000   0.0000   0.3984
   5.500   0.8013   0.06678   0.05708  -0.1194  0.6385  1.0000  -1.0912   0.0000   0.0000   0.0000   0.3911
   6.000   0.8279   0.06980   0.06016  -0.1177  0.6151  1.0000  -1.1292   0.0000   0.0000   0.0000   0.3835
   7.000   0.8815   0.07635   0.06689  -0.1145  0.5696  1.0000  -1.2205   0.0000   0.0000   0.0000   0.3698
   8.000   1.0022   0.07734   0.06816  -0.1128  0.5347  1.0000  -1.4339   0.0000   0.0000   0.0000   0.3509
   9.000   1.0220   0.08693   0.07803  -0.1086  0.4866  1.0000  -1.5233   0.0000   0.0000   0.0000   0.3432
   9.500   1.0184   0.09390   0.08515  -0.1072  0.4635  1.0000  -1.5389   0.0000   0.0000   0.0000   0.3415
  10.000   1.0234   0.09993   0.09133  -0.1059  0.4406  1.0000  -1.5764   0.0000   0.0000   0.0000   0.3390
  12.500   1.5635   0.05732   0.05000  -0.0883  0.3318  1.0000  -3.7864   0.0000   0.0000   0.0000   0.2866
  13.500   1.5144   0.06985   0.06299  -0.0784  0.2851  1.0000  -3.9285   0.0000   0.0000   0.0000   0.2799
  14.500   1.5301   0.07747   0.07077  -0.0720  0.2348  1.0000  -4.3350   0.0000   0.0000   0.0000   0.2731
  15.000   1.3943   0.10191   0.09561  -0.0745  0.2323  1.0000  -3.8475   0.0000   0.0000   0.0000   0.2786


