xflr5 v6.59

 Calculated polar for: revR_65_revT

 1 1 Reynolds number fixed          Mach number fixed         

 xtrf =   1.000 (top)        1.000 (bottom)
 Mach =   0.000     Re =     0.120 e 6     Ncrit =   9.000

  alpha     CL        CD       CDp       Cm    Top Xtr Bot Xtr   Cpmin    Chinge    XCp    
 ------- -------- --------- --------- -------- ------- ------- -------- --------- ---------
  -5.000  -0.1030   0.02797   0.02014  -0.1167  0.9003  0.0843  -2.3978   0.0000   0.0000   0.0000  -0.9143
  -4.500  -0.0551   0.02679   0.01867  -0.1159  0.8878  0.0967  -2.1495   0.0000   0.0000   0.0000  -1.9059
  -4.000   0.0174   0.02446   0.01613  -0.1192  0.8797  0.1201  -1.8790   0.0000   0.0000   0.0000   7.2724
  -3.500   0.0996   0.02266   0.01454  -0.1242  0.8740  0.1818  -1.6080   0.0000   0.0000   0.0000   1.5207
  -3.000   0.1422   0.02221   0.01438  -0.1228  0.8584  0.2615  -1.4196   0.0000   0.0000   0.0000   1.1270
  -2.500   0.2152   0.02116   0.01381  -0.1257  0.8511  0.3982  -1.1604   0.0000   0.0000   0.0000   0.8418
  -2.000   0.2590   0.02109   0.01431  -0.1239  0.8362  0.5389  -0.9690   0.0000   0.0000   0.0000   0.7334
  -1.500   0.3158   0.02061   0.01429  -0.1220  0.8273  0.7025  -0.7545   0.0000   0.0000   0.0000   0.6393
  -1.000   0.3453   0.02110   0.01496  -0.1157  0.8112  0.8118  -0.6613   0.0000   0.0000   0.0000   0.5870
  -0.500   0.3869   0.02047   0.01433  -0.1095  0.8018  0.9190  -0.6984   0.0000   0.0000   0.0000   0.5337
   0.000   0.4525   0.02082   0.01450  -0.1126  0.7858  1.0000  -0.7433   0.0000   0.0000   0.0000   0.4982
   0.500   0.5270   0.02041   0.01380  -0.1155  0.7773  1.0000  -0.8050   0.0000   0.0000   0.0000   0.4677
   1.000   0.5784   0.02095   0.01417  -0.1155  0.7598  1.0000  -0.8501   0.0000   0.0000   0.0000   0.4475
   1.500   0.6507   0.02035   0.01336  -0.1171  0.7515  1.0000  -0.9167   0.0000   0.0000   0.0000   0.4271
   2.000   0.6994   0.02088   0.01382  -0.1163  0.7328  1.0000  -0.9697   0.0000   0.0000   0.0000   0.4129
   2.500   0.7568   0.02097   0.01383  -0.1162  0.7183  1.0000  -1.0308   0.0000   0.0000   0.0000   0.3995
   3.000   0.8218   0.02036   0.01312  -0.1166  0.7051  1.0000  -1.1037   0.0000   0.0000   0.0000   0.3872
   3.500   0.8733   0.02062   0.01338  -0.1157  0.6864  1.0000  -1.1720   0.0000   0.0000   0.0000   0.3772
   4.000   0.9320   0.02042   0.01316  -0.1154  0.6704  1.0000  -1.2502   0.0000   0.0000   0.0000   0.3680
   4.500   0.9973   0.01971   0.01237  -0.1157  0.6545  1.0000  -1.3484   0.0000   0.0000   0.0000   0.3595
   5.000   1.0492   0.01980   0.01251  -0.1147  0.6334  1.0000  -1.4389   0.0000   0.0000   0.0000   0.3522
   5.500   1.1030   0.01977   0.01252  -0.1138  0.6112  1.0000  -1.5532   0.0000   0.0000   0.0000   0.3454
   6.000   1.1573   0.01971   0.01247  -0.1129  0.5872  1.0000  -1.6783   0.0000   0.0000   0.0000   0.3391
   6.500   1.2106   0.01980   0.01255  -0.1119  0.5616  1.0000  -1.8270   0.0000   0.0000   0.0000   0.3333
   7.000   1.2637   0.01998   0.01265  -0.1109  0.5334  1.0000  -1.9991   0.0000   0.0000   0.0000   0.3279
   7.500   1.3069   0.02062   0.01337  -0.1086  0.5019  1.0000  -2.1901   0.0000   0.0000   0.0000   0.3225
   8.000   1.3494   0.02127   0.01405  -0.1063  0.4681  1.0000  -2.4127   0.0000   0.0000   0.0000   0.3174
   8.500   1.3917   0.02210   0.01475  -0.1039  0.4344  1.0000  -2.7129   0.0000   0.0000   0.0000   0.3126
   9.000   1.4242   0.02326   0.01601  -0.1004  0.4003  1.0000  -2.9979   0.0000   0.0000   0.0000   0.3076
   9.500   1.4540   0.02451   0.01714  -0.0965  0.3650  1.0000  -3.2860   0.0000   0.0000   0.0000   0.3027
  10.000   1.4716   0.02608   0.01883  -0.0911  0.3307  1.0000  -3.5419   0.0000   0.0000   0.0000   0.2974
  10.500   1.4848   0.02801   0.02076  -0.0856  0.2985  1.0000  -3.7896   0.0000   0.0000   0.0000   0.2923
  11.000   1.4942   0.03045   0.02307  -0.0803  0.2667  1.0000  -4.0260   0.0000   0.0000   0.0000   0.2875
  11.500   1.4951   0.03354   0.02628  -0.0751  0.2346  1.0000  -4.2278   0.0000   0.0000   0.0000   0.2830
  12.000   1.4937   0.03727   0.02999  -0.0705  0.2040  1.0000  -4.4200   0.0000   0.0000   0.0000   0.2791
  12.500   1.4900   0.04166   0.03428  -0.0666  0.1762  1.0000  -4.6050   0.0000   0.0000   0.0000   0.2756
  13.000   1.4861   0.04649   0.03903  -0.0631  0.1510  1.0000  -4.7832   0.0000   0.0000   0.0000   0.2723
  13.500   1.4801   0.05183   0.04444  -0.0601  0.1291  1.0000  -4.9458   0.0000   0.0000   0.0000   0.2695
  14.000   1.4720   0.05768   0.05047  -0.0581  0.1118  1.0000  -5.0928   0.0000   0.0000   0.0000   0.2673
  14.500   1.4676   0.06368   0.05666  -0.0562  0.0966  1.0000  -5.2383   0.0000   0.0000   0.0000   0.2651
  15.000   1.4628   0.06988   0.06291  -0.0545  0.0839  1.0000  -5.3766   0.0000   0.0000   0.0000   0.2631


