xflr5 v6.59

 Calculated polar for: revR_85_revT

 1 1 Reynolds number fixed          Mach number fixed         

 xtrf =   1.000 (top)        1.000 (bottom)
 Mach =   0.000     Re =     0.365 e 6     Ncrit =   9.000

  alpha     CL        CD       CDp       Cm    Top Xtr Bot Xtr   Cpmin    Chinge    XCp    
 ------- -------- --------- --------- -------- ------- ------- -------- --------- ---------
  -5.000   0.0795   0.01374   0.00704  -0.1411  0.7982  0.0497  -2.3036   0.0000   0.0000   0.0000   2.0692
  -4.500   0.1349   0.01272   0.00593  -0.1414  0.7905  0.0609  -2.0522   0.0000   0.0000   0.0000   1.3206
  -4.000   0.1909   0.01201   0.00524  -0.1416  0.7821  0.0827  -1.8009   0.0000   0.0000   0.0000   1.0058
  -3.500   0.2480   0.01143   0.00469  -0.1419  0.7740  0.1209  -1.5490   0.0000   0.0000   0.0000   0.8315
  -3.000   0.3050   0.01109   0.00449  -0.1424  0.7660  0.1814  -1.3047   0.0000   0.0000   0.0000   0.7231
  -2.500   0.3612   0.01069   0.00431  -0.1427  0.7574  0.2525  -1.0719   0.0000   0.0000   0.0000   0.6492
  -2.000   0.4187   0.01036   0.00413  -0.1431  0.7491  0.3263  -0.8553   0.0000   0.0000   0.0000   0.5943
  -1.500   0.4756   0.01011   0.00408  -0.1435  0.7397  0.4235  -0.7851   0.0000   0.0000   0.0000   0.5528
  -1.000   0.5316   0.00979   0.00407  -0.1436  0.7304  0.5283  -0.8259   0.0000   0.0000   0.0000   0.5203
  -0.500   0.5874   0.00950   0.00409  -0.1433  0.7214  0.6532  -0.8700   0.0000   0.0000   0.0000   0.4934
   0.000   0.6410   0.00945   0.00422  -0.1425  0.7111  0.7459  -0.9144   0.0000   0.0000   0.0000   0.4709
   0.500   0.6932   0.00935   0.00423  -0.1413  0.7001  0.8118  -0.9588   0.0000   0.0000   0.0000   0.4516
   1.000   0.7433   0.00935   0.00425  -0.1395  0.6893  0.8695  -1.0088   0.0000   0.0000   0.0000   0.4348
   1.500   0.7879   0.00918   0.00419  -0.1366  0.6775  0.9324  -1.0555   0.0000   0.0000   0.0000   0.4198
   2.000   0.8508   0.00915   0.00405  -0.1380  0.6642  1.0000  -1.1191   0.0000   0.0000   0.0000   0.4080
   2.500   0.9084   0.00924   0.00409  -0.1386  0.6501  1.0000  -1.1840   0.0000   0.0000   0.0000   0.3977
   3.000   0.9655   0.00942   0.00418  -0.1390  0.6354  1.0000  -1.2492   0.0000   0.0000   0.0000   0.3885
   3.500   1.0213   0.00960   0.00423  -0.1390  0.6175  1.0000  -1.3182   0.0000   0.0000   0.0000   0.3800
   4.000   1.0757   0.00982   0.00445  -0.1389  0.6000  1.0000  -1.3948   0.0000   0.0000   0.0000   0.3724
   4.500   1.1294   0.01010   0.00469  -0.1387  0.5807  1.0000  -1.4730   0.0000   0.0000   0.0000   0.3654
   5.000   1.1816   0.01045   0.00497  -0.1382  0.5586  1.0000  -1.5643   0.0000   0.0000   0.0000   0.3589
   5.500   1.2325   0.01088   0.00533  -0.1374  0.5358  1.0000  -1.6589   0.0000   0.0000   0.0000   0.3528
   6.000   1.2815   0.01137   0.00577  -0.1364  0.5104  1.0000  -1.7758   0.0000   0.0000   0.0000   0.3470
   6.500   1.3286   0.01195   0.00629  -0.1351  0.4833  1.0000  -1.8944   0.0000   0.0000   0.0000   0.3415
   7.000   1.3738   0.01261   0.00690  -0.1336  0.4559  1.0000  -2.0330   0.0000   0.0000   0.0000   0.3363
   7.500   1.4147   0.01342   0.00762  -0.1313  0.4243  1.0000  -2.1797   0.0000   0.0000   0.0000   0.3312
   8.000   1.4537   0.01430   0.00844  -0.1289  0.3970  1.0000  -2.3358   0.0000   0.0000   0.0000   0.3262
   8.500   1.4848   0.01538   0.00944  -0.1251  0.3675  1.0000  -2.5309   0.0000   0.0000   0.0000   0.3210
   9.000   1.5134   0.01660   0.01062  -0.1212  0.3372  1.0000  -2.7781   0.0000   0.0000   0.0000   0.3160
   9.500   1.5401   0.01803   0.01202  -0.1174  0.3108  1.0000  -3.0513   0.0000   0.0000   0.0000   0.3113
  10.000   1.5636   0.01977   0.01372  -0.1135  0.2832  1.0000  -3.3215   0.0000   0.0000   0.0000   0.3068
  10.500   1.5832   0.02190   0.01582  -0.1096  0.2548  1.0000  -3.5879   0.0000   0.0000   0.0000   0.3026
  11.000   1.5991   0.02445   0.01831  -0.1058  0.2261  1.0000  -3.8529   0.0000   0.0000   0.0000   0.2986
  11.500   1.6120   0.02739   0.02118  -0.1020  0.1993  1.0000  -4.1118   0.0000   0.0000   0.0000   0.2948
  12.000   1.6216   0.03075   0.02448  -0.0984  0.1725  1.0000  -4.3614   0.0000   0.0000   0.0000   0.2912
  12.500   1.6293   0.03441   0.02812  -0.0950  0.1486  1.0000  -4.6069   0.0000   0.0000   0.0000   0.2878
  13.000   1.6338   0.03850   0.03219  -0.0918  0.1266  1.0000  -4.8417   0.0000   0.0000   0.0000   0.2846
  13.500   1.6359   0.04304   0.03671  -0.0889  0.1074  1.0000  -5.0677   0.0000   0.0000   0.0000   0.2817
  14.000   1.6405   0.04757   0.04130  -0.0865  0.0927  1.0000  -5.3064   0.0000   0.0000   0.0000   0.2791
  14.500   1.6419   0.05270   0.04652  -0.0845  0.0801  1.0000  -5.5296   0.0000   0.0000   0.0000   0.2767
  15.000   1.6334   0.05914   0.05298  -0.0826  0.0679  1.0000  -5.7036   0.0000   0.0000   0.0000   0.2747


