xflr5 v6.59

 Calculated polar for: revR_95_revT

 1 1 Reynolds number fixed          Mach number fixed         

 xtrf =   1.000 (top)        1.000 (bottom)
 Mach =   0.000     Re =     0.340 e 6     Ncrit =   9.000

  alpha     CL        CD       CDp       Cm    Top Xtr Bot Xtr   Cpmin    Chinge    XCp    
 ------- -------- --------- --------- -------- ------- ------- -------- --------- ---------
  -5.000   0.1199   0.01432   0.00753  -0.1503  0.7944  0.0504  -2.3060   0.0000   0.0000   0.0000   1.5354
  -4.500   0.1756   0.01353   0.00664  -0.1506  0.7876  0.0593  -2.0571   0.0000   0.0000   0.0000   1.1265
  -4.000   0.2317   0.01271   0.00584  -0.1509  0.7796  0.0796  -1.8149   0.0000   0.0000   0.0000   0.9139
  -3.500   0.2893   0.01213   0.00530  -0.1514  0.7716  0.1151  -1.5657   0.0000   0.0000   0.0000   0.7818
  -3.000   0.3469   0.01178   0.00506  -0.1520  0.7639  0.1718  -1.3186   0.0000   0.0000   0.0000   0.6940
  -2.500   0.4030   0.01141   0.00491  -0.1523  0.7562  0.2401  -1.0893   0.0000   0.0000   0.0000   0.6320
  -2.000   0.4606   0.01106   0.00472  -0.1528  0.7476  0.3134  -0.8657   0.0000   0.0000   0.0000   0.5842
  -1.500   0.5190   0.01086   0.00467  -0.1534  0.7392  0.4052  -0.8296   0.0000   0.0000   0.0000   0.5468
  -1.000   0.5744   0.01054   0.00466  -0.1534  0.7300  0.5059  -0.8698   0.0000   0.0000   0.0000   0.5173
  -0.500   0.6306   0.01023   0.00466  -0.1533  0.7209  0.6275  -0.9144   0.0000   0.0000   0.0000   0.4925
   0.000   0.6854   0.01020   0.00481  -0.1527  0.7121  0.7331  -0.9584   0.0000   0.0000   0.0000   0.4714
   0.500   0.7363   0.01007   0.00485  -0.1513  0.7010  0.8046  -1.0004   0.0000   0.0000   0.0000   0.4532
   1.000   0.7863   0.00997   0.00478  -0.1494  0.6912  0.8657  -1.0479   0.0000   0.0000   0.0000   0.4371
   1.500   0.8299   0.00985   0.00477  -0.1463  0.6809  0.9488  -1.0959   0.0000   0.0000   0.0000   0.4226
   2.000   0.8928   0.00980   0.00461  -0.1479  0.6679  1.0000  -1.1572   0.0000   0.0000   0.0000   0.4113
   2.500   0.9511   0.00995   0.00466  -0.1485  0.6551  1.0000  -1.2231   0.0000   0.0000   0.0000   0.4012
   3.000   1.0082   0.01005   0.00467  -0.1489  0.6409  1.0000  -1.2917   0.0000   0.0000   0.0000   0.3920
   3.500   1.0636   0.01024   0.00483  -0.1490  0.6258  1.0000  -1.3596   0.0000   0.0000   0.0000   0.3837
   4.000   1.1185   0.01045   0.00492  -0.1489  0.6082  1.0000  -1.4286   0.0000   0.0000   0.0000   0.3761
   4.500   1.1720   0.01070   0.00514  -0.1486  0.5905  1.0000  -1.5097   0.0000   0.0000   0.0000   0.3691
   5.000   1.2245   0.01103   0.00547  -0.1482  0.5720  1.0000  -1.5909   0.0000   0.0000   0.0000   0.3626
   5.500   1.2750   0.01142   0.00580  -0.1474  0.5498  1.0000  -1.6859   0.0000   0.0000   0.0000   0.3565
   6.000   1.3239   0.01189   0.00621  -0.1463  0.5269  1.0000  -1.7844   0.0000   0.0000   0.0000   0.3507
   6.500   1.3709   0.01245   0.00672  -0.1450  0.5031  1.0000  -1.9059   0.0000   0.0000   0.0000   0.3452
   7.000   1.4147   0.01311   0.00732  -0.1432  0.4758  1.0000  -2.0263   0.0000   0.0000   0.0000   0.3399
   7.500   1.4563   0.01385   0.00803  -0.1410  0.4501  1.0000  -2.1650   0.0000   0.0000   0.0000   0.3348
   8.000   1.4921   0.01475   0.00888  -0.1380  0.4200  1.0000  -2.3074   0.0000   0.0000   0.0000   0.3296
   8.500   1.5229   0.01578   0.00986  -0.1341  0.3934  1.0000  -2.4467   0.0000   0.0000   0.0000   0.3244
   9.000   1.5501   0.01703   0.01107  -0.1300  0.3668  1.0000  -2.6207   0.0000   0.0000   0.0000   0.3193
   9.500   1.5724   0.01864   0.01261  -0.1256  0.3380  1.0000  -2.8099   0.0000   0.0000   0.0000   0.3145
  10.000   1.5932   0.02052   0.01447  -0.1215  0.3119  1.0000  -3.0421   0.0000   0.0000   0.0000   0.3099
  10.500   1.6134   0.02261   0.01656  -0.1177  0.2874  1.0000  -3.2897   0.0000   0.0000   0.0000   0.3057
  11.000   1.6295   0.02515   0.01907  -0.1138  0.2621  1.0000  -3.5292   0.0000   0.0000   0.0000   0.3017
  11.500   1.6421   0.02808   0.02196  -0.1100  0.2364  1.0000  -3.7621   0.0000   0.0000   0.0000   0.2978
  12.000   1.6515   0.03142   0.02528  -0.1063  0.2108  1.0000  -3.9948   0.0000   0.0000   0.0000   0.2942
  12.500   1.6589   0.03505   0.02890  -0.1028  0.1876  1.0000  -4.2231   0.0000   0.0000   0.0000   0.2908
  13.000   1.6652   0.03898   0.03283  -0.0996  0.1654  1.0000  -4.4501   0.0000   0.0000   0.0000   0.2876
  13.500   1.6686   0.04335   0.03721  -0.0966  0.1453  1.0000  -4.6680   0.0000   0.0000   0.0000   0.2846
  14.000   1.6711   0.04807   0.04196  -0.0940  0.1268  1.0000  -4.8833   0.0000   0.0000   0.0000   0.2819
  14.500   1.6704   0.05335   0.04731  -0.0917  0.1105  1.0000  -5.0857   0.0000   0.0000   0.0000   0.2794
  15.000   1.6650   0.05938   0.05337  -0.0898  0.0961  1.0000  -5.2670   0.0000   0.0000   0.0000   0.2773
  15.500   1.6602   0.06562   0.05966  -0.0883  0.0835  1.0000  -5.4509   0.0000   0.0000   0.0000   0.2754
  16.000   1.6562   0.07197   0.06615  -0.0873  0.0735  1.0000  -5.6356   0.0000   0.0000   0.0000   0.2738
  16.500   1.6400   0.08011   0.07434  -0.0868  0.0640  1.0000  -5.7591   0.0000   0.0000   0.0000   0.2728
  17.000   1.6363   0.08687   0.08130  -0.0867  0.0571  1.0000  -5.9474   0.0000   0.0000   0.0000   0.2716
  17.500   1.6165   0.09602   0.09053  -0.0873  0.0501  1.0000  -6.0507   0.0000   0.0000   0.0000   0.2715
  18.000   1.6055   0.10410   0.09884  -0.0882  0.0450  1.0000  -6.2154   0.0000   0.0000   0.0000   0.2711
  18.500   1.5889   0.11328   0.10814  -0.0899  0.0404  1.0000  -6.3406   0.0000   0.0000   0.0000   0.2716
  19.000   1.5666   0.12340   0.11840  -0.0923  0.0361  1.0000  -6.4142   0.0000   0.0000   0.0000   0.2727
  19.500   1.5587   0.13155   0.12678  -0.0948  0.0333  1.0000  -6.5826   0.0000   0.0000   0.0000   0.2732
  20.000   1.5464   0.14058   0.13596  -0.0980  0.0306  1.0000  -6.7135   0.0000   0.0000   0.0000   0.2746
  20.500   1.5294   0.15030   0.14576  -0.1019  0.0275  1.0000  -6.7847   0.0000   0.0000   0.0000   0.2765
  21.000   1.5252   0.15824   0.15392  -0.1055  0.0259  1.0000  -6.9484   0.0000   0.0000   0.0000   0.2777
  21.500   1.5194   0.16662   0.16249  -0.1098  0.0242  1.0000  -7.0919   0.0000   0.0000   0.0000   0.2794
  22.000   1.5130   0.17520   0.17123  -0.1147  0.0226  1.0000  -7.2217   0.0000   0.0000   0.0000   0.2815
  22.500   1.5088   0.18316   0.17926  -0.1193  0.0211  1.0000  -7.3582   0.0000   0.0000   0.0000   0.2834
  23.000   1.5039   0.19111   0.18741  -0.1240  0.0198  1.0000  -7.4614   0.0000   0.0000   0.0000   0.2853
  23.500   1.4992   0.20003   0.19658  -0.1300  0.0191  1.0000  -7.5654   0.0000   0.0000   0.0000   0.2881
  24.000   1.4916   0.20980   0.20660  -0.1369  0.0183  1.0000  -7.6179   0.0000   0.0000   0.0000   0.2917
  24.500   1.4811   0.22067   0.21771  -0.1449  0.0177  1.0000  -7.6101   0.0000   0.0000   0.0000   0.2963
  25.000   1.4674   0.23291   0.23019  -0.1541  0.0171  1.0000  -7.5261   0.0000   0.0000   0.0000   0.3022
  25.500   1.4442   0.24883   0.24641  -0.1662  0.0167  1.0000  -7.2372   0.0000   0.0000   0.0000   0.3112
  28.000   0.8493   0.31028   0.30842  -0.1375  0.0200  1.0000  -1.6397   0.0000   0.0000   0.0000   0.3709
  28.500   0.8486   0.31956   0.31772  -0.1409  0.0198  1.0000  -1.5152   0.0000   0.0000   0.0000   0.3741
  29.000   0.8451   0.33021   0.32838  -0.1451  0.0174  1.0000  -1.3112   0.0000   0.0000   0.0000   0.3793
  29.500   0.8489   0.33678   0.33497  -0.1474  0.0158  1.0000  -1.3428   0.0000   0.0000   0.0000   0.3798
  30.000   0.8539   0.34215   0.34038  -0.1493  0.0150  1.0000  -1.4314   0.0000   0.0000   0.0000   0.3794


