xflr5 v6.59

 Calculated polar for: revR_40_revT

 1 1 Reynolds number fixed          Mach number fixed         

 xtrf =   1.000 (top)        1.000 (bottom)
 Mach =   0.000     Re =     0.485 e 6     Ncrit =   9.000

  alpha     CL        CD       CDp       Cm    Top Xtr Bot Xtr   Cpmin    Chinge    XCp    
 ------- -------- --------- --------- -------- ------- ------- -------- --------- ---------
  -5.000  -0.1102   0.01119   0.00477  -0.0980  0.8238  0.0496  -2.5082   0.0000   0.0000   0.0000  -0.6622
  -4.500  -0.0557   0.01046   0.00397  -0.0978  0.8125  0.0654  -2.1517   0.0000   0.0000   0.0000  -1.5465
  -4.000  -0.0002   0.00997   0.00348  -0.0977  0.8016  0.0963  -1.8137   0.0000   0.0000   0.0000  -399.6868
  -3.500   0.0549   0.00944   0.00313  -0.0978  0.7912  0.1489  -1.4961   0.0000   0.0000   0.0000   2.0609
  -3.000   0.1104   0.00902   0.00285  -0.0978  0.7806  0.2163  -1.2581   0.0000   0.0000   0.0000   1.1481
  -2.500   0.1655   0.00855   0.00267  -0.0979  0.7690  0.3050  -1.0348   0.0000   0.0000   0.0000   0.8475
  -2.000   0.2210   0.00815   0.00250  -0.0979  0.7581  0.4018  -0.8206   0.0000   0.0000   0.0000   0.6962
  -1.500   0.2755   0.00769   0.00245  -0.0977  0.7466  0.5392  -0.6238   0.0000   0.0000   0.0000   0.6063
  -1.000   0.3299   0.00740   0.00242  -0.0972  0.7339  0.6507  -0.6403   0.0000   0.0000   0.0000   0.5450
  -0.500   0.3839   0.00728   0.00249  -0.0965  0.7209  0.7345  -0.6814   0.0000   0.0000   0.0000   0.5007
   0.000   0.4383   0.00728   0.00251  -0.0957  0.7082  0.7855  -0.7274   0.0000   0.0000   0.0000   0.4671
   1.000   0.5442   0.00725   0.00258  -0.0937  0.6779  0.8636  -0.8267   0.0000   0.0000   0.0000   0.4195
   1.500   0.5952   0.00727   0.00258  -0.0922  0.6606  0.8990  -0.8837   0.0000   0.0000   0.0000   0.4017
   2.000   0.6440   0.00722   0.00258  -0.0902  0.6418  0.9431  -0.9402   0.0000   0.0000   0.0000   0.3863
   2.500   0.7131   0.00725   0.00256  -0.0929  0.6195  1.0000  -1.0124   0.0000   0.0000   0.0000   0.3761
   3.000   0.7693   0.00746   0.00267  -0.0932  0.5977  1.0000  -1.0865   0.0000   0.0000   0.0000   0.3665
   3.500   0.8242   0.00772   0.00283  -0.0932  0.5719  1.0000  -1.1637   0.0000   0.0000   0.0000   0.3579
   4.000   0.8780   0.00806   0.00304  -0.0930  0.5434  1.0000  -1.2533   0.0000   0.0000   0.0000   0.3502
   4.500   0.9314   0.00844   0.00332  -0.0926  0.5150  1.0000  -1.3569   0.0000   0.0000   0.0000   0.3432
   5.000   0.9840   0.00885   0.00365  -0.0922  0.4827  1.0000  -1.4790   0.0000   0.0000   0.0000   0.3369
   5.500   1.0350   0.00938   0.00404  -0.0916  0.4485  1.0000  -1.6297   0.0000   0.0000   0.0000   0.3311
   6.000   1.0858   0.00992   0.00450  -0.0909  0.4146  1.0000  -1.8287   0.0000   0.0000   0.0000   0.3258
   6.500   1.1339   0.01065   0.00506  -0.0899  0.3738  1.0000  -2.1406   0.0000   0.0000   0.0000   0.3207
   7.000   1.1815   0.01139   0.00567  -0.0888  0.3322  1.0000  -2.4742   0.0000   0.0000   0.0000   0.3159
   7.500   1.2253   0.01239   0.00644  -0.0873  0.2816  1.0000  -2.8164   0.0000   0.0000   0.0000   0.3113
   8.000   1.2685   0.01341   0.00728  -0.0857  0.2383  1.0000  -3.1702   0.0000   0.0000   0.0000   0.3070
   8.500   1.3101   0.01447   0.00823  -0.0839  0.2008  1.0000  -3.5314   0.0000   0.0000   0.0000   0.3028
   9.000   1.3470   0.01578   0.00934  -0.0815  0.1615  1.0000  -3.8861   0.0000   0.0000   0.0000   0.2985
   9.500   1.3765   0.01733   0.01068  -0.0780  0.1216  1.0000  -4.2213   0.0000   0.0000   0.0000   0.2940
  10.000   1.4045   0.01890   0.01215  -0.0745  0.0938  1.0000  -4.5574   0.0000   0.0000   0.0000   0.2896
  10.500   1.4294   0.02070   0.01389  -0.0710  0.0723  1.0000  -4.8854   0.0000   0.0000   0.0000   0.2854
  11.000   1.4516   0.02279   0.01596  -0.0676  0.0555  1.0000  -5.2040   0.0000   0.0000   0.0000   0.2814
  11.500   1.4687   0.02542   0.01860  -0.0641  0.0411  1.0000  -5.4950   0.0000   0.0000   0.0000   0.2777
  12.000   1.4866   0.02812   0.02134  -0.0612  0.0325  1.0000  -5.7882   0.0000   0.0000   0.0000   0.2743
  12.500   1.4966   0.03167   0.02503  -0.0581  0.0247  1.0000  -6.0102   0.0000   0.0000   0.0000   0.2711
  13.000   1.4996   0.03608   0.02950  -0.0552  0.0199  1.0000  -6.1889   0.0000   0.0000   0.0000   0.2681
  13.500   1.4842   0.04256   0.03629  -0.0522  0.0173  1.0000  -6.2292   0.0000   0.0000   0.0000   0.2654
  14.000   1.4887   0.04735   0.04129  -0.0507  0.0168  1.0000  -6.4356   0.0000   0.0000   0.0000   0.2633
  14.500   1.4877   0.05304   0.04721  -0.0496  0.0163  1.0000  -6.6028   0.0000   0.0000   0.0000   0.2615
  15.000   1.4829   0.05956   0.05397  -0.0492  0.0158  1.0000  -6.7726   0.0000   0.0000   0.0000   0.2603


