xflr5 v6.59

 Calculated polar for: revR_60_revT

 1 1 Reynolds number fixed          Mach number fixed         

 xtrf =   1.000 (top)        1.000 (bottom)
 Mach =   0.000     Re =     0.395 e 6     Ncrit =   9.000

  alpha     CL        CD       CDp       Cm    Top Xtr Bot Xtr   Cpmin    Chinge    XCp    
 ------- -------- --------- --------- -------- ------- ------- -------- --------- ---------
  -5.000  -0.0251   0.01244   0.00582  -0.1177  0.8159  0.0507  -2.4026   0.0000   0.0000   0.0000  -4.5647
  -4.500   0.0306   0.01184   0.00511  -0.1177  0.8067  0.0616  -2.0581   0.0000   0.0000   0.0000   4.1821
  -4.000   0.0859   0.01105   0.00434  -0.1178  0.7972  0.0932  -1.7746   0.0000   0.0000   0.0000   1.6477
  -3.500   0.1414   0.01050   0.00395  -0.1179  0.7875  0.1442  -1.5249   0.0000   0.0000   0.0000   1.0976
  -3.000   0.1977   0.01009   0.00366  -0.1181  0.7782  0.2096  -1.2782   0.0000   0.0000   0.0000   0.8554
  -2.500   0.2533   0.00968   0.00352  -0.1183  0.7688  0.2943  -1.0462   0.0000   0.0000   0.0000   0.7220
  -2.000   0.3093   0.00926   0.00332  -0.1184  0.7580  0.3847  -0.8315   0.0000   0.0000   0.0000   0.6357
  -1.000   0.4196   0.00857   0.00330  -0.1181  0.7376  0.6284  -0.7216   0.0000   0.0000   0.0000   0.5318
  -0.500   0.4740   0.00847   0.00335  -0.1174  0.7264  0.7220  -0.7640   0.0000   0.0000   0.0000   0.4971
   0.000   0.5271   0.00838   0.00339  -0.1164  0.7140  0.7844  -0.8072   0.0000   0.0000   0.0000   0.4694
   0.500   0.5797   0.00840   0.00341  -0.1152  0.7023  0.8343  -0.8555   0.0000   0.0000   0.0000   0.4466
   1.000   0.6298   0.00832   0.00343  -0.1135  0.6890  0.8784  -0.9025   0.0000   0.0000   0.0000   0.4275
   1.500   0.6767   0.00825   0.00336  -0.1109  0.6745  0.9282  -0.9547   0.0000   0.0000   0.0000   0.4106
   2.000   0.7415   0.00816   0.00324  -0.1126  0.6594  1.0000  -1.0202   0.0000   0.0000   0.0000   0.3980
   2.500   0.7991   0.00829   0.00330  -0.1132  0.6413  1.0000  -1.0850   0.0000   0.0000   0.0000   0.3872
   3.000   0.8557   0.00847   0.00339  -0.1135  0.6229  1.0000  -1.1538   0.0000   0.0000   0.0000   0.3777
   3.500   0.9112   0.00870   0.00352  -0.1136  0.6027  1.0000  -1.2268   0.0000   0.0000   0.0000   0.3691
   4.000   0.9656   0.00897   0.00371  -0.1134  0.5802  1.0000  -1.3083   0.0000   0.0000   0.0000   0.3613
   4.500   1.0189   0.00930   0.00396  -0.1131  0.5554  1.0000  -1.3980   0.0000   0.0000   0.0000   0.3542
   5.000   1.0713   0.00968   0.00428  -0.1126  0.5286  1.0000  -1.5045   0.0000   0.0000   0.0000   0.3477
   5.500   1.1223   0.01014   0.00467  -0.1119  0.4996  1.0000  -1.6212   0.0000   0.0000   0.0000   0.3417
   6.000   1.1719   0.01069   0.00513  -0.1110  0.4694  1.0000  -1.7596   0.0000   0.0000   0.0000   0.3361
   6.500   1.2193   0.01135   0.00567  -0.1097  0.4356  1.0000  -1.9174   0.0000   0.0000   0.0000   0.3307
   7.000   1.2667   0.01200   0.00629  -0.1086  0.4055  1.0000  -2.1093   0.0000   0.0000   0.0000   0.3258
   7.500   1.3087   0.01292   0.00703  -0.1066  0.3673  1.0000  -2.3476   0.0000   0.0000   0.0000   0.3208
   8.000   1.3518   0.01376   0.00784  -0.1049  0.3343  1.0000  -2.6580   0.0000   0.0000   0.0000   0.3162
   8.500   1.3901   0.01480   0.00878  -0.1025  0.3009  1.0000  -2.9694   0.0000   0.0000   0.0000   0.3116
   9.000   1.4220   0.01601   0.00987  -0.0991  0.2635  1.0000  -3.2705   0.0000   0.0000   0.0000   0.3068
   9.500   1.4507   0.01740   0.01117  -0.0954  0.2312  1.0000  -3.5688   0.0000   0.0000   0.0000   0.3021
  10.000   1.4747   0.01913   0.01281  -0.0915  0.1984  1.0000  -3.8575   0.0000   0.0000   0.0000   0.2976
  10.500   1.4951   0.02123   0.01479  -0.0877  0.1632  1.0000  -4.1418   0.0000   0.0000   0.0000   0.2933
  11.000   1.5113   0.02381   0.01723  -0.0839  0.1320  1.0000  -4.4213   0.0000   0.0000   0.0000   0.2893
  11.500   1.5270   0.02658   0.01995  -0.0805  0.1064  1.0000  -4.7035   0.0000   0.0000   0.0000   0.2856
  12.000   1.5401   0.02972   0.02306  -0.0773  0.0863  1.0000  -4.9767   0.0000   0.0000   0.0000   0.2822
  12.500   1.5493   0.03333   0.02667  -0.0742  0.0698  1.0000  -5.2340   0.0000   0.0000   0.0000   0.2789
  13.000   1.5552   0.03739   0.03077  -0.0713  0.0566  1.0000  -5.4764   0.0000   0.0000   0.0000   0.2759
  13.500   1.5617   0.04158   0.03510  -0.0689  0.0477  1.0000  -5.7221   0.0000   0.0000   0.0000   0.2731
  14.000   1.5514   0.04770   0.04127  -0.0663  0.0383  1.0000  -5.8786   0.0000   0.0000   0.0000   0.2707
  14.500   1.5578   0.05246   0.04624  -0.0649  0.0344  1.0000  -6.1286   0.0000   0.0000   0.0000   0.2686
  15.000   1.5536   0.05867   0.05257  -0.0639  0.0299  1.0000  -6.3181   0.0000   0.0000   0.0000   0.2670


