xflr5 v6.59

 Calculated polar for: revR_25_revT

 1 1 Reynolds number fixed          Mach number fixed         

 xtrf =   1.000 (top)        1.000 (bottom)
 Mach =   0.000     Re =     0.425 e 6     Ncrit =   9.000

  alpha     CL        CD       CDp       Cm    Top Xtr Bot Xtr   Cpmin    Chinge    XCp    
 ------- -------- --------- --------- -------- ------- ------- -------- --------- ---------
  -5.000  -0.1706   0.01152   0.00502  -0.0845  0.8554  0.0527  -2.5252   0.0000   0.0000   0.0000  -0.2595
  -4.500  -0.1172   0.01073   0.00416  -0.0840  0.8420  0.0738  -2.1811   0.0000   0.0000   0.0000  -0.4850
  -4.000  -0.0632   0.01010   0.00361  -0.0837  0.8292  0.1150  -1.8317   0.0000   0.0000   0.0000  -1.1023
  -3.500  -0.0088   0.00962   0.00328  -0.0836  0.8168  0.1741  -1.5019   0.0000   0.0000   0.0000  -9.4190
  -3.000   0.0455   0.00912   0.00298  -0.0834  0.8044  0.2527  -1.2390   0.0000   0.0000   0.0000   2.1082
  -2.500   0.0993   0.00856   0.00278  -0.0832  0.7910  0.3663  -1.0248   0.0000   0.0000   0.0000   1.0976
  -2.000   0.1532   0.00808   0.00262  -0.0829  0.7788  0.4918  -0.8192   0.0000   0.0000   0.0000   0.7955
  -1.500   0.2056   0.00761   0.00263  -0.0821  0.7653  0.6370  -0.6256   0.0000   0.0000   0.0000   0.6512
  -1.000   0.2591   0.00749   0.00263  -0.0811  0.7515  0.7203  -0.5772   0.0000   0.0000   0.0000   0.5635
   0.000   0.3661   0.00743   0.00268  -0.0791  0.7225  0.8169  -0.6657   0.0000   0.0000   0.0000   0.4648
   0.500   0.4188   0.00745   0.00265  -0.0779  0.7056  0.8519  -0.7145   0.0000   0.0000   0.0000   0.4341
   1.000   0.4693   0.00741   0.00267  -0.0762  0.6883  0.8865  -0.7654   0.0000   0.0000   0.0000   0.4099
   1.500   0.5185   0.00740   0.00267  -0.0742  0.6692  0.9229  -0.8204   0.0000   0.0000   0.0000   0.3901
   2.000   0.5746   0.00739   0.00264  -0.0737  0.6484  0.9636  -0.8816   0.0000   0.0000   0.0000   0.3749
   2.500   0.6515   0.00745   0.00263  -0.0782  0.6237  0.9992  -0.9650   0.0000   0.0000   0.0000   0.3662
   3.000   0.7044   0.00766   0.00272  -0.0780  0.5985  1.0000  -1.0374   0.0000   0.0000   0.0000   0.3563
   3.500   0.7578   0.00793   0.00287  -0.0777  0.5697  1.0000  -1.1200   0.0000   0.0000   0.0000   0.3476
   4.000   0.8108   0.00828   0.00309  -0.0773  0.5395  1.0000  -1.2224   0.0000   0.0000   0.0000   0.3399
   4.500   0.8638   0.00864   0.00337  -0.0768  0.5071  1.0000  -1.3374   0.0000   0.0000   0.0000   0.3331
   5.000   0.9152   0.00912   0.00371  -0.0762  0.4706  1.0000  -1.4879   0.0000   0.0000   0.0000   0.3269
   5.500   0.9669   0.00960   0.00411  -0.0756  0.4359  1.0000  -1.7432   0.0000   0.0000   0.0000   0.3213
   6.000   1.0164   0.01023   0.00459  -0.0747  0.3932  1.0000  -2.0685   0.0000   0.0000   0.0000   0.3160
   6.500   1.0643   0.01099   0.00515  -0.0737  0.3431  1.0000  -2.4047   0.0000   0.0000   0.0000   0.3112
   7.000   1.1110   0.01186   0.00583  -0.0726  0.2930  1.0000  -2.7648   0.0000   0.0000   0.0000   0.3066
   7.500   1.1560   0.01285   0.00661  -0.0713  0.2433  1.0000  -3.1378   0.0000   0.0000   0.0000   0.3023
   8.000   1.2000   0.01391   0.00749  -0.0698  0.2003  1.0000  -3.5204   0.0000   0.0000   0.0000   0.2982
   8.500   1.2408   0.01516   0.00853  -0.0681  0.1555  1.0000  -3.9035   0.0000   0.0000   0.0000   0.2942
   9.000   1.2777   0.01662   0.00980  -0.0658  0.1121  1.0000  -4.2808   0.0000   0.0000   0.0000   0.2901
   9.500   1.3113   0.01818   0.01119  -0.0631  0.0804  1.0000  -4.6513   0.0000   0.0000   0.0000   0.2860
  10.000   1.3405   0.01977   0.01270  -0.0598  0.0585  1.0000  -5.0072   0.0000   0.0000   0.0000   0.2818
  10.500   1.3664   0.02156   0.01447  -0.0563  0.0433  1.0000  -5.3460   0.0000   0.0000   0.0000   0.2776
  11.000   1.3861   0.02387   0.01677  -0.0526  0.0295  1.0000  -5.6329   0.0000   0.0000   0.0000   0.2736
  11.500   1.4000   0.02680   0.01987  -0.0489  0.0215  1.0000  -5.8466   0.0000   0.0000   0.0000   0.2697
  12.000   1.4049   0.03073   0.02395  -0.0453  0.0179  1.0000  -6.0127   0.0000   0.0000   0.0000   0.2662
  12.500   1.4003   0.03584   0.02935  -0.0420  0.0165  1.0000  -6.1200   0.0000   0.0000   0.0000   0.2630
  13.000   1.4110   0.03977   0.03349  -0.0403  0.0160  1.0000  -6.3694   0.0000   0.0000   0.0000   0.2606
  13.500   1.4168   0.04438   0.03831  -0.0388  0.0154  1.0000  -6.5907   0.0000   0.0000   0.0000   0.2585
  14.000   1.4187   0.04963   0.04378  -0.0378  0.0149  1.0000  -6.7887   0.0000   0.0000   0.0000   0.2567
  14.500   1.4169   0.05557   0.04994  -0.0373  0.0144  1.0000  -6.9612   0.0000   0.0000   0.0000   0.2554
  15.000   1.4123   0.06223   0.05684  -0.0374  0.0140  1.0000  -7.1079   0.0000   0.0000   0.0000   0.2545


