xflr5 v6.59

 Calculated polar for: revR_60_revT

 1 1 Reynolds number fixed          Mach number fixed         

 xtrf =   1.000 (top)        1.000 (bottom)
 Mach =   0.000     Re =     0.335 e 6     Ncrit =   9.000

  alpha     CL        CD       CDp       Cm    Top Xtr Bot Xtr   Cpmin    Chinge    XCp    
 ------- -------- --------- --------- -------- ------- ------- -------- --------- ---------
  -5.000  -0.0233   0.01347   0.00671  -0.1186  0.8280  0.0550  -2.3688   0.0000   0.0000   0.0000  -4.9563
  -4.500   0.0310   0.01255   0.00566  -0.1185  0.8189  0.0687  -2.0534   0.0000   0.0000   0.0000   4.1616
  -4.000   0.0859   0.01181   0.00498  -0.1184  0.8086  0.1001  -1.7654   0.0000   0.0000   0.0000   1.6546
  -3.500   0.1419   0.01131   0.00455  -0.1186  0.7993  0.1531  -1.5186   0.0000   0.0000   0.0000   1.0992
  -3.000   0.1968   0.01081   0.00430  -0.1187  0.7893  0.2259  -1.2770   0.0000   0.0000   0.0000   0.8612
  -2.500   0.2528   0.01034   0.00406  -0.1189  0.7798  0.3153  -1.0452   0.0000   0.0000   0.0000   0.7250
  -2.000   0.3080   0.00997   0.00397  -0.1189  0.7694  0.4162  -0.8327   0.0000   0.0000   0.0000   0.6389
  -1.500   0.3631   0.00954   0.00385  -0.1187  0.7584  0.5363  -0.6775   0.0000   0.0000   0.0000   0.5783
  -1.000   0.4169   0.00930   0.00396  -0.1180  0.7487  0.6680  -0.7190   0.0000   0.0000   0.0000   0.5334
  -0.500   0.4702   0.00917   0.00399  -0.1170  0.7367  0.7478  -0.7606   0.0000   0.0000   0.0000   0.4982
   0.000   0.5224   0.00916   0.00401  -0.1156  0.7253  0.8087  -0.8035   0.0000   0.0000   0.0000   0.4699
   0.500   0.5724   0.00907   0.00400  -0.1137  0.7122  0.8570  -0.8501   0.0000   0.0000   0.0000   0.4467
   1.000   0.6196   0.00904   0.00397  -0.1112  0.7004  0.9067  -0.8955   0.0000   0.0000   0.0000   0.4268
   2.000   0.7398   0.00891   0.00377  -0.1126  0.6701  1.0000  -1.0178   0.0000   0.0000   0.0000   0.3984
   2.500   0.7978   0.00904   0.00376  -0.1132  0.6540  1.0000  -1.0829   0.0000   0.0000   0.0000   0.3875
   3.000   0.8537   0.00917   0.00381  -0.1133  0.6348  1.0000  -1.1512   0.0000   0.0000   0.0000   0.3777
   3.500   0.9090   0.00936   0.00396  -0.1133  0.6152  1.0000  -1.2239   0.0000   0.0000   0.0000   0.3691
   4.000   0.9634   0.00960   0.00414  -0.1131  0.5931  1.0000  -1.3051   0.0000   0.0000   0.0000   0.3613
   4.500   1.0168   0.00991   0.00437  -0.1127  0.5691  1.0000  -1.3948   0.0000   0.0000   0.0000   0.3542
   5.000   1.0690   0.01028   0.00468  -0.1122  0.5432  1.0000  -1.5004   0.0000   0.0000   0.0000   0.3476
   5.500   1.1196   0.01075   0.00505  -0.1114  0.5149  1.0000  -1.6166   0.0000   0.0000   0.0000   0.3415
   6.000   1.1691   0.01130   0.00551  -0.1104  0.4861  1.0000  -1.7533   0.0000   0.0000   0.0000   0.3359
   6.500   1.2168   0.01189   0.00605  -0.1092  0.4519  1.0000  -1.9114   0.0000   0.0000   0.0000   0.3305
   7.000   1.2628   0.01260   0.00669  -0.1078  0.4205  1.0000  -2.0984   0.0000   0.0000   0.0000   0.3254
   7.500   1.3063   0.01342   0.00742  -0.1060  0.3867  1.0000  -2.3355   0.0000   0.0000   0.0000   0.3205
   8.000   1.3467   0.01436   0.00828  -0.1038  0.3497  1.0000  -2.6348   0.0000   0.0000   0.0000   0.3157
   8.500   1.3840   0.01544   0.00927  -0.1012  0.3181  1.0000  -2.9412   0.0000   0.0000   0.0000   0.3110
   9.000   1.4167   0.01658   0.01034  -0.0980  0.2825  1.0000  -3.2433   0.0000   0.0000   0.0000   0.3063
   9.500   1.4412   0.01815   0.01177  -0.0938  0.2472  1.0000  -3.5254   0.0000   0.0000   0.0000   0.3014
  10.000   1.4676   0.01975   0.01338  -0.0902  0.2161  1.0000  -3.8209   0.0000   0.0000   0.0000   0.2970
  10.500   1.4865   0.02194   0.01545  -0.0863  0.1823  1.0000  -4.0950   0.0000   0.0000   0.0000   0.2927
  11.000   1.5032   0.02449   0.01790  -0.0826  0.1500  1.0000  -4.3748   0.0000   0.0000   0.0000   0.2888
  11.500   1.5159   0.02751   0.02082  -0.0790  0.1206  1.0000  -4.6419   0.0000   0.0000   0.0000   0.2850
  12.000   1.5257   0.03094   0.02419  -0.0757  0.0969  1.0000  -4.8984   0.0000   0.0000   0.0000   0.2816
  12.500   1.5344   0.03465   0.02790  -0.0727  0.0792  1.0000  -5.1507   0.0000   0.0000   0.0000   0.2784
  13.000   1.5410   0.03869   0.03206  -0.0699  0.0654  1.0000  -5.3915   0.0000   0.0000   0.0000   0.2754
  13.500   1.5360   0.04406   0.03745  -0.0671  0.0529  1.0000  -5.5705   0.0000   0.0000   0.0000   0.2727
  14.000   1.5410   0.04873   0.04228  -0.0653  0.0458  1.0000  -5.8107   0.0000   0.0000   0.0000   0.2704
  14.500   1.5216   0.05642   0.05008  -0.0635  0.0379  1.0000  -5.9013   0.0000   0.0000   0.0000   0.2686
  15.000   1.5263   0.06175   0.05564  -0.0627  0.0346  1.0000  -6.1313   0.0000   0.0000   0.0000   0.2670


