xflr5 v6.59

 Calculated polar for: revR_05_revT

 1 1 Reynolds number fixed          Mach number fixed         

 xtrf =   1.000 (top)        1.000 (bottom)
 Mach =   0.000     Re =     0.190 e 6     Ncrit =   9.000

  alpha     CL        CD       CDp       Cm    Top Xtr Bot Xtr   Cpmin    Chinge    XCp    
 ------- -------- --------- --------- -------- ------- ------- -------- --------- ---------
  -5.000  -0.3095   0.01785   0.01028  -0.0589  0.9453  0.0736  -2.6883   0.0000   0.0000   0.0000   0.0520
  -4.500  -0.2461   0.01558   0.00808  -0.0608  0.9343  0.1027  -2.3495   0.0000   0.0000   0.0000  -0.0056
  -4.000  -0.1764   0.01412   0.00693  -0.0640  0.9240  0.1790  -1.9489   0.0000   0.0000   0.0000  -0.1229
  -3.500  -0.1117   0.01289   0.00625  -0.0662  0.9123  0.3128  -1.5635   0.0000   0.0000   0.0000  -0.3562
  -3.000  -0.0553   0.01179   0.00582  -0.0664  0.8984  0.4887  -1.2385   0.0000   0.0000   0.0000  -0.9720
  -2.500  -0.0069   0.01125   0.00588  -0.0640  0.8825  0.6589  -1.0364   0.0000   0.0000   0.0000  -9.1969
  -2.000   0.0500   0.01109   0.00580  -0.0626  0.8689  0.7510  -0.8260   0.0000   0.0000   0.0000   1.5159
  -1.500   0.0961   0.01111   0.00586  -0.0591  0.8508  0.8140  -0.6445   0.0000   0.0000   0.0000   0.8694
  -1.000   0.1431   0.01117   0.00590  -0.0558  0.8338  0.8590  -0.4947   0.0000   0.0000   0.0000   0.6420
  -0.500   0.1943   0.01114   0.00578  -0.0531  0.8170  0.9001  -0.5269   0.0000   0.0000   0.0000   0.5236
   0.000   0.2606   0.01111   0.00562  -0.0537  0.7997  0.9339  -0.5790   0.0000   0.0000   0.0000   0.4552
   0.500   0.3488   0.01114   0.00555  -0.0594  0.7804  0.9584  -0.6510   0.0000   0.0000   0.0000   0.4188
   1.000   0.4444   0.01103   0.00531  -0.0671  0.7585  0.9761  -0.7289   0.0000   0.0000   0.0000   0.3989
   1.500   0.5330   0.01088   0.00506  -0.0738  0.7352  0.9944  -0.8153   0.0000   0.0000   0.0000   0.3859
   2.000   0.5855   0.01073   0.00482  -0.0736  0.7089  1.0000  -0.8805   0.0000   0.0000   0.0000   0.3727
   2.500   0.6184   0.01073   0.00473  -0.0694  0.6831  1.0000  -0.9416   0.0000   0.0000   0.0000   0.3588
   3.000   0.6533   0.01083   0.00473  -0.0655  0.6565  1.0000  -1.0092   0.0000   0.0000   0.0000   0.3463
   3.500   0.6916   0.01100   0.00481  -0.0620  0.6256  1.0000  -1.1023   0.0000   0.0000   0.0000   0.3352
   4.000   0.7341   0.01125   0.00500  -0.0593  0.5932  1.0000  -1.2092   0.0000   0.0000   0.0000   0.3259
   4.500   0.7796   0.01161   0.00519  -0.0570  0.5588  1.0000  -1.3723   0.0000   0.0000   0.0000   0.3178
   5.000   0.8248   0.01201   0.00556  -0.0549  0.5208  1.0000  -1.6381   0.0000   0.0000   0.0000   0.3107
   5.500   0.8695   0.01252   0.00597  -0.0526  0.4798  1.0000  -1.9578   0.0000   0.0000   0.0000   0.3042
   6.000   0.9136   0.01314   0.00646  -0.0504  0.4396  1.0000  -2.2905   0.0000   0.0000   0.0000   0.2983
   6.500   0.9558   0.01380   0.00705  -0.0480  0.3948  1.0000  -2.6313   0.0000   0.0000   0.0000   0.2928
   7.000   0.9958   0.01458   0.00774  -0.0453  0.3478  1.0000  -2.9771   0.0000   0.0000   0.0000   0.2875
   7.500   1.0331   0.01550   0.00859  -0.0423  0.2994  1.0000  -3.3239   0.0000   0.0000   0.0000   0.2823
   8.000   1.0666   0.01662   0.00957  -0.0388  0.2494  1.0000  -3.6638   0.0000   0.0000   0.0000   0.2772
   8.500   1.0951   0.01799   0.01077  -0.0347  0.1930  1.0000  -3.9873   0.0000   0.0000   0.0000   0.2719
   9.000   1.1126   0.01983   0.01227  -0.0293  0.1347  1.0000  -4.2669   0.0000   0.0000   0.0000   0.2659
   9.500   1.1254   0.02174   0.01404  -0.0232  0.0962  1.0000  -4.5281   0.0000   0.0000   0.0000   0.2595
  10.000   1.1365   0.02390   0.01612  -0.0175  0.0726  1.0000  -4.7849   0.0000   0.0000   0.0000   0.2536
  10.500   1.1470   0.02634   0.01865  -0.0124  0.0564  1.0000  -5.0147   0.0000   0.0000   0.0000   0.2483
  11.000   1.1472   0.02984   0.02222  -0.0072  0.0440  1.0000  -5.1430   0.0000   0.0000   0.0000   0.2430
  11.500   1.1507   0.03346   0.02593  -0.0033  0.0361  1.0000  -5.2808   0.0000   0.0000   0.0000   0.2388
  12.000   1.1541   0.03829   0.03095   0.0003  0.0320  1.0000  -5.3489   0.0000   0.0000   0.0000   0.2349
  12.500   1.1687   0.04217   0.03512   0.0026  0.0300  1.0000  -5.5114   0.0000   0.0000   0.0000   0.2321
  13.000   1.1802   0.04672   0.04004   0.0045  0.0286  1.0000  -5.6517   0.0000   0.0000   0.0000   0.2297
  13.500   1.1850   0.05212   0.04579   0.0059  0.0277  1.0000  -5.7561   0.0000   0.0000   0.0000   0.2277
  14.000   1.1807   0.05867   0.05274   0.0065  0.0273  1.0000  -5.8069   0.0000   0.0000   0.0000   0.2264
  14.500   1.1650   0.06680   0.06130   0.0057  0.0271  1.0000  -5.7873   0.0000   0.0000   0.0000   0.2261
  15.000   1.1363   0.07722   0.07219   0.0026  0.0273  1.0000  -5.6781   0.0000   0.0000   0.0000   0.2277


