xflr5 v6.59

 Calculated polar for: revR_0_revT

 1 1 Reynolds number fixed          Mach number fixed         

 xtrf =   1.000 (top)        1.000 (bottom)
 Mach =   0.000     Re =     0.225 e 6     Ncrit =   9.000

  alpha     CL        CD       CDp       Cm    Top Xtr Bot Xtr   Cpmin    Chinge    XCp    
 ------- -------- --------- --------- -------- ------- ------- -------- --------- ---------
  -5.000  -0.3042   0.01511   0.00781  -0.0579  0.9500  0.0750  -2.8142   0.0000   0.0000   0.0000   0.0517
  -4.500  -0.2374   0.01376   0.00655  -0.0605  0.9384  0.1108  -2.3930   0.0000   0.0000   0.0000  -0.0134
  -3.500  -0.1143   0.01139   0.00503  -0.0635  0.9116  0.3210  -1.6001   0.0000   0.0000   0.0000  -0.3179
  -3.000  -0.0635   0.01043   0.00469  -0.0625  0.8954  0.4900  -1.2692   0.0000   0.0000   0.0000  -0.7535
  -2.500  -0.0155   0.00986   0.00465  -0.0601  0.8782  0.6500  -1.0055   0.0000   0.0000   0.0000  -3.6888
  -2.000   0.0344   0.00974   0.00466  -0.0576  0.8610  0.7383  -0.8035   0.0000   0.0000   0.0000   1.9479
  -1.500   0.0836   0.00976   0.00469  -0.0550  0.8441  0.7990  -0.6287   0.0000   0.0000   0.0000   0.9136
  -1.000   0.1326   0.00977   0.00465  -0.0523  0.8265  0.8425  -0.4806   0.0000   0.0000   0.0000   0.6462
  -0.500   0.1808   0.00977   0.00459  -0.0494  0.8085  0.8811  -0.5143   0.0000   0.0000   0.0000   0.5231
   0.000   0.2300   0.00978   0.00455  -0.0468  0.7885  0.9167  -0.5582   0.0000   0.0000   0.0000   0.4525
   0.500   0.2945   0.00980   0.00448  -0.0475  0.7687  0.9468  -0.6144   0.0000   0.0000   0.0000   0.4095
   1.000   0.3819   0.00982   0.00436  -0.0532  0.7475  0.9657  -0.6880   0.0000   0.0000   0.0000   0.3871
   1.500   0.4701   0.00980   0.00425  -0.0597  0.7220  0.9813  -0.7712   0.0000   0.0000   0.0000   0.3744
   2.000   0.5543   0.00973   0.00408  -0.0657  0.6938  0.9966  -0.8598   0.0000   0.0000   0.0000   0.3655
   2.500   0.6015   0.00972   0.00398  -0.0645  0.6660  1.0000  -0.9335   0.0000   0.0000   0.0000   0.3538
   3.000   0.6362   0.00981   0.00398  -0.0607  0.6357  1.0000  -1.0113   0.0000   0.0000   0.0000   0.3414
   3.500   0.6739   0.01001   0.00408  -0.0572  0.6040  1.0000  -1.1009   0.0000   0.0000   0.0000   0.3305
   4.000   0.7156   0.01031   0.00427  -0.0544  0.5691  1.0000  -1.2258   0.0000   0.0000   0.0000   0.3212
   4.500   0.7599   0.01070   0.00454  -0.0521  0.5319  1.0000  -1.4229   0.0000   0.0000   0.0000   0.3132
   5.000   0.8049   0.01116   0.00489  -0.0500  0.4910  1.0000  -1.7362   0.0000   0.0000   0.0000   0.3063
   5.500   0.8503   0.01171   0.00534  -0.0480  0.4515  1.0000  -2.0669   0.0000   0.0000   0.0000   0.3001
   6.000   0.8946   0.01232   0.00585  -0.0459  0.4064  1.0000  -2.4097   0.0000   0.0000   0.0000   0.2945
   6.500   0.9378   0.01303   0.00647  -0.0438  0.3599  1.0000  -2.7628   0.0000   0.0000   0.0000   0.2893
   7.000   0.9792   0.01386   0.00718  -0.0414  0.3115  1.0000  -3.1224   0.0000   0.0000   0.0000   0.2844
   7.500   1.0179   0.01486   0.00801  -0.0388  0.2543  1.0000  -3.4824   0.0000   0.0000   0.0000   0.2796
   8.000   1.0527   0.01615   0.00908  -0.0358  0.1933  1.0000  -3.8421   0.0000   0.0000   0.0000   0.2749
   8.500   1.0823   0.01779   0.01041  -0.0322  0.1325  1.0000  -4.1884   0.0000   0.0000   0.0000   0.2700
   9.000   1.1078   0.01963   0.01202  -0.0281  0.0894  1.0000  -4.5150   0.0000   0.0000   0.0000   0.2650
   9.500   1.1258   0.02156   0.01389  -0.0228  0.0658  1.0000  -4.7965   0.0000   0.0000   0.0000   0.2592
  10.000   1.1404   0.02368   0.01602  -0.0174  0.0479  1.0000  -5.0364   0.0000   0.0000   0.0000   0.2535
  10.500   1.1471   0.02649   0.01888  -0.0119  0.0358  1.0000  -5.1950   0.0000   0.0000   0.0000   0.2479
  11.000   1.1490   0.03007   0.02259  -0.0070  0.0307  1.0000  -5.3097   0.0000   0.0000   0.0000   0.2429
  11.500   1.1608   0.03330   0.02600  -0.0037  0.0279  1.0000  -5.4889   0.0000   0.0000   0.0000   0.2392
  12.000   1.1720   0.03689   0.02973  -0.0010  0.0261  1.0000  -5.6812   0.0000   0.0000   0.0000   0.2361
  12.500   1.1839   0.04122   0.03422   0.0014  0.0248  1.0000  -5.8452   0.0000   0.0000   0.0000   0.2333
  13.000   1.1991   0.04650   0.03981   0.0034  0.0240  1.0000  -5.9634   0.0000   0.0000   0.0000   0.2308
  13.500   1.2057   0.05165   0.04532   0.0048  0.0237  1.0000  -6.0851   0.0000   0.0000   0.0000   0.2288
  14.000   1.2028   0.05797   0.05205   0.0055  0.0236  1.0000  -6.1501   0.0000   0.0000   0.0000   0.2274
  14.500   1.1891   0.06574   0.06024   0.0048  0.0235  1.0000  -6.1693   0.0000   0.0000   0.0000   0.2270
  15.000   1.1650   0.07535   0.07027   0.0023  0.0236  1.0000  -6.1537   0.0000   0.0000   0.0000   0.2282


