xflr5 v6.59

 Calculated polar for: revR_80_revT

 1 1 Reynolds number fixed          Mach number fixed         

 xtrf =   1.000 (top)        1.000 (bottom)
 Mach =   0.000     Re =     0.080 e 6     Ncrit =   9.000

  alpha     CL        CD       CDp       Cm    Top Xtr Bot Xtr   Cpmin    Chinge    XCp    
 ------- -------- --------- --------- -------- ------- ------- -------- --------- ---------
  -5.000  -0.2701   0.05519   0.04953  -0.0882  0.9292  0.1150  -2.2167   0.0000   0.0000   0.0000  -0.0888
  -4.500  -0.1624   0.04198   0.03451  -0.1069  0.9231  0.1090  -2.2506   0.0000   0.0000   0.0000  -0.4287
  -4.000  -0.1137   0.03873   0.03059  -0.1081  0.9111  0.1168  -2.1112   0.0000   0.0000   0.0000  -0.7274
  -3.500  -0.0264   0.03572   0.02695  -0.1149  0.9011  0.1383  -1.8917   0.0000   0.0000   0.0000  -4.2080
  -3.000   0.0326   0.03465   0.02557  -0.1166  0.8891  0.1729  -1.7181   0.0000   0.0000   0.0000   3.9043
  -2.500   0.1078   0.03341   0.02452  -0.1208  0.8771  0.2490  -1.4966   0.0000   0.0000   0.0000   1.3903
  -2.000   0.1652   0.03314   0.02476  -0.1223  0.8649  0.3613  -1.2895   0.0000   0.0000   0.0000   1.0013
  -1.500   0.2307   0.03280   0.02513  -0.1242  0.8517  0.5280  -1.0630   0.0000   0.0000   0.0000   0.7943
  -1.000   0.2661   0.03330   0.02627  -0.1198  0.8364  0.7063  -0.8971   0.0000   0.0000   0.0000   0.7042
  -0.500   0.2965   0.03295   0.02624  -0.1112  0.8238  0.9267  -0.7445   0.0000   0.0000   0.0000   0.6272
   0.000   0.3471   0.03426   0.02708  -0.1136  0.8048  1.0000  -0.6655   0.0000   0.0000   0.0000   0.5781
   0.500   0.4124   0.03543   0.02785  -0.1165  0.7894  1.0000  -0.7135   0.0000   0.0000   0.0000   0.5320
   1.000   0.4804   0.03628   0.02838  -0.1192  0.7750  1.0000  -0.7657   0.0000   0.0000   0.0000   0.4964
   2.000   0.6120   0.03768   0.02936  -0.1224  0.7456  1.0000  -0.8792   0.0000   0.0000   0.0000   0.4468
   2.500   0.6472   0.03941   0.03100  -0.1208  0.7247  1.0000  -0.9162   0.0000   0.0000   0.0000   0.4327
   3.500   0.7305   0.04250   0.03398  -0.1185  0.6844  1.0000  -1.0103   0.0000   0.0000   0.0000   0.4068
   4.000   0.8137   0.04128   0.03273  -0.1201  0.6740  1.0000  -1.1009   0.0000   0.0000   0.0000   0.3916
   5.000   0.9452   0.04004   0.03156  -0.1197  0.6463  1.0000  -1.2743   0.0000   0.0000   0.0000   0.3693
   6.500   1.1385   0.03679   0.02861  -0.1177  0.5984  1.0000  -1.6056   0.0000   0.0000   0.0000   0.3440
   7.000   1.1807   0.03716   0.02913  -0.1152  0.5763  1.0000  -1.7148   0.0000   0.0000   0.0000   0.3374
   7.500   1.2354   0.03645   0.02858  -0.1134  0.5546  1.0000  -1.8557   0.0000   0.0000   0.0000   0.3310
   8.000   1.3003   0.03515   0.02743  -0.1126  0.5326  1.0000  -2.0418   0.0000   0.0000   0.0000   0.3250
   8.500   1.3688   0.03374   0.02612  -0.1123  0.5078  1.0000  -2.2653   0.0000   0.0000   0.0000   0.3196
   9.000   1.4361   0.03263   0.02501  -0.1120  0.4792  1.0000  -2.5511   0.0000   0.0000   0.0000   0.3147
   9.500   1.4921   0.03253   0.02487  -0.1108  0.4479  1.0000  -2.8758   0.0000   0.0000   0.0000   0.3101
  10.000   1.5138   0.03399   0.02648  -0.1058  0.4157  1.0000  -3.1326   0.0000   0.0000   0.0000   0.3049
  10.500   1.5427   0.03508   0.02757  -0.1016  0.3830  1.0000  -3.4243   0.0000   0.0000   0.0000   0.2999
  11.000   1.5758   0.03628   0.02866  -0.0980  0.3496  1.0000  -3.7412   0.0000   0.0000   0.0000   0.2954
  11.500   1.5741   0.03885   0.03138  -0.0910  0.3200  1.0000  -3.9284   0.0000   0.0000   0.0000   0.2900
  12.000   1.5743   0.04175   0.03436  -0.0850  0.2902  1.0000  -4.1230   0.0000   0.0000   0.0000   0.2853
  12.500   1.5747   0.04498   0.03758  -0.0797  0.2611  1.0000  -4.3190   0.0000   0.0000   0.0000   0.2810
  13.000   1.5753   0.04865   0.04120  -0.0751  0.2333  1.0000  -4.5136   0.0000   0.0000   0.0000   0.2770
  13.500   1.5783   0.05263   0.04501  -0.0711  0.2056  1.0000  -4.7224   0.0000   0.0000   0.0000   0.2734
  14.000   1.5695   0.05761   0.05003  -0.0673  0.1823  1.0000  -4.8767   0.0000   0.0000   0.0000   0.2701
  14.500   1.5474   0.06397   0.05679  -0.0640  0.1647  1.0000  -4.9599   0.0000   0.0000   0.0000   0.2676
  15.000   1.5329   0.07059   0.06363  -0.0616  0.1474  1.0000  -5.0639   0.0000   0.0000   0.0000   0.2653


