xflr5 v6.59

 Calculated polar for: revR_05_revT

 1 1 Reynolds number fixed          Mach number fixed         

 xtrf =   1.000 (top)        1.000 (bottom)
 Mach =   0.000     Re =     0.050 e 6     Ncrit =   9.000

  alpha     CL        CD       CDp       Cm    Top Xtr Bot Xtr   Cpmin    Chinge    XCp    
 ------- -------- --------- --------- -------- ------- ------- -------- --------- ---------
  -5.000  -0.5029   0.03637   0.02728  -0.0282  1.0000  0.1478  -2.6577   0.0000   0.0000   0.0000   0.1889
  -4.500  -0.4676   0.03256   0.02284  -0.0256  1.0000  0.1621  -2.5457   0.0000   0.0000   0.0000   0.1903
  -4.000  -0.4306   0.02970   0.01952  -0.0232  1.0000  0.1908  -2.3848   0.0000   0.0000   0.0000   0.1915
  -3.500  -0.3935   0.02726   0.01706  -0.0205  1.0000  0.2381  -2.1902   0.0000   0.0000   0.0000   0.1933
  -3.000  -0.3565   0.02484   0.01514  -0.0175  1.0000  0.3257  -1.9845   0.0000   0.0000   0.0000   0.1965
  -2.500  -0.3286   0.02269   0.01441  -0.0122  1.0000  0.5358  -1.7911   0.0000   0.0000   0.0000   0.2089
  -2.000  -0.3238   0.02230   0.01533   0.0022  1.0000  0.8344  -1.6276   0.0000   0.0000   0.0000   0.2530
  -1.500  -0.1828   0.02332   0.01538  -0.0149  1.0000  1.0000  -1.1446   0.0000   0.0000   0.0000   0.1637
  -1.000  -0.1747   0.02317   0.01475  -0.0110  1.0000  1.0000  -1.0439   0.0000   0.0000   0.0000   0.1827
  -0.500  -0.1493   0.02374   0.01484  -0.0093  1.0000  1.0000  -0.9082   0.0000   0.0000   0.0000   0.1841
   0.000  -0.0706   0.02572   0.01632  -0.0171  0.9782  1.0000  -0.6786   0.0000   0.0000   0.0000   0.0036
   0.500   0.0116   0.02780   0.01802  -0.0250  0.9504  1.0000  -0.4983   0.0000   0.0000   0.0000   2.3968
   1.000   0.0947   0.02981   0.01974  -0.0324  0.9214  1.0000  -0.4623   0.0000   0.0000   0.0000   0.5888
   1.500   0.1727   0.03166   0.02140  -0.0382  0.8923  1.0000  -0.5194   0.0000   0.0000   0.0000   0.4681
   2.000   0.2285   0.03314   0.02276  -0.0402  0.8611  1.0000  -0.5657   0.0000   0.0000   0.0000   0.4220
   2.500   0.2934   0.03472   0.02430  -0.0431  0.8302  1.0000  -0.6256   0.0000   0.0000   0.0000   0.3929
   3.000   0.3735   0.03608   0.02569  -0.0475  0.7999  1.0000  -0.7022   0.0000   0.0000   0.0000   0.3729
   3.500   0.4211   0.03766   0.02730  -0.0472  0.7674  1.0000  -0.7603   0.0000   0.0000   0.0000   0.3575
   4.000   0.4769   0.03904   0.02879  -0.0476  0.7349  1.0000  -0.8348   0.0000   0.0000   0.0000   0.3450
   4.500   0.5621   0.03937   0.02933  -0.0505  0.7045  1.0000  -0.9617   0.0000   0.0000   0.0000   0.3347
   5.000   0.5991   0.04113   0.03124  -0.0482  0.6706  1.0000  -1.0446   0.0000   0.0000   0.0000   0.3249
   5.500   0.6687   0.04124   0.03162  -0.0482  0.6373  1.0000  -1.2118   0.0000   0.0000   0.0000   0.3161
   6.000   0.7815   0.03833   0.02914  -0.0501  0.6073  1.0000  -1.5548   0.0000   0.0000   0.0000   0.3078
   6.500   0.8101   0.03995   0.03101  -0.0458  0.5680  1.0000  -1.7907   0.0000   0.0000   0.0000   0.2997
   7.000   0.9031   0.03702   0.02841  -0.0447  0.5275  1.0000  -2.2876   0.0000   0.0000   0.0000   0.2922
   7.500   0.9767   0.03504   0.02658  -0.0421  0.4764  1.0000  -2.7404   0.0000   0.0000   0.0000   0.2852
   8.000   1.0494   0.03334   0.02473  -0.0395  0.4144  1.0000  -3.2129   0.0000   0.0000   0.0000   0.2791
   8.500   1.0791   0.03424   0.02559  -0.0339  0.3487  1.0000  -3.5058   0.0000   0.0000   0.0000   0.2720
   9.000   1.1043   0.03590   0.02698  -0.0281  0.2809  1.0000  -3.7685   0.0000   0.0000   0.0000   0.2654
   9.500   1.1317   0.03889   0.02949  -0.0235  0.2217  1.0000  -4.0066   0.0000   0.0000   0.0000   0.2599
  10.000   1.1509   0.04306   0.03383  -0.0187  0.1814  1.0000  -4.1609   0.0000   0.0000   0.0000   0.2548
  10.500   1.1705   0.04818   0.03898  -0.0149  0.1515  1.0000  -4.2965   0.0000   0.0000   0.0000   0.2506
  11.500   1.1532   0.06030   0.05206  -0.0037  0.1258  1.0000  -4.3069   0.0000   0.0000   0.0000   0.2399
  12.000   1.1074   0.06781   0.06010   0.0013  0.1234  1.0000  -4.1872   0.0000   0.0000   0.0000   0.2348
  12.500   1.0443   0.07912   0.07183   0.0011  0.1260  1.0000  -3.9707   0.0000   0.0000   0.0000   0.2342
  13.000   0.9801   0.09508   0.08797  -0.0047  0.1299  1.0000  -3.6842   0.0000   0.0000   0.0000   0.2395
  13.500   0.7801   0.14934   0.14176  -0.0421  0.2066  1.0000  -2.2291   0.0000   0.0000   0.0000   0.2899
  14.500   0.7515   0.17478   0.16716  -0.0566  0.2622  1.0000  -1.8434   0.0000   0.0000   0.0000   0.3107
  15.000   0.7910   0.18819   0.18070  -0.0571  0.2464  1.0000  -1.8789   0.0000   0.0000   0.0000   0.3071


