xflr5 v6.59

 Calculated polar for: revR_75_revT

 1 1 Reynolds number fixed          Mach number fixed         

 xtrf =   1.000 (top)        1.000 (bottom)
 Mach =   0.000     Re =     0.500 e 6     Ncrit =   9.000

  alpha     CL        CD       CDp       Cm    Top Xtr Bot Xtr   Cpmin    Chinge    XCp    
 ------- -------- --------- --------- -------- ------- ------- -------- --------- ---------
  -5.000   0.0371   0.01158   0.00520  -0.1311  0.7861  0.0447  -2.3477   0.0000   0.0000   0.0000   3.8710
  -4.500   0.0935   0.01083   0.00431  -0.1313  0.7783  0.0560  -2.0722   0.0000   0.0000   0.0000   1.6843
  -4.000   0.1501   0.01035   0.00383  -0.1315  0.7698  0.0773  -1.8052   0.0000   0.0000   0.0000   1.1424
  -3.500   0.2068   0.00988   0.00345  -0.1318  0.7614  0.1130  -1.5416   0.0000   0.0000   0.0000   0.8975
  -3.000   0.2638   0.00948   0.00319  -0.1322  0.7535  0.1684  -1.2937   0.0000   0.0000   0.0000   0.7576
  -2.500   0.3207   0.00919   0.00305  -0.1326  0.7448  0.2326  -1.0572   0.0000   0.0000   0.0000   0.6675
  -2.000   0.3774   0.00884   0.00290  -0.1329  0.7353  0.3069  -0.8407   0.0000   0.0000   0.0000   0.6045
  -1.500   0.4345   0.00856   0.00280  -0.1332  0.7256  0.3978  -0.7469   0.0000   0.0000   0.0000   0.5578
  -1.000   0.4910   0.00827   0.00281  -0.1335  0.7171  0.5029  -0.7894   0.0000   0.0000   0.0000   0.5220
  -0.500   0.5470   0.00798   0.00280  -0.1335  0.7063  0.6173  -0.8323   0.0000   0.0000   0.0000   0.4932
   0.000   0.6021   0.00788   0.00291  -0.1331  0.6957  0.7170  -0.8748   0.0000   0.0000   0.0000   0.4695
   0.500   0.6565   0.00781   0.00298  -0.1325  0.6850  0.7814  -0.9229   0.0000   0.0000   0.0000   0.4496
   1.000   0.7099   0.00783   0.00302  -0.1316  0.6724  0.8316  -0.9752   0.0000   0.0000   0.0000   0.4325
   1.500   0.7612   0.00776   0.00304  -0.1303  0.6586  0.8771  -1.0266   0.0000   0.0000   0.0000   0.4177
   2.000   0.8078   0.00770   0.00304  -0.1279  0.6447  0.9349  -1.0833   0.0000   0.0000   0.0000   0.4042
   2.500   0.8688   0.00774   0.00301  -0.1289  0.6285  1.0000  -1.1511   0.0000   0.0000   0.0000   0.3937
   3.000   0.9257   0.00791   0.00312  -0.1294  0.6094  1.0000  -1.2168   0.0000   0.0000   0.0000   0.3844
   3.500   0.9818   0.00815   0.00329  -0.1296  0.5917  1.0000  -1.2873   0.0000   0.0000   0.0000   0.3761
   4.000   1.0365   0.00845   0.00349  -0.1295  0.5723  1.0000  -1.3656   0.0000   0.0000   0.0000   0.3684
   4.500   1.0898   0.00879   0.00375  -0.1292  0.5475  1.0000  -1.4465   0.0000   0.0000   0.0000   0.3614
   5.000   1.1423   0.00918   0.00407  -0.1288  0.5239  1.0000  -1.5434   0.0000   0.0000   0.0000   0.3550
   5.500   1.1934   0.00964   0.00445  -0.1282  0.4974  1.0000  -1.6474   0.0000   0.0000   0.0000   0.3490
   6.000   1.2432   0.01016   0.00489  -0.1274  0.4685  1.0000  -1.7726   0.0000   0.0000   0.0000   0.3433
   6.500   1.2913   0.01077   0.00541  -0.1263  0.4396  1.0000  -1.9003   0.0000   0.0000   0.0000   0.3380
   7.500   1.3805   0.01227   0.00672  -0.1231  0.3780  1.0000  -2.2281   0.0000   0.0000   0.0000   0.3279
   8.000   1.4217   0.01314   0.00750  -0.1211  0.3444  1.0000  -2.4442   0.0000   0.0000   0.0000   0.3231
   8.500   1.4565   0.01419   0.00842  -0.1180  0.3119  1.0000  -2.7036   0.0000   0.0000   0.0000   0.3182
   9.000   1.4886   0.01534   0.00951  -0.1146  0.2830  1.0000  -3.0042   0.0000   0.0000   0.0000   0.3134
   9.500   1.5177   0.01667   0.01077  -0.1110  0.2519  1.0000  -3.3048   0.0000   0.0000   0.0000   0.3087
  10.000   1.5426   0.01833   0.01233  -0.1072  0.2220  1.0000  -3.5992   0.0000   0.0000   0.0000   0.3042
  10.500   1.5631   0.02040   0.01429  -0.1033  0.1925  1.0000  -3.8846   0.0000   0.0000   0.0000   0.3000
  11.000   1.5829   0.02269   0.01650  -0.0997  0.1648  1.0000  -4.1731   0.0000   0.0000   0.0000   0.2960
  11.500   1.5992   0.02537   0.01913  -0.0962  0.1381  1.0000  -4.4569   0.0000   0.0000   0.0000   0.2922
  12.000   1.6115   0.02847   0.02216  -0.0927  0.1138  1.0000  -4.7357   0.0000   0.0000   0.0000   0.2886
  12.500   1.6226   0.03182   0.02547  -0.0894  0.0945  1.0000  -5.0136   0.0000   0.0000   0.0000   0.2852
  13.000   1.6301   0.03557   0.02921  -0.0863  0.0780  1.0000  -5.2789   0.0000   0.0000   0.0000   0.2820
  13.500   1.6337   0.03987   0.03351  -0.0833  0.0641  1.0000  -5.5270   0.0000   0.0000   0.0000   0.2791
  14.000   1.6423   0.04390   0.03763  -0.0810  0.0553  1.0000  -5.8023   0.0000   0.0000   0.0000   0.2763
  14.500   1.6410   0.04917   0.04300  -0.0787  0.0456  1.0000  -6.0262   0.0000   0.0000   0.0000   0.2739
  15.000   1.6429   0.05441   0.04833  -0.0771  0.0395  1.0000  -6.2680   0.0000   0.0000   0.0000   0.2718


