xflr5 v6.59

 Calculated polar for: revR_55_revT

 1 1 Reynolds number fixed          Mach number fixed         

 xtrf =   1.000 (top)        1.000 (bottom)
 Mach =   0.000     Re =     0.385 e 6     Ncrit =   9.000

  alpha     CL        CD       CDp       Cm    Top Xtr Bot Xtr   Cpmin    Chinge    XCp    
 ------- -------- --------- --------- -------- ------- ------- -------- --------- ---------
  -5.000  -0.0451   0.01254   0.00586  -0.1132  0.8233  0.0515  -2.4190   0.0000   0.0000   0.0000  -2.3222
  -4.500   0.0096   0.01184   0.00510  -0.1131  0.8134  0.0648  -2.0818   0.0000   0.0000   0.0000  12.2800
  -4.000   0.0648   0.01103   0.00430  -0.1131  0.8034  0.0976  -1.7670   0.0000   0.0000   0.0000   2.0288
  -3.500   0.1200   0.01052   0.00397  -0.1132  0.7938  0.1517  -1.5165   0.0000   0.0000   0.0000   1.2085
  -3.000   0.1756   0.01004   0.00368  -0.1133  0.7836  0.2223  -1.2749   0.0000   0.0000   0.0000   0.9037
  -2.500   0.2317   0.00969   0.00350  -0.1135  0.7742  0.3046  -1.0412   0.0000   0.0000   0.0000   0.7450
  -2.000   0.2868   0.00921   0.00334  -0.1135  0.7626  0.4095  -0.8288   0.0000   0.0000   0.0000   0.6487
  -1.500   0.3426   0.00888   0.00327  -0.1135  0.7527  0.5290  -0.6598   0.0000   0.0000   0.0000   0.5827
  -1.000   0.3963   0.00854   0.00332  -0.1129  0.7417  0.6490  -0.7006   0.0000   0.0000   0.0000   0.5352
  -0.500   0.4502   0.00843   0.00334  -0.1120  0.7301  0.7386  -0.7421   0.0000   0.0000   0.0000   0.4981
   0.000   0.5033   0.00838   0.00339  -0.1110  0.7173  0.7960  -0.7861   0.0000   0.0000   0.0000   0.4691
   0.500   0.5556   0.00839   0.00339  -0.1096  0.7053  0.8430  -0.8335   0.0000   0.0000   0.0000   0.4453
   1.000   0.6046   0.00830   0.00341  -0.1077  0.6913  0.8862  -0.8805   0.0000   0.0000   0.0000   0.4254
   1.500   0.6521   0.00823   0.00333  -0.1052  0.6767  0.9358  -0.9331   0.0000   0.0000   0.0000   0.4081
   2.000   0.7196   0.00816   0.00322  -0.1075  0.6607  1.0000  -1.0008   0.0000   0.0000   0.0000   0.3956
   2.500   0.7769   0.00829   0.00327  -0.1081  0.6421  1.0000  -1.0660   0.0000   0.0000   0.0000   0.3848
   3.000   0.8334   0.00847   0.00336  -0.1084  0.6231  1.0000  -1.1349   0.0000   0.0000   0.0000   0.3751
   3.500   0.8887   0.00869   0.00350  -0.1084  0.6016  1.0000  -1.2102   0.0000   0.0000   0.0000   0.3665
   4.000   0.9430   0.00897   0.00369  -0.1082  0.5787  1.0000  -1.2928   0.0000   0.0000   0.0000   0.3587
   4.500   0.9963   0.00929   0.00394  -0.1078  0.5529  1.0000  -1.3830   0.0000   0.0000   0.0000   0.3516
   5.000   1.0486   0.00969   0.00426  -0.1073  0.5250  1.0000  -1.4952   0.0000   0.0000   0.0000   0.3451
   5.500   1.0994   0.01017   0.00465  -0.1066  0.4955  1.0000  -1.6112   0.0000   0.0000   0.0000   0.3391
   6.000   1.1486   0.01075   0.00511  -0.1056  0.4631  1.0000  -1.7642   0.0000   0.0000   0.0000   0.3335
   6.500   1.1973   0.01134   0.00565  -0.1046  0.4303  1.0000  -1.9282   0.0000   0.0000   0.0000   0.3283
   7.000   1.2436   0.01207   0.00629  -0.1033  0.3971  1.0000  -2.1507   0.0000   0.0000   0.0000   0.3233
   7.500   1.2877   0.01290   0.00701  -0.1016  0.3589  1.0000  -2.4524   0.0000   0.0000   0.0000   0.3185
   8.000   1.3298   0.01382   0.00785  -0.0997  0.3257  1.0000  -2.7725   0.0000   0.0000   0.0000   0.3138
   8.500   1.3688   0.01487   0.00879  -0.0975  0.2886  1.0000  -3.0949   0.0000   0.0000   0.0000   0.3093
   9.000   1.3998   0.01619   0.00993  -0.0940  0.2504  1.0000  -3.4008   0.0000   0.0000   0.0000   0.3045
   9.500   1.4305   0.01751   0.01119  -0.0906  0.2157  1.0000  -3.7141   0.0000   0.0000   0.0000   0.2999
  10.000   1.4526   0.01936   0.01287  -0.0865  0.1784  1.0000  -4.0032   0.0000   0.0000   0.0000   0.2953
  10.500   1.4731   0.02148   0.01489  -0.0827  0.1435  1.0000  -4.2911   0.0000   0.0000   0.0000   0.2911
  11.000   1.4893   0.02408   0.01736  -0.0790  0.1139  1.0000  -4.5653   0.0000   0.0000   0.0000   0.2871
  11.500   1.5055   0.02683   0.02008  -0.0757  0.0914  1.0000  -4.8425   0.0000   0.0000   0.0000   0.2834
  12.000   1.5175   0.03008   0.02330  -0.0724  0.0726  1.0000  -5.1019   0.0000   0.0000   0.0000   0.2800
  12.500   1.5285   0.03358   0.02682  -0.0695  0.0589  1.0000  -5.3678   0.0000   0.0000   0.0000   0.2768
  13.000   1.5373   0.03741   0.03077  -0.0669  0.0488  1.0000  -5.6231   0.0000   0.0000   0.0000   0.2739
  13.500   1.5286   0.04313   0.03654  -0.0639  0.0385  1.0000  -5.7769   0.0000   0.0000   0.0000   0.2711
  14.000   1.5387   0.04724   0.04089  -0.0623  0.0344  1.0000  -6.0362   0.0000   0.0000   0.0000   0.2688
  14.500   1.5327   0.05339   0.04713  -0.0608  0.0293  1.0000  -6.2008   0.0000   0.0000   0.0000   0.2669
  15.000   1.5111   0.06179   0.05578  -0.0597  0.0255  1.0000  -6.2439   0.0000   0.0000   0.0000   0.2656


