xflr5 v6.59

 Calculated polar for: revR_05_revT

 1 1 Reynolds number fixed          Mach number fixed         

 xtrf =   1.000 (top)        1.000 (bottom)
 Mach =   0.000     Re =     0.450 e 6     Ncrit =   9.000

  alpha     CL        CD       CDp       Cm    Top Xtr Bot Xtr   Cpmin    Chinge    XCp    
 ------- -------- --------- --------- -------- ------- ------- -------- --------- ---------
  -5.000  -0.2434   0.01115   0.00475  -0.0675  0.8897  0.0536  -2.5898   0.0000   0.0000   0.0000  -0.0365
  -4.500  -0.1942   0.01020   0.00376  -0.0661  0.8715  0.0836  -2.2384   0.0000   0.0000   0.0000  -0.1002
  -4.000  -0.1433   0.00958   0.00331  -0.0652  0.8553  0.1338  -1.8710   0.0000   0.0000   0.0000  -0.2165
  -3.500  -0.0911   0.00909   0.00297  -0.0645  0.8398  0.1979  -1.5145   0.0000   0.0000   0.0000  -0.4727
  -3.000  -0.0395   0.00855   0.00266  -0.0637  0.8233  0.2886  -1.2166   0.0000   0.0000   0.0000  -1.3923
  -2.500   0.0111   0.00787   0.00244  -0.0629  0.8082  0.4260  -1.0114   0.0000   0.0000   0.0000   6.0200
  -2.000   0.0617   0.00733   0.00232  -0.0618  0.7937  0.5717  -0.8139   0.0000   0.0000   0.0000   1.2619
  -1.500   0.1129   0.00703   0.00230  -0.0604  0.7768  0.6818  -0.6241   0.0000   0.0000   0.0000   0.7888
  -1.000   0.1656   0.00695   0.00231  -0.0593  0.7601  0.7474  -0.5009   0.0000   0.0000   0.0000   0.6089
  -0.500   0.2188   0.00693   0.00232  -0.0582  0.7440  0.7891  -0.5443   0.0000   0.0000   0.0000   0.5156
   0.000   0.2717   0.00696   0.00230  -0.0570  0.7254  0.8239  -0.5894   0.0000   0.0000   0.0000   0.4586
   0.500   0.3234   0.00694   0.00231  -0.0556  0.7054  0.8556  -0.6403   0.0000   0.0000   0.0000   0.4200
   1.000   0.3744   0.00696   0.00234  -0.0540  0.6849  0.8859  -0.6913   0.0000   0.0000   0.0000   0.3918
   1.500   0.4237   0.00700   0.00235  -0.0520  0.6605  0.9182  -0.7449   0.0000   0.0000   0.0000   0.3699
   2.000   0.4791   0.00706   0.00239  -0.0514  0.6366  0.9477  -0.8107   0.0000   0.0000   0.0000   0.3540
   2.500   0.5491   0.00724   0.00246  -0.0542  0.6069  0.9709  -0.8904   0.0000   0.0000   0.0000   0.3450
   3.000   0.6234   0.00745   0.00259  -0.0582  0.5733  0.9866  -0.9908   0.0000   0.0000   0.0000   0.3392
   4.000   0.7374   0.00801   0.00290  -0.0595  0.5017  1.0000  -1.2232   0.0000   0.0000   0.0000   0.3258
   4.500   0.7797   0.00844   0.00316  -0.0570  0.4633  1.0000  -1.3863   0.0000   0.0000   0.0000   0.3176
   5.000   0.8262   0.00886   0.00348  -0.0553  0.4263  1.0000  -1.6954   0.0000   0.0000   0.0000   0.3110
   5.500   0.8724   0.00939   0.00389  -0.0535  0.3864  1.0000  -2.0273   0.0000   0.0000   0.0000   0.3050
   6.000   0.9165   0.01008   0.00434  -0.0516  0.3298  1.0000  -2.3692   0.0000   0.0000   0.0000   0.2993
   6.500   0.9590   0.01092   0.00491  -0.0495  0.2729  1.0000  -2.7199   0.0000   0.0000   0.0000   0.2941
   7.000   1.0022   0.01172   0.00554  -0.0475  0.2272  1.0000  -3.0864   0.0000   0.0000   0.0000   0.2893
   7.500   1.0417   0.01276   0.00634  -0.0450  0.1728  1.0000  -3.4507   0.0000   0.0000   0.0000   0.2846
   8.000   1.0787   0.01391   0.00725  -0.0422  0.1234  1.0000  -3.8329   0.0000   0.0000   0.0000   0.2799
   8.500   1.1131   0.01513   0.00826  -0.0391  0.0856  1.0000  -4.2157   0.0000   0.0000   0.0000   0.2753
   9.000   1.1466   0.01626   0.00935  -0.0357  0.0623  1.0000  -4.6006   0.0000   0.0000   0.0000   0.2707
   9.500   1.1733   0.01745   0.01048  -0.0312  0.0448  1.0000  -4.9550   0.0000   0.0000   0.0000   0.2654
  10.000   1.1916   0.01893   0.01190  -0.0255  0.0284  1.0000  -5.2473   0.0000   0.0000   0.0000   0.2596
  10.500   1.2036   0.02088   0.01387  -0.0195  0.0187  1.0000  -5.4633   0.0000   0.0000   0.0000   0.2537
  11.000   1.2136   0.02309   0.01618  -0.0140  0.0156  1.0000  -5.6915   0.0000   0.0000   0.0000   0.2483
  11.500   1.2198   0.02577   0.01907  -0.0090  0.0144  1.0000  -5.8991   0.0000   0.0000   0.0000   0.2433
  12.000   1.2334   0.02823   0.02172  -0.0055  0.0138  1.0000  -6.1852   0.0000   0.0000   0.0000   0.2396
  12.500   1.2428   0.03125   0.02493  -0.0024  0.0132  1.0000  -6.4445   0.0000   0.0000   0.0000   0.2363
  13.000   1.2483   0.03490   0.02877   0.0001  0.0128  1.0000  -6.6765   0.0000   0.0000   0.0000   0.2333
  13.500   1.2505   0.03919   0.03327   0.0020  0.0125  1.0000  -6.8799   0.0000   0.0000   0.0000   0.2309
  14.000   1.2508   0.04405   0.03836   0.0032  0.0123  1.0000  -7.0669   0.0000   0.0000   0.0000   0.2290
  14.500   1.2494   0.04950   0.04402   0.0035  0.0121  1.0000  -7.2387   0.0000   0.0000   0.0000   0.2277
  15.000   1.2463   0.05562   0.05037   0.0030  0.0119  1.0000  -7.3933   0.0000   0.0000   0.0000   0.2271


