xflr5 v6.59

 Calculated polar for: revR_50_revT

 1 1 Reynolds number fixed          Mach number fixed         

 xtrf =   1.000 (top)        1.000 (bottom)
 Mach =   0.000     Re =     0.115 e 6     Ncrit =   9.000

  alpha     CL        CD       CDp       Cm    Top Xtr Bot Xtr   Cpmin    Chinge    XCp    
 ------- -------- --------- --------- -------- ------- ------- -------- --------- ---------
  -5.000  -0.1812   0.02817   0.02020  -0.0992  0.9235  0.0886  -2.4790   0.0000   0.0000   0.0000  -0.3140
  -4.500  -0.1274   0.02526   0.01700  -0.0997  0.9119  0.0999  -2.2632   0.0000   0.0000   0.0000  -0.5544
  -4.000  -0.0532   0.02349   0.01511  -0.1035  0.9027  0.1307  -1.9490   0.0000   0.0000   0.0000  -1.7418
  -3.500   0.0227   0.02195   0.01379  -0.1077  0.8944  0.2000  -1.6256   0.0000   0.0000   0.0000   5.0915
  -3.000   0.0802   0.02099   0.01327  -0.1087  0.8806  0.3105  -1.4010   0.0000   0.0000   0.0000   1.6288
  -2.500   0.1564   0.01986   0.01288  -0.1122  0.8736  0.4857  -1.1347   0.0000   0.0000   0.0000   0.9768
  -2.000   0.1956   0.01980   0.01339  -0.1087  0.8567  0.6425  -0.9505   0.0000   0.0000   0.0000   0.8116
  -1.500   0.2449   0.01982   0.01365  -0.1049  0.8463  0.7798  -0.7580   0.0000   0.0000   0.0000   0.6819
  -1.000   0.2767   0.01989   0.01375  -0.0981  0.8300  0.8731  -0.6050   0.0000   0.0000   0.0000   0.6065
  -0.500   0.3417   0.01972   0.01350  -0.0981  0.8172  0.9732  -0.6490   0.0000   0.0000   0.0000   0.5376
   0.000   0.4196   0.01946   0.01296  -0.1027  0.8050  1.0000  -0.7071   0.0000   0.0000   0.0000   0.4942
   0.500   0.4705   0.01986   0.01315  -0.1027  0.7876  1.0000  -0.7495   0.0000   0.0000   0.0000   0.4670
   1.000   0.5420   0.01939   0.01245  -0.1045  0.7776  1.0000  -0.8119   0.0000   0.0000   0.0000   0.4407
   1.500   0.5923   0.01976   0.01271  -0.1038  0.7584  1.0000  -0.8629   0.0000   0.0000   0.0000   0.4226
   2.000   0.6469   0.02002   0.01289  -0.1035  0.7416  1.0000  -0.9205   0.0000   0.0000   0.0000   0.4067
   2.500   0.7149   0.01936   0.01208  -0.1041  0.7296  1.0000  -0.9938   0.0000   0.0000   0.0000   0.3917
   3.000   0.7667   0.01953   0.01223  -0.1031  0.7094  1.0000  -1.0578   0.0000   0.0000   0.0000   0.3801
   3.500   0.8205   0.01962   0.01232  -0.1023  0.6898  1.0000  -1.1305   0.0000   0.0000   0.0000   0.3697
   4.000   0.8771   0.01948   0.01217  -0.1017  0.6703  1.0000  -1.2132   0.0000   0.0000   0.0000   0.3604
   4.500   0.9350   0.01924   0.01192  -0.1011  0.6503  1.0000  -1.3079   0.0000   0.0000   0.0000   0.3520
   5.000   0.9918   0.01906   0.01173  -0.1004  0.6283  1.0000  -1.4208   0.0000   0.0000   0.0000   0.3445
   5.500   1.0457   0.01905   0.01174  -0.0994  0.6034  1.0000  -1.5418   0.0000   0.0000   0.0000   0.3377
   6.000   1.0981   0.01914   0.01185  -0.0982  0.5753  1.0000  -1.6939   0.0000   0.0000   0.0000   0.3315
   6.500   1.1502   0.01930   0.01200  -0.0969  0.5453  1.0000  -1.8636   0.0000   0.0000   0.0000   0.3257
   7.000   1.2026   0.01962   0.01219  -0.0958  0.5138  1.0000  -2.1119   0.0000   0.0000   0.0000   0.3203
   7.500   1.2447   0.02029   0.01297  -0.0933  0.4768  1.0000  -2.4053   0.0000   0.0000   0.0000   0.3150
   8.000   1.2901   0.02105   0.01359  -0.0914  0.4413  1.0000  -2.7233   0.0000   0.0000   0.0000   0.3101
   8.500   1.3258   0.02205   0.01472  -0.0882  0.4023  1.0000  -3.0196   0.0000   0.0000   0.0000   0.3050
   9.000   1.3590   0.02324   0.01585  -0.0848  0.3630  1.0000  -3.3289   0.0000   0.0000   0.0000   0.3001
   9.500   1.3866   0.02468   0.01720  -0.0808  0.3245  1.0000  -3.6264   0.0000   0.0000   0.0000   0.2952
  10.000   1.4037   0.02641   0.01900  -0.0755  0.2861  1.0000  -3.8876   0.0000   0.0000   0.0000   0.2899
  10.500   1.4121   0.02867   0.02112  -0.0697  0.2487  1.0000  -4.1205   0.0000   0.0000   0.0000   0.2847
  11.000   1.4152   0.03155   0.02407  -0.0643  0.2119  1.0000  -4.3280   0.0000   0.0000   0.0000   0.2799
  11.500   1.4155   0.03523   0.02764  -0.0596  0.1784  1.0000  -4.5182   0.0000   0.0000   0.0000   0.2757
  12.000   1.4149   0.03947   0.03190  -0.0557  0.1487  1.0000  -4.6929   0.0000   0.0000   0.0000   0.2720
  12.500   1.4121   0.04425   0.03667  -0.0522  0.1242  1.0000  -4.8512   0.0000   0.0000   0.0000   0.2687
  13.000   1.4097   0.04938   0.04184  -0.0493  0.1044  1.0000  -4.9976   0.0000   0.0000   0.0000   0.2658
  13.500   1.4086   0.05479   0.04731  -0.0467  0.0888  1.0000  -5.1319   0.0000   0.0000   0.0000   0.2630
  14.000   1.4065   0.06039   0.05288  -0.0446  0.0757  1.0000  -5.2672   0.0000   0.0000   0.0000   0.2606
  14.500   1.4056   0.06642   0.05932  -0.0429  0.0675  1.0000  -5.3771   0.0000   0.0000   0.0000   0.2585
  15.000   1.4013   0.07270   0.06577  -0.0422  0.0604  1.0000  -5.4960   0.0000   0.0000   0.0000   0.2570


