xflr5 v6.59

 Calculated polar for: revR_30_revT

 1 1 Reynolds number fixed          Mach number fixed         

 xtrf =   1.000 (top)        1.000 (bottom)
 Mach =   0.000     Re =     0.495 e 6     Ncrit =   9.000

  alpha     CL        CD       CDp       Cm    Top Xtr Bot Xtr   Cpmin    Chinge    XCp    
 ------- -------- --------- --------- -------- ------- ------- -------- --------- ---------
  -4.500  -0.0981   0.01028   0.00381  -0.0880  0.8232  0.0686  -2.1860   0.0000   0.0000   0.0000  -0.6693
  -4.000  -0.0434   0.00973   0.00333  -0.0879  0.8113  0.1015  -1.8286   0.0000   0.0000   0.0000  -1.8194
  -3.500   0.0116   0.00925   0.00299  -0.0878  0.8000  0.1597  -1.5034   0.0000   0.0000   0.0000   7.9383
  -3.000   0.0664   0.00876   0.00272  -0.0878  0.7878  0.2292  -1.2436   0.0000   0.0000   0.0000   1.5901
  -2.500   0.1213   0.00831   0.00251  -0.0878  0.7759  0.3259  -1.0247   0.0000   0.0000   0.0000   0.9816
  -2.000   0.1760   0.00784   0.00236  -0.0877  0.7639  0.4335  -0.8157   0.0000   0.0000   0.0000   0.7520
  -1.500   0.2298   0.00739   0.00229  -0.0873  0.7515  0.5750  -0.6211   0.0000   0.0000   0.0000   0.6315
  -1.000   0.2837   0.00712   0.00229  -0.0866  0.7374  0.6799  -0.5989   0.0000   0.0000   0.0000   0.5556
  -0.500   0.3379   0.00706   0.00234  -0.0859  0.7244  0.7489  -0.6419   0.0000   0.0000   0.0000   0.5035
   0.000   0.3921   0.00704   0.00235  -0.0851  0.7099  0.7943  -0.6874   0.0000   0.0000   0.0000   0.4656
   0.500   0.4459   0.00702   0.00238  -0.0842  0.6935  0.8296  -0.7361   0.0000   0.0000   0.0000   0.4369
   1.000   0.4982   0.00704   0.00241  -0.0830  0.6771  0.8659  -0.7885   0.0000   0.0000   0.0000   0.4141
   1.500   0.5492   0.00708   0.00243  -0.0815  0.6583  0.8993  -0.8450   0.0000   0.0000   0.0000   0.3954
   2.000   0.5982   0.00706   0.00243  -0.0795  0.6375  0.9388  -0.9008   0.0000   0.0000   0.0000   0.3794
   2.500   0.6642   0.00711   0.00244  -0.0815  0.6139  0.9834  -0.9751   0.0000   0.0000   0.0000   0.3687
   3.000   0.7256   0.00731   0.00253  -0.0830  0.5890  1.0000  -1.0531   0.0000   0.0000   0.0000   0.3598
   3.500   0.7801   0.00757   0.00269  -0.0829  0.5608  1.0000  -1.1341   0.0000   0.0000   0.0000   0.3513
   4.000   0.8341   0.00789   0.00291  -0.0827  0.5313  1.0000  -1.2318   0.0000   0.0000   0.0000   0.3437
   4.500   0.8870   0.00829   0.00318  -0.0823  0.4988  1.0000  -1.3428   0.0000   0.0000   0.0000   0.3368
   5.000   0.9392   0.00874   0.00352  -0.0818  0.4644  1.0000  -1.4858   0.0000   0.0000   0.0000   0.3306
   5.500   0.9909   0.00924   0.00392  -0.0813  0.4295  1.0000  -1.6774   0.0000   0.0000   0.0000   0.3249
   6.000   1.0406   0.00987   0.00438  -0.0804  0.3851  1.0000  -1.9959   0.0000   0.0000   0.0000   0.3196
   6.500   1.0887   0.01064   0.00495  -0.0794  0.3356  1.0000  -2.3275   0.0000   0.0000   0.0000   0.3147
   7.000   1.1359   0.01148   0.00559  -0.0784  0.2892  1.0000  -2.6852   0.0000   0.0000   0.0000   0.3101
   7.500   1.1810   0.01246   0.00637  -0.0771  0.2404  1.0000  -3.0509   0.0000   0.0000   0.0000   0.3058
   8.000   1.2256   0.01346   0.00720  -0.0757  0.2002  1.0000  -3.4287   0.0000   0.0000   0.0000   0.3016
   8.500   1.2670   0.01464   0.00819  -0.0740  0.1588  1.0000  -3.8075   0.0000   0.0000   0.0000   0.2975
   9.000   1.3039   0.01607   0.00940  -0.0717  0.1155  1.0000  -4.1791   0.0000   0.0000   0.0000   0.2934
   9.500   1.3382   0.01751   0.01069  -0.0690  0.0848  1.0000  -4.5488   0.0000   0.0000   0.0000   0.2893
  10.000   1.3679   0.01903   0.01212  -0.0657  0.0630  1.0000  -4.9050   0.0000   0.0000   0.0000   0.2850
  10.500   1.3951   0.02069   0.01376  -0.0623  0.0475  1.0000  -5.2522   0.0000   0.0000   0.0000   0.2808
  11.000   1.4187   0.02266   0.01575  -0.0589  0.0345  1.0000  -5.5752   0.0000   0.0000   0.0000   0.2769
  11.500   1.4341   0.02540   0.01854  -0.0552  0.0230  1.0000  -5.8242   0.0000   0.0000   0.0000   0.2730
  12.000   1.4338   0.02968   0.02298  -0.0508  0.0170  1.0000  -5.9361   0.0000   0.0000   0.0000   0.2691
  12.500   1.4502   0.03276   0.02623  -0.0485  0.0162  1.0000  -6.2145   0.0000   0.0000   0.0000   0.2662
  13.000   1.4619   0.03644   0.03010  -0.0464  0.0152  1.0000  -6.4724   0.0000   0.0000   0.0000   0.2635
  13.500   1.4688   0.04075   0.03460  -0.0446  0.0144  1.0000  -6.7087   0.0000   0.0000   0.0000   0.2612
  14.000   1.4718   0.04569   0.03975  -0.0432  0.0138  1.0000  -6.9238   0.0000   0.0000   0.0000   0.2592
  14.500   1.4705   0.05135   0.04561  -0.0423  0.0133  1.0000  -7.1133   0.0000   0.0000   0.0000   0.2576
  15.000   1.4658   0.05785   0.05233  -0.0421  0.0130  1.0000  -7.2764   0.0000   0.0000   0.0000   0.2565


