xflr5 v6.59

 Calculated polar for: revR_95_revT

 1 1 Reynolds number fixed          Mach number fixed         

 xtrf =   1.000 (top)        1.000 (bottom)
 Mach =   0.000     Re =     0.300 e 6     Ncrit =   9.000

  alpha     CL        CD       CDp       Cm    Top Xtr Bot Xtr   Cpmin    Chinge    XCp    
 ------- -------- --------- --------- -------- ------- ------- -------- --------- ---------
  -5.000   0.1178   0.01554   0.00868  -0.1506  0.8024  0.0534  -2.2814   0.0000   0.0000   0.0000   1.5596
  -4.500   0.1743   0.01428   0.00729  -0.1509  0.7956  0.0636  -2.0456   0.0000   0.0000   0.0000   1.1349
  -4.000   0.2303   0.01362   0.00662  -0.1512  0.7882  0.0841  -1.8068   0.0000   0.0000   0.0000   0.9195
  -3.500   0.2861   0.01304   0.00609  -0.1515  0.7794  0.1188  -1.5676   0.0000   0.0000   0.0000   0.7881
  -3.000   0.3440   0.01246   0.00568  -0.1521  0.7714  0.1807  -1.3212   0.0000   0.0000   0.0000   0.6981
  -2.500   0.4018   0.01225   0.00556  -0.1526  0.7641  0.2494  -1.0897   0.0000   0.0000   0.0000   0.6340
  -2.000   0.4572   0.01192   0.00548  -0.1528  0.7552  0.3282  -0.8711   0.0000   0.0000   0.0000   0.5869
  -1.500   0.5149   0.01155   0.00534  -0.1533  0.7465  0.4218  -0.8254   0.0000   0.0000   0.0000   0.5490
  -1.000   0.5724   0.01132   0.00533  -0.1535  0.7378  0.5302  -0.8672   0.0000   0.0000   0.0000   0.5185
  -0.500   0.6257   0.01105   0.00545  -0.1529  0.7279  0.6539  -0.9098   0.0000   0.0000   0.0000   0.4938
   0.000   0.6793   0.01090   0.00548  -0.1519  0.7191  0.7543  -0.9533   0.0000   0.0000   0.0000   0.4722
   0.500   0.7304   0.01090   0.00555  -0.1504  0.7091  0.8239  -0.9954   0.0000   0.0000   0.0000   0.4537
   1.000   0.7747   0.01072   0.00548  -0.1472  0.6976  0.8917  -1.0393   0.0000   0.0000   0.0000   0.4371
   1.500   0.8310   0.01055   0.00524  -0.1468  0.6880  1.0000  -1.0954   0.0000   0.0000   0.0000   0.4230
   2.000   0.8887   0.01066   0.00530  -0.1475  0.6753  1.0000  -1.1527   0.0000   0.0000   0.0000   0.4117
   2.500   0.9487   0.01071   0.00517  -0.1483  0.6627  1.0000  -1.2201   0.0000   0.0000   0.0000   0.4014
   3.000   1.0039   0.01084   0.00530  -0.1484  0.6483  1.0000  -1.2869   0.0000   0.0000   0.0000   0.3922
   3.500   1.0615   0.01100   0.00533  -0.1488  0.6347  1.0000  -1.3566   0.0000   0.0000   0.0000   0.3839
   4.000   1.1149   0.01113   0.00544  -0.1484  0.6168  1.0000  -1.4241   0.0000   0.0000   0.0000   0.3762
   4.500   1.1683   0.01139   0.00568  -0.1481  0.5992  1.0000  -1.5051   0.0000   0.0000   0.0000   0.3691
   5.000   1.2216   0.01171   0.00592  -0.1478  0.5817  1.0000  -1.5871   0.0000   0.0000   0.0000   0.3626
   5.500   1.2728   0.01208   0.00621  -0.1471  0.5605  1.0000  -1.6823   0.0000   0.0000   0.0000   0.3565
   6.000   1.3211   0.01251   0.00662  -0.1459  0.5367  1.0000  -1.7802   0.0000   0.0000   0.0000   0.3506
   6.500   1.3683   0.01304   0.00714  -0.1446  0.5137  1.0000  -1.9009   0.0000   0.0000   0.0000   0.3451
   7.000   1.4119   0.01370   0.00773  -0.1427  0.4867  1.0000  -2.0211   0.0000   0.0000   0.0000   0.3398
   7.500   1.4533   0.01445   0.00844  -0.1405  0.4608  1.0000  -2.1583   0.0000   0.0000   0.0000   0.3346
   8.000   1.4893   0.01537   0.00930  -0.1375  0.4323  1.0000  -2.3009   0.0000   0.0000   0.0000   0.3294
   8.500   1.5195   0.01637   0.01028  -0.1335  0.4044  1.0000  -2.4385   0.0000   0.0000   0.0000   0.3242
   9.000   1.5469   0.01760   0.01149  -0.1294  0.3787  1.0000  -2.6100   0.0000   0.0000   0.0000   0.3191
   9.500   1.5699   0.01912   0.01299  -0.1250  0.3509  1.0000  -2.8004   0.0000   0.0000   0.0000   0.3143
  10.000   1.5898   0.02098   0.01484  -0.1207  0.3231  1.0000  -3.0257   0.0000   0.0000   0.0000   0.3096
  10.500   1.6089   0.02311   0.01696  -0.1167  0.2986  1.0000  -3.2685   0.0000   0.0000   0.0000   0.3054
  11.000   1.6251   0.02560   0.01944  -0.1129  0.2736  1.0000  -3.5076   0.0000   0.0000   0.0000   0.3013
  11.500   1.6378   0.02848   0.02231  -0.1090  0.2484  1.0000  -3.7396   0.0000   0.0000   0.0000   0.2974
  12.000   1.6475   0.03176   0.02559  -0.1053  0.2229  1.0000  -3.9711   0.0000   0.0000   0.0000   0.2938
  12.500   1.6540   0.03543   0.02926  -0.1018  0.1987  1.0000  -4.1954   0.0000   0.0000   0.0000   0.2904
  13.000   1.6586   0.03948   0.03331  -0.0985  0.1762  1.0000  -4.4146   0.0000   0.0000   0.0000   0.2872
  13.500   1.6604   0.04402   0.03785  -0.0954  0.1552  1.0000  -4.6241   0.0000   0.0000   0.0000   0.2842
  14.000   1.6596   0.04908   0.04293  -0.0928  0.1362  1.0000  -4.8237   0.0000   0.0000   0.0000   0.2815
  14.500   1.6537   0.05493   0.04879  -0.0904  0.1183  1.0000  -5.0012   0.0000   0.0000   0.0000   0.2792
  15.000   1.6535   0.06045   0.05439  -0.0887  0.1040  1.0000  -5.2042   0.0000   0.0000   0.0000   0.2770
  15.500   1.6503   0.06655   0.06061  -0.0873  0.0913  1.0000  -5.3914   0.0000   0.0000   0.0000   0.2752
  16.000   1.6348   0.07433   0.06841  -0.0863  0.0793  1.0000  -5.5186   0.0000   0.0000   0.0000   0.2739
  16.500   1.6324   0.08079   0.07505  -0.0859  0.0704  1.0000  -5.7079   0.0000   0.0000   0.0000   0.2725
  17.000   1.6146   0.08947   0.08380  -0.0860  0.0619  1.0000  -5.8180   0.0000   0.0000   0.0000   0.2720
  17.500   1.6077   0.09686   0.09139  -0.0866  0.0550  1.0000  -5.9857   0.0000   0.0000   0.0000   0.2713
  18.000   1.5831   0.10691   0.10150  -0.0879  0.0483  1.0000  -6.0611   0.0000   0.0000   0.0000   0.2718
  18.500   1.5767   0.11463   0.10950  -0.0894  0.0440  1.0000  -6.2444   0.0000   0.0000   0.0000   0.2717
  19.000   1.5598   0.12407   0.11905  -0.0919  0.0397  1.0000  -6.3554   0.0000   0.0000   0.0000   0.2727
  19.500   1.5437   0.13325   0.12836  -0.0945  0.0358  1.0000  -6.4547   0.0000   0.0000   0.0000   0.2737
  20.000   1.5367   0.14149   0.13683  -0.0975  0.0330  1.0000  -6.6136   0.0000   0.0000   0.0000   0.2746
  20.500   1.5279   0.15014   0.14562  -0.1012  0.0304  1.0000  -6.7536   0.0000   0.0000   0.0000   0.2761
  21.000   1.5181   0.15834   0.15386  -0.1045  0.0273  1.0000  -6.8618   0.0000   0.0000   0.0000   0.2774
  21.500   1.5134   0.16667   0.16245  -0.1089  0.0260  1.0000  -7.0052   0.0000   0.0000   0.0000   0.2791
  22.000   1.5088   0.17493   0.17093  -0.1136  0.0244  1.0000  -7.1396   0.0000   0.0000   0.0000   0.2810
  22.500   1.5044   0.18327   0.17943  -0.1186  0.0230  1.0000  -7.2680   0.0000   0.0000   0.0000   0.2831
  23.000   1.5001   0.19170   0.18799  -0.1240  0.0217  1.0000  -7.3924   0.0000   0.0000   0.0000   0.2855
  23.500   1.4951   0.19966   0.19611  -0.1291  0.0203  1.0000  -7.4797   0.0000   0.0000   0.0000   0.2877
  24.000   1.4811   0.21110   0.20786  -0.1372  0.0197  1.0000  -7.4386   0.0000   0.0000   0.0000   0.2927
  24.500   1.4627   0.22454   0.22162  -0.1471  0.0193  1.0000  -7.3070   0.0000   0.0000   0.0000   0.2994
  25.000   1.4224   0.24596   0.24346  -0.1630  0.0192  1.0000  -6.7642   0.0000   0.0000   0.0000   0.3127
  25.500   1.3136   0.31993   0.31754  -0.2057  0.0282  1.0000  -3.0815   0.0000   0.0000   0.0000   0.3590
  26.000   1.3236   0.32941   0.32702  -0.2105  0.0272  1.0000  -3.0334   0.0000   0.0000   0.0000   0.3601
  26.500   1.3325   0.34021   0.33779  -0.2222  0.0250  1.0000  -2.6979   0.0000   0.0000   0.0000   0.3669
  27.000   1.3457   0.34654   0.34413  -0.2279  0.0225  1.0000  -2.7108   0.0000   0.0000   0.0000   0.3679
  27.500   1.3597   0.35043   0.34808  -0.2316  0.0211  1.0000  -2.8635   0.0000   0.0000   0.0000   0.3670
  28.000   1.3732   0.35634   0.35401  -0.2331  0.0200  1.0000  -3.0536   0.0000   0.0000   0.0000   0.3646
  28.500   1.3851   0.36412   0.36180  -0.2402  0.0199  1.0000  -2.9431   0.0000   0.0000   0.0000   0.3667
  29.000   1.3961   0.37323   0.37089  -0.2509  0.0172  1.0000  -2.6396   0.0000   0.0000   0.0000   0.3718
  29.500   1.4083   0.37850   0.37619  -0.2561  0.0159  1.0000  -2.6972   0.0000   0.0000   0.0000   0.3721
  30.000   1.4202   0.38270   0.38042  -0.2603  0.0152  1.0000  -2.8250   0.0000   0.0000   0.0000   0.3715


