xflr5 v6.59

 Calculated polar for: revR_95_revT

 1 1 Reynolds number fixed          Mach number fixed         

 xtrf =   1.000 (top)        1.000 (bottom)
 Mach =   0.000     Re =     0.405 e 6     Ncrit =   9.000

  alpha     CL        CD       CDp       Cm    Top Xtr Bot Xtr   Cpmin    Chinge    XCp    
 ------- -------- --------- --------- -------- ------- ------- -------- --------- ---------
  -5.000   0.1204   0.01310   0.00646  -0.1499  0.7835  0.0461  -2.3408   0.0000   0.0000   0.0000   1.5259
  -4.500   0.1772   0.01242   0.00574  -0.1503  0.7763  0.0551  -2.0674   0.0000   0.0000   0.0000   1.1168
  -4.000   0.2347   0.01174   0.00498  -0.1507  0.7688  0.0730  -1.8149   0.0000   0.0000   0.0000   0.9044
  -3.500   0.2916   0.01119   0.00454  -0.1512  0.7612  0.1092  -1.5686   0.0000   0.0000   0.0000   0.7770
  -3.000   0.3486   0.01077   0.00427  -0.1517  0.7535  0.1610  -1.3194   0.0000   0.0000   0.0000   0.6909
  -2.500   0.4064   0.01042   0.00404  -0.1522  0.7459  0.2244  -1.0852   0.0000   0.0000   0.0000   0.6284
  -2.000   0.4642   0.01023   0.00398  -0.1528  0.7376  0.2941  -0.8606   0.0000   0.0000   0.0000   0.5814
  -1.500   0.5208   0.00991   0.00390  -0.1531  0.7290  0.3800  -0.8324   0.0000   0.0000   0.0000   0.5451
  -1.000   0.5783   0.00960   0.00380  -0.1535  0.7201  0.4746  -0.8739   0.0000   0.0000   0.0000   0.5155
  -0.500   0.6355   0.00945   0.00390  -0.1538  0.7115  0.5867  -0.9189   0.0000   0.0000   0.0000   0.4912
   0.000   0.6898   0.00922   0.00400  -0.1533  0.7018  0.6991  -0.9626   0.0000   0.0000   0.0000   0.4706
   0.500   0.7439   0.00912   0.00399  -0.1525  0.6914  0.7785  -1.0069   0.0000   0.0000   0.0000   0.4526
   1.000   0.7961   0.00915   0.00412  -0.1514  0.6817  0.8346  -1.0551   0.0000   0.0000   0.0000   0.4372
   2.000   0.8970   0.00890   0.00395  -0.1483  0.6578  1.0000  -1.1616   0.0000   0.0000   0.0000   0.4109
   2.500   0.9551   0.00900   0.00398  -0.1490  0.6442  1.0000  -1.2277   0.0000   0.0000   0.0000   0.4009
   3.000   1.0123   0.00919   0.00408  -0.1494  0.6305  1.0000  -1.2963   0.0000   0.0000   0.0000   0.3919
   3.500   1.0678   0.00938   0.00416  -0.1495  0.6133  1.0000  -1.3646   0.0000   0.0000   0.0000   0.3836
   4.000   1.1222   0.00960   0.00437  -0.1494  0.5956  1.0000  -1.4332   0.0000   0.0000   0.0000   0.3761
   4.500   1.1760   0.00991   0.00462  -0.1492  0.5785  1.0000  -1.5146   0.0000   0.0000   0.0000   0.3692
   5.000   1.2281   0.01029   0.00491  -0.1487  0.5587  1.0000  -1.5957   0.0000   0.0000   0.0000   0.3627
   5.500   1.2780   0.01072   0.00526  -0.1478  0.5345  1.0000  -1.6906   0.0000   0.0000   0.0000   0.3566
   6.000   1.3273   0.01119   0.00570  -0.1469  0.5124  1.0000  -1.7899   0.0000   0.0000   0.0000   0.3509
   6.500   1.3737   0.01178   0.00623  -0.1455  0.4865  1.0000  -1.9115   0.0000   0.0000   0.0000   0.3453
   7.000   1.4176   0.01246   0.00685  -0.1437  0.4600  1.0000  -2.0322   0.0000   0.0000   0.0000   0.3401
   7.500   1.4581   0.01326   0.00757  -0.1414  0.4325  1.0000  -2.1705   0.0000   0.0000   0.0000   0.3349
   8.000   1.4944   0.01412   0.00840  -0.1385  0.4037  1.0000  -2.3138   0.0000   0.0000   0.0000   0.3297
   8.500   1.5266   0.01514   0.00937  -0.1349  0.3780  1.0000  -2.4561   0.0000   0.0000   0.0000   0.3246
   9.000   1.5545   0.01640   0.01058  -0.1310  0.3498  1.0000  -2.6349   0.0000   0.0000   0.0000   0.3197
   9.500   1.5791   0.01794   0.01207  -0.1269  0.3218  1.0000  -2.8301   0.0000   0.0000   0.0000   0.3149
  10.000   1.6026   0.01971   0.01383  -0.1231  0.2972  1.0000  -3.0792   0.0000   0.0000   0.0000   0.3105
  10.500   1.6231   0.02181   0.01590  -0.1193  0.2720  1.0000  -3.3294   0.0000   0.0000   0.0000   0.3063
  11.000   1.6403   0.02429   0.01834  -0.1156  0.2460  1.0000  -3.5746   0.0000   0.0000   0.0000   0.3023
  11.500   1.6541   0.02714   0.02115  -0.1118  0.2196  1.0000  -3.8169   0.0000   0.0000   0.0000   0.2985
  12.000   1.6656   0.03032   0.02430  -0.1083  0.1953  1.0000  -4.0590   0.0000   0.0000   0.0000   0.2948
  12.500   1.6750   0.03376   0.02773  -0.1048  0.1727  1.0000  -4.2974   0.0000   0.0000   0.0000   0.2914
  13.000   1.6811   0.03766   0.03160  -0.1014  0.1516  1.0000  -4.5262   0.0000   0.0000   0.0000   0.2881
  13.500   1.6848   0.04196   0.03590  -0.0984  0.1318  1.0000  -4.7477   0.0000   0.0000   0.0000   0.2851
  14.000   1.6857   0.04679   0.04074  -0.0956  0.1139  1.0000  -4.9589   0.0000   0.0000   0.0000   0.2823
  14.500   1.6826   0.05228   0.04623  -0.0931  0.0977  1.0000  -5.1536   0.0000   0.0000   0.0000   0.2799
  15.000   1.6833   0.05757   0.05158  -0.0912  0.0852  1.0000  -5.3663   0.0000   0.0000   0.0000   0.2776
  15.500   1.6815   0.06340   0.05752  -0.0897  0.0746  1.0000  -5.5662   0.0000   0.0000   0.0000   0.2756
  16.000   1.6713   0.07044   0.06461  -0.0885  0.0645  1.0000  -5.7252   0.0000   0.0000   0.0000   0.2740
  16.500   1.6689   0.07671   0.07106  -0.0877  0.0576  1.0000  -5.9231   0.0000   0.0000   0.0000   0.2724
  17.000   1.6529   0.08500   0.07942  -0.0875  0.0498  1.0000  -6.0525   0.0000   0.0000   0.0000   0.2716
  17.500   1.6448   0.09248   0.08710  -0.0878  0.0446  1.0000  -6.2352   0.0000   0.0000   0.0000   0.2708
  18.000   1.6259   0.10160   0.09632  -0.0887  0.0396  1.0000  -6.3613   0.0000   0.0000   0.0000   0.2708
  18.500   1.6059   0.11118   0.10610  -0.0903  0.0355  1.0000  -6.4689   0.0000   0.0000   0.0000   0.2712
  19.000   1.5954   0.11954   0.11466  -0.0922  0.0324  1.0000  -6.6379   0.0000   0.0000   0.0000   0.2714
  19.500   1.5763   0.12938   0.12462  -0.0950  0.0295  1.0000  -6.7384   0.0000   0.0000   0.0000   0.2727
  20.000   1.5554   0.13967   0.13509  -0.0985  0.0269  1.0000  -6.8021   0.0000   0.0000   0.0000   0.2745
  20.500   1.5484   0.14797   0.14360  -0.1018  0.0251  1.0000  -6.9655   0.0000   0.0000   0.0000   0.2756
  21.000   1.5394   0.15674   0.15252  -0.1058  0.0233  1.0000  -7.1058   0.0000   0.0000   0.0000   0.2772
  21.500   1.5278   0.16611   0.16201  -0.1106  0.0216  1.0000  -7.2096   0.0000   0.0000   0.0000   0.2795
  22.000   1.5173   0.17495   0.17097  -0.1152  0.0199  1.0000  -7.2932   0.0000   0.0000   0.0000   0.2816
  22.500   1.5136   0.18319   0.17942  -0.1201  0.0191  1.0000  -7.4360   0.0000   0.0000   0.0000   0.2836
  23.000   1.5104   0.19138   0.18782  -0.1252  0.0181  1.0000  -7.5811   0.0000   0.0000   0.0000   0.2857
  23.500   1.5060   0.20003   0.19663  -0.1309  0.0172  1.0000  -7.7045   0.0000   0.0000   0.0000   0.2883
  24.000   1.5032   0.20841   0.20515  -0.1368  0.0163  1.0000  -7.8361   0.0000   0.0000   0.0000   0.2908
  24.500   1.4997   0.21700   0.21385  -0.1430  0.0155  1.0000  -7.9476   0.0000   0.0000   0.0000   0.2937
  25.000   1.4919   0.22622   0.22326  -0.1498  0.0145  1.0000  -7.9584   0.0000   0.0000   0.0000   0.2972
  25.500   1.4810   0.23771   0.23500  -0.1587  0.0142  1.0000  -7.9102   0.0000   0.0000   0.0000   0.3025
  26.000   1.4644   0.25153   0.24910  -0.1694  0.0140  1.0000  -7.7243   0.0000   0.0000   0.0000   0.3098
  29.000   1.3969   0.36807   0.36608  -0.2471  0.0143  1.0000  -3.0546   0.0000   0.0000   0.0000   0.3683
  29.500   1.4094   0.37861   0.37661  -0.2570  0.0124  1.0000  -2.7204   0.0000   0.0000   0.0000   0.3725
  30.000   1.4212   0.38395   0.38197  -0.2622  0.0113  1.0000  -2.7729   0.0000   0.0000   0.0000   0.3728


