xflr5 v6.59

 Calculated polar for: revR_10_revT

 1 1 Reynolds number fixed          Mach number fixed         

 xtrf =   1.000 (top)        1.000 (bottom)
 Mach =   0.000     Re =     0.500 e 6     Ncrit =   9.000

  alpha     CL        CD       CDp       Cm    Top Xtr Bot Xtr   Cpmin    Chinge    XCp    
 ------- -------- --------- --------- -------- ------- ------- -------- --------- ---------
  -5.000  -0.2265   0.01067   0.00434  -0.0712  0.8693  0.0524  -2.5937   0.0000   0.0000   0.0000  -0.0743
  -4.500  -0.1757   0.00999   0.00360  -0.0701  0.8528  0.0740  -2.2234   0.0000   0.0000   0.0000  -0.1603
  -4.000  -0.1237   0.00940   0.00314  -0.0694  0.8383  0.1194  -1.8540   0.0000   0.0000   0.0000  -0.3246
  -3.500  -0.0712   0.00891   0.00279  -0.0688  0.8233  0.1801  -1.5130   0.0000   0.0000   0.0000  -0.7360
  -3.000  -0.0188   0.00841   0.00251  -0.0682  0.8081  0.2559  -1.2248   0.0000   0.0000   0.0000  -3.4475
  -2.500   0.0334   0.00785   0.00230  -0.0677  0.7947  0.3741  -1.0154   0.0000   0.0000   0.0000   2.3019
  -2.000   0.0850   0.00728   0.00214  -0.0669  0.7801  0.5115  -0.8157   0.0000   0.0000   0.0000   1.0445
  -1.500   0.1360   0.00686   0.00212  -0.0657  0.7645  0.6489  -0.6256   0.0000   0.0000   0.0000   0.7358
  -1.000   0.1892   0.00676   0.00211  -0.0647  0.7489  0.7212  -0.5202   0.0000   0.0000   0.0000   0.5927
   0.000   0.2958   0.00669   0.00214  -0.0627  0.7149  0.8083  -0.6085   0.0000   0.0000   0.0000   0.4607
   0.500   0.3486   0.00672   0.00215  -0.0616  0.6967  0.8418  -0.6601   0.0000   0.0000   0.0000   0.4248
   1.000   0.4005   0.00676   0.00217  -0.0603  0.6766  0.8715  -0.7117   0.0000   0.0000   0.0000   0.3981
   1.500   0.4503   0.00678   0.00220  -0.0584  0.6532  0.9030  -0.7647   0.0000   0.0000   0.0000   0.3769
   2.000   0.5009   0.00683   0.00225  -0.0568  0.6304  0.9367  -0.8271   0.0000   0.0000   0.0000   0.3601
   2.500   0.5639   0.00695   0.00232  -0.0580  0.6019  0.9665  -0.9004   0.0000   0.0000   0.0000   0.3492
   3.000   0.6395   0.00717   0.00244  -0.0623  0.5690  0.9848  -0.9991   0.0000   0.0000   0.0000   0.3432
   3.500   0.7159   0.00747   0.00260  -0.0669  0.5326  1.0000  -1.1206   0.0000   0.0000   0.0000   0.3389
   4.000   0.7539   0.00776   0.00278  -0.0636  0.4996  1.0000  -1.2175   0.0000   0.0000   0.0000   0.3294
   4.500   0.7985   0.00819   0.00304  -0.0615  0.4619  1.0000  -1.3595   0.0000   0.0000   0.0000   0.3215
   5.000   0.8461   0.00861   0.00336  -0.0600  0.4259  1.0000  -1.6275   0.0000   0.0000   0.0000   0.3149
   5.500   0.8927   0.00914   0.00375  -0.0584  0.3836  1.0000  -1.9527   0.0000   0.0000   0.0000   0.3089
   6.000   0.9362   0.00989   0.00421  -0.0564  0.3245  1.0000  -2.2844   0.0000   0.0000   0.0000   0.3032
   7.000   1.0233   0.01145   0.00537  -0.0525  0.2295  1.0000  -2.9901   0.0000   0.0000   0.0000   0.2931
   7.500   1.0630   0.01244   0.00615  -0.0500  0.1790  1.0000  -3.3664   0.0000   0.0000   0.0000   0.2883
   8.000   1.1000   0.01356   0.00702  -0.0472  0.1303  1.0000  -3.7445   0.0000   0.0000   0.0000   0.2835
   8.500   1.1346   0.01471   0.00798  -0.0440  0.0931  1.0000  -4.1229   0.0000   0.0000   0.0000   0.2788
   9.000   1.1670   0.01586   0.00904  -0.0405  0.0670  1.0000  -4.4988   0.0000   0.0000   0.0000   0.2740
   9.500   1.1925   0.01699   0.01011  -0.0357  0.0488  1.0000  -4.8476   0.0000   0.0000   0.0000   0.2686
  10.000   1.2135   0.01832   0.01139  -0.0304  0.0335  1.0000  -5.1680   0.0000   0.0000   0.0000   0.2631
  10.500   1.2278   0.02011   0.01314  -0.0247  0.0198  1.0000  -5.4191   0.0000   0.0000   0.0000   0.2574
  11.000   1.2363   0.02240   0.01551  -0.0189  0.0149  1.0000  -5.6200   0.0000   0.0000   0.0000   0.2519
  11.500   1.2550   0.02425   0.01750  -0.0151  0.0139  1.0000  -5.9306   0.0000   0.0000   0.0000   0.2478
  12.000   1.2691   0.02657   0.02001  -0.0113  0.0130  1.0000  -6.2181   0.0000   0.0000   0.0000   0.2439
  12.500   1.2794   0.02940   0.02302  -0.0079  0.0125  1.0000  -6.4839   0.0000   0.0000   0.0000   0.2403
  13.000   1.2867   0.03273   0.02653  -0.0051  0.0120  1.0000  -6.7338   0.0000   0.0000   0.0000   0.2371
  13.500   1.2911   0.03662   0.03060  -0.0029  0.0117  1.0000  -6.9689   0.0000   0.0000   0.0000   0.2345
  14.000   1.2925   0.04114   0.03531  -0.0014  0.0114  1.0000  -7.1841   0.0000   0.0000   0.0000   0.2324
  14.500   1.2909   0.04638   0.04076  -0.0006  0.0111  1.0000  -7.3747   0.0000   0.0000   0.0000   0.2308
  15.000   1.2863   0.05244   0.04702  -0.0008  0.0109  1.0000  -7.5365   0.0000   0.0000   0.0000   0.2299


