xflr5 v6.59

 Calculated polar for: revR_90_revT

 1 1 Reynolds number fixed          Mach number fixed         

 xtrf =   1.000 (top)        1.000 (bottom)
 Mach =   0.000     Re =     0.185 e 6     Ncrit =   9.000

  alpha     CL        CD       CDp       Cm    Top Xtr Bot Xtr   Cpmin    Chinge    XCp    
 ------- -------- --------- --------- -------- ------- ------- -------- --------- ---------
  -5.000   0.0887   0.02097   0.01363  -0.1487  0.8438  0.0697  -2.1998   0.0000   0.0000   0.0000   1.9683
  -4.500   0.1359   0.01951   0.01199  -0.1476  0.8328  0.0794  -2.0154   0.0000   0.0000   0.0000   1.3613
  -4.000   0.1914   0.01839   0.01087  -0.1478  0.8244  0.1025  -1.7938   0.0000   0.0000   0.0000   1.0378
  -3.500   0.2523   0.01757   0.01001  -0.1485  0.8177  0.1443  -1.5565   0.0000   0.0000   0.0000   0.8490
  -3.000   0.3019   0.01710   0.00985  -0.1482  0.8062  0.2120  -1.3451   0.0000   0.0000   0.0000   0.7482
  -2.500   0.3595   0.01654   0.00948  -0.1486  0.7973  0.2963  -1.1160   0.0000   0.0000   0.0000   0.6682
  -2.000   0.4199   0.01610   0.00929  -0.1492  0.7907  0.3985  -0.8928   0.0000   0.0000   0.0000   0.6086
  -1.500   0.4687   0.01601   0.00958  -0.1484  0.7781  0.5087  -0.7781   0.0000   0.0000   0.0000   0.5685
  -1.000   0.5237   0.01554   0.00948  -0.1474  0.7694  0.6443  -0.8206   0.0000   0.0000   0.0000   0.5322
  -0.500   0.5721   0.01551   0.00968  -0.1449  0.7599  0.7603  -0.8601   0.0000   0.0000   0.0000   0.5031
   0.000   0.6126   0.01546   0.00974  -0.1408  0.7477  0.8471  -0.8950   0.0000   0.0000   0.0000   0.4788
   0.500   0.6570   0.01498   0.00924  -0.1367  0.7400  0.9400  -0.9342   0.0000   0.0000   0.0000   0.4563
   1.000   0.7193   0.01517   0.00933  -0.1387  0.7262  1.0000  -0.9876   0.0000   0.0000   0.0000   0.4403
   1.500   0.7847   0.01494   0.00888  -0.1403  0.7162  1.0000  -1.0489   0.0000   0.0000   0.0000   0.4255
   2.000   0.8404   0.01529   0.00915  -0.1407  0.7037  1.0000  -1.1037   0.0000   0.0000   0.0000   0.4135
   2.500   0.9014   0.01513   0.00885  -0.1414  0.6915  1.0000  -1.1713   0.0000   0.0000   0.0000   0.4022
   3.000   0.9565   0.01528   0.00894  -0.1413  0.6771  1.0000  -1.2376   0.0000   0.0000   0.0000   0.3924
   3.500   1.0172   0.01510   0.00865  -0.1418  0.6641  1.0000  -1.3097   0.0000   0.0000   0.0000   0.3835
   4.000   1.0695   0.01532   0.00888  -0.1413  0.6478  1.0000  -1.3765   0.0000   0.0000   0.0000   0.3754
   4.500   1.1279   0.01524   0.00870  -0.1414  0.6324  1.0000  -1.4624   0.0000   0.0000   0.0000   0.3680
   5.000   1.1816   0.01527   0.00871  -0.1409  0.6137  1.0000  -1.5455   0.0000   0.0000   0.0000   0.3612
   5.500   1.2322   0.01558   0.00907  -0.1400  0.5943  1.0000  -1.6398   0.0000   0.0000   0.0000   0.3549
   6.000   1.2834   0.01586   0.00933  -0.1392  0.5732  1.0000  -1.7422   0.0000   0.0000   0.0000   0.3490
   6.500   1.3324   0.01619   0.00964  -0.1379  0.5494  1.0000  -1.8659   0.0000   0.0000   0.0000   0.3433
   7.000   1.3795   0.01669   0.01013  -0.1365  0.5251  1.0000  -1.9918   0.0000   0.0000   0.0000   0.3379
   7.500   1.4226   0.01731   0.01073  -0.1344  0.4978  1.0000  -2.1410   0.0000   0.0000   0.0000   0.3327
   8.000   1.4626   0.01808   0.01148  -0.1319  0.4698  1.0000  -2.2918   0.0000   0.0000   0.0000   0.3276
   8.500   1.4981   0.01901   0.01239  -0.1287  0.4409  1.0000  -2.4490   0.0000   0.0000   0.0000   0.3226
   9.000   1.5267   0.02012   0.01344  -0.1246  0.4116  1.0000  -2.6459   0.0000   0.0000   0.0000   0.3174
   9.500   1.5506   0.02147   0.01476  -0.1199  0.3844  1.0000  -2.8745   0.0000   0.0000   0.0000   0.3123
  10.000   1.5689   0.02317   0.01642  -0.1149  0.3565  1.0000  -3.1163   0.0000   0.0000   0.0000   0.3073
  10.500   1.5826   0.02522   0.01850  -0.1098  0.3282  1.0000  -3.3474   0.0000   0.0000   0.0000   0.3026
  11.000   1.5956   0.02762   0.02092  -0.1053  0.3023  1.0000  -3.5801   0.0000   0.0000   0.0000   0.2982
  11.500   1.6062   0.03040   0.02374  -0.1010  0.2770  1.0000  -3.8082   0.0000   0.0000   0.0000   0.2942
  12.000   1.6126   0.03368   0.02705  -0.0969  0.2513  1.0000  -4.0318   0.0000   0.0000   0.0000   0.2904
  12.500   1.6151   0.03749   0.03092  -0.0930  0.2254  1.0000  -4.2427   0.0000   0.0000   0.0000   0.2868
  13.000   1.6150   0.04178   0.03524  -0.0894  0.2009  1.0000  -4.4442   0.0000   0.0000   0.0000   0.2836
  13.500   1.6126   0.04658   0.04006  -0.0863  0.1782  1.0000  -4.6362   0.0000   0.0000   0.0000   0.2807
  14.000   1.6080   0.05196   0.04546  -0.0836  0.1572  1.0000  -4.8177   0.0000   0.0000   0.0000   0.2781
  14.500   1.5994   0.05804   0.05149  -0.0813  0.1379  1.0000  -4.9801   0.0000   0.0000   0.0000   0.2758
  15.000   1.5957   0.06409   0.05771  -0.0799  0.1218  1.0000  -5.1604   0.0000   0.0000   0.0000   0.2739


