xflr5 v6.59

 Calculated polar for: revR_15_revT

 1 1 Reynolds number fixed          Mach number fixed         

 xtrf =   1.000 (top)        1.000 (bottom)
 Mach =   0.000     Re =     0.125 e 6     Ncrit =   9.000

  alpha     CL        CD       CDp       Cm    Top Xtr Bot Xtr   Cpmin    Chinge    XCp    
 ------- -------- --------- --------- -------- ------- ------- -------- --------- ---------
  -5.000  -0.3797   0.02427   0.01613  -0.0518  0.9567  0.0807  -2.8516   0.0000   0.0000   0.0000   0.1066
  -4.500  -0.3056   0.02211   0.01375  -0.0554  0.9463  0.0972  -2.5103   0.0000   0.0000   0.0000   0.0610
  -4.000  -0.2475   0.02016   0.01188  -0.0564  0.9336  0.1294  -2.2044   0.0000   0.0000   0.0000   0.0141
  -3.500  -0.1742   0.01857   0.01072  -0.0603  0.9223  0.2238  -1.8440   0.0000   0.0000   0.0000  -0.1063
  -3.000  -0.1205   0.01735   0.01024  -0.0606  0.9073  0.3755  -1.5303   0.0000   0.0000   0.0000  -0.2650
  -2.500  -0.0500   0.01623   0.01017  -0.0626  0.8976  0.6307  -1.2107   0.0000   0.0000   0.0000  -1.0256
  -2.000  -0.0037   0.01629   0.01052  -0.0590  0.8814  0.7640  -1.0139   0.0000   0.0000   0.0000  -16.1436
  -1.500   0.0697   0.01615   0.01036  -0.0592  0.8723  0.8563  -0.7726   0.0000   0.0000   0.0000   1.1084
  -1.000   0.1294   0.01628   0.01039  -0.0580  0.8553  0.9200  -0.5707   0.0000   0.0000   0.0000   0.7013
  -0.500   0.2700   0.01597   0.00981  -0.0724  0.8497  0.9558  -0.5722   0.0000   0.0000   0.0000   0.5183
   0.000   0.3956   0.01557   0.00923  -0.0856  0.8348  0.9854  -0.6598   0.0000   0.0000   0.0000   0.4654
   0.500   0.4823   0.01502   0.00854  -0.0919  0.8170  1.0000  -0.7316   0.0000   0.0000   0.0000   0.4390
   1.000   0.5148   0.01490   0.00832  -0.0879  0.7953  1.0000  -0.7720   0.0000   0.0000   0.0000   0.4186
   1.500   0.5468   0.01483   0.00815  -0.0834  0.7725  1.0000  -0.8175   0.0000   0.0000   0.0000   0.4000
   2.000   0.5826   0.01480   0.00801  -0.0793  0.7505  1.0000  -0.8689   0.0000   0.0000   0.0000   0.3831
   2.500   0.6231   0.01480   0.00791  -0.0760  0.7277  1.0000  -0.9283   0.0000   0.0000   0.0000   0.3684
   3.000   0.6655   0.01485   0.00790  -0.0729  0.7024  1.0000  -0.9978   0.0000   0.0000   0.0000   0.3556
   3.500   0.7115   0.01497   0.00798  -0.0705  0.6763  1.0000  -1.0791   0.0000   0.0000   0.0000   0.3447
   4.000   0.7590   0.01507   0.00806  -0.0684  0.6475  1.0000  -1.1832   0.0000   0.0000   0.0000   0.3352
   4.500   0.8087   0.01516   0.00812  -0.0666  0.6173  1.0000  -1.3073   0.0000   0.0000   0.0000   0.3269
   5.000   0.8600   0.01533   0.00817  -0.0650  0.5862  1.0000  -1.4753   0.0000   0.0000   0.0000   0.3197
   5.500   0.9056   0.01570   0.00859  -0.0627  0.5493  1.0000  -1.7484   0.0000   0.0000   0.0000   0.3128
   6.000   0.9533   0.01615   0.00889  -0.0607  0.5121  1.0000  -2.0724   0.0000   0.0000   0.0000   0.3067
   6.500   0.9959   0.01669   0.00940  -0.0581  0.4698  1.0000  -2.3938   0.0000   0.0000   0.0000   0.3007
   7.000   1.0372   0.01742   0.01012  -0.0553  0.4284  1.0000  -2.7222   0.0000   0.0000   0.0000   0.2952
   7.500   1.0742   0.01822   0.01090  -0.0520  0.3825  1.0000  -3.0488   0.0000   0.0000   0.0000   0.2896
   8.000   1.1074   0.01920   0.01182  -0.0482  0.3361  1.0000  -3.3702   0.0000   0.0000   0.0000   0.2841
   8.500   1.1348   0.02039   0.01292  -0.0437  0.2874  1.0000  -3.6755   0.0000   0.0000   0.0000   0.2784
   9.000   1.1537   0.02190   0.01429  -0.0382  0.2364  1.0000  -3.9499   0.0000   0.0000   0.0000   0.2723
   9.500   1.1605   0.02383   0.01606  -0.0311  0.1880  1.0000  -4.1726   0.0000   0.0000   0.0000   0.2653
  10.000   1.1635   0.02633   0.01839  -0.0243  0.1457  1.0000  -4.3786   0.0000   0.0000   0.0000   0.2587
  10.500   1.1657   0.02967   0.02146  -0.0185  0.1146  1.0000  -4.5616   0.0000   0.0000   0.0000   0.2529
  11.000   1.1715   0.03292   0.02471  -0.0140  0.0910  1.0000  -4.7539   0.0000   0.0000   0.0000   0.2483
  11.500   1.1768   0.03659   0.02841  -0.0103  0.0729  1.0000  -4.9284   0.0000   0.0000   0.0000   0.2442
  12.000   1.1862   0.04033   0.03243  -0.0073  0.0605  1.0000  -5.0777   0.0000   0.0000   0.0000   0.2408
  12.500   1.1976   0.04542   0.03759  -0.0048  0.0505  1.0000  -5.1925   0.0000   0.0000   0.0000   0.2379
  13.000   1.2092   0.05017   0.04274  -0.0027  0.0457  1.0000  -5.2963   0.0000   0.0000   0.0000   0.2354
  13.500   1.2150   0.05572   0.04870  -0.0012  0.0427  1.0000  -5.3821   0.0000   0.0000   0.0000   0.2333
  14.000   1.2113   0.06227   0.05563  -0.0004  0.0410  1.0000  -5.4317   0.0000   0.0000   0.0000   0.2317
  14.500   1.1964   0.07031   0.06409  -0.0008  0.0402  1.0000  -5.4206   0.0000   0.0000   0.0000   0.2312
  15.000   1.1679   0.08047   0.07472  -0.0033  0.0399  1.0000  -5.3252   0.0000   0.0000   0.0000   0.2324


