xflr5 v6.59

 Calculated polar for: revR_05_revT

 1 1 Reynolds number fixed          Mach number fixed         

 xtrf =   1.000 (top)        1.000 (bottom)
 Mach =   0.000     Re =     0.270 e 6     Ncrit =   9.000

  alpha     CL        CD       CDp       Cm    Top Xtr Bot Xtr   Cpmin    Chinge    XCp    
 ------- -------- --------- --------- -------- ------- ------- -------- --------- ---------
  -5.000  -0.2528   0.01373   0.00680  -0.0680  0.9299  0.0708  -2.5768   0.0000   0.0000   0.0000  -0.0280
  -4.500  -0.1896   0.01233   0.00543  -0.0696  0.9187  0.1068  -2.1951   0.0000   0.0000   0.0000  -0.1272
  -4.000  -0.1389   0.01145   0.00478  -0.0686  0.9008  0.1744  -1.8410   0.0000   0.0000   0.0000  -0.2564
  -3.500  -0.0877   0.01067   0.00437  -0.0679  0.8850  0.2789  -1.4962   0.0000   0.0000   0.0000  -0.5403
  -2.500   0.0092   0.00921   0.00387  -0.0647  0.8520  0.5756  -1.0095   0.0000   0.0000   0.0000   7.3634
  -2.000   0.0577   0.00895   0.00392  -0.0624  0.8354  0.6954  -0.8158   0.0000   0.0000   0.0000   1.3445
  -1.500   0.1090   0.00892   0.00393  -0.0605  0.8207  0.7633  -0.6259   0.0000   0.0000   0.0000   0.8091
  -1.000   0.1584   0.00889   0.00392  -0.0582  0.8027  0.8119  -0.4953   0.0000   0.0000   0.0000   0.6186
  -0.500   0.2077   0.00890   0.00391  -0.0559  0.7847  0.8510  -0.5365   0.0000   0.0000   0.0000   0.5189
   0.000   0.2564   0.00891   0.00389  -0.0533  0.7673  0.8874  -0.5788   0.0000   0.0000   0.0000   0.4569
   0.500   0.3080   0.00891   0.00379  -0.0514  0.7493  0.9207  -0.6296   0.0000   0.0000   0.0000   0.4151
   1.000   0.3739   0.00891   0.00373  -0.0526  0.7279  0.9492  -0.6895   0.0000   0.0000   0.0000   0.3884
   1.500   0.4532   0.00897   0.00371  -0.0571  0.7055  0.9688  -0.7633   0.0000   0.0000   0.0000   0.3732
   2.000   0.5381   0.00902   0.00363  -0.0629  0.6789  0.9834  -0.8499   0.0000   0.0000   0.0000   0.3638
   2.500   0.6199   0.00905   0.00360  -0.0686  0.6506  0.9976  -0.9469   0.0000   0.0000   0.0000   0.3570
   3.000   0.6606   0.00910   0.00358  -0.0661  0.6193  1.0000  -1.0196   0.0000   0.0000   0.0000   0.3460
   3.500   0.6946   0.00929   0.00366  -0.0620  0.5891  1.0000  -1.1104   0.0000   0.0000   0.0000   0.3348
   4.000   0.7351   0.00961   0.00383  -0.0590  0.5563  1.0000  -1.2159   0.0000   0.0000   0.0000   0.3254
   4.500   0.7791   0.00997   0.00412  -0.0567  0.5196  1.0000  -1.3788   0.0000   0.0000   0.0000   0.3174
   5.000   0.8242   0.01044   0.00445  -0.0546  0.4814  1.0000  -1.6625   0.0000   0.0000   0.0000   0.3104
   5.500   0.8693   0.01097   0.00488  -0.0526  0.4413  1.0000  -1.9863   0.0000   0.0000   0.0000   0.3041
   6.000   0.9143   0.01154   0.00537  -0.0507  0.4003  1.0000  -2.3257   0.0000   0.0000   0.0000   0.2985
   6.500   0.9571   0.01224   0.00593  -0.0484  0.3542  1.0000  -2.6729   0.0000   0.0000   0.0000   0.2932
   7.000   0.9984   0.01303   0.00659  -0.0461  0.3072  1.0000  -3.0278   0.0000   0.0000   0.0000   0.2881
   7.500   1.0368   0.01399   0.00740  -0.0433  0.2558  1.0000  -3.3835   0.0000   0.0000   0.0000   0.2832
   8.000   1.0703   0.01521   0.00835  -0.0400  0.1979  1.0000  -3.7293   0.0000   0.0000   0.0000   0.2782
   8.500   1.0991   0.01669   0.00951  -0.0361  0.1369  1.0000  -4.0622   0.0000   0.0000   0.0000   0.2730
   9.000   1.1250   0.01819   0.01083  -0.0318  0.0965  1.0000  -4.4017   0.0000   0.0000   0.0000   0.2678
   9.500   1.1426   0.01980   0.01235  -0.0261  0.0707  1.0000  -4.7061   0.0000   0.0000   0.0000   0.2617
  10.000   1.1607   0.02146   0.01403  -0.0209  0.0538  1.0000  -5.0049   0.0000   0.0000   0.0000   0.2562
  10.500   1.1727   0.02362   0.01622  -0.0156  0.0389  1.0000  -5.2430   0.0000   0.0000   0.0000   0.2507
  11.000   1.1727   0.02678   0.01950  -0.0097  0.0290  1.0000  -5.3570   0.0000   0.0000   0.0000   0.2450
  11.500   1.1781   0.02993   0.02278  -0.0055  0.0250  1.0000  -5.5336   0.0000   0.0000   0.0000   0.2406
  12.000   1.1699   0.03470   0.02774  -0.0012  0.0226  1.0000  -5.5974   0.0000   0.0000   0.0000   0.2362
  12.500   1.1750   0.03896   0.03224   0.0015  0.0217  1.0000  -5.7362   0.0000   0.0000   0.0000   0.2330
  13.000   1.1847   0.04305   0.03663   0.0034  0.0212  1.0000  -5.9138   0.0000   0.0000   0.0000   0.2306
  13.500   1.1917   0.04775   0.04162   0.0048  0.0207  1.0000  -6.0655   0.0000   0.0000   0.0000   0.2285
  14.000   1.1943   0.05326   0.04745   0.0056  0.0204  1.0000  -6.1817   0.0000   0.0000   0.0000   0.2269
  14.500   1.1899   0.05990   0.05445   0.0056  0.0203  1.0000  -6.2477   0.0000   0.0000   0.0000   0.2261
  15.000   1.1769   0.06802   0.06295   0.0041  0.0202  1.0000  -6.2546   0.0000   0.0000   0.0000   0.2263


