xflr5 v6.59

 Calculated polar for: revR_40_revT

 1 1 Reynolds number fixed          Mach number fixed         

 xtrf =   1.000 (top)        1.000 (bottom)
 Mach =   0.000     Re =     0.395 e 6     Ncrit =   9.000

  alpha     CL        CD       CDp       Cm    Top Xtr Bot Xtr   Cpmin    Chinge    XCp    
 ------- -------- --------- --------- -------- ------- ------- -------- --------- ---------
  -5.000  -0.1072   0.01225   0.00568  -0.0991  0.8394  0.0533  -2.4679   0.0000   0.0000   0.0000  -0.6985
  -4.500  -0.0535   0.01131   0.00463  -0.0987  0.8281  0.0714  -2.1299   0.0000   0.0000   0.0000  -1.6399
  -4.000   0.0009   0.01065   0.00402  -0.0986  0.8168  0.1064  -1.8046   0.0000   0.0000   0.0000  108.2722
  -3.500   0.0559   0.01011   0.00363  -0.0985  0.8058  0.1652  -1.4895   0.0000   0.0000   0.0000   2.0432
  -3.000   0.1108   0.00964   0.00340  -0.0986  0.7953  0.2450  -1.2540   0.0000   0.0000   0.0000   1.1522
  -2.500   0.1657   0.00916   0.00315  -0.0985  0.7833  0.3358  -1.0320   0.0000   0.0000   0.0000   0.8510
  -2.000   0.2203   0.00873   0.00303  -0.0984  0.7721  0.4489  -0.8199   0.0000   0.0000   0.0000   0.7001
  -1.500   0.2738   0.00823   0.00298  -0.0979  0.7602  0.5946  -0.6258   0.0000   0.0000   0.0000   0.6091
  -1.000   0.3276   0.00806   0.00303  -0.0971  0.7483  0.6940  -0.6381   0.0000   0.0000   0.0000   0.5468
  -0.500   0.3808   0.00796   0.00303  -0.0960  0.7346  0.7645  -0.6791   0.0000   0.0000   0.0000   0.5014
   0.000   0.4340   0.00796   0.00308  -0.0949  0.7217  0.8117  -0.7242   0.0000   0.0000   0.0000   0.4674
   0.500   0.4867   0.00797   0.00306  -0.0937  0.7077  0.8510  -0.7726   0.0000   0.0000   0.0000   0.4406
   1.000   0.5358   0.00790   0.00307  -0.0917  0.6915  0.8912  -0.8209   0.0000   0.0000   0.0000   0.4186
   1.500   0.5842   0.00786   0.00303  -0.0895  0.6757  0.9331  -0.8759   0.0000   0.0000   0.0000   0.4000
   2.000   0.6506   0.00783   0.00293  -0.0914  0.6575  0.9825  -0.9438   0.0000   0.0000   0.0000   0.3868
   2.500   0.7123   0.00794   0.00293  -0.0929  0.6362  1.0000  -1.0110   0.0000   0.0000   0.0000   0.3762
   3.000   0.7678   0.00812   0.00303  -0.0930  0.6139  1.0000  -1.0844   0.0000   0.0000   0.0000   0.3665
   3.500   0.8227   0.00836   0.00319  -0.0929  0.5903  1.0000  -1.1615   0.0000   0.0000   0.0000   0.3578
   4.000   0.8764   0.00866   0.00339  -0.0926  0.5627  1.0000  -1.2508   0.0000   0.0000   0.0000   0.3500
   4.500   0.9297   0.00900   0.00367  -0.0923  0.5346  1.0000  -1.3540   0.0000   0.0000   0.0000   0.3430
   5.000   0.9817   0.00943   0.00400  -0.0917  0.5028  1.0000  -1.4750   0.0000   0.0000   0.0000   0.3366
   6.000   1.0828   0.01049   0.00487  -0.0902  0.4355  1.0000  -1.8133   0.0000   0.0000   0.0000   0.3253
   6.500   1.1306   0.01119   0.00543  -0.0891  0.3973  1.0000  -2.1230   0.0000   0.0000   0.0000   0.3202
   7.000   1.1782   0.01190   0.00605  -0.0880  0.3591  1.0000  -2.4480   0.0000   0.0000   0.0000   0.3155
   7.500   1.2231   0.01278   0.00679  -0.0865  0.3175  1.0000  -2.7917   0.0000   0.0000   0.0000   0.3109
   8.000   1.2637   0.01391   0.00768  -0.0846  0.2654  1.0000  -3.1349   0.0000   0.0000   0.0000   0.3063
   8.500   1.3035   0.01506   0.00868  -0.0825  0.2241  1.0000  -3.4867   0.0000   0.0000   0.0000   0.3020
   9.000   1.3393   0.01638   0.00986  -0.0800  0.1855  1.0000  -3.8348   0.0000   0.0000   0.0000   0.2977
   9.500   1.3685   0.01791   0.01120  -0.0765  0.1453  1.0000  -4.1659   0.0000   0.0000   0.0000   0.2931
  10.000   1.3938   0.01967   0.01283  -0.0727  0.1109  1.0000  -4.4881   0.0000   0.0000   0.0000   0.2887
  10.500   1.4158   0.02171   0.01477  -0.0690  0.0851  1.0000  -4.7999   0.0000   0.0000   0.0000   0.2845
  11.000   1.4360   0.02402   0.01704  -0.0656  0.0657  1.0000  -5.1056   0.0000   0.0000   0.0000   0.2806
  11.500   1.4546   0.02659   0.01968  -0.0625  0.0514  1.0000  -5.4025   0.0000   0.0000   0.0000   0.2770
  12.000   1.4670   0.02984   0.02299  -0.0593  0.0395  1.0000  -5.6588   0.0000   0.0000   0.0000   0.2735
  12.500   1.4738   0.03376   0.02693  -0.0563  0.0302  1.0000  -5.8741   0.0000   0.0000   0.0000   0.2704
  13.000   1.4755   0.03839   0.03179  -0.0535  0.0251  1.0000  -6.0312   0.0000   0.0000   0.0000   0.2675
  13.500   1.4783   0.04315   0.03673  -0.0515  0.0222  1.0000  -6.2096   0.0000   0.0000   0.0000   0.2651
  14.000   1.4731   0.04899   0.04274  -0.0498  0.0202  1.0000  -6.3448   0.0000   0.0000   0.0000   0.2630
  14.500   1.4580   0.05643   0.05043  -0.0487  0.0187  1.0000  -6.4015   0.0000   0.0000   0.0000   0.2616
  15.000   1.4374   0.06487   0.05917  -0.0481  0.0178  1.0000  -6.4133   0.0000   0.0000   0.0000   0.2606


