xflr5 v6.59

 Calculated polar for: revR_95_revT

 1 1 Reynolds number fixed          Mach number fixed         

 xtrf =   1.000 (top)        1.000 (bottom)
 Mach =   0.000     Re =     0.215 e 6     Ncrit =   9.000

  alpha     CL        CD       CDp       Cm    Top Xtr Bot Xtr   Cpmin    Chinge    XCp    
 ------- -------- --------- --------- -------- ------- ------- -------- --------- ---------
  -5.000   0.1098   0.01898   0.01181  -0.1517  0.8260  0.0631  -2.2373   0.0000   0.0000   0.0000   1.6676
  -4.500   0.1682   0.01792   0.01052  -0.1521  0.8193  0.0727  -2.0010   0.0000   0.0000   0.0000   1.1743
  -4.000   0.2197   0.01703   0.00964  -0.1518  0.8104  0.0931  -1.7927   0.0000   0.0000   0.0000   0.9551
  -3.500   0.2748   0.01603   0.00876  -0.1520  0.8011  0.1325  -1.5742   0.0000   0.0000   0.0000   0.8128
  -3.000   0.3346   0.01536   0.00820  -0.1528  0.7940  0.1997  -1.3304   0.0000   0.0000   0.0000   0.7133
  -2.500   0.3884   0.01515   0.00819  -0.1529  0.7847  0.2741  -1.1112   0.0000   0.0000   0.0000   0.6481
  -2.000   0.4438   0.01480   0.00812  -0.1530  0.7752  0.3642  -0.8936   0.0000   0.0000   0.0000   0.5978
  -1.500   0.5035   0.01433   0.00786  -0.1535  0.7677  0.4703  -0.8125   0.0000   0.0000   0.0000   0.5566
  -1.000   0.5553   0.01421   0.00814  -0.1528  0.7575  0.5909  -0.8508   0.0000   0.0000   0.0000   0.5257
  -0.500   0.6069   0.01394   0.00817  -0.1512  0.7472  0.7160  -0.8927   0.0000   0.0000   0.0000   0.4988
   0.000   0.6586   0.01378   0.00807  -0.1491  0.7394  0.8088  -0.9355   0.0000   0.0000   0.0000   0.4752
   0.500   0.6952   0.01383   0.00829  -0.1447  0.7275  0.8843  -0.9679   0.0000   0.0000   0.0000   0.4561
   1.000   0.7536   0.01333   0.00770  -0.1442  0.7174  1.0000  -1.0209   0.0000   0.0000   0.0000   0.4386
   1.500   0.8132   0.01355   0.00778  -0.1454  0.7060  1.0000  -1.0775   0.0000   0.0000   0.0000   0.4254
   2.000   0.8730   0.01361   0.00771  -0.1463  0.6946  1.0000  -1.1361   0.0000   0.0000   0.0000   0.4135
   2.500   0.9324   0.01367   0.00764  -0.1470  0.6827  1.0000  -1.2020   0.0000   0.0000   0.0000   0.4028
   3.000   0.9891   0.01367   0.00757  -0.1471  0.6684  1.0000  -1.2699   0.0000   0.0000   0.0000   0.3932
   3.500   1.0455   0.01378   0.00762  -0.1472  0.6549  1.0000  -1.3384   0.0000   0.0000   0.0000   0.3846
   4.000   1.1023   0.01379   0.00755  -0.1473  0.6403  1.0000  -1.4081   0.0000   0.0000   0.0000   0.3768
   4.500   1.1550   0.01394   0.00770  -0.1467  0.6223  1.0000  -1.4881   0.0000   0.0000   0.0000   0.3695
   5.000   1.2097   0.01410   0.00781  -0.1465  0.6054  1.0000  -1.5712   0.0000   0.0000   0.0000   0.3628
   5.500   1.2633   0.01433   0.00797  -0.1461  0.5872  1.0000  -1.6672   0.0000   0.0000   0.0000   0.3567
   6.000   1.3117   0.01467   0.00833  -0.1448  0.5651  1.0000  -1.7649   0.0000   0.0000   0.0000   0.3507
   6.500   1.3592   0.01510   0.00876  -0.1434  0.5414  1.0000  -1.8831   0.0000   0.0000   0.0000   0.3451
   7.000   1.4049   0.01567   0.00931  -0.1419  0.5176  1.0000  -2.0055   0.0000   0.0000   0.0000   0.3397
   7.500   1.4470   0.01633   0.00993  -0.1397  0.4905  1.0000  -2.1411   0.0000   0.0000   0.0000   0.3345
   8.000   1.4861   0.01715   0.01072  -0.1371  0.4640  1.0000  -2.2880   0.0000   0.0000   0.0000   0.3294
   8.500   1.5193   0.01813   0.01165  -0.1336  0.4354  1.0000  -2.4304   0.0000   0.0000   0.0000   0.3243
   9.000   1.5450   0.01932   0.01277  -0.1290  0.4074  1.0000  -2.5959   0.0000   0.0000   0.0000   0.3190
   9.500   1.5682   0.02073   0.01417  -0.1243  0.3816  1.0000  -2.7862   0.0000   0.0000   0.0000   0.3140
  10.000   1.5859   0.02248   0.01596  -0.1194  0.3544  1.0000  -2.9951   0.0000   0.0000   0.0000   0.3091
  10.500   1.6007   0.02460   0.01810  -0.1147  0.3267  1.0000  -3.2232   0.0000   0.0000   0.0000   0.3045
  11.000   1.6149   0.02704   0.02055  -0.1104  0.3020  1.0000  -3.4534   0.0000   0.0000   0.0000   0.3003
  11.500   1.6261   0.02987   0.02340  -0.1063  0.2773  1.0000  -3.6776   0.0000   0.0000   0.0000   0.2963
  12.000   1.6337   0.03315   0.02671  -0.1023  0.2526  1.0000  -3.8937   0.0000   0.0000   0.0000   0.2926
  12.500   1.6380   0.03689   0.03047  -0.0985  0.2279  1.0000  -4.1066   0.0000   0.0000   0.0000   0.2891
  13.000   1.6393   0.04110   0.03470  -0.0950  0.2039  1.0000  -4.3098   0.0000   0.0000   0.0000   0.2858
  13.500   1.6383   0.04582   0.03943  -0.0919  0.1815  1.0000  -4.5047   0.0000   0.0000   0.0000   0.2829
  14.000   1.6349   0.05111   0.04473  -0.0892  0.1605  1.0000  -4.6891   0.0000   0.0000   0.0000   0.2802
  14.500   1.6294   0.05691   0.05059  -0.0870  0.1416  1.0000  -4.8641   0.0000   0.0000   0.0000   0.2779
  15.000   1.6272   0.06270   0.05650  -0.0853  0.1251  1.0000  -5.0514   0.0000   0.0000   0.0000   0.2759
  15.500   1.6209   0.06915   0.06306  -0.0840  0.1106  1.0000  -5.2177   0.0000   0.0000   0.0000   0.2741
  16.000   1.6062   0.07679   0.07069  -0.0831  0.0975  1.0000  -5.3423   0.0000   0.0000   0.0000   0.2728
  16.500   1.6008   0.08378   0.07789  -0.0830  0.0867  1.0000  -5.5068   0.0000   0.0000   0.0000   0.2718
  17.000   1.5866   0.09184   0.08604  -0.0830  0.0769  1.0000  -5.6273   0.0000   0.0000   0.0000   0.2711
  17.500   1.5753   0.10001   0.09437  -0.0840  0.0684  1.0000  -5.7595   0.0000   0.0000   0.0000   0.2708
  18.000   1.5610   0.10846   0.10292  -0.0850  0.0605  1.0000  -5.8780   0.0000   0.0000   0.0000   0.2708
  18.500   1.5507   0.11688   0.11159  -0.0870  0.0543  1.0000  -6.0265   0.0000   0.0000   0.0000   0.2712
  19.000   1.5372   0.12516   0.11986  -0.0886  0.0479  1.0000  -6.1415   0.0000   0.0000   0.0000   0.2715
  19.500   1.5293   0.13358   0.12858  -0.0916  0.0441  1.0000  -6.2860   0.0000   0.0000   0.0000   0.2724
  20.000   1.5205   0.14214   0.13729  -0.0950  0.0404  1.0000  -6.4256   0.0000   0.0000   0.0000   0.2737
  20.500   1.5169   0.14879   0.14397  -0.0969  0.0362  1.0000  -6.5787   0.0000   0.0000   0.0000   0.2738
  21.000   1.5088   0.15773   0.15324  -0.1013  0.0343  1.0000  -6.6862   0.0000   0.0000   0.0000   0.2757
  21.500   1.5002   0.16676   0.16254  -0.1062  0.0322  1.0000  -6.7778   0.0000   0.0000   0.0000   0.2780
  22.000   1.4939   0.17550   0.17145  -0.1114  0.0303  1.0000  -6.8839   0.0000   0.0000   0.0000   0.2804
  22.500   1.4894   0.18364   0.17970  -0.1163  0.0284  1.0000  -6.9962   0.0000   0.0000   0.0000   0.2826
  23.000   1.4647   0.19666   0.19306  -0.1248  0.0272  1.0000  -6.8432   0.0000   0.0000   0.0000   0.2884
  23.500   1.4303   0.21456   0.21138  -0.1377  0.0269  1.0000  -6.5341   0.0000   0.0000   0.0000   0.2985


