xflr5 v6.59

 Calculated polar for: revR_50_revT

 1 1 Reynolds number fixed          Mach number fixed         

 xtrf =   1.000 (top)        1.000 (bottom)
 Mach =   0.000     Re =     0.110 e 6     Ncrit =   9.000

  alpha     CL        CD       CDp       Cm    Top Xtr Bot Xtr   Cpmin    Chinge    XCp    
 ------- -------- --------- --------- -------- ------- ------- -------- --------- ---------
  -5.000  -0.2055   0.02970   0.02175  -0.0953  0.9262  0.0893  -2.5158   0.0000   0.0000   0.0000  -0.2282
  -4.500  -0.1314   0.02608   0.01777  -0.0996  0.9189  0.1025  -2.2582   0.0000   0.0000   0.0000  -0.5287
  -4.000  -0.0746   0.02449   0.01604  -0.1004  0.9059  0.1278  -1.9951   0.0000   0.0000   0.0000  -1.1282
  -3.500   0.0116   0.02267   0.01441  -0.1064  0.8989  0.1966  -1.6491   0.0000   0.0000   0.0000   9.5827
  -3.000   0.0610   0.02190   0.01405  -0.1061  0.8837  0.2964  -1.4385   0.0000   0.0000   0.0000   2.0203
  -2.500   0.1395   0.02075   0.01364  -0.1103  0.8757  0.4740  -1.1695   0.0000   0.0000   0.0000   1.0513
  -2.000   0.1818   0.02067   0.01418  -0.1073  0.8598  0.6387  -0.9771   0.0000   0.0000   0.0000   0.8468
  -1.500   0.2365   0.02052   0.01429  -0.1040  0.8505  0.7847  -0.7731   0.0000   0.0000   0.0000   0.6935
  -1.000   0.2602   0.02082   0.01464  -0.0961  0.8322  0.8796  -0.6346   0.0000   0.0000   0.0000   0.6215
  -0.500   0.3581   0.02006   0.01369  -0.1013  0.8256  0.9856  -0.6576   0.0000   0.0000   0.0000   0.5332
   0.000   0.4061   0.02051   0.01390  -0.1018  0.8066  1.0000  -0.6964   0.0000   0.0000   0.0000   0.5003
   0.500   0.4609   0.02088   0.01405  -0.1024  0.7900  1.0000  -0.7410   0.0000   0.0000   0.0000   0.4708
   1.000   0.5320   0.02046   0.01342  -0.1041  0.7789  1.0000  -0.8026   0.0000   0.0000   0.0000   0.4437
   1.500   0.5832   0.02087   0.01371  -0.1036  0.7600  1.0000  -0.8540   0.0000   0.0000   0.0000   0.4249
   2.000   0.6398   0.02106   0.01380  -0.1034  0.7441  1.0000  -0.9131   0.0000   0.0000   0.0000   0.4084
   2.500   0.7065   0.02045   0.01308  -0.1039  0.7309  1.0000  -0.9848   0.0000   0.0000   0.0000   0.3932
   3.000   0.7586   0.02064   0.01325  -0.1029  0.7110  1.0000  -1.0487   0.0000   0.0000   0.0000   0.3813
   3.500   0.8134   0.02069   0.01329  -0.1022  0.6920  1.0000  -1.1219   0.0000   0.0000   0.0000   0.3706
   4.000   0.8724   0.02039   0.01297  -0.1017  0.6737  1.0000  -1.2067   0.0000   0.0000   0.0000   0.3610
   4.500   0.9348   0.01988   0.01241  -0.1015  0.6555  1.0000  -1.3062   0.0000   0.0000   0.0000   0.3524
   5.000   0.9925   0.01963   0.01214  -0.1008  0.6337  1.0000  -1.4202   0.0000   0.0000   0.0000   0.3449
   5.500   1.0464   0.01962   0.01215  -0.0998  0.6089  1.0000  -1.5412   0.0000   0.0000   0.0000   0.3380
   6.000   1.0959   0.01981   0.01243  -0.0982  0.5802  1.0000  -1.6880   0.0000   0.0000   0.0000   0.3317
   6.500   1.1466   0.02001   0.01266  -0.0968  0.5497  1.0000  -1.8526   0.0000   0.0000   0.0000   0.3258
   7.000   1.1981   0.02025   0.01284  -0.0954  0.5178  1.0000  -2.0927   0.0000   0.0000   0.0000   0.3203
   7.500   1.2435   0.02085   0.01346  -0.0933  0.4822  1.0000  -2.3962   0.0000   0.0000   0.0000   0.3151
   8.000   1.2874   0.02156   0.01411  -0.0911  0.4458  1.0000  -2.7082   0.0000   0.0000   0.0000   0.3100
   8.500   1.3253   0.02258   0.01520  -0.0882  0.4075  1.0000  -3.0103   0.0000   0.0000   0.0000   0.3051
   9.000   1.3599   0.02371   0.01620  -0.0849  0.3681  1.0000  -3.3251   0.0000   0.0000   0.0000   0.3002
   9.500   1.3855   0.02513   0.01768  -0.0806  0.3286  1.0000  -3.6134   0.0000   0.0000   0.0000   0.2952
  10.000   1.4046   0.02689   0.01941  -0.0756  0.2904  1.0000  -3.8823   0.0000   0.0000   0.0000   0.2900
  10.500   1.4128   0.02910   0.02146  -0.0696  0.2528  1.0000  -4.1145   0.0000   0.0000   0.0000   0.2846
  11.000   1.4154   0.03196   0.02446  -0.0641  0.2158  1.0000  -4.3178   0.0000   0.0000   0.0000   0.2798
  11.500   1.4147   0.03565   0.02791  -0.0592  0.1820  1.0000  -4.5063   0.0000   0.0000   0.0000   0.2755
  12.000   1.4141   0.03986   0.03222  -0.0552  0.1522  1.0000  -4.6779   0.0000   0.0000   0.0000   0.2717
  12.500   1.4118   0.04460   0.03697  -0.0517  0.1272  1.0000  -4.8351   0.0000   0.0000   0.0000   0.2684
  13.000   1.4094   0.04973   0.04212  -0.0488  0.1071  1.0000  -4.9804   0.0000   0.0000   0.0000   0.2654
  13.500   1.4095   0.05507   0.04748  -0.0460  0.0911  1.0000  -5.1184   0.0000   0.0000   0.0000   0.2626
  14.000   1.4046   0.06076   0.05335  -0.0444  0.0792  1.0000  -5.2421   0.0000   0.0000   0.0000   0.2605
  14.500   1.4071   0.06672   0.05954  -0.0422  0.0695  1.0000  -5.3602   0.0000   0.0000   0.0000   0.2579
  15.000   1.4014   0.07323   0.06634  -0.0414  0.0626  1.0000  -5.4575   0.0000   0.0000   0.0000   0.2565


