xflr5 v6.59

 Calculated polar for: revR_65_revT

 1 1 Reynolds number fixed          Mach number fixed         

 xtrf =   1.000 (top)        1.000 (bottom)
 Mach =   0.000     Re =     0.160 e 6     Ncrit =   9.000

  alpha     CL        CD       CDp       Cm    Top Xtr Bot Xtr   Cpmin    Chinge    XCp    
 ------- -------- --------- --------- -------- ------- ------- -------- --------- ---------
  -5.000  -0.0228   0.02194   0.01431  -0.1265  0.8800  0.0762  -2.2619   0.0000   0.0000   0.0000  -5.4258
  -4.500   0.0413   0.01976   0.01199  -0.1280  0.8733  0.0953  -1.9746   0.0000   0.0000   0.0000   3.4183
  -4.000   0.0863   0.01885   0.01106  -0.1265  0.8600  0.1221  -1.7666   0.0000   0.0000   0.0000   1.7445
  -3.500   0.1471   0.01763   0.01009  -0.1275  0.8515  0.1902  -1.5289   0.0000   0.0000   0.0000   1.1315
  -3.000   0.1980   0.01710   0.00986  -0.1270  0.8394  0.2776  -1.3072   0.0000   0.0000   0.0000   0.9010
  -2.500   0.2547   0.01645   0.00956  -0.1272  0.8293  0.3906  -1.0834   0.0000   0.0000   0.0000   0.7554
  -2.000   0.3078   0.01602   0.00960  -0.1265  0.8191  0.5296  -0.8726   0.0000   0.0000   0.0000   0.6646
  -1.500   0.3563   0.01579   0.00979  -0.1243  0.8068  0.6701  -0.6817   0.0000   0.0000   0.0000   0.6009
  -1.000   0.4050   0.01566   0.00979  -0.1211  0.7970  0.7762  -0.7077   0.0000   0.0000   0.0000   0.5499
  -0.500   0.4412   0.01568   0.00991  -0.1158  0.7826  0.8558  -0.7399   0.0000   0.0000   0.0000   0.5125
   0.000   0.4863   0.01537   0.00955  -0.1116  0.7736  0.9331  -0.7783   0.0000   0.0000   0.0000   0.4787
   0.500   0.5584   0.01528   0.00933  -0.1153  0.7587  1.0000  -0.8364   0.0000   0.0000   0.0000   0.4548
   1.000   0.6211   0.01521   0.00904  -0.1166  0.7476  1.0000  -0.8913   0.0000   0.0000   0.0000   0.4354
   1.500   0.6776   0.01530   0.00900  -0.1170  0.7325  1.0000  -0.9462   0.0000   0.0000   0.0000   0.4196
   2.000   0.7352   0.01542   0.00900  -0.1173  0.7184  1.0000  -1.0074   0.0000   0.0000   0.0000   0.4059
   2.500   0.7961   0.01521   0.00864  -0.1177  0.7046  1.0000  -1.0727   0.0000   0.0000   0.0000   0.3936
   3.000   0.8495   0.01537   0.00879  -0.1172  0.6868  1.0000  -1.1359   0.0000   0.0000   0.0000   0.3832
   3.500   0.9067   0.01540   0.00875  -0.1172  0.6710  1.0000  -1.2113   0.0000   0.0000   0.0000   0.3738
   4.000   0.9664   0.01520   0.00842  -0.1173  0.6539  1.0000  -1.2928   0.0000   0.0000   0.0000   0.3653
   4.500   1.0189   0.01532   0.00858  -0.1165  0.6333  1.0000  -1.3795   0.0000   0.0000   0.0000   0.3577
   5.000   1.0719   0.01547   0.00874  -0.1158  0.6115  1.0000  -1.4721   0.0000   0.0000   0.0000   0.3508
   5.500   1.1244   0.01563   0.00887  -0.1150  0.5876  1.0000  -1.5911   0.0000   0.0000   0.0000   0.3443
   6.000   1.1761   0.01591   0.00912  -0.1140  0.5623  1.0000  -1.7132   0.0000   0.0000   0.0000   0.3384
   6.500   1.2266   0.01629   0.00942  -0.1129  0.5342  1.0000  -1.8667   0.0000   0.0000   0.0000   0.3328
   7.000   1.2726   0.01688   0.01003  -0.1112  0.5040  1.0000  -2.0267   0.0000   0.0000   0.0000   0.3274
   7.500   1.3157   0.01757   0.01072  -0.1091  0.4710  1.0000  -2.2254   0.0000   0.0000   0.0000   0.3222
   8.000   1.3572   0.01840   0.01146  -0.1068  0.4375  1.0000  -2.4596   0.0000   0.0000   0.0000   0.3172
   8.500   1.3946   0.01942   0.01251  -0.1040  0.4052  1.0000  -2.7482   0.0000   0.0000   0.0000   0.3124
   9.000   1.4255   0.02058   0.01363  -0.1003  0.3698  1.0000  -3.0324   0.0000   0.0000   0.0000   0.3074
   9.500   1.4498   0.02198   0.01496  -0.0958  0.3363  1.0000  -3.3025   0.0000   0.0000   0.0000   0.3023
  10.000   1.4696   0.02361   0.01668  -0.0909  0.3048  1.0000  -3.5707   0.0000   0.0000   0.0000   0.2973
  10.500   1.4828   0.02572   0.01876  -0.0859  0.2729  1.0000  -3.8207   0.0000   0.0000   0.0000   0.2924
  11.000   1.4910   0.02840   0.02138  -0.0810  0.2407  1.0000  -4.0544   0.0000   0.0000   0.0000   0.2880
  11.500   1.4983   0.03152   0.02454  -0.0769  0.2087  1.0000  -4.2844   0.0000   0.0000   0.0000   0.2840
  12.000   1.5006   0.03534   0.02831  -0.0730  0.1797  1.0000  -4.4977   0.0000   0.0000   0.0000   0.2804
  12.500   1.4979   0.03988   0.03278  -0.0694  0.1534  1.0000  -4.6918   0.0000   0.0000   0.0000   0.2771
  13.000   1.4932   0.04493   0.03785  -0.0662  0.1298  1.0000  -4.8727   0.0000   0.0000   0.0000   0.2741
  13.500   1.4884   0.05034   0.04332  -0.0637  0.1103  1.0000  -5.0482   0.0000   0.0000   0.0000   0.2716
  14.000   1.4849   0.05602   0.04914  -0.0619  0.0942  1.0000  -5.2221   0.0000   0.0000   0.0000   0.2694
  14.500   1.4781   0.06232   0.05556  -0.0603  0.0809  1.0000  -5.3703   0.0000   0.0000   0.0000   0.2675
  15.000   1.4674   0.06927   0.06250  -0.0590  0.0695  1.0000  -5.4937   0.0000   0.0000   0.0000   0.2659


