xflr5 v6.59

 Calculated polar for: revR_75_revT

 1 1 Reynolds number fixed          Mach number fixed         

 xtrf =   1.000 (top)        1.000 (bottom)
 Mach =   0.000     Re =     0.245 e 6     Ncrit =   9.000

  alpha     CL        CD       CDp       Cm    Top Xtr Bot Xtr   Cpmin    Chinge    XCp    
 ------- -------- --------- --------- -------- ------- ------- -------- --------- ---------
  -5.000   0.0370   0.01667   0.00963  -0.1341  0.8360  0.0624  -2.2471   0.0000   0.0000   0.0000   3.9615
  -4.500   0.0918   0.01519   0.00802  -0.1340  0.8273  0.0759  -2.0053   0.0000   0.0000   0.0000   1.7413
  -4.000   0.1464   0.01444   0.00726  -0.1340  0.8190  0.1020  -1.7697   0.0000   0.0000   0.0000   1.1827
  -3.500   0.2007   0.01374   0.00668  -0.1339  0.8086  0.1521  -1.5309   0.0000   0.0000   0.0000   0.9285
  -3.000   0.2581   0.01315   0.00626  -0.1343  0.8002  0.2287  -1.2906   0.0000   0.0000   0.0000   0.7775
  -2.500   0.3122   0.01286   0.00619  -0.1343  0.7905  0.3096  -1.0661   0.0000   0.0000   0.0000   0.6850
  -2.000   0.3679   0.01239   0.00605  -0.1344  0.7806  0.4191  -0.8532   0.0000   0.0000   0.0000   0.6183
  -1.500   0.4242   0.01206   0.00598  -0.1343  0.7717  0.5345  -0.7344   0.0000   0.0000   0.0000   0.5682
  -1.000   0.4752   0.01177   0.00611  -0.1331  0.7599  0.6672  -0.7737   0.0000   0.0000   0.0000   0.5305
  -0.500   0.5282   0.01161   0.00607  -0.1315  0.7505  0.7612  -0.8151   0.0000   0.0000   0.0000   0.4986
   0.000   0.5748   0.01166   0.00625  -0.1290  0.7393  0.8305  -0.8525   0.0000   0.0000   0.0000   0.4732
   0.500   0.6197   0.01142   0.00601  -0.1256  0.7278  0.8947  -0.8952   0.0000   0.0000   0.0000   0.4506
   1.000   0.6753   0.01125   0.00585  -0.1248  0.7158  0.9787  -0.9481   0.0000   0.0000   0.0000   0.4322
   1.500   0.7393   0.01125   0.00568  -0.1267  0.7039  1.0000  -1.0065   0.0000   0.0000   0.0000   0.4181
   2.000   0.7971   0.01138   0.00571  -0.1274  0.6896  1.0000  -1.0687   0.0000   0.0000   0.0000   0.4059
   2.500   0.8567   0.01139   0.00556  -0.1280  0.6759  1.0000  -1.1357   0.0000   0.0000   0.0000   0.3949
   3.000   0.9116   0.01153   0.00569  -0.1280  0.6596  1.0000  -1.1994   0.0000   0.0000   0.0000   0.3852
   3.500   0.9678   0.01165   0.00572  -0.1280  0.6434  1.0000  -1.2694   0.0000   0.0000   0.0000   0.3765
   4.000   1.0239   0.01176   0.00571  -0.1279  0.6251  1.0000  -1.3490   0.0000   0.0000   0.0000   0.3685
   4.500   1.0768   0.01198   0.00594  -0.1275  0.6056  1.0000  -1.4282   0.0000   0.0000   0.0000   0.3613
   5.000   1.1293   0.01226   0.00621  -0.1269  0.5841  1.0000  -1.5238   0.0000   0.0000   0.0000   0.3547
   5.500   1.1803   0.01259   0.00649  -0.1261  0.5593  1.0000  -1.6234   0.0000   0.0000   0.0000   0.3484
   6.000   1.2303   0.01304   0.00690  -0.1251  0.5346  1.0000  -1.7483   0.0000   0.0000   0.0000   0.3427
   6.500   1.2777   0.01360   0.00737  -0.1238  0.5062  1.0000  -1.8727   0.0000   0.0000   0.0000   0.3371
   7.000   1.3233   0.01427   0.00798  -0.1222  0.4780  1.0000  -2.0297   0.0000   0.0000   0.0000   0.3318
   7.500   1.3655   0.01500   0.00872  -0.1201  0.4467  1.0000  -2.1901   0.0000   0.0000   0.0000   0.3267
   8.000   1.4042   0.01589   0.00956  -0.1175  0.4144  1.0000  -2.3865   0.0000   0.0000   0.0000   0.3217
   8.500   1.4398   0.01693   0.01055  -0.1145  0.3850  1.0000  -2.6116   0.0000   0.0000   0.0000   0.3168
   9.000   1.4672   0.01815   0.01171  -0.1103  0.3533  1.0000  -2.8912   0.0000   0.0000   0.0000   0.3116
   9.500   1.4914   0.01957   0.01313  -0.1059  0.3219  1.0000  -3.1685   0.0000   0.0000   0.0000   0.3067
  10.000   1.5130   0.02130   0.01485  -0.1017  0.2937  1.0000  -3.4435   0.0000   0.0000   0.0000   0.3020
  10.500   1.5292   0.02351   0.01699  -0.0973  0.2640  1.0000  -3.7051   0.0000   0.0000   0.0000   0.2976
  11.000   1.5422   0.02616   0.01959  -0.0932  0.2339  1.0000  -3.9593   0.0000   0.0000   0.0000   0.2934
  11.500   1.5556   0.02903   0.02251  -0.0896  0.2055  1.0000  -4.2190   0.0000   0.0000   0.0000   0.2897
  12.000   1.5645   0.03245   0.02591  -0.0861  0.1779  1.0000  -4.4636   0.0000   0.0000   0.0000   0.2862
  12.500   1.5683   0.03645   0.02988  -0.0827  0.1523  1.0000  -4.6892   0.0000   0.0000   0.0000   0.2829
  13.000   1.5701   0.04087   0.03430  -0.0796  0.1300  1.0000  -4.9133   0.0000   0.0000   0.0000   0.2798
  13.500   1.5697   0.04573   0.03918  -0.0769  0.1107  1.0000  -5.1279   0.0000   0.0000   0.0000   0.2771
  14.000   1.5672   0.05115   0.04467  -0.0747  0.0944  1.0000  -5.3299   0.0000   0.0000   0.0000   0.2747
  14.500   1.5559   0.05782   0.05134  -0.0728  0.0805  1.0000  -5.4843   0.0000   0.0000   0.0000   0.2727
  15.000   1.5543   0.06382   0.05749  -0.0718  0.0695  1.0000  -5.6855   0.0000   0.0000   0.0000   0.2710


