xflr5 v6.59

 Calculated polar for: revR_55_revT

 1 1 Reynolds number fixed          Mach number fixed         

 xtrf =   1.000 (top)        1.000 (bottom)
 Mach =   0.000     Re =     0.380 e 6     Ncrit =   9.000

  alpha     CL        CD       CDp       Cm    Top Xtr Bot Xtr   Cpmin    Chinge    XCp    
 ------- -------- --------- --------- -------- ------- ------- -------- --------- ---------
  -5.000  -0.0450   0.01259   0.00590  -0.1133  0.8241  0.0521  -2.4177   0.0000   0.0000   0.0000  -2.3331
  -4.500   0.0097   0.01192   0.00517  -0.1132  0.8144  0.0649  -2.0800   0.0000   0.0000   0.0000  12.1494
  -4.000   0.0648   0.01108   0.00435  -0.1131  0.8044  0.0981  -1.7665   0.0000   0.0000   0.0000   2.0303
  -3.500   0.1201   0.01058   0.00401  -0.1133  0.7948  0.1525  -1.5160   0.0000   0.0000   0.0000   1.2086
  -3.000   0.1756   0.01009   0.00372  -0.1134  0.7845  0.2236  -1.2747   0.0000   0.0000   0.0000   0.9041
  -2.500   0.2317   0.00975   0.00355  -0.1136  0.7750  0.3066  -1.0409   0.0000   0.0000   0.0000   0.7451
  -2.000   0.2867   0.00926   0.00339  -0.1136  0.7635  0.4122  -0.8289   0.0000   0.0000   0.0000   0.6490
  -1.500   0.3424   0.00890   0.00331  -0.1135  0.7536  0.5318  -0.6596   0.0000   0.0000   0.0000   0.5829
  -0.500   0.4499   0.00847   0.00338  -0.1120  0.7310  0.7406  -0.7419   0.0000   0.0000   0.0000   0.4982
   0.000   0.5030   0.00844   0.00344  -0.1109  0.7182  0.7979  -0.7859   0.0000   0.0000   0.0000   0.4692
   0.500   0.5551   0.00843   0.00343  -0.1095  0.7062  0.8449  -0.8332   0.0000   0.0000   0.0000   0.4453
   1.000   0.6039   0.00836   0.00345  -0.1075  0.6923  0.8884  -0.8800   0.0000   0.0000   0.0000   0.4254
   1.500   0.6515   0.00828   0.00336  -0.1051  0.6776  0.9387  -0.9327   0.0000   0.0000   0.0000   0.4080
   2.000   0.7195   0.00821   0.00326  -0.1075  0.6615  1.0000  -1.0007   0.0000   0.0000   0.0000   0.3957
   2.500   0.7768   0.00834   0.00331  -0.1081  0.6431  1.0000  -1.0659   0.0000   0.0000   0.0000   0.3848
   3.000   0.8332   0.00852   0.00340  -0.1083  0.6241  1.0000  -1.1347   0.0000   0.0000   0.0000   0.3751
   3.500   0.8885   0.00874   0.00352  -0.1083  0.6027  1.0000  -1.2100   0.0000   0.0000   0.0000   0.3665
   4.000   0.9429   0.00902   0.00372  -0.1082  0.5798  1.0000  -1.2926   0.0000   0.0000   0.0000   0.3587
   4.500   0.9962   0.00934   0.00397  -0.1078  0.5541  1.0000  -1.3828   0.0000   0.0000   0.0000   0.3516
   5.000   1.0484   0.00973   0.00429  -0.1073  0.5262  1.0000  -1.4949   0.0000   0.0000   0.0000   0.3451
   5.500   1.0993   0.01021   0.00467  -0.1065  0.4967  1.0000  -1.6109   0.0000   0.0000   0.0000   0.3391
   6.000   1.1483   0.01080   0.00514  -0.1055  0.4644  1.0000  -1.7635   0.0000   0.0000   0.0000   0.3335
   6.500   1.1970   0.01139   0.00568  -0.1045  0.4316  1.0000  -1.9275   0.0000   0.0000   0.0000   0.3282
   7.000   1.2436   0.01211   0.00631  -0.1032  0.3986  1.0000  -2.1500   0.0000   0.0000   0.0000   0.3233
   7.500   1.2873   0.01295   0.00704  -0.1016  0.3603  1.0000  -2.4508   0.0000   0.0000   0.0000   0.3184
   8.000   1.3296   0.01386   0.00788  -0.0997  0.3270  1.0000  -2.7710   0.0000   0.0000   0.0000   0.3138
   8.500   1.3683   0.01492   0.00883  -0.0974  0.2903  1.0000  -3.0923   0.0000   0.0000   0.0000   0.3092
   9.000   1.3996   0.01622   0.00996  -0.0939  0.2518  1.0000  -3.3992   0.0000   0.0000   0.0000   0.3045
   9.500   1.4299   0.01756   0.01123  -0.0905  0.2174  1.0000  -3.7110   0.0000   0.0000   0.0000   0.2999
  10.000   1.4516   0.01944   0.01293  -0.0864  0.1798  1.0000  -3.9982   0.0000   0.0000   0.0000   0.2953
  10.500   1.4726   0.02153   0.01494  -0.0826  0.1449  1.0000  -4.2879   0.0000   0.0000   0.0000   0.2911
  11.000   1.4884   0.02415   0.01742  -0.0788  0.1150  1.0000  -4.5606   0.0000   0.0000   0.0000   0.2871
  11.500   1.5042   0.02694   0.02017  -0.0755  0.0920  1.0000  -4.8355   0.0000   0.0000   0.0000   0.2834
  12.000   1.5157   0.03023   0.02343  -0.0722  0.0730  1.0000  -5.0928   0.0000   0.0000   0.0000   0.2799
  12.500   1.5276   0.03366   0.02690  -0.0694  0.0598  1.0000  -5.3622   0.0000   0.0000   0.0000   0.2768
  13.000   1.5359   0.03754   0.03090  -0.0668  0.0493  1.0000  -5.6142   0.0000   0.0000   0.0000   0.2738
  13.500   1.5283   0.04317   0.03657  -0.0638  0.0390  1.0000  -5.7751   0.0000   0.0000   0.0000   0.2711
  14.000   1.5365   0.04747   0.04111  -0.0621  0.0347  1.0000  -6.0220   0.0000   0.0000   0.0000   0.2688
  14.500   1.5319   0.05348   0.04723  -0.0607  0.0297  1.0000  -6.1947   0.0000   0.0000   0.0000   0.2669
  15.000   1.5071   0.06225   0.05624  -0.0596  0.0257  1.0000  -6.2176   0.0000   0.0000   0.0000   0.2657


