xflr5 v6.59

 Calculated polar for: revR_0_revT

 1 1 Reynolds number fixed          Mach number fixed         

 xtrf =   1.000 (top)        1.000 (bottom)
 Mach =   0.000     Re =     0.385 e 6     Ncrit =   9.000

  alpha     CL        CD       CDp       Cm    Top Xtr Bot Xtr   Cpmin    Chinge    XCp    
 ------- -------- --------- --------- -------- ------- ------- -------- --------- ---------
  -5.000  -0.2622   0.01142   0.00487  -0.0637  0.9182  0.0647  -2.7464   0.0000   0.0000   0.0000  -0.0015
  -4.500  -0.2112   0.01064   0.00413  -0.0626  0.8991  0.0957  -2.3549   0.0000   0.0000   0.0000  -0.0558
  -4.000  -0.1608   0.00996   0.00362  -0.0616  0.8808  0.1557  -1.9708   0.0000   0.0000   0.0000  -0.1434
  -3.500  -0.1100   0.00937   0.00325  -0.0607  0.8634  0.2324  -1.6006   0.0000   0.0000   0.0000  -0.3143
  -3.000  -0.0601   0.00869   0.00292  -0.0596  0.8459  0.3498  -1.2694   0.0000   0.0000   0.0000  -0.7608
  -2.500  -0.0110   0.00800   0.00270  -0.0583  0.8292  0.4975  -1.0041   0.0000   0.0000   0.0000  -5.1549
  -2.000   0.0381   0.00752   0.00265  -0.0566  0.8130  0.6416  -0.7993   0.0000   0.0000   0.0000   1.7547
  -1.500   0.0898   0.00739   0.00263  -0.0552  0.7961  0.7200  -0.6206   0.0000   0.0000   0.0000   0.8695
  -1.000   0.1419   0.00737   0.00263  -0.0537  0.7786  0.7754  -0.4808   0.0000   0.0000   0.0000   0.6302
  -0.500   0.1942   0.00736   0.00262  -0.0524  0.7611  0.8128  -0.5236   0.0000   0.0000   0.0000   0.5196
   0.000   0.2457   0.00736   0.00262  -0.0509  0.7417  0.8467  -0.5691   0.0000   0.0000   0.0000   0.4558
   0.500   0.2964   0.00736   0.00262  -0.0491  0.7208  0.8776  -0.6176   0.0000   0.0000   0.0000   0.4138
   1.000   0.3463   0.00739   0.00261  -0.0471  0.7002  0.9087  -0.6687   0.0000   0.0000   0.0000   0.3836
   1.500   0.3988   0.00741   0.00262  -0.0457  0.6750  0.9397  -0.7265   0.0000   0.0000   0.0000   0.3617
   2.000   0.4648   0.00752   0.00266  -0.0475  0.6491  0.9643  -0.7977   0.0000   0.0000   0.0000   0.3488
   2.500   0.5414   0.00768   0.00272  -0.0518  0.6177  0.9796  -0.8866   0.0000   0.0000   0.0000   0.3420
   3.000   0.6193   0.00788   0.00281  -0.0566  0.5825  0.9924  -0.9989   0.0000   0.0000   0.0000   0.3373
   3.500   0.6796   0.00812   0.00292  -0.0580  0.5459  1.0000  -1.1118   0.0000   0.0000   0.0000   0.3309
   4.000   0.7167   0.00843   0.00309  -0.0546  0.5098  1.0000  -1.2331   0.0000   0.0000   0.0000   0.3212
   4.500   0.7598   0.00883   0.00337  -0.0522  0.4706  1.0000  -1.4540   0.0000   0.0000   0.0000   0.3133
   5.000   0.8057   0.00930   0.00371  -0.0503  0.4346  1.0000  -1.7747   0.0000   0.0000   0.0000   0.3066
   5.500   0.8516   0.00985   0.00412  -0.0486  0.3896  1.0000  -2.1131   0.0000   0.0000   0.0000   0.3007
   6.000   0.8976   0.01046   0.00460  -0.0469  0.3450  1.0000  -2.4677   0.0000   0.0000   0.0000   0.2954
   6.500   0.9413   0.01125   0.00518  -0.0450  0.2883  1.0000  -2.8293   0.0000   0.0000   0.0000   0.2904
   7.000   0.9837   0.01217   0.00586  -0.0430  0.2337  1.0000  -3.2065   0.0000   0.0000   0.0000   0.2857
   7.500   1.0248   0.01319   0.00667  -0.0408  0.1805  1.0000  -3.5971   0.0000   0.0000   0.0000   0.2813
   8.000   1.0613   0.01453   0.00770  -0.0381  0.1215  1.0000  -3.9785   0.0000   0.0000   0.0000   0.2768
   8.500   1.0964   0.01591   0.00884  -0.0352  0.0805  1.0000  -4.3601   0.0000   0.0000   0.0000   0.2724
   9.000   1.1299   0.01725   0.01007  -0.0321  0.0551  1.0000  -4.7375   0.0000   0.0000   0.0000   0.2680
   9.500   1.1602   0.01861   0.01140  -0.0284  0.0369  1.0000  -5.0911   0.0000   0.0000   0.0000   0.2635
  10.000   1.1763   0.02045   0.01321  -0.0226  0.0229  1.0000  -5.3319   0.0000   0.0000   0.0000   0.2575
  10.500   1.1920   0.02238   0.01521  -0.0174  0.0184  1.0000  -5.5855   0.0000   0.0000   0.0000   0.2521
  11.000   1.2054   0.02459   0.01760  -0.0126  0.0168  1.0000  -5.8269   0.0000   0.0000   0.0000   0.2473
  11.500   1.2186   0.02703   0.02024  -0.0086  0.0158  1.0000  -6.0808   0.0000   0.0000   0.0000   0.2431
  12.000   1.2288   0.02996   0.02335  -0.0052  0.0151  1.0000  -6.3238   0.0000   0.0000   0.0000   0.2394
  12.500   1.2364   0.03341   0.02698  -0.0024  0.0146  1.0000  -6.5556   0.0000   0.0000   0.0000   0.2363
  13.000   1.2412   0.03745   0.03120  -0.0004  0.0141  1.0000  -6.7703   0.0000   0.0000   0.0000   0.2338
  13.500   1.2431   0.04213   0.03607   0.0010  0.0138  1.0000  -6.9611   0.0000   0.0000   0.0000   0.2318
  14.000   1.2423   0.04747   0.04161   0.0016  0.0136  1.0000  -7.1239   0.0000   0.0000   0.0000   0.2303
  14.500   1.2398   0.05341   0.04777   0.0016  0.0134  1.0000  -7.2605   0.0000   0.0000   0.0000   0.2293
  15.000   1.2358   0.05999   0.05461   0.0009  0.0132  1.0000  -7.4067   0.0000   0.0000   0.0000   0.2289


