xflr5 v6.59

 Calculated polar for: revR_05_revT

 1 1 Reynolds number fixed          Mach number fixed         

 xtrf =   1.000 (top)        1.000 (bottom)
 Mach =   0.000     Re =     0.490 e 6     Ncrit =   9.000

  alpha     CL        CD       CDp       Cm    Top Xtr Bot Xtr   Cpmin    Chinge    XCp    
 ------- -------- --------- --------- -------- ------- ------- -------- --------- ---------
  -5.000  -0.2464   0.01073   0.00442  -0.0667  0.8814  0.0528  -2.6132   0.0000   0.0000   0.0000  -0.0297
  -4.500  -0.1958   0.00997   0.00360  -0.0655  0.8641  0.0784  -2.2471   0.0000   0.0000   0.0000  -0.0945
  -4.000  -0.1443   0.00938   0.00314  -0.0647  0.8483  0.1273  -1.8765   0.0000   0.0000   0.0000  -0.2098
  -3.500  -0.0922   0.00888   0.00281  -0.0640  0.8323  0.1884  -1.5193   0.0000   0.0000   0.0000  -0.4591
  -3.000  -0.0401   0.00837   0.00251  -0.0633  0.8164  0.2705  -1.2189   0.0000   0.0000   0.0000  -1.3575
  -2.500   0.0112   0.00774   0.00228  -0.0626  0.8018  0.4003  -1.0119   0.0000   0.0000   0.0000   5.9189
  -2.000   0.0622   0.00716   0.00215  -0.0617  0.7866  0.5432  -0.8139   0.0000   0.0000   0.0000   1.2529
  -1.500   0.1133   0.00682   0.00213  -0.0604  0.7703  0.6673  -0.6242   0.0000   0.0000   0.0000   0.7868
  -1.000   0.1662   0.00671   0.00211  -0.0593  0.7536  0.7339  -0.5014   0.0000   0.0000   0.0000   0.6079
  -0.500   0.2197   0.00668   0.00214  -0.0584  0.7373  0.7795  -0.5450   0.0000   0.0000   0.0000   0.5153
   0.000   0.2729   0.00669   0.00213  -0.0573  0.7184  0.8143  -0.5902   0.0000   0.0000   0.0000   0.4588
   0.500   0.3257   0.00673   0.00214  -0.0562  0.6992  0.8463  -0.6418   0.0000   0.0000   0.0000   0.4207
   1.000   0.3770   0.00676   0.00216  -0.0547  0.6778  0.8752  -0.6931   0.0000   0.0000   0.0000   0.3927
   1.500   0.4268   0.00679   0.00220  -0.0529  0.6535  0.9067  -0.7471   0.0000   0.0000   0.0000   0.3710
   2.000   0.4780   0.00685   0.00224  -0.0514  0.6297  0.9382  -0.8100   0.0000   0.0000   0.0000   0.3542
   2.500   0.5413   0.00698   0.00233  -0.0527  0.5995  0.9662  -0.8846   0.0000   0.0000   0.0000   0.3436
   3.000   0.6167   0.00721   0.00245  -0.0569  0.5656  0.9822  -0.9854   0.0000   0.0000   0.0000   0.3381
   3.500   0.6923   0.00751   0.00261  -0.0613  0.5275  0.9970  -1.1120   0.0000   0.0000   0.0000   0.3340
   4.000   0.7380   0.00782   0.00279  -0.0597  0.4925  1.0000  -1.2245   0.0000   0.0000   0.0000   0.3259
   4.500   0.7806   0.00821   0.00305  -0.0572  0.4538  1.0000  -1.3887   0.0000   0.0000   0.0000   0.3179
   5.000   0.8266   0.00867   0.00337  -0.0554  0.4175  1.0000  -1.6999   0.0000   0.0000   0.0000   0.3111
   5.500   0.8727   0.00921   0.00376  -0.0537  0.3728  1.0000  -2.0324   0.0000   0.0000   0.0000   0.3051
   6.000   0.9165   0.00994   0.00423  -0.0517  0.3135  1.0000  -2.3736   0.0000   0.0000   0.0000   0.2995
   6.500   0.9605   0.01071   0.00477  -0.0498  0.2616  1.0000  -2.7302   0.0000   0.0000   0.0000   0.2944
   7.000   1.0038   0.01152   0.00540  -0.0479  0.2165  1.0000  -3.0978   0.0000   0.0000   0.0000   0.2896
   7.500   1.0426   0.01262   0.00622  -0.0453  0.1589  1.0000  -3.4638   0.0000   0.0000   0.0000   0.2848
   8.000   1.0800   0.01375   0.00711  -0.0426  0.1133  1.0000  -3.8512   0.0000   0.0000   0.0000   0.2802
   8.500   1.1161   0.01487   0.00808  -0.0396  0.0798  1.0000  -4.2423   0.0000   0.0000   0.0000   0.2757
   9.000   1.1500   0.01598   0.00913  -0.0363  0.0576  1.0000  -4.6306   0.0000   0.0000   0.0000   0.2711
   9.500   1.1775   0.01715   0.01024  -0.0319  0.0407  1.0000  -4.9884   0.0000   0.0000   0.0000   0.2660
  10.000   1.1915   0.01885   0.01182  -0.0255  0.0221  1.0000  -5.2428   0.0000   0.0000   0.0000   0.2596
  10.500   1.2076   0.02054   0.01355  -0.0200  0.0162  1.0000  -5.5021   0.0000   0.0000   0.0000   0.2541
  11.000   1.2204   0.02255   0.01573  -0.0147  0.0142  1.0000  -5.7471   0.0000   0.0000   0.0000   0.2488
  11.500   1.2374   0.02448   0.01781  -0.0107  0.0133  1.0000  -6.0540   0.0000   0.0000   0.0000   0.2446
  12.000   1.2503   0.02687   0.02040  -0.0069  0.0126  1.0000  -6.3406   0.0000   0.0000   0.0000   0.2407
  12.500   1.2593   0.02979   0.02350  -0.0035  0.0121  1.0000  -6.6027   0.0000   0.0000   0.0000   0.2371
  13.000   1.2652   0.03325   0.02714  -0.0007  0.0118  1.0000  -6.8456   0.0000   0.0000   0.0000   0.2339
  13.500   1.2687   0.03728   0.03136   0.0014  0.0115  1.0000  -7.0730   0.0000   0.0000   0.0000   0.2314
  14.000   1.2695   0.04193   0.03621   0.0028  0.0113  1.0000  -7.2819   0.0000   0.0000   0.0000   0.2294
  14.500   1.2678   0.04725   0.04174   0.0033  0.0111  1.0000  -7.4708   0.0000   0.0000   0.0000   0.2280
  15.000   1.2639   0.05331   0.04801   0.0029  0.0109  1.0000  -7.6366   0.0000   0.0000   0.0000   0.2272


