xflr5 v6.59

 Calculated polar for: revR_95_revT

 1 1 Reynolds number fixed          Mach number fixed         

 xtrf =   1.000 (top)        1.000 (bottom)
 Mach =   0.000     Re =     0.270 e 6     Ncrit =   9.000

  alpha     CL        CD       CDp       Cm    Top Xtr Bot Xtr   Cpmin    Chinge    XCp    
 ------- -------- --------- --------- -------- ------- ------- -------- --------- ---------
  -5.000   0.1166   0.01682   0.00983  -0.1509  0.8101  0.0558  -2.2576   0.0000   0.0000   0.0000   1.5760
  -4.500   0.1711   0.01529   0.00825  -0.1510  0.8021  0.0663  -2.0342   0.0000   0.0000   0.0000   1.1524
  -4.000   0.2288   0.01440   0.00729  -0.1515  0.7951  0.0875  -1.7986   0.0000   0.0000   0.0000   0.9252
  -3.500   0.2844   0.01383   0.00677  -0.1518  0.7869  0.1247  -1.5672   0.0000   0.0000   0.0000   0.7927
  -3.000   0.3402   0.01332   0.00646  -0.1521  0.7778  0.1866  -1.3262   0.0000   0.0000   0.0000   0.7034
  -2.500   0.3985   0.01289   0.00616  -0.1527  0.7703  0.2576  -1.0945   0.0000   0.0000   0.0000   0.6374
  -2.000   0.4554   0.01268   0.00615  -0.1531  0.7623  0.3419  -0.8732   0.0000   0.0000   0.0000   0.5889
  -1.500   0.5107   0.01239   0.00611  -0.1532  0.7526  0.4367  -0.8210   0.0000   0.0000   0.0000   0.5514
  -0.500   0.6219   0.01183   0.00616  -0.1526  0.7347  0.6758  -0.9061   0.0000   0.0000   0.0000   0.4948
   0.000   0.6728   0.01175   0.00628  -0.1511  0.7247  0.7717  -0.9476   0.0000   0.0000   0.0000   0.4732
   0.500   0.7237   0.01159   0.00614  -0.1492  0.7155  0.8412  -0.9901   0.0000   0.0000   0.0000   0.4540
   1.000   0.7629   0.01145   0.00613  -0.1450  0.7038  0.9188  -1.0307   0.0000   0.0000   0.0000   0.4372
   1.500   0.8259   0.01130   0.00588  -0.1463  0.6934  1.0000  -1.0904   0.0000   0.0000   0.0000   0.4236
   2.000   0.8857   0.01147   0.00592  -0.1473  0.6822  1.0000  -1.1492   0.0000   0.0000   0.0000   0.4121
   2.500   0.9435   0.01147   0.00583  -0.1478  0.6683  1.0000  -1.2146   0.0000   0.0000   0.0000   0.4017
   3.000   1.0007   0.01162   0.00589  -0.1481  0.6553  1.0000  -1.2829   0.0000   0.0000   0.0000   0.3925
   3.500   1.0571   0.01169   0.00589  -0.1483  0.6410  1.0000  -1.3517   0.0000   0.0000   0.0000   0.3840
   4.000   1.1112   0.01187   0.00605  -0.1481  0.6243  1.0000  -1.4194   0.0000   0.0000   0.0000   0.3763
   4.500   1.1659   0.01206   0.00614  -0.1479  0.6070  1.0000  -1.5018   0.0000   0.0000   0.0000   0.3692
   5.000   1.2187   0.01232   0.00637  -0.1474  0.5890  1.0000  -1.5832   0.0000   0.0000   0.0000   0.3626
   5.500   1.2693   0.01267   0.00673  -0.1466  0.5689  1.0000  -1.6771   0.0000   0.0000   0.0000   0.3565
   6.000   1.3182   0.01308   0.00710  -0.1455  0.5454  1.0000  -1.7756   0.0000   0.0000   0.0000   0.3506
   6.500   1.3659   0.01360   0.00759  -0.1443  0.5227  1.0000  -1.8961   0.0000   0.0000   0.0000   0.3451
   7.000   1.4103   0.01421   0.00816  -0.1425  0.4967  1.0000  -2.0171   0.0000   0.0000   0.0000   0.3398
   7.500   1.4516   0.01494   0.00885  -0.1403  0.4699  1.0000  -2.1536   0.0000   0.0000   0.0000   0.3346
   8.000   1.4891   0.01580   0.00968  -0.1374  0.4427  1.0000  -2.2983   0.0000   0.0000   0.0000   0.3294
   8.500   1.5187   0.01684   0.01065  -0.1334  0.4135  1.0000  -2.4349   0.0000   0.0000   0.0000   0.3241
   9.000   1.5457   0.01806   0.01184  -0.1291  0.3876  1.0000  -2.6043   0.0000   0.0000   0.0000   0.3190
   9.500   1.5678   0.01959   0.01333  -0.1246  0.3607  1.0000  -2.7926   0.0000   0.0000   0.0000   0.3141
  10.000   1.5853   0.02153   0.01524  -0.1199  0.3324  1.0000  -3.0061   0.0000   0.0000   0.0000   0.3093
  10.500   1.6026   0.02372   0.01741  -0.1157  0.3071  1.0000  -3.2424   0.0000   0.0000   0.0000   0.3050
  11.000   1.6184   0.02620   0.01990  -0.1117  0.2824  1.0000  -3.4793   0.0000   0.0000   0.0000   0.3009
  11.500   1.6301   0.02913   0.02282  -0.1078  0.2576  1.0000  -3.7064   0.0000   0.0000   0.0000   0.2970
  12.000   1.6384   0.03249   0.02619  -0.1040  0.2324  1.0000  -3.9294   0.0000   0.0000   0.0000   0.2934
  12.500   1.6446   0.03620   0.02991  -0.1005  0.2077  1.0000  -4.1510   0.0000   0.0000   0.0000   0.2899
  13.000   1.6472   0.04042   0.03412  -0.0971  0.1847  1.0000  -4.3608   0.0000   0.0000   0.0000   0.2868
  13.500   1.6494   0.04495   0.03868  -0.0942  0.1629  1.0000  -4.5704   0.0000   0.0000   0.0000   0.2839
  14.000   1.6500   0.04992   0.04368  -0.0917  0.1435  1.0000  -4.7743   0.0000   0.0000   0.0000   0.2812
  14.500   1.6496   0.05519   0.04906  -0.0895  0.1261  1.0000  -4.9742   0.0000   0.0000   0.0000   0.2788
  15.000   1.6462   0.06107   0.05502  -0.0877  0.1108  1.0000  -5.1601   0.0000   0.0000   0.0000   0.2767
  15.500   1.6349   0.06812   0.06208  -0.0863  0.0971  1.0000  -5.3082   0.0000   0.0000   0.0000   0.2750
  16.000   1.6301   0.07465   0.06874  -0.0855  0.0857  1.0000  -5.4853   0.0000   0.0000   0.0000   0.2735
  16.500   1.6203   0.08204   0.07626  -0.0851  0.0756  1.0000  -5.6331   0.0000   0.0000   0.0000   0.2724
  17.000   1.6061   0.09031   0.08461  -0.0854  0.0667  1.0000  -5.7631   0.0000   0.0000   0.0000   0.2718
  17.500   1.5944   0.09831   0.09279  -0.0859  0.0592  1.0000  -5.8952   0.0000   0.0000   0.0000   0.2713
  18.000   1.5801   0.10702   0.10163  -0.0872  0.0526  1.0000  -6.0335   0.0000   0.0000   0.0000   0.2715
  18.500   1.5630   0.11618   0.11094  -0.0889  0.0468  1.0000  -6.1412   0.0000   0.0000   0.0000   0.2719
  19.000   1.5534   0.12453   0.11951  -0.0911  0.0425  1.0000  -6.2923   0.0000   0.0000   0.0000   0.2724
  19.500   1.5369   0.13396   0.12900  -0.0941  0.0383  1.0000  -6.3933   0.0000   0.0000   0.0000   0.2737
  20.000   1.5294   0.14191   0.13715  -0.0967  0.0350  1.0000  -6.5377   0.0000   0.0000   0.0000   0.2744
  20.500   1.5233   0.15013   0.14558  -0.1002  0.0323  1.0000  -6.6884   0.0000   0.0000   0.0000   0.2757
  21.000   1.5160   0.15864   0.15423  -0.1043  0.0300  1.0000  -6.8264   0.0000   0.0000   0.0000   0.2773
  21.500   1.5118   0.16561   0.16124  -0.1073  0.0271  1.0000  -6.9632   0.0000   0.0000   0.0000   0.2781
  22.000   1.5053   0.17452   0.17044  -0.1124  0.0260  1.0000  -7.0724   0.0000   0.0000   0.0000   0.2804
  22.500   1.4978   0.18370   0.17988  -0.1180  0.0246  1.0000  -7.1570   0.0000   0.0000   0.0000   0.2832
  23.000   1.4907   0.19301   0.18941  -0.1241  0.0234  1.0000  -7.2326   0.0000   0.0000   0.0000   0.2862
  23.500   1.4850   0.20219   0.19878  -0.1304  0.0223  1.0000  -7.3177   0.0000   0.0000   0.0000   0.2894
  24.000   1.4775   0.21193   0.20869  -0.1374  0.0214  1.0000  -7.3648   0.0000   0.0000   0.0000   0.2931
  24.500   1.4584   0.22508   0.22210  -0.1471  0.0206  1.0000  -7.2175   0.0000   0.0000   0.0000   0.2997
  25.000   1.4117   0.24894   0.24638  -0.1648  0.0206  1.0000  -6.5538   0.0000   0.0000   0.0000   0.3150
  28.000   0.8373   0.31536   0.31326  -0.1396  0.0250  1.0000  -1.3130   0.0000   0.0000   0.0000   0.3768
  28.500   0.8411   0.32258   0.32051  -0.1421  0.0223  1.0000  -1.3113   0.0000   0.0000   0.0000   0.3778
  29.000   0.8468   0.32818   0.32614  -0.1439  0.0209  1.0000  -1.3922   0.0000   0.0000   0.0000   0.3773
  29.500   0.8580   0.33594   0.33394  -0.1446  0.0200  1.0000  -1.5377   0.0000   0.0000   0.0000   0.3740
  30.000   0.8531   0.34499   0.34300  -0.1486  0.0197  1.0000  -1.3619   0.0000   0.0000   0.0000   0.3789


