xflr5 v6.59

 Calculated polar for: revR_55_revT

 1 1 Reynolds number fixed          Mach number fixed         

 xtrf =   1.000 (top)        1.000 (bottom)
 Mach =   0.000     Re =     0.075 e 6     Ncrit =   9.000

  alpha     CL        CD       CDp       Cm    Top Xtr Bot Xtr   Cpmin    Chinge    XCp    
 ------- -------- --------- --------- -------- ------- ------- -------- --------- ---------
  -5.000  -0.3642   0.04477   0.03781  -0.0695  0.9761  0.1081  -2.5783   0.0000   0.0000   0.0000   0.0511
  -4.500  -0.2731   0.03701   0.02865  -0.0800  0.9685  0.1117  -2.4557   0.0000   0.0000   0.0000  -0.0533
  -4.000  -0.2106   0.03395   0.02523  -0.0832  0.9559  0.1281  -2.2231   0.0000   0.0000   0.0000  -0.1575
  -3.500  -0.1174   0.03136   0.02201  -0.0907  0.9461  0.1580  -1.9419   0.0000   0.0000   0.0000  -0.5426
  -3.000  -0.0591   0.02970   0.02056  -0.0925  0.9318  0.2121  -1.7003   0.0000   0.0000   0.0000  -1.3478
  -2.500   0.0295   0.02871   0.02015  -0.0993  0.9214  0.3557  -1.4293   0.0000   0.0000   0.0000   3.6686
  -2.000   0.0794   0.02807   0.02035  -0.0989  0.9049  0.5286  -1.2286   0.0000   0.0000   0.0000   1.5135
  -1.500   0.1221   0.02833   0.02140  -0.0945  0.8905  0.7433  -1.0361   0.0000   0.0000   0.0000   1.0335
  -1.000   0.1546   0.02829   0.02156  -0.0866  0.8751  0.9428  -0.8729   0.0000   0.0000   0.0000   0.8156
  -0.500   0.2231   0.02905   0.02177  -0.0919  0.8552  1.0000  -0.6617   0.0000   0.0000   0.0000   0.6641
   0.000   0.2854   0.03019   0.02250  -0.0950  0.8373  1.0000  -0.6052   0.0000   0.0000   0.0000   0.5833
   0.500   0.3656   0.03100   0.02295  -0.0997  0.8224  1.0000  -0.6635   0.0000   0.0000   0.0000   0.5219
   1.000   0.4268   0.03186   0.02358  -0.1015  0.8035  1.0000  -0.7116   0.0000   0.0000   0.0000   0.4860
   1.500   0.4776   0.03301   0.02456  -0.1016  0.7824  1.0000  -0.7565   0.0000   0.0000   0.0000   0.4603
   2.000   0.5301   0.03413   0.02557  -0.1018  0.7619  1.0000  -0.8055   0.0000   0.0000   0.0000   0.4390
   3.000   0.6732   0.03434   0.02565  -0.1050  0.7300  1.0000  -0.9489   0.0000   0.0000   0.0000   0.4017
   3.500   0.7215   0.03517   0.02648  -0.1039  0.7078  1.0000  -1.0085   0.0000   0.0000   0.0000   0.3891
   4.000   0.7696   0.03601   0.02736  -0.1027  0.6860  1.0000  -1.0730   0.0000   0.0000   0.0000   0.3779
   5.500   0.9721   0.03320   0.02481  -0.1012  0.6341  1.0000  -1.3943   0.0000   0.0000   0.0000   0.3469
   6.000   1.0286   0.03272   0.02447  -0.0997  0.6115  1.0000  -1.5148   0.0000   0.0000   0.0000   0.3391
   6.500   1.0900   0.03183   0.02372  -0.0985  0.5886  1.0000  -1.6760   0.0000   0.0000   0.0000   0.3318
   7.000   1.1564   0.03057   0.02257  -0.0976  0.5640  1.0000  -1.8657   0.0000   0.0000   0.0000   0.3252
   7.500   1.2251   0.02936   0.02140  -0.0972  0.5365  1.0000  -2.1255   0.0000   0.0000   0.0000   0.3194
   8.000   1.2640   0.03005   0.02228  -0.0940  0.5019  1.0000  -2.3982   0.0000   0.0000   0.0000   0.3137
   8.500   1.3262   0.02940   0.02155  -0.0929  0.4664  1.0000  -2.7696   0.0000   0.0000   0.0000   0.3086
   9.000   1.3601   0.03049   0.02278  -0.0892  0.4282  1.0000  -3.0541   0.0000   0.0000   0.0000   0.3034
   9.500   1.4012   0.03126   0.02345  -0.0862  0.3886  1.0000  -3.3878   0.0000   0.0000   0.0000   0.2985
  10.000   1.4302   0.03247   0.02457  -0.0820  0.3471  1.0000  -3.6864   0.0000   0.0000   0.0000   0.2934
  10.500   1.4434   0.03449   0.02667  -0.0762  0.3072  1.0000  -3.9248   0.0000   0.0000   0.0000   0.2881
  11.000   1.4549   0.03680   0.02891  -0.0704  0.2692  1.0000  -4.1577   0.0000   0.0000   0.0000   0.2828
  11.500   1.4519   0.03980   0.03191  -0.0639  0.2339  1.0000  -4.3307   0.0000   0.0000   0.0000   0.2776
  12.000   1.4529   0.04344   0.03538  -0.0588  0.2007  1.0000  -4.5121   0.0000   0.0000   0.0000   0.2731
  12.500   1.4446   0.04795   0.04000  -0.0539  0.1731  1.0000  -4.6418   0.0000   0.0000   0.0000   0.2691
  13.000   1.4432   0.05291   0.04503  -0.0501  0.1489  1.0000  -4.7844   0.0000   0.0000   0.0000   0.2655
  13.500   1.4415   0.05835   0.05055  -0.0469  0.1289  1.0000  -4.9204   0.0000   0.0000   0.0000   0.2624
  14.000   1.4438   0.06399   0.05620  -0.0443  0.1117  1.0000  -5.0644   0.0000   0.0000   0.0000   0.2596
  14.500   1.4267   0.07135   0.06408  -0.0423  0.1022  1.0000  -5.0935   0.0000   0.0000   0.0000   0.2576
  15.000   1.4233   0.07864   0.07145  -0.0407  0.0917  1.0000  -5.1845   0.0000   0.0000   0.0000   0.2556


