xflr5 v6.59

 Calculated polar for: revR_45_revT

 1 1 Reynolds number fixed          Mach number fixed         

 xtrf =   1.000 (top)        1.000 (bottom)
 Mach =   0.000     Re =     0.155 e 6     Ncrit =   9.000

  alpha     CL        CD       CDp       Cm    Top Xtr Bot Xtr   Cpmin    Chinge    XCp    
 ------- -------- --------- --------- -------- ------- ------- -------- --------- ---------
  -5.000  -0.1155   0.02074   0.01306  -0.1065  0.9074  0.0820  -2.3813   0.0000   0.0000   0.0000  -0.6960
  -4.500  -0.0467   0.01877   0.01097  -0.1089  0.8998  0.1037  -2.0736   0.0000   0.0000   0.0000  -2.1335
  -4.000   0.0049   0.01776   0.01002  -0.1084  0.8870  0.1452  -1.7940   0.0000   0.0000   0.0000  22.8761
  -3.500   0.0666   0.01658   0.00916  -0.1097  0.8768  0.2339  -1.4967   0.0000   0.0000   0.0000   1.9251
  -3.000   0.1184   0.01591   0.00892  -0.1093  0.8639  0.3440  -1.2767   0.0000   0.0000   0.0000   1.1869
  -2.500   0.1743   0.01511   0.00867  -0.1090  0.8529  0.4994  -1.0528   0.0000   0.0000   0.0000   0.8827
  -2.000   0.2215   0.01489   0.00893  -0.1067  0.8396  0.6446  -0.8552   0.0000   0.0000   0.0000   0.7361
  -1.500   0.2703   0.01471   0.00893  -0.1033  0.8280  0.7585  -0.6693   0.0000   0.0000   0.0000   0.6348
  -1.000   0.3098   0.01485   0.00913  -0.0987  0.8127  0.8333  -0.6250   0.0000   0.0000   0.0000   0.5697
  -0.500   0.3534   0.01461   0.00883  -0.0939  0.8023  0.8992  -0.6606   0.0000   0.0000   0.0000   0.5158
   0.000   0.4147   0.01449   0.00866  -0.0940  0.7866  0.9663  -0.7099   0.0000   0.0000   0.0000   0.4758
   0.500   0.5055   0.01412   0.00807  -0.1007  0.7754  1.0000  -0.7789   0.0000   0.0000   0.0000   0.4475
   1.000   0.5505   0.01420   0.00800  -0.0992  0.7580  1.0000  -0.8240   0.0000   0.0000   0.0000   0.4280
   1.500   0.6034   0.01438   0.00807  -0.0990  0.7416  1.0000  -0.8780   0.0000   0.0000   0.0000   0.4112
   2.000   0.6623   0.01427   0.00779  -0.0991  0.7266  1.0000  -0.9420   0.0000   0.0000   0.0000   0.3962
   2.500   0.7182   0.01426   0.00768  -0.0988  0.7087  1.0000  -1.0050   0.0000   0.0000   0.0000   0.3837
   3.000   0.7721   0.01436   0.00775  -0.0983  0.6889  1.0000  -1.0736   0.0000   0.0000   0.0000   0.3728
   3.500   0.8269   0.01442   0.00776  -0.0978  0.6686  1.0000  -1.1495   0.0000   0.0000   0.0000   0.3632
   4.000   0.8818   0.01446   0.00776  -0.0972  0.6471  1.0000  -1.2343   0.0000   0.0000   0.0000   0.3547
   4.500   0.9361   0.01456   0.00782  -0.0966  0.6240  1.0000  -1.3331   0.0000   0.0000   0.0000   0.3471
   5.000   0.9893   0.01471   0.00795  -0.0958  0.5981  1.0000  -1.4458   0.0000   0.0000   0.0000   0.3401
   5.500   1.0414   0.01494   0.00814  -0.0948  0.5699  1.0000  -1.5819   0.0000   0.0000   0.0000   0.3337
   6.000   1.0931   0.01531   0.00840  -0.0938  0.5401  1.0000  -1.7408   0.0000   0.0000   0.0000   0.3279
   6.500   1.1403   0.01585   0.00897  -0.0922  0.5060  1.0000  -1.9450   0.0000   0.0000   0.0000   0.3223
   7.000   1.1868   0.01648   0.00951  -0.0905  0.4703  1.0000  -2.2508   0.0000   0.0000   0.0000   0.3170
   7.500   1.2304   0.01727   0.01033  -0.0886  0.4339  1.0000  -2.5595   0.0000   0.0000   0.0000   0.3120
   8.000   1.2707   0.01823   0.01114  -0.0861  0.3951  1.0000  -2.8713   0.0000   0.0000   0.0000   0.3071
   8.500   1.3070   0.01928   0.01227  -0.0833  0.3552  1.0000  -3.1888   0.0000   0.0000   0.0000   0.3023
   9.000   1.3396   0.02058   0.01353  -0.0800  0.3171  1.0000  -3.5053   0.0000   0.0000   0.0000   0.2976
   9.500   1.3625   0.02218   0.01498  -0.0755  0.2769  1.0000  -3.7949   0.0000   0.0000   0.0000   0.2925
  10.000   1.3797   0.02401   0.01682  -0.0706  0.2367  1.0000  -4.0655   0.0000   0.0000   0.0000   0.2875
  10.500   1.3916   0.02647   0.01921  -0.0659  0.1987  1.0000  -4.3154   0.0000   0.0000   0.0000   0.2828
  11.000   1.3965   0.02974   0.02235  -0.0613  0.1635  1.0000  -4.5339   0.0000   0.0000   0.0000   0.2785
  11.500   1.4014   0.03348   0.02612  -0.0575  0.1314  1.0000  -4.7440   0.0000   0.0000   0.0000   0.2748
  12.000   1.4024   0.03783   0.03045  -0.0541  0.1060  1.0000  -4.9320   0.0000   0.0000   0.0000   0.2714
  12.500   1.4014   0.04266   0.03531  -0.0512  0.0869  1.0000  -5.1014   0.0000   0.0000   0.0000   0.2685
  13.000   1.3966   0.04812   0.04079  -0.0486  0.0725  1.0000  -5.2418   0.0000   0.0000   0.0000   0.2658
  13.500   1.3950   0.05356   0.04639  -0.0470  0.0617  1.0000  -5.3917   0.0000   0.0000   0.0000   0.2637
  14.000   1.3911   0.05948   0.05246  -0.0447  0.0536  1.0000  -5.4897   0.0000   0.0000   0.0000   0.2612
  14.500   1.3912   0.06534   0.05857  -0.0437  0.0477  1.0000  -5.6027   0.0000   0.0000   0.0000   0.2595
  15.000   1.3874   0.07180   0.06517  -0.0429  0.0431  1.0000  -5.7112   0.0000   0.0000   0.0000   0.2580


