xflr5 v6.59

 Calculated polar for: revR_30_revT

 1 1 Reynolds number fixed          Mach number fixed         

 xtrf =   1.000 (top)        1.000 (bottom)
 Mach =   0.000     Re =     0.395 e 6     Ncrit =   9.000

  alpha     CL        CD       CDp       Cm    Top Xtr Bot Xtr   Cpmin    Chinge    XCp    
 ------- -------- --------- --------- -------- ------- ------- -------- --------- ---------
  -5.000  -0.1483   0.01203   0.00546  -0.0897  0.8537  0.0553  -2.5010   0.0000   0.0000   0.0000  -0.3716
  -4.500  -0.0952   0.01114   0.00450  -0.0893  0.8409  0.0750  -2.1600   0.0000   0.0000   0.0000  -0.7106
  -4.000  -0.0413   0.01044   0.00387  -0.0889  0.8285  0.1163  -1.8165   0.0000   0.0000   0.0000  -1.9499
  -3.500   0.0130   0.00992   0.00353  -0.0888  0.8165  0.1780  -1.4960   0.0000   0.0000   0.0000   7.1830
  -3.000   0.0675   0.00940   0.00323  -0.0887  0.8049  0.2642  -1.2381   0.0000   0.0000   0.0000   1.5833
  -2.500   0.1215   0.00890   0.00303  -0.0885  0.7918  0.3663  -1.0219   0.0000   0.0000   0.0000   0.9866
  -2.000   0.1756   0.00841   0.00287  -0.0882  0.7799  0.4901  -0.8144   0.0000   0.0000   0.0000   0.7565
  -1.500   0.2280   0.00796   0.00289  -0.0874  0.7670  0.6352  -0.6234   0.0000   0.0000   0.0000   0.6352
  -0.500   0.3347   0.00777   0.00291  -0.0853  0.7393  0.7789  -0.6395   0.0000   0.0000   0.0000   0.5044
   0.000   0.3879   0.00779   0.00293  -0.0842  0.7260  0.8218  -0.6843   0.0000   0.0000   0.0000   0.4658
   0.500   0.4394   0.00775   0.00291  -0.0827  0.7098  0.8581  -0.7318   0.0000   0.0000   0.0000   0.4363
   1.000   0.4896   0.00773   0.00292  -0.0809  0.6930  0.8951  -0.7824   0.0000   0.0000   0.0000   0.4128
   1.500   0.5381   0.00769   0.00289  -0.0787  0.6756  0.9341  -0.8373   0.0000   0.0000   0.0000   0.3932
   2.000   0.6031   0.00768   0.00282  -0.0802  0.6556  0.9757  -0.9033   0.0000   0.0000   0.0000   0.3795
   2.500   0.6709   0.00777   0.00281  -0.0830  0.6325  1.0000  -0.9791   0.0000   0.0000   0.0000   0.3697
   3.000   0.7250   0.00797   0.00291  -0.0829  0.6089  1.0000  -1.0516   0.0000   0.0000   0.0000   0.3599
   3.500   0.7791   0.00821   0.00306  -0.0827  0.5818  1.0000  -1.1323   0.0000   0.0000   0.0000   0.3512
   4.000   0.8326   0.00851   0.00327  -0.0824  0.5521  1.0000  -1.2291   0.0000   0.0000   0.0000   0.3435
   4.500   0.8852   0.00890   0.00354  -0.0819  0.5212  1.0000  -1.3394   0.0000   0.0000   0.0000   0.3365
   5.000   0.9371   0.00934   0.00388  -0.0813  0.4881  1.0000  -1.4810   0.0000   0.0000   0.0000   0.3302
   5.500   0.9880   0.00986   0.00429  -0.0806  0.4514  1.0000  -1.6614   0.0000   0.0000   0.0000   0.3245
   6.000   1.0382   0.01043   0.00476  -0.0798  0.4162  1.0000  -1.9796   0.0000   0.0000   0.0000   0.3192
   6.500   1.0860   0.01116   0.00533  -0.0787  0.3714  1.0000  -2.3063   0.0000   0.0000   0.0000   0.3142
   7.000   1.1325   0.01199   0.00599  -0.0775  0.3254  1.0000  -2.6521   0.0000   0.0000   0.0000   0.3095
   7.500   1.1767   0.01299   0.00677  -0.0760  0.2717  1.0000  -3.0122   0.0000   0.0000   0.0000   0.3051
   8.000   1.2197   0.01405   0.00766  -0.0744  0.2276  1.0000  -3.3814   0.0000   0.0000   0.0000   0.3008
   8.500   1.2602   0.01526   0.00869  -0.0725  0.1857  1.0000  -3.7534   0.0000   0.0000   0.0000   0.2967
   9.000   1.2965   0.01669   0.00993  -0.0702  0.1414  1.0000  -4.1195   0.0000   0.0000   0.0000   0.2926
   9.500   1.3276   0.01828   0.01133  -0.0671  0.1030  1.0000  -4.4723   0.0000   0.0000   0.0000   0.2882
  10.000   1.3550   0.01997   0.01293  -0.0636  0.0764  1.0000  -4.8141   0.0000   0.0000   0.0000   0.2839
  10.500   1.3791   0.02189   0.01480  -0.0600  0.0570  1.0000  -5.1428   0.0000   0.0000   0.0000   0.2797
  11.000   1.3992   0.02420   0.01710  -0.0565  0.0423  1.0000  -5.4472   0.0000   0.0000   0.0000   0.2758
  11.500   1.4167   0.02686   0.01985  -0.0533  0.0314  1.0000  -5.7221   0.0000   0.0000   0.0000   0.2721
  12.000   1.4242   0.03057   0.02372  -0.0497  0.0236  1.0000  -5.8966   0.0000   0.0000   0.0000   0.2686
  12.500   1.4318   0.03451   0.02780  -0.0470  0.0205  1.0000  -6.0968   0.0000   0.0000   0.0000   0.2656
  13.000   1.4285   0.03975   0.03325  -0.0444  0.0186  1.0000  -6.2227   0.0000   0.0000   0.0000   0.2629
  13.500   1.4145   0.04639   0.04019  -0.0421  0.0174  1.0000  -6.2742   0.0000   0.0000   0.0000   0.2606
  14.000   1.4036   0.05301   0.04709  -0.0405  0.0168  1.0000  -6.3510   0.0000   0.0000   0.0000   0.2587
  14.500   1.4059   0.05863   0.05293  -0.0401  0.0165  1.0000  -6.5369   0.0000   0.0000   0.0000   0.2573
  15.000   1.4044   0.06495   0.05949  -0.0402  0.0162  1.0000  -6.6940   0.0000   0.0000   0.0000   0.2564


