xflr5 v6.59

 Calculated polar for: revR_85_revT

 1 1 Reynolds number fixed          Mach number fixed         

 xtrf =   1.000 (top)        1.000 (bottom)
 Mach =   0.000     Re =     0.075 e 6     Ncrit =   9.000

  alpha     CL        CD       CDp       Cm    Top Xtr Bot Xtr   Cpmin    Chinge    XCp    
 ------- -------- --------- --------- -------- ------- ------- -------- --------- ---------
  -5.000  -0.2984   0.06496   0.05941  -0.0809  0.9361  0.1335  -2.1376   0.0000   0.0000   0.0000  -0.0321
  -4.500  -0.2045   0.04781   0.04057  -0.1004  0.9277  0.1117  -2.2881   0.0000   0.0000   0.0000  -0.2573
  -4.000  -0.1210   0.04173   0.03368  -0.1093  0.9194  0.1177  -2.1227   0.0000   0.0000   0.0000  -0.6790
  -3.500  -0.0594   0.03949   0.03074  -0.1121  0.9065  0.1330  -1.9587   0.0000   0.0000   0.0000  -1.6845
  -3.000   0.0387   0.03705   0.02804  -0.1206  0.8975  0.1703  -1.7251   0.0000   0.0000   0.0000   3.4325
  -2.500   0.0799   0.03637   0.02732  -0.1196  0.8830  0.2163  -1.5794   0.0000   0.0000   0.0000   1.7762
  -2.000   0.1701   0.03563   0.02698  -0.1260  0.8723  0.3385  -1.3216   0.0000   0.0000   0.0000   1.0020
  -1.500   0.2062   0.03586   0.02770  -0.1242  0.8568  0.4543  -1.1576   0.0000   0.0000   0.0000   0.8598
  -1.000   0.2820   0.03573   0.02843  -0.1256  0.8459  0.6756  -0.9123   0.0000   0.0000   0.0000   0.6995
  -0.500   0.2818   0.03627   0.02939  -0.1148  0.8275  0.8432  -0.8188   0.0000   0.0000   0.0000   0.6602
   0.000   0.3304   0.03703   0.02981  -0.1148  0.8109  1.0000  -0.6559   0.0000   0.0000   0.0000   0.5985
   0.500   0.4063   0.03817   0.03044  -0.1194  0.7968  1.0000  -0.7083   0.0000   0.0000   0.0000   0.5434
   1.000   0.4474   0.03992   0.03191  -0.1191  0.7772  1.0000  -0.7409   0.0000   0.0000   0.0000   0.5148
   1.500   0.5059   0.04134   0.03307  -0.1205  0.7609  1.0000  -0.7874   0.0000   0.0000   0.0000   0.4859
   2.000   0.5736   0.04218   0.03369  -0.1226  0.7457  1.0000  -0.8447   0.0000   0.0000   0.0000   0.4605
   3.000   0.6528   0.04599   0.03729  -0.1206  0.7061  1.0000  -0.9254   0.0000   0.0000   0.0000   0.4302
   3.500   0.7341   0.04567   0.03688  -0.1228  0.6938  1.0000  -1.0065   0.0000   0.0000   0.0000   0.4120
   4.500   0.8010   0.04975   0.04095  -0.1191  0.6501  1.0000  -1.0927   0.0000   0.0000   0.0000   0.3920
   5.000   0.8833   0.04860   0.03983  -0.1203  0.6398  1.0000  -1.1938   0.0000   0.0000   0.0000   0.3788
   6.500   1.0629   0.04683   0.03832  -0.1170  0.5922  1.0000  -1.4779   0.0000   0.0000   0.0000   0.3506
   8.000   1.2759   0.04048   0.03248  -0.1147  0.5429  1.0000  -1.9494   0.0000   0.0000   0.0000   0.3281
   8.500   1.3291   0.03977   0.03194  -0.1126  0.5199  1.0000  -2.1144   0.0000   0.0000   0.0000   0.3222
   9.000   1.4058   0.03765   0.02994  -0.1129  0.4953  1.0000  -2.3686   0.0000   0.0000   0.0000   0.3168
   9.500   1.4898   0.03565   0.02793  -0.1142  0.4668  1.0000  -2.7083   0.0000   0.0000   0.0000   0.3123
  10.000   1.5109   0.03704   0.02948  -0.1091  0.4362  1.0000  -2.9530   0.0000   0.0000   0.0000   0.3070
  10.500   1.5341   0.03836   0.03089  -0.1042  0.4059  1.0000  -3.2125   0.0000   0.0000   0.0000   0.3018
  11.000   1.5639   0.03949   0.03210  -0.1002  0.3747  1.0000  -3.5032   0.0000   0.0000   0.0000   0.2971
  11.500   1.6029   0.04027   0.03266  -0.0972  0.3403  1.0000  -3.8409   0.0000   0.0000   0.0000   0.2927
  12.000   1.5989   0.04325   0.03578  -0.0906  0.3122  1.0000  -4.0148   0.0000   0.0000   0.0000   0.2877
  12.500   1.5956   0.04668   0.03931  -0.0848  0.2843  1.0000  -4.1898   0.0000   0.0000   0.0000   0.2833
  13.000   1.5924   0.05051   0.04323  -0.0798  0.2572  1.0000  -4.3671   0.0000   0.0000   0.0000   0.2792
  13.500   1.5865   0.05485   0.04767  -0.0752  0.2314  1.0000  -4.5342   0.0000   0.0000   0.0000   0.2755
  14.000   1.5790   0.05976   0.05265  -0.0713  0.2079  1.0000  -4.6892   0.0000   0.0000   0.0000   0.2722
  14.500   1.5688   0.06522   0.05820  -0.0680  0.1865  1.0000  -4.8285   0.0000   0.0000   0.0000   0.2693
  15.000   1.5610   0.07086   0.06388  -0.0652  0.1669  1.0000  -4.9724   0.0000   0.0000   0.0000   0.2667


