xflr5 v6.59

 Calculated polar for: revR_15_revT

 1 1 Reynolds number fixed          Mach number fixed         

 xtrf =   1.000 (top)        1.000 (bottom)
 Mach =   0.000     Re =     0.460 e 6     Ncrit =   9.000

  alpha     CL        CD       CDp       Cm    Top Xtr Bot Xtr   Cpmin    Chinge    XCp    
 ------- -------- --------- --------- -------- ------- ------- -------- --------- ---------
  -5.000  -0.2047   0.01103   0.00463  -0.0764  0.8670  0.0533  -2.5516   0.0000   0.0000   0.0000  -0.1348
  -4.500  -0.1538   0.01030   0.00382  -0.0753  0.8512  0.0752  -2.1872   0.0000   0.0000   0.0000  -0.2531
  -4.000  -0.1019   0.00969   0.00334  -0.0746  0.8372  0.1204  -1.8397   0.0000   0.0000   0.0000  -0.4993
  -3.500  -0.0490   0.00921   0.00299  -0.0741  0.8233  0.1817  -1.5032   0.0000   0.0000   0.0000  -1.2897
  -3.000   0.0032   0.00870   0.00271  -0.0735  0.8088  0.2589  -1.2277   0.0000   0.0000   0.0000  23.2881
  -2.500   0.0554   0.00813   0.00250  -0.0729  0.7955  0.3784  -1.0181   0.0000   0.0000   0.0000   1.5827
  -2.000   0.1071   0.00758   0.00234  -0.0722  0.7817  0.5124  -0.8180   0.0000   0.0000   0.0000   0.9298
  -1.500   0.1581   0.00717   0.00234  -0.0710  0.7670  0.6515  -0.6278   0.0000   0.0000   0.0000   0.7013
  -1.000   0.2113   0.00708   0.00232  -0.0699  0.7517  0.7253  -0.5383   0.0000   0.0000   0.0000   0.5816
  -0.500   0.2641   0.00700   0.00235  -0.0688  0.7364  0.7779  -0.5816   0.0000   0.0000   0.0000   0.5100
   0.000   0.3171   0.00700   0.00237  -0.0677  0.7200  0.8148  -0.6254   0.0000   0.0000   0.0000   0.4622
   0.500   0.3695   0.00703   0.00236  -0.0665  0.7019  0.8486  -0.6767   0.0000   0.0000   0.0000   0.4279
   1.000   0.4203   0.00703   0.00238  -0.0648  0.6833  0.8798  -0.7276   0.0000   0.0000   0.0000   0.4018
   1.500   0.4697   0.00704   0.00239  -0.0629  0.6611  0.9139  -0.7801   0.0000   0.0000   0.0000   0.3810
   2.000   0.5239   0.00707   0.00243  -0.0620  0.6390  0.9483  -0.8440   0.0000   0.0000   0.0000   0.3650
   2.500   0.5958   0.00722   0.00248  -0.0653  0.6121  0.9739  -0.9236   0.0000   0.0000   0.0000   0.3557
   3.000   0.6725   0.00742   0.00258  -0.0698  0.5810  0.9926  -1.0209   0.0000   0.0000   0.0000   0.3496
   3.500   0.7277   0.00765   0.00271  -0.0701  0.5497  1.0000  -1.1160   0.0000   0.0000   0.0000   0.3417
   4.000   0.7704   0.00800   0.00290  -0.0676  0.5164  1.0000  -1.2157   0.0000   0.0000   0.0000   0.3327
   4.500   0.8177   0.00837   0.00318  -0.0661  0.4825  1.0000  -1.3437   0.0000   0.0000   0.0000   0.3251
   5.000   0.8644   0.00885   0.00350  -0.0644  0.4437  1.0000  -1.5468   0.0000   0.0000   0.0000   0.3184
   5.500   0.9126   0.00931   0.00389  -0.0630  0.4092  1.0000  -1.8674   0.0000   0.0000   0.0000   0.3124
   6.000   0.9564   0.01000   0.00434  -0.0610  0.3544  1.0000  -2.1907   0.0000   0.0000   0.0000   0.3066
   6.500   0.9993   0.01077   0.00488  -0.0589  0.3035  1.0000  -2.5257   0.0000   0.0000   0.0000   0.3012
   7.000   1.0417   0.01158   0.00550  -0.0568  0.2572  1.0000  -2.8764   0.0000   0.0000   0.0000   0.2962
   7.500   1.0817   0.01250   0.00625  -0.0544  0.2104  1.0000  -3.2449   0.0000   0.0000   0.0000   0.2913
   8.000   1.1187   0.01355   0.00708  -0.0515  0.1642  1.0000  -3.6140   0.0000   0.0000   0.0000   0.2865
   8.500   1.1515   0.01475   0.00806  -0.0480  0.1203  1.0000  -3.9763   0.0000   0.0000   0.0000   0.2815
   9.000   1.1801   0.01594   0.00910  -0.0438  0.0881  1.0000  -4.3292   0.0000   0.0000   0.0000   0.2763
   9.500   1.2039   0.01712   0.01024  -0.0388  0.0666  1.0000  -4.6665   0.0000   0.0000   0.0000   0.2707
  10.000   1.2259   0.01845   0.01153  -0.0338  0.0494  1.0000  -4.9958   0.0000   0.0000   0.0000   0.2654
  10.500   1.2444   0.02005   0.01310  -0.0289  0.0345  1.0000  -5.2979   0.0000   0.0000   0.0000   0.2603
  11.000   1.2549   0.02226   0.01530  -0.0235  0.0214  1.0000  -5.5179   0.0000   0.0000   0.0000   0.2550
  11.500   1.2614   0.02495   0.01806  -0.0184  0.0166  1.0000  -5.7123   0.0000   0.0000   0.0000   0.2501
  12.000   1.2682   0.02790   0.02120  -0.0142  0.0152  1.0000  -5.9179   0.0000   0.0000   0.0000   0.2459
  12.500   1.2804   0.03072   0.02423  -0.0112  0.0144  1.0000  -6.1850   0.0000   0.0000   0.0000   0.2426
  13.000   1.2880   0.03416   0.02786  -0.0085  0.0138  1.0000  -6.4253   0.0000   0.0000   0.0000   0.2396
  13.500   1.2921   0.03819   0.03209  -0.0065  0.0133  1.0000  -6.6436   0.0000   0.0000   0.0000   0.2370
  14.000   1.2936   0.04284   0.03694  -0.0051  0.0129  1.0000  -6.8424   0.0000   0.0000   0.0000   0.2349
  14.500   1.2929   0.04811   0.04243  -0.0044  0.0126  1.0000  -7.0254   0.0000   0.0000   0.0000   0.2335
  15.000   1.2907   0.05402   0.04854  -0.0046  0.0123  1.0000  -7.1951   0.0000   0.0000   0.0000   0.2326


