xflr5 v6.59

 Calculated polar for: revR_100_revT

 1 1 Reynolds number fixed          Mach number fixed         

 xtrf =   1.000 (top)        1.000 (bottom)
 Mach =   0.000     Re =     0.120 e 6     Ncrit =   9.000

  alpha     CL        CD       CDp       Cm    Top Xtr Bot Xtr   Cpmin    Chinge    XCp    
 ------- -------- --------- --------- -------- ------- ------- -------- --------- ---------
  -5.000  -0.0274   0.03676   0.02999  -0.1371  0.8532  0.0811  -2.2901   0.0000   0.0000   0.0000  -4.9060
  -4.500   0.0607   0.03246   0.02469  -0.1441  0.8491  0.0870  -2.1124   0.0000   0.0000   0.0000   2.6853
  -4.000   0.1486   0.02919   0.02108  -0.1502  0.8457  0.1043  -1.8863   0.0000   0.0000   0.0000   1.2842
  -3.500   0.1648   0.02902   0.02084  -0.1449  0.8277  0.1190  -1.7814   0.0000   0.0000   0.0000   1.1481
  -3.000   0.2495   0.02747   0.01935  -0.1499  0.8226  0.1738  -1.5227   0.0000   0.0000   0.0000   0.8616
  -2.000   0.3535   0.02723   0.01961  -0.1503  0.7998  0.3378  -1.1146   0.0000   0.0000   0.0000   0.6803
  -1.500   0.4314   0.02610   0.01887  -0.1532  0.7946  0.4698  -0.8627   0.0000   0.0000   0.0000   0.6080
  -0.500   0.5173   0.02644   0.02007  -0.1473  0.7702  0.7510  -0.8184   0.0000   0.0000   0.0000   0.5353
   0.000   0.5607   0.02546   0.01920  -0.1409  0.7651  0.8993  -0.8586   0.0000   0.0000   0.0000   0.5009
   0.500   0.5966   0.02678   0.02038  -0.1399  0.7450  1.0000  -0.8828   0.0000   0.0000   0.0000   0.4831
   1.000   0.6780   0.02609   0.01937  -0.1433  0.7404  1.0000  -0.9508   0.0000   0.0000   0.0000   0.4591
   2.000   0.7936   0.02649   0.01943  -0.1440  0.7155  1.0000  -1.0596   0.0000   0.0000   0.0000   0.4277
   3.000   0.9043   0.02699   0.01976  -0.1437  0.6905  1.0000  -1.1800   0.0000   0.0000   0.0000   0.4037
   4.000   1.0233   0.02635   0.01902  -0.1436  0.6654  1.0000  -1.3219   0.0000   0.0000   0.0000   0.3836
   5.000   1.1454   0.02537   0.01804  -0.1437  0.6396  1.0000  -1.4875   0.0000   0.0000   0.0000   0.3673
   5.500   1.1937   0.02550   0.01823  -0.1422  0.6220  1.0000  -1.5646   0.0000   0.0000   0.0000   0.3603
   6.000   1.2758   0.02377   0.01640  -0.1447  0.6107  1.0000  -1.6963   0.0000   0.0000   0.0000   0.3538
   6.500   1.3171   0.02430   0.01706  -0.1424  0.5904  1.0000  -1.7852   0.0000   0.0000   0.0000   0.3477
   7.000   1.3673   0.02433   0.01715  -0.1410  0.5701  1.0000  -1.9104   0.0000   0.0000   0.0000   0.3420
   7.500   1.4207   0.02419   0.01703  -0.1400  0.5483  1.0000  -2.0433   0.0000   0.0000   0.0000   0.3366
   8.000   1.4712   0.02435   0.01719  -0.1388  0.5254  1.0000  -2.1941   0.0000   0.0000   0.0000   0.3315
   8.500   1.5145   0.02476   0.01762  -0.1365  0.4992  1.0000  -2.3477   0.0000   0.0000   0.0000   0.3265
   9.000   1.5521   0.02550   0.01837  -0.1335  0.4724  1.0000  -2.5078   0.0000   0.0000   0.0000   0.3215
   9.500   1.5826   0.02648   0.01940  -0.1296  0.4449  1.0000  -2.6863   0.0000   0.0000   0.0000   0.3165
  10.000   1.6047   0.02774   0.02065  -0.1245  0.4170  1.0000  -2.8789   0.0000   0.0000   0.0000   0.3113
  10.500   1.6237   0.02935   0.02229  -0.1195  0.3904  1.0000  -3.0875   0.0000   0.0000   0.0000   0.3064
  11.000   1.6388   0.03133   0.02429  -0.1145  0.3644  1.0000  -3.2988   0.0000   0.0000   0.0000   0.3017
  11.500   1.6472   0.03373   0.02675  -0.1092  0.3379  1.0000  -3.4939   0.0000   0.0000   0.0000   0.2972
  12.000   1.6527   0.03656   0.02960  -0.1042  0.3121  1.0000  -3.6816   0.0000   0.0000   0.0000   0.2929
  12.500   1.6558   0.03986   0.03296  -0.0995  0.2873  1.0000  -3.8709   0.0000   0.0000   0.0000   0.2890
  13.000   1.6558   0.04361   0.03676  -0.0951  0.2634  1.0000  -4.0597   0.0000   0.0000   0.0000   0.2853
  13.500   1.6526   0.04788   0.04109  -0.0910  0.2399  1.0000  -4.2367   0.0000   0.0000   0.0000   0.2818
  14.000   1.6468   0.05264   0.04595  -0.0874  0.2176  1.0000  -4.4043   0.0000   0.0000   0.0000   0.2787
  14.500   1.6393   0.05795   0.05131  -0.0843  0.1963  1.0000  -4.5742   0.0000   0.0000   0.0000   0.2760
  15.000   1.6307   0.06369   0.05709  -0.0818  0.1765  1.0000  -4.7383   0.0000   0.0000   0.0000   0.2736


