xflr5 v6.59

 Calculated polar for: revR_65_revT

 1 1 Reynolds number fixed          Mach number fixed         

 xtrf =   1.000 (top)        1.000 (bottom)
 Mach =   0.000     Re =     0.445 e 6     Ncrit =   9.000

  alpha     CL        CD       CDp       Cm    Top Xtr Bot Xtr   Cpmin    Chinge    XCp    
 ------- -------- --------- --------- -------- ------- ------- -------- --------- ---------
  -5.000  -0.0047   0.01192   0.00537  -0.1220  0.8026  0.0472  -2.3883   0.0000   0.0000   0.0000  -26.3994
  -4.500   0.0513   0.01141   0.00478  -0.1221  0.7942  0.0567  -2.0436   0.0000   0.0000   0.0000   2.6825
  -4.000   0.1069   0.01062   0.00401  -0.1222  0.7845  0.0848  -1.7876   0.0000   0.0000   0.0000   1.4141
  -3.500   0.1635   0.01017   0.00365  -0.1225  0.7756  0.1311  -1.5318   0.0000   0.0000   0.0000   1.0109
  -3.000   0.2194   0.00974   0.00341  -0.1227  0.7670  0.1894  -1.2821   0.0000   0.0000   0.0000   0.8163
  -2.500   0.2758   0.00933   0.00320  -0.1229  0.7577  0.2662  -1.0522   0.0000   0.0000   0.0000   0.7002
  -2.000   0.3323   0.00903   0.00307  -0.1232  0.7476  0.3482  -0.8323   0.0000   0.0000   0.0000   0.6232
  -1.500   0.3884   0.00865   0.00299  -0.1234  0.7377  0.4520  -0.7022   0.0000   0.0000   0.0000   0.5688
  -1.000   0.4444   0.00834   0.00296  -0.1234  0.7280  0.5765  -0.7433   0.0000   0.0000   0.0000   0.5278
  -0.500   0.4988   0.00810   0.00304  -0.1229  0.7167  0.6853  -0.7863   0.0000   0.0000   0.0000   0.4956
   0.000   0.5531   0.00803   0.00307  -0.1221  0.7055  0.7606  -0.8299   0.0000   0.0000   0.0000   0.4693
   0.500   0.6066   0.00802   0.00315  -0.1213  0.6936  0.8125  -0.8794   0.0000   0.0000   0.0000   0.4478
   1.000   0.6590   0.00800   0.00314  -0.1201  0.6808  0.8558  -0.9290   0.0000   0.0000   0.0000   0.4295
   1.500   0.7076   0.00793   0.00316  -0.1181  0.6660  0.9031  -0.9811   0.0000   0.0000   0.0000   0.4135
   2.000   0.7602   0.00787   0.00308  -0.1169  0.6521  0.9680  -1.0402   0.0000   0.0000   0.0000   0.3998
   2.500   0.8225   0.00794   0.00308  -0.1184  0.6339  1.0000  -1.1061   0.0000   0.0000   0.0000   0.3895
   3.000   0.8794   0.00812   0.00320  -0.1188  0.6153  1.0000  -1.1738   0.0000   0.0000   0.0000   0.3800
   3.500   0.9352   0.00836   0.00336  -0.1190  0.5964  1.0000  -1.2486   0.0000   0.0000   0.0000   0.3715
   4.000   0.9896   0.00864   0.00355  -0.1188  0.5736  1.0000  -1.3259   0.0000   0.0000   0.0000   0.3638
   4.500   1.0431   0.00897   0.00380  -0.1185  0.5492  1.0000  -1.4168   0.0000   0.0000   0.0000   0.3568
   5.000   1.0956   0.00937   0.00412  -0.1181  0.5238  1.0000  -1.5144   0.0000   0.0000   0.0000   0.3503
   5.500   1.1464   0.00984   0.00450  -0.1174  0.4944  1.0000  -1.6339   0.0000   0.0000   0.0000   0.3443
   6.000   1.1962   0.01038   0.00496  -0.1166  0.4659  1.0000  -1.7549   0.0000   0.0000   0.0000   0.3387
   6.500   1.2436   0.01104   0.00550  -0.1154  0.4317  1.0000  -1.9146   0.0000   0.0000   0.0000   0.3333
   7.000   1.2909   0.01169   0.00610  -0.1142  0.4022  1.0000  -2.0820   0.0000   0.0000   0.0000   0.3283
   7.500   1.3342   0.01254   0.00681  -0.1124  0.3675  1.0000  -2.2919   0.0000   0.0000   0.0000   0.3234
   8.000   1.3758   0.01343   0.00763  -0.1105  0.3328  1.0000  -2.5586   0.0000   0.0000   0.0000   0.3187
   8.500   1.4150   0.01440   0.00853  -0.1082  0.3017  1.0000  -2.8652   0.0000   0.0000   0.0000   0.3141
   9.000   1.4452   0.01566   0.00963  -0.1045  0.2662  1.0000  -3.1565   0.0000   0.0000   0.0000   0.3092
   9.500   1.4753   0.01697   0.01090  -0.1010  0.2344  1.0000  -3.4635   0.0000   0.0000   0.0000   0.3046
  10.000   1.4999   0.01866   0.01247  -0.0972  0.2032  1.0000  -3.7592   0.0000   0.0000   0.0000   0.3001
  10.500   1.5210   0.02070   0.01440  -0.0934  0.1716  1.0000  -4.0484   0.0000   0.0000   0.0000   0.2958
  11.000   1.5400   0.02305   0.01666  -0.0898  0.1414  1.0000  -4.3398   0.0000   0.0000   0.0000   0.2918
  11.500   1.5534   0.02595   0.01945  -0.0861  0.1139  1.0000  -4.6184   0.0000   0.0000   0.0000   0.2880
  12.000   1.5667   0.02904   0.02248  -0.0828  0.0928  1.0000  -4.9000   0.0000   0.0000   0.0000   0.2845
  12.500   1.5788   0.03236   0.02584  -0.0797  0.0766  1.0000  -5.1801   0.0000   0.0000   0.0000   0.2812
  13.000   1.5879   0.03605   0.02959  -0.0768  0.0632  1.0000  -5.4483   0.0000   0.0000   0.0000   0.2781
  13.500   1.5877   0.04079   0.03434  -0.0739  0.0503  1.0000  -5.6695   0.0000   0.0000   0.0000   0.2753
  14.000   1.5947   0.04505   0.03871  -0.0718  0.0434  1.0000  -5.9304   0.0000   0.0000   0.0000   0.2727
  14.500   1.5850   0.05139   0.04514  -0.0696  0.0354  1.0000  -6.0938   0.0000   0.0000   0.0000   0.2705
  15.000   1.5910   0.05633   0.05027  -0.0685  0.0319  1.0000  -6.3573   0.0000   0.0000   0.0000   0.2685


