xflr5 v6.59

 Calculated polar for: revR_40_revT

 1 1 Reynolds number fixed          Mach number fixed         

 xtrf =   1.000 (top)        1.000 (bottom)
 Mach =   0.000     Re =     0.420 e 6     Ncrit =   9.000

  alpha     CL        CD       CDp       Cm    Top Xtr Bot Xtr   Cpmin    Chinge    XCp    
 ------- -------- --------- --------- -------- ------- ------- -------- --------- ---------
  -5.000  -0.1083   0.01188   0.00537  -0.0987  0.8345  0.0523  -2.4813   0.0000   0.0000   0.0000  -0.6851
  -4.500  -0.0541   0.01105   0.00442  -0.0984  0.8234  0.0698  -2.1370   0.0000   0.0000   0.0000  -1.6103
  -4.000   0.0005   0.01043   0.00384  -0.0983  0.8121  0.1024  -1.8075   0.0000   0.0000   0.0000  198.1902
  -3.500   0.0557   0.00993   0.00348  -0.0983  0.8013  0.1607  -1.4911   0.0000   0.0000   0.0000   2.0429
  -3.000   0.1106   0.00943   0.00323  -0.0983  0.7907  0.2370  -1.2554   0.0000   0.0000   0.0000   1.1516
  -2.500   0.1658   0.00899   0.00299  -0.0983  0.7789  0.3263  -1.0324   0.0000   0.0000   0.0000   0.8493
  -2.000   0.2206   0.00854   0.00286  -0.0983  0.7676  0.4334  -0.8201   0.0000   0.0000   0.0000   0.6988
  -1.500   0.2746   0.00807   0.00279  -0.0979  0.7561  0.5797  -0.6248   0.0000   0.0000   0.0000   0.6080
  -1.000   0.3284   0.00784   0.00283  -0.0972  0.7438  0.6816  -0.6388   0.0000   0.0000   0.0000   0.5462
  -0.500   0.3822   0.00779   0.00285  -0.0962  0.7304  0.7559  -0.6800   0.0000   0.0000   0.0000   0.5011
   0.000   0.4356   0.00773   0.00290  -0.0953  0.7175  0.8041  -0.7254   0.0000   0.0000   0.0000   0.4673
   0.500   0.4884   0.00774   0.00290  -0.0941  0.7035  0.8428  -0.7737   0.0000   0.0000   0.0000   0.4407
   1.000   0.5386   0.00769   0.00289  -0.0923  0.6874  0.8823  -0.8229   0.0000   0.0000   0.0000   0.4188
   1.500   0.5875   0.00766   0.00290  -0.0903  0.6709  0.9223  -0.8782   0.0000   0.0000   0.0000   0.4006
   2.000   0.6461   0.00762   0.00284  -0.0904  0.6530  0.9710  -0.9410   0.0000   0.0000   0.0000   0.3863
   2.500   0.7126   0.00771   0.00282  -0.0929  0.6315  1.0000  -1.0114   0.0000   0.0000   0.0000   0.3762
   3.000   0.7682   0.00792   0.00292  -0.0930  0.6094  1.0000  -1.0850   0.0000   0.0000   0.0000   0.3665
   3.500   0.8231   0.00816   0.00307  -0.0930  0.5852  1.0000  -1.1622   0.0000   0.0000   0.0000   0.3578
   4.000   0.8771   0.00845   0.00328  -0.0928  0.5571  1.0000  -1.2517   0.0000   0.0000   0.0000   0.3501
   4.500   0.9303   0.00881   0.00355  -0.0924  0.5287  1.0000  -1.3550   0.0000   0.0000   0.0000   0.3431
   5.000   0.9821   0.00927   0.00388  -0.0918  0.4967  1.0000  -1.4759   0.0000   0.0000   0.0000   0.3367
   5.500   1.0334   0.00975   0.00428  -0.0912  0.4639  1.0000  -1.6262   0.0000   0.0000   0.0000   0.3309
   6.000   1.0836   0.01031   0.00475  -0.0904  0.4291  1.0000  -1.8177   0.0000   0.0000   0.0000   0.3255
   6.500   1.1321   0.01098   0.00530  -0.0894  0.3910  1.0000  -2.1302   0.0000   0.0000   0.0000   0.3204
   7.000   1.1787   0.01177   0.00594  -0.0882  0.3516  1.0000  -2.4542   0.0000   0.0000   0.0000   0.3156
   7.500   1.2234   0.01267   0.00669  -0.0867  0.3069  1.0000  -2.7982   0.0000   0.0000   0.0000   0.3110
   8.000   1.2641   0.01381   0.00758  -0.0848  0.2558  1.0000  -3.1420   0.0000   0.0000   0.0000   0.3065
   8.500   1.3053   0.01489   0.00853  -0.0829  0.2166  1.0000  -3.4996   0.0000   0.0000   0.0000   0.3022
   9.000   1.3424   0.01614   0.00967  -0.0805  0.1789  1.0000  -3.8535   0.0000   0.0000   0.0000   0.2980
   9.500   1.3713   0.01770   0.01103  -0.0770  0.1386  1.0000  -4.1842   0.0000   0.0000   0.0000   0.2934
  10.000   1.3965   0.01946   0.01263  -0.0732  0.1051  1.0000  -4.5069   0.0000   0.0000   0.0000   0.2889
  10.500   1.4187   0.02148   0.01455  -0.0695  0.0799  1.0000  -4.8206   0.0000   0.0000   0.0000   0.2847
  11.000   1.4395   0.02373   0.01676  -0.0661  0.0615  1.0000  -5.1300   0.0000   0.0000   0.0000   0.2808
  11.500   1.4590   0.02622   0.01933  -0.0630  0.0486  1.0000  -5.4327   0.0000   0.0000   0.0000   0.2772
  12.000   1.4745   0.02918   0.02238  -0.0600  0.0377  1.0000  -5.7065   0.0000   0.0000   0.0000   0.2738
  12.500   1.4734   0.03378   0.02702  -0.0564  0.0272  1.0000  -5.8630   0.0000   0.0000   0.0000   0.2704
  13.000   1.4855   0.03743   0.03087  -0.0542  0.0237  1.0000  -6.0958   0.0000   0.0000   0.0000   0.2677
  13.500   1.4859   0.04237   0.03594  -0.0520  0.0208  1.0000  -6.2650   0.0000   0.0000   0.0000   0.2652
  14.000   1.4727   0.04905   0.04285  -0.0500  0.0187  1.0000  -6.3354   0.0000   0.0000   0.0000   0.2631
  14.500   1.4497   0.05735   0.05148  -0.0486  0.0175  1.0000  -6.3279   0.0000   0.0000   0.0000   0.2617
  15.000   1.4446   0.06401   0.05838  -0.0483  0.0172  1.0000  -6.4658   0.0000   0.0000   0.0000   0.2605


