xflr5 v6.59

 Calculated polar for: revR_30_revT

 1 1 Reynolds number fixed          Mach number fixed         

 xtrf =   1.000 (top)        1.000 (bottom)
 Mach =   0.000     Re =     0.060 e 6     Ncrit =   9.000

  alpha     CL        CD       CDp       Cm    Top Xtr Bot Xtr   Cpmin    Chinge    XCp    
 ------- -------- --------- --------- -------- ------- ------- -------- --------- ---------
  -5.000  -0.4411   0.03961   0.03142  -0.0478  1.0000  0.1256  -2.6358   0.0000   0.0000   0.0000   0.1354
  -4.500  -0.3950   0.03519   0.02659  -0.0487  1.0000  0.1362  -2.4844   0.0000   0.0000   0.0000   0.1205
  -4.000  -0.3420   0.03122   0.02181  -0.0498  1.0000  0.1515  -2.3422   0.0000   0.0000   0.0000   0.0977
  -3.500  -0.2925   0.02889   0.01925  -0.0501  1.0000  0.1803  -2.1338   0.0000   0.0000   0.0000   0.0720
  -3.000  -0.2430   0.02726   0.01765  -0.0504  1.0000  0.2369  -1.9144   0.0000   0.0000   0.0000   0.0356
  -2.500  -0.1923   0.02568   0.01667  -0.0507  1.0000  0.3532  -1.6865   0.0000   0.0000   0.0000  -0.0217
  -2.000  -0.1218   0.02479   0.01740  -0.0526  0.9895  0.6578  -1.3804   0.0000   0.0000   0.0000  -0.1923
  -1.500  -0.0937   0.02504   0.01816  -0.0431  0.9717  0.9149  -1.2105   0.0000   0.0000   0.0000  -0.2217
  -1.000   0.0018   0.02598   0.01831  -0.0544  0.9496  1.0000  -0.9377   0.0000   0.0000   0.0000  30.2470
  -0.500   0.0823   0.02732   0.01905  -0.0618  0.9281  1.0000  -0.7078   0.0000   0.0000   0.0000   1.0063
   0.000   0.1557   0.02870   0.02001  -0.0672  0.9062  1.0000  -0.5127   0.0000   0.0000   0.0000   0.6828
   0.500   0.2261   0.03009   0.02108  -0.0717  0.8834  1.0000  -0.5495   0.0000   0.0000   0.0000   0.5664
   1.000   0.2934   0.03147   0.02222  -0.0753  0.8598  1.0000  -0.5999   0.0000   0.0000   0.0000   0.5048
   1.500   0.3588   0.03278   0.02338  -0.0781  0.8353  1.0000  -0.6533   0.0000   0.0000   0.0000   0.4652
   2.000   0.4216   0.03408   0.02458  -0.0803  0.8108  1.0000  -0.7096   0.0000   0.0000   0.0000   0.4373
   2.500   0.4834   0.03530   0.02574  -0.0819  0.7858  1.0000  -0.7683   0.0000   0.0000   0.0000   0.4157
   3.000   0.5456   0.03632   0.02677  -0.0830  0.7606  1.0000  -0.8342   0.0000   0.0000   0.0000   0.3981
   3.500   0.6078   0.03715   0.02765  -0.0837  0.7356  1.0000  -0.9067   0.0000   0.0000   0.0000   0.3832
   4.000   0.6709   0.03767   0.02827  -0.0840  0.7107  1.0000  -0.9897   0.0000   0.0000   0.0000   0.3701
   4.500   0.7329   0.03787   0.02859  -0.0834  0.6861  1.0000  -1.0849   0.0000   0.0000   0.0000   0.3583
   5.000   0.7960   0.03761   0.02849  -0.0824  0.6617  1.0000  -1.1999   0.0000   0.0000   0.0000   0.3475
   5.500   0.8604   0.03693   0.02799  -0.0809  0.6372  1.0000  -1.3396   0.0000   0.0000   0.0000   0.3376
   6.000   0.9290   0.03559   0.02686  -0.0793  0.6123  1.0000  -1.5243   0.0000   0.0000   0.0000   0.3283
   6.500   0.9655   0.03677   0.02826  -0.0761  0.5781  1.0000  -1.6774   0.0000   0.0000   0.0000   0.3212
   7.000   1.0368   0.03486   0.02657  -0.0743  0.5482  1.0000  -2.0606   0.0000   0.0000   0.0000   0.3134
   7.500   1.1114   0.03278   0.02458  -0.0726  0.5139  1.0000  -2.4813   0.0000   0.0000   0.0000   0.3065
   8.000   1.1698   0.03204   0.02389  -0.0702  0.4713  1.0000  -2.8616   0.0000   0.0000   0.0000   0.3004
   8.500   1.2177   0.03219   0.02402  -0.0671  0.4240  1.0000  -3.2153   0.0000   0.0000   0.0000   0.2948
   9.000   1.2574   0.03290   0.02462  -0.0633  0.3722  1.0000  -3.5468   0.0000   0.0000   0.0000   0.2893
   9.500   1.2821   0.03448   0.02626  -0.0584  0.3179  1.0000  -3.8192   0.0000   0.0000   0.0000   0.2836
  10.000   1.3032   0.03665   0.02823  -0.0533  0.2638  1.0000  -4.0799   0.0000   0.0000   0.0000   0.2782
  10.500   1.3168   0.03965   0.03100  -0.0479  0.2154  1.0000  -4.2996   0.0000   0.0000   0.0000   0.2729
  11.000   1.3234   0.04349   0.03480  -0.0425  0.1778  1.0000  -4.4688   0.0000   0.0000   0.0000   0.2678
  11.500   1.3350   0.04800   0.03936  -0.0380  0.1491  1.0000  -4.6247   0.0000   0.0000   0.0000   0.2634
  12.000   1.3393   0.05330   0.04488  -0.0337  0.1287  1.0000  -4.7327   0.0000   0.0000   0.0000   0.2593
  12.500   1.3417   0.05967   0.05149  -0.0302  0.1143  1.0000  -4.8103   0.0000   0.0000   0.0000   0.2559
  13.000   1.3199   0.06698   0.05947  -0.0267  0.1071  1.0000  -4.7820   0.0000   0.0000   0.0000   0.2528
  13.500   1.3160   0.07503   0.06756  -0.0249  0.0974  1.0000  -4.8370   0.0000   0.0000   0.0000   0.2507
  14.000   1.2645   0.08559   0.07871  -0.0249  0.0968  1.0000  -4.6839   0.0000   0.0000   0.0000   0.2506
  14.500   1.2041   0.09991   0.09339  -0.0288  0.0976  1.0000  -4.4559   0.0000   0.0000   0.0000   0.2540


