xflr5 v6.59

 Calculated polar for: revR_75_revT

 1 1 Reynolds number fixed          Mach number fixed         

 xtrf =   1.000 (top)        1.000 (bottom)
 Mach =   0.000     Re =     0.360 e 6     Ncrit =   9.000

  alpha     CL        CD       CDp       Cm    Top Xtr Bot Xtr   Cpmin    Chinge    XCp    
 ------- -------- --------- --------- -------- ------- ------- -------- --------- ---------
  -5.000   0.0380   0.01357   0.00685  -0.1320  0.8074  0.0503  -2.3032   0.0000   0.0000   0.0000   3.8114
  -4.500   0.0937   0.01261   0.00579  -0.1322  0.7995  0.0635  -2.0363   0.0000   0.0000   0.0000   1.6903
  -4.000   0.1491   0.01191   0.00509  -0.1323  0.7911  0.0860  -1.7881   0.0000   0.0000   0.0000   1.1542
  -3.500   0.2052   0.01127   0.00455  -0.1325  0.7817  0.1310  -1.5353   0.0000   0.0000   0.0000   0.9060
  -3.000   0.2624   0.01089   0.00431  -0.1329  0.7734  0.1961  -1.2901   0.0000   0.0000   0.0000   0.7634
  -2.500   0.3180   0.01050   0.00415  -0.1332  0.7648  0.2689  -1.0589   0.0000   0.0000   0.0000   0.6730
  -2.000   0.3748   0.01012   0.00396  -0.1334  0.7553  0.3538  -0.8431   0.0000   0.0000   0.0000   0.6086
  -1.500   0.4313   0.00981   0.00391  -0.1337  0.7459  0.4640  -0.7428   0.0000   0.0000   0.0000   0.5612
  -1.000   0.4866   0.00948   0.00389  -0.1336  0.7356  0.5737  -0.7847   0.0000   0.0000   0.0000   0.5247
  -0.500   0.5415   0.00927   0.00395  -0.1330  0.7263  0.6964  -0.8270   0.0000   0.0000   0.0000   0.4950
   0.000   0.5943   0.00921   0.00405  -0.1319  0.7148  0.7715  -0.8681   0.0000   0.0000   0.0000   0.4706
   0.500   0.6463   0.00913   0.00402  -0.1306  0.7038  0.8290  -0.9150   0.0000   0.0000   0.0000   0.4499
   1.000   0.6948   0.00912   0.00409  -0.1285  0.6927  0.8819  -0.9640   0.0000   0.0000   0.0000   0.4321
   1.500   0.7414   0.00893   0.00393  -0.1258  0.6794  0.9438  -1.0126   0.0000   0.0000   0.0000   0.4163
   2.000   0.8060   0.00894   0.00387  -0.1278  0.6652  1.0000  -1.0798   0.0000   0.0000   0.0000   0.4045
   2.500   0.8648   0.00908   0.00385  -0.1285  0.6506  1.0000  -1.1460   0.0000   0.0000   0.0000   0.3939
   3.000   0.9208   0.00920   0.00396  -0.1287  0.6336  1.0000  -1.2108   0.0000   0.0000   0.0000   0.3845
   3.500   0.9762   0.00939   0.00408  -0.1287  0.6148  1.0000  -1.2807   0.0000   0.0000   0.0000   0.3760
   4.000   1.0312   0.00965   0.00425  -0.1287  0.5967  1.0000  -1.3591   0.0000   0.0000   0.0000   0.3683
   4.500   1.0848   0.00996   0.00448  -0.1284  0.5759  1.0000  -1.4394   0.0000   0.0000   0.0000   0.3612
   5.000   1.1366   0.01032   0.00477  -0.1278  0.5509  1.0000  -1.5356   0.0000   0.0000   0.0000   0.3546
   5.500   1.1877   0.01075   0.00515  -0.1271  0.5269  1.0000  -1.6376   0.0000   0.0000   0.0000   0.3486
   6.000   1.2369   0.01125   0.00560  -0.1261  0.4990  1.0000  -1.7618   0.0000   0.0000   0.0000   0.3428
   6.500   1.2847   0.01183   0.00613  -0.1249  0.4710  1.0000  -1.8868   0.0000   0.0000   0.0000   0.3374
   7.000   1.3298   0.01251   0.00674  -0.1234  0.4400  1.0000  -2.0475   0.0000   0.0000   0.0000   0.3322
   7.500   1.3714   0.01336   0.00748  -0.1213  0.4079  1.0000  -2.2075   0.0000   0.0000   0.0000   0.3272
   8.000   1.4117   0.01425   0.00831  -0.1190  0.3794  1.0000  -2.4140   0.0000   0.0000   0.0000   0.3223
   8.500   1.4467   0.01524   0.00925  -0.1159  0.3458  1.0000  -2.6565   0.0000   0.0000   0.0000   0.3174
   9.000   1.4758   0.01647   0.01042  -0.1121  0.3148  1.0000  -2.9446   0.0000   0.0000   0.0000   0.3124
   9.500   1.5020   0.01793   0.01181  -0.1081  0.2863  1.0000  -3.2313   0.0000   0.0000   0.0000   0.3076
  10.000   1.5251   0.01969   0.01350  -0.1042  0.2556  1.0000  -3.5156   0.0000   0.0000   0.0000   0.3031
  10.500   1.5464   0.02173   0.01549  -0.1005  0.2256  1.0000  -3.8000   0.0000   0.0000   0.0000   0.2989
  11.000   1.5632   0.02423   0.01792  -0.0968  0.1969  1.0000  -4.0733   0.0000   0.0000   0.0000   0.2949
  11.500   1.5765   0.02717   0.02081  -0.0931  0.1688  1.0000  -4.3373   0.0000   0.0000   0.0000   0.2911
  12.000   1.5868   0.03049   0.02408  -0.0896  0.1434  1.0000  -4.5946   0.0000   0.0000   0.0000   0.2876
  12.500   1.5953   0.03412   0.02769  -0.0864  0.1205  1.0000  -4.8548   0.0000   0.0000   0.0000   0.2843
  13.000   1.5991   0.03831   0.03186  -0.0833  0.1006  1.0000  -5.0958   0.0000   0.0000   0.0000   0.2812
  13.500   1.6025   0.04275   0.03631  -0.0805  0.0843  1.0000  -5.3368   0.0000   0.0000   0.0000   0.2783
  14.000   1.6058   0.04744   0.04107  -0.0783  0.0712  1.0000  -5.5781   0.0000   0.0000   0.0000   0.2758
  14.500   1.6044   0.05293   0.04668  -0.0763  0.0600  1.0000  -5.7933   0.0000   0.0000   0.0000   0.2735
  15.000   1.5997   0.05903   0.05283  -0.0749  0.0507  1.0000  -5.9917   0.0000   0.0000   0.0000   0.2716


