xflr5 v6.59

 Calculated polar for: revR_50_revT

 1 1 Reynolds number fixed          Mach number fixed         

 xtrf =   1.000 (top)        1.000 (bottom)
 Mach =   0.000     Re =     0.075 e 6     Ncrit =   9.000

  alpha     CL        CD       CDp       Cm    Top Xtr Bot Xtr   Cpmin    Chinge    XCp    
 ------- -------- --------- --------- -------- ------- ------- -------- --------- ---------
  -5.000  -0.3862   0.04328   0.03643  -0.0642  0.9838  0.1076  -2.6004   0.0000   0.0000   0.0000   0.0763
  -4.500  -0.3044   0.03672   0.02842  -0.0723  0.9740  0.1126  -2.4806   0.0000   0.0000   0.0000   0.0034
  -4.000  -0.2246   0.03272   0.02391  -0.0788  0.9639  0.1300  -2.2368   0.0000   0.0000   0.0000  -0.1122
  -3.500  -0.1479   0.03022   0.02092  -0.0835  0.9516  0.1583  -1.9874   0.0000   0.0000   0.0000  -0.3295
  -3.000  -0.0721   0.02867   0.01959  -0.0882  0.9395  0.2255  -1.6952   0.0000   0.0000   0.0000  -0.9998
  -2.500   0.0008   0.02754   0.01910  -0.0924  0.9262  0.3656  -1.4390   0.0000   0.0000   0.0000  123.3377
  -2.000   0.0606   0.02699   0.01952  -0.0934  0.9115  0.5717  -1.2184   0.0000   0.0000   0.0000   1.8142
  -1.500   0.1102   0.02731   0.02048  -0.0890  0.8981  0.7932  -1.0088   0.0000   0.0000   0.0000   1.0677
  -1.000   0.1382   0.02725   0.02049  -0.0821  0.8784  1.0000  -0.8597   0.0000   0.0000   0.0000   0.8503
  -0.500   0.2091   0.02817   0.02083  -0.0877  0.8598  1.0000  -0.6467   0.0000   0.0000   0.0000   0.6716
   0.000   0.2835   0.02913   0.02137  -0.0924  0.8437  1.0000  -0.6009   0.0000   0.0000   0.0000   0.5762
   0.500   0.3589   0.02984   0.02176  -0.0964  0.8269  1.0000  -0.6554   0.0000   0.0000   0.0000   0.5178
   1.000   0.4117   0.03091   0.02262  -0.0971  0.8060  1.0000  -0.6983   0.0000   0.0000   0.0000   0.4841
   1.500   0.4666   0.03195   0.02349  -0.0978  0.7853  1.0000  -0.7468   0.0000   0.0000   0.0000   0.4571
   2.000   0.5239   0.03289   0.02432  -0.0985  0.7654  1.0000  -0.7998   0.0000   0.0000   0.0000   0.4349
   2.500   0.6133   0.03239   0.02374  -0.1021  0.7536  1.0000  -0.8861   0.0000   0.0000   0.0000   0.4127
   3.000   0.6638   0.03308   0.02441  -0.1012  0.7314  1.0000  -0.9430   0.0000   0.0000   0.0000   0.3981
   3.500   0.7143   0.03378   0.02512  -0.1002  0.7094  1.0000  -1.0049   0.0000   0.0000   0.0000   0.3854
   4.000   0.7657   0.03436   0.02575  -0.0991  0.6876  1.0000  -1.0747   0.0000   0.0000   0.0000   0.3740
   5.500   0.9708   0.03128   0.02293  -0.0977  0.6343  1.0000  -1.4136   0.0000   0.0000   0.0000   0.3435
   6.000   1.0299   0.03065   0.02243  -0.0964  0.6111  1.0000  -1.5487   0.0000   0.0000   0.0000   0.3358
   6.500   1.0941   0.02958   0.02147  -0.0953  0.5869  1.0000  -1.7287   0.0000   0.0000   0.0000   0.3288
   7.000   1.1472   0.02936   0.02139  -0.0935  0.5580  1.0000  -1.9212   0.0000   0.0000   0.0000   0.3224
   7.500   1.1980   0.02929   0.02147  -0.0913  0.5257  1.0000  -2.1876   0.0000   0.0000   0.0000   0.3165
   8.000   1.2625   0.02844   0.02055  -0.0904  0.4920  1.0000  -2.5605   0.0000   0.0000   0.0000   0.3112
   8.500   1.3016   0.02922   0.02144  -0.0872  0.4535  1.0000  -2.8587   0.0000   0.0000   0.0000   0.3058
   9.000   1.3479   0.02976   0.02194  -0.0848  0.4141  1.0000  -3.1959   0.0000   0.0000   0.0000   0.3009
   9.500   1.3847   0.03064   0.02270  -0.0813  0.3712  1.0000  -3.5231   0.0000   0.0000   0.0000   0.2959
  10.000   1.4044   0.03231   0.02444  -0.0761  0.3287  1.0000  -3.7873   0.0000   0.0000   0.0000   0.2905
  10.500   1.4200   0.03444   0.02654  -0.0707  0.2873  1.0000  -4.0363   0.0000   0.0000   0.0000   0.2853
  11.000   1.4273   0.03691   0.02890  -0.0645  0.2479  1.0000  -4.2552   0.0000   0.0000   0.0000   0.2799
  11.500   1.4232   0.04019   0.03219  -0.0583  0.2127  1.0000  -4.4188   0.0000   0.0000   0.0000   0.2747
  12.000   1.4244   0.04407   0.03587  -0.0534  0.1800  1.0000  -4.5958   0.0000   0.0000   0.0000   0.2704
  12.500   1.4214   0.04877   0.04069  -0.0491  0.1538  1.0000  -4.7307   0.0000   0.0000   0.0000   0.2665
  13.000   1.4229   0.05387   0.04587  -0.0455  0.1317  1.0000  -4.8667   0.0000   0.0000   0.0000   0.2631
  13.500   1.4251   0.05925   0.05125  -0.0426  0.1131  1.0000  -5.0012   0.0000   0.0000   0.0000   0.2601
  14.000   1.4152   0.06572   0.05818  -0.0400  0.1020  1.0000  -5.0613   0.0000   0.0000   0.0000   0.2575
  14.500   1.4104   0.07302   0.06567  -0.0381  0.0918  1.0000  -5.1413   0.0000   0.0000   0.0000   0.2554
  15.000   1.3777   0.08223   0.07546  -0.0378  0.0870  1.0000  -5.0904   0.0000   0.0000   0.0000   0.2548


