xflr5 v6.59

 Calculated polar for: revR_70_revT

 1 1 Reynolds number fixed          Mach number fixed         

 xtrf =   1.000 (top)        1.000 (bottom)
 Mach =   0.000     Re =     0.175 e 6     Ncrit =   9.000

  alpha     CL        CD       CDp       Cm    Top Xtr Bot Xtr   Cpmin    Chinge    XCp    
 ------- -------- --------- --------- -------- ------- ------- -------- --------- ---------
  -5.000   0.0101   0.02089   0.01338  -0.1319  0.8692  0.0724  -2.2161   0.0000   0.0000   0.0000  13.6488
  -4.500   0.0599   0.01894   0.01136  -0.1312  0.8576  0.0884  -1.9757   0.0000   0.0000   0.0000   2.4890
  -4.000   0.1192   0.01767   0.00999  -0.1316  0.8503  0.1171  -1.7507   0.0000   0.0000   0.0000   1.3761
  -3.500   0.1687   0.01695   0.00954  -0.1311  0.8382  0.1757  -1.5362   0.0000   0.0000   0.0000   1.0408
  -3.000   0.2259   0.01617   0.00898  -0.1314  0.8286  0.2620  -1.3024   0.0000   0.0000   0.0000   0.8402
  -2.500   0.2806   0.01576   0.00887  -0.1314  0.8191  0.3628  -1.0793   0.0000   0.0000   0.0000   0.7237
  -2.000   0.3331   0.01532   0.00886  -0.1309  0.8073  0.4909  -0.8669   0.0000   0.0000   0.0000   0.6463
  -1.500   0.3889   0.01485   0.00875  -0.1298  0.7994  0.6295  -0.6996   0.0000   0.0000   0.0000   0.5857
  -1.000   0.4321   0.01493   0.00914  -0.1267  0.7851  0.7458  -0.7328   0.0000   0.0000   0.0000   0.5440
  -0.500   0.4798   0.01467   0.00891  -0.1231  0.7760  0.8291  -0.7721   0.0000   0.0000   0.0000   0.5065
   0.000   0.5138   0.01479   0.00911  -0.1179  0.7621  0.9015  -0.8032   0.0000   0.0000   0.0000   0.4784
   0.500   0.5859   0.01423   0.00841  -0.1198  0.7525  1.0000  -0.8626   0.0000   0.0000   0.0000   0.4528
   1.000   0.6418   0.01446   0.00851  -0.1207  0.7377  1.0000  -0.9131   0.0000   0.0000   0.0000   0.4356
   1.500   0.7060   0.01432   0.00814  -0.1220  0.7272  1.0000  -0.9723   0.0000   0.0000   0.0000   0.4197
   2.000   0.7599   0.01455   0.00831  -0.1220  0.7112  1.0000  -1.0316   0.0000   0.0000   0.0000   0.4068
   2.500   0.8212   0.01445   0.00805  -0.1226  0.6986  1.0000  -1.0981   0.0000   0.0000   0.0000   0.3949
   3.000   0.8766   0.01447   0.00802  -0.1224  0.6817  1.0000  -1.1612   0.0000   0.0000   0.0000   0.3847
   3.500   0.9313   0.01463   0.00816  -0.1221  0.6651  1.0000  -1.2336   0.0000   0.0000   0.0000   0.3756
   4.000   0.9886   0.01456   0.00800  -0.1220  0.6477  1.0000  -1.3121   0.0000   0.0000   0.0000   0.3672
   4.500   1.0453   0.01457   0.00793  -0.1219  0.6294  1.0000  -1.4001   0.0000   0.0000   0.0000   0.3598
   5.000   1.0973   0.01477   0.00816  -0.1211  0.6082  1.0000  -1.4930   0.0000   0.0000   0.0000   0.3529
   5.500   1.1493   0.01497   0.00833  -0.1202  0.5844  1.0000  -1.6030   0.0000   0.0000   0.0000   0.3465
   6.000   1.2004   0.01529   0.00863  -0.1193  0.5596  1.0000  -1.7260   0.0000   0.0000   0.0000   0.3406
   6.500   1.2502   0.01573   0.00898  -0.1181  0.5323  1.0000  -1.8630   0.0000   0.0000   0.0000   0.3350
   7.000   1.2957   0.01631   0.00959  -0.1164  0.5026  1.0000  -2.0228   0.0000   0.0000   0.0000   0.3296
   7.500   1.3388   0.01701   0.01030  -0.1144  0.4715  1.0000  -2.1978   0.0000   0.0000   0.0000   0.3245
   8.000   1.3788   0.01785   0.01106  -0.1118  0.4380  1.0000  -2.4083   0.0000   0.0000   0.0000   0.3194
   8.500   1.4164   0.01888   0.01205  -0.1091  0.4072  1.0000  -2.6568   0.0000   0.0000   0.0000   0.3146
   9.000   1.4473   0.02002   0.01322  -0.1055  0.3738  1.0000  -2.9335   0.0000   0.0000   0.0000   0.3096
   9.500   1.4696   0.02141   0.01457  -0.1006  0.3407  1.0000  -3.2081   0.0000   0.0000   0.0000   0.3044
  10.000   1.4889   0.02313   0.01624  -0.0957  0.3109  1.0000  -3.4786   0.0000   0.0000   0.0000   0.2994
  10.500   1.5051   0.02513   0.01831  -0.0911  0.2809  1.0000  -3.7426   0.0000   0.0000   0.0000   0.2948
  11.000   1.5150   0.02772   0.02088  -0.0864  0.2492  1.0000  -3.9876   0.0000   0.0000   0.0000   0.2904
  11.500   1.5204   0.03096   0.02404  -0.0820  0.2190  1.0000  -4.2167   0.0000   0.0000   0.0000   0.2864
  12.000   1.5260   0.03454   0.02763  -0.0783  0.1907  1.0000  -4.4468   0.0000   0.0000   0.0000   0.2828
  12.500   1.5282   0.03865   0.03182  -0.0749  0.1636  1.0000  -4.6621   0.0000   0.0000   0.0000   0.2795
  13.000   1.5264   0.04338   0.03656  -0.0718  0.1396  1.0000  -4.8585   0.0000   0.0000   0.0000   0.2765
  13.500   1.5218   0.04867   0.04187  -0.0691  0.1193  1.0000  -5.0392   0.0000   0.0000   0.0000   0.2738
  14.000   1.5137   0.05468   0.04789  -0.0668  0.1023  1.0000  -5.1972   0.0000   0.0000   0.0000   0.2715
  14.500   1.5040   0.06127   0.05451  -0.0653  0.0875  1.0000  -5.3437   0.0000   0.0000   0.0000   0.2698
  15.000   1.5007   0.06756   0.06103  -0.0644  0.0758  1.0000  -5.5186   0.0000   0.0000   0.0000   0.2682


