xflr5 v6.59

 Calculated polar for: revR_20_revT

 1 1 Reynolds number fixed          Mach number fixed         

 xtrf =   1.000 (top)        1.000 (bottom)
 Mach =   0.000     Re =     0.105 e 6     Ncrit =   9.000

  alpha     CL        CD       CDp       Cm    Top Xtr Bot Xtr   Cpmin    Chinge    XCp    
 ------- -------- --------- --------- -------- ------- ------- -------- --------- ---------
  -5.000  -0.4119   0.02811   0.02004  -0.0491  0.9694  0.0851  -2.8687   0.0000   0.0000   0.0000   0.1242
  -4.500  -0.3485   0.02584   0.01729  -0.0509  0.9568  0.0977  -2.5928   0.0000   0.0000   0.0000   0.0971
  -4.000  -0.2755   0.02348   0.01472  -0.0543  0.9461  0.1223  -2.2947   0.0000   0.0000   0.0000   0.0450
  -3.500  -0.2185   0.02187   0.01336  -0.0553  0.9314  0.1766  -2.0006   0.0000   0.0000   0.0000  -0.0118
  -3.000  -0.1422   0.02025   0.01250  -0.0599  0.9206  0.3218  -1.6411   0.0000   0.0000   0.0000  -0.1819
  -2.500  -0.0997   0.01926   0.01251  -0.0576  0.9034  0.5290  -1.3777   0.0000   0.0000   0.0000  -0.3412
  -2.000  -0.0472   0.01912   0.01306  -0.0550  0.8894  0.7425  -1.1455   0.0000   0.0000   0.0000  -0.9362
  -1.500   0.0107   0.01923   0.01323  -0.0524  0.8754  0.8650  -0.9276   0.0000   0.0000   0.0000   5.2131
  -1.000   0.1286   0.01948   0.01325  -0.0618  0.8656  0.9496  -0.6137   0.0000   0.0000   0.0000   0.7339
  -0.500   0.3101   0.01905   0.01245  -0.0848  0.8611  0.9890  -0.5934   0.0000   0.0000   0.0000   0.5237
   0.000   0.4187   0.01810   0.01127  -0.0950  0.8495  1.0000  -0.6720   0.0000   0.0000   0.0000   0.4760
   0.500   0.4501   0.01799   0.01105  -0.0911  0.8267  1.0000  -0.7089   0.0000   0.0000   0.0000   0.4510
   1.000   0.4798   0.01805   0.01101  -0.0866  0.8043  1.0000  -0.7457   0.0000   0.0000   0.0000   0.4285
   1.500   0.5135   0.01817   0.01103  -0.0825  0.7823  1.0000  -0.7887   0.0000   0.0000   0.0000   0.4080
   2.000   0.5561   0.01818   0.01095  -0.0794  0.7603  1.0000  -0.8427   0.0000   0.0000   0.0000   0.3898
   2.500   0.6040   0.01819   0.01089  -0.0772  0.7385  1.0000  -0.9042   0.0000   0.0000   0.0000   0.3744
   3.000   0.6554   0.01812   0.01077  -0.0755  0.7159  1.0000  -0.9758   0.0000   0.0000   0.0000   0.3612
   3.500   0.7080   0.01801   0.01064  -0.0739  0.6921  1.0000  -1.0566   0.0000   0.0000   0.0000   0.3499
   4.000   0.7609   0.01793   0.01055  -0.0724  0.6670  1.0000  -1.1590   0.0000   0.0000   0.0000   0.3402
   4.500   0.8149   0.01781   0.01042  -0.0709  0.6400  1.0000  -1.2734   0.0000   0.0000   0.0000   0.3316
   5.000   0.8702   0.01772   0.01026  -0.0697  0.6116  1.0000  -1.4296   0.0000   0.0000   0.0000   0.3242
   5.500   0.9167   0.01800   0.01061  -0.0674  0.5775  1.0000  -1.6240   0.0000   0.0000   0.0000   0.3171
   6.000   0.9673   0.01820   0.01073  -0.0656  0.5425  1.0000  -1.9455   0.0000   0.0000   0.0000   0.3108
   6.500   1.0119   0.01867   0.01119  -0.0631  0.5030  1.0000  -2.2621   0.0000   0.0000   0.0000   0.3047
   7.000   1.0561   0.01926   0.01168  -0.0606  0.4624  1.0000  -2.5920   0.0000   0.0000   0.0000   0.2991
   7.500   1.0975   0.02001   0.01237  -0.0577  0.4200  1.0000  -2.9246   0.0000   0.0000   0.0000   0.2937
   8.000   1.1304   0.02089   0.01321  -0.0537  0.3739  1.0000  -3.2368   0.0000   0.0000   0.0000   0.2879
   8.500   1.1587   0.02200   0.01429  -0.0492  0.3272  1.0000  -3.5379   0.0000   0.0000   0.0000   0.2822
   9.000   1.1793   0.02341   0.01558  -0.0438  0.2788  1.0000  -3.8138   0.0000   0.0000   0.0000   0.2762
  10.000   1.1894   0.02748   0.01939  -0.0295  0.1864  1.0000  -4.2450   0.0000   0.0000   0.0000   0.2625
  10.500   1.1910   0.03035   0.02218  -0.0233  0.1479  1.0000  -4.4306   0.0000   0.0000   0.0000   0.2565
  11.000   1.1968   0.03395   0.02557  -0.0185  0.1188  1.0000  -4.6136   0.0000   0.0000   0.0000   0.2516
  11.500   1.2065   0.03793   0.02945  -0.0148  0.0946  1.0000  -4.7949   0.0000   0.0000   0.0000   0.2476
  12.000   1.2084   0.04152   0.03332  -0.0112  0.0799  1.0000  -4.9422   0.0000   0.0000   0.0000   0.2438
  12.500   1.2224   0.04641   0.03843  -0.0087  0.0668  1.0000  -5.0641   0.0000   0.0000   0.0000   0.2408
  13.000   1.2293   0.05106   0.04318  -0.0066  0.0580  1.0000  -5.1976   0.0000   0.0000   0.0000   0.2383
  13.500   1.2344   0.05821   0.05084  -0.0050  0.0527  1.0000  -5.2339   0.0000   0.0000   0.0000   0.2361
  14.000   1.2225   0.06542   0.05858  -0.0040  0.0507  1.0000  -5.2255   0.0000   0.0000   0.0000   0.2345
  14.500   1.1976   0.07448   0.06816  -0.0046  0.0497  1.0000  -5.1531   0.0000   0.0000   0.0000   0.2342
  15.000   1.1589   0.08597   0.08015  -0.0080  0.0496  1.0000  -5.0057   0.0000   0.0000   0.0000   0.2363


