xflr5 v6.59

 Calculated polar for: revR_70_revT

 1 1 Reynolds number fixed          Mach number fixed         

 xtrf =   1.000 (top)        1.000 (bottom)
 Mach =   0.000     Re =     0.235 e 6     Ncrit =   9.000

  alpha     CL        CD       CDp       Cm    Top Xtr Bot Xtr   Cpmin    Chinge    XCp    
 ------- -------- --------- --------- -------- ------- ------- -------- --------- ---------
  -5.000   0.0184   0.01656   0.00944  -0.1302  0.8457  0.0629  -2.2630   0.0000   0.0000   0.0000   7.5065
  -4.500   0.0706   0.01551   0.00826  -0.1297  0.8350  0.0769  -1.9931   0.0000   0.0000   0.0000   2.1265
  -4.000   0.1266   0.01446   0.00722  -0.1298  0.8268  0.1064  -1.7600   0.0000   0.0000   0.0000   1.2953
  -3.500   0.1801   0.01386   0.00677  -0.1297  0.8166  0.1611  -1.5255   0.0000   0.0000   0.0000   0.9818
  -3.000   0.2355   0.01331   0.00642  -0.1298  0.8064  0.2413  -1.2885   0.0000   0.0000   0.0000   0.8087
  -2.500   0.2924   0.01289   0.00622  -0.1301  0.7982  0.3285  -1.0584   0.0000   0.0000   0.0000   0.6996
  -2.000   0.3452   0.01250   0.00619  -0.1298  0.7867  0.4437  -0.8451   0.0000   0.0000   0.0000   0.6290
  -1.500   0.4011   0.01204   0.00606  -0.1294  0.7774  0.5708  -0.7120   0.0000   0.0000   0.0000   0.5743
  -1.000   0.4513   0.01188   0.00626  -0.1278  0.7657  0.6953  -0.7501   0.0000   0.0000   0.0000   0.5338
  -0.500   0.5020   0.01176   0.00626  -0.1258  0.7553  0.7820  -0.7901   0.0000   0.0000   0.0000   0.5003
   0.000   0.5494   0.01178   0.00633  -0.1232  0.7447  0.8470  -0.8299   0.0000   0.0000   0.0000   0.4731
   0.500   0.5916   0.01153   0.00612  -0.1193  0.7320  0.9086  -0.8719   0.0000   0.0000   0.0000   0.4497
   1.000   0.6572   0.01134   0.00587  -0.1207  0.7207  1.0000  -0.9297   0.0000   0.0000   0.0000   0.4310
   1.500   0.7170   0.01138   0.00576  -0.1218  0.7071  1.0000  -0.9859   0.0000   0.0000   0.0000   0.4167
   2.000   0.7751   0.01150   0.00577  -0.1225  0.6932  1.0000  -1.0488   0.0000   0.0000   0.0000   0.4041
   2.500   0.8341   0.01150   0.00561  -0.1230  0.6785  1.0000  -1.1137   0.0000   0.0000   0.0000   0.3930
   3.000   0.8891   0.01166   0.00576  -0.1229  0.6622  1.0000  -1.1763   0.0000   0.0000   0.0000   0.3832
   3.500   0.9450   0.01175   0.00577  -0.1229  0.6446  1.0000  -1.2511   0.0000   0.0000   0.0000   0.3744
   4.000   1.0011   0.01188   0.00579  -0.1228  0.6266  1.0000  -1.3285   0.0000   0.0000   0.0000   0.3664
   4.500   1.0547   0.01209   0.00597  -0.1224  0.6067  1.0000  -1.4148   0.0000   0.0000   0.0000   0.3592
   5.000   1.1069   0.01235   0.00620  -0.1217  0.5834  1.0000  -1.5086   0.0000   0.0000   0.0000   0.3524
   5.500   1.1582   0.01270   0.00651  -0.1209  0.5588  1.0000  -1.6203   0.0000   0.0000   0.0000   0.3462
   6.000   1.2081   0.01316   0.00691  -0.1200  0.5327  1.0000  -1.7421   0.0000   0.0000   0.0000   0.3404
   6.500   1.2554   0.01371   0.00743  -0.1186  0.5035  1.0000  -1.8793   0.0000   0.0000   0.0000   0.3349
   7.000   1.3011   0.01435   0.00806  -0.1170  0.4741  1.0000  -2.0396   0.0000   0.0000   0.0000   0.3297
   7.500   1.3428   0.01513   0.00875  -0.1148  0.4401  1.0000  -2.2164   0.0000   0.0000   0.0000   0.3245
   8.000   1.3826   0.01607   0.00962  -0.1124  0.4098  1.0000  -2.4284   0.0000   0.0000   0.0000   0.3196
   8.500   1.4188   0.01706   0.01062  -0.1096  0.3778  1.0000  -2.6789   0.0000   0.0000   0.0000   0.3147
   9.000   1.4465   0.01827   0.01176  -0.1054  0.3434  1.0000  -2.9560   0.0000   0.0000   0.0000   0.3096
   9.500   1.4703   0.01977   0.01322  -0.1010  0.3138  1.0000  -3.2372   0.0000   0.0000   0.0000   0.3046
  10.000   1.4925   0.02146   0.01492  -0.0968  0.2842  1.0000  -3.5202   0.0000   0.0000   0.0000   0.2999
  10.500   1.5093   0.02361   0.01704  -0.0925  0.2516  1.0000  -3.7898   0.0000   0.0000   0.0000   0.2955
  11.000   1.5218   0.02630   0.01966  -0.0884  0.2211  1.0000  -4.0470   0.0000   0.0000   0.0000   0.2914
  11.500   1.5324   0.02939   0.02272  -0.0846  0.1926  1.0000  -4.2994   0.0000   0.0000   0.0000   0.2876
  12.000   1.5419   0.03280   0.02613  -0.0813  0.1641  1.0000  -4.5501   0.0000   0.0000   0.0000   0.2841
  12.500   1.5461   0.03683   0.03018  -0.0780  0.1387  1.0000  -4.7793   0.0000   0.0000   0.0000   0.2809
  13.000   1.5472   0.04136   0.03470  -0.0750  0.1170  1.0000  -4.9947   0.0000   0.0000   0.0000   0.2779
  13.500   1.5453   0.04640   0.03979  -0.0723  0.0988  1.0000  -5.1943   0.0000   0.0000   0.0000   0.2752
  14.000   1.5379   0.05241   0.04580  -0.0702  0.0835  1.0000  -5.3632   0.0000   0.0000   0.0000   0.2730
  14.500   1.5334   0.05846   0.05194  -0.0687  0.0712  1.0000  -5.5515   0.0000   0.0000   0.0000   0.2711
  15.000   1.5277   0.06495   0.05860  -0.0676  0.0613  1.0000  -5.7240   0.0000   0.0000   0.0000   0.2695


