xflr5 v6.59

 Calculated polar for: revR_90_revT

 1 1 Reynolds number fixed          Mach number fixed         

 xtrf =   1.000 (top)        1.000 (bottom)
 Mach =   0.000     Re =     0.400 e 6     Ncrit =   9.000

  alpha     CL        CD       CDp       Cm    Top Xtr Bot Xtr   Cpmin    Chinge    XCp    
 ------- -------- --------- --------- -------- ------- ------- -------- --------- ---------
  -5.000   0.1001   0.01318   0.00650  -0.1454  0.7879  0.0467  -2.3302   0.0000   0.0000   0.0000   1.7376
  -4.500   0.1560   0.01238   0.00569  -0.1457  0.7808  0.0568  -2.0617   0.0000   0.0000   0.0000   1.2041
  -4.000   0.2130   0.01169   0.00495  -0.1460  0.7728  0.0753  -1.8094   0.0000   0.0000   0.0000   0.9485
  -3.500   0.2707   0.01118   0.00448  -0.1466  0.7643  0.1132  -1.5575   0.0000   0.0000   0.0000   0.8003
  -3.000   0.3270   0.01074   0.00423  -0.1469  0.7573  0.1674  -1.3130   0.0000   0.0000   0.0000   0.7054
  -2.500   0.3841   0.01036   0.00403  -0.1474  0.7492  0.2349  -1.0786   0.0000   0.0000   0.0000   0.6377
  -2.000   0.4421   0.01011   0.00386  -0.1479  0.7408  0.3038  -0.8581   0.0000   0.0000   0.0000   0.5869
  -1.500   0.4986   0.00983   0.00384  -0.1482  0.7321  0.3923  -0.8100   0.0000   0.0000   0.0000   0.5484
  -1.000   0.5555   0.00952   0.00377  -0.1485  0.7226  0.4927  -0.8518   0.0000   0.0000   0.0000   0.5175
  -0.500   0.6125   0.00930   0.00382  -0.1487  0.7139  0.6130  -0.8965   0.0000   0.0000   0.0000   0.4920
   0.000   0.6663   0.00914   0.00395  -0.1480  0.7040  0.7178  -0.9397   0.0000   0.0000   0.0000   0.4706
   0.500   0.7201   0.00904   0.00394  -0.1472  0.6932  0.7910  -0.9834   0.0000   0.0000   0.0000   0.4521
   1.000   0.7726   0.00909   0.00404  -0.1461  0.6834  0.8439  -1.0330   0.0000   0.0000   0.0000   0.4361
   1.500   0.8180   0.00892   0.00401  -0.1433  0.6715  0.9067  -1.0825   0.0000   0.0000   0.0000   0.4216
   2.000   0.8745   0.00883   0.00386  -0.1432  0.6586  1.0000  -1.1397   0.0000   0.0000   0.0000   0.4094
   2.500   0.9324   0.00893   0.00391  -0.1438  0.6446  1.0000  -1.2065   0.0000   0.0000   0.0000   0.3993
   3.000   0.9896   0.00912   0.00400  -0.1443  0.6305  1.0000  -1.2750   0.0000   0.0000   0.0000   0.3902
   3.500   1.0451   0.00931   0.00408  -0.1443  0.6127  1.0000  -1.3433   0.0000   0.0000   0.0000   0.3818
   4.000   1.0996   0.00953   0.00429  -0.1442  0.5945  1.0000  -1.4141   0.0000   0.0000   0.0000   0.3743
   4.500   1.1535   0.00984   0.00454  -0.1441  0.5767  1.0000  -1.4959   0.0000   0.0000   0.0000   0.3673
   5.000   1.2057   0.01021   0.00483  -0.1436  0.5561  1.0000  -1.5785   0.0000   0.0000   0.0000   0.3608
   5.500   1.2559   0.01064   0.00519  -0.1427  0.5316  1.0000  -1.6761   0.0000   0.0000   0.0000   0.3547
   6.000   1.3049   0.01116   0.00563  -0.1418  0.5082  1.0000  -1.7803   0.0000   0.0000   0.0000   0.3490
   6.500   1.3517   0.01174   0.00616  -0.1404  0.4815  1.0000  -1.9043   0.0000   0.0000   0.0000   0.3435
   7.000   1.3966   0.01240   0.00677  -0.1388  0.4548  1.0000  -2.0318   0.0000   0.0000   0.0000   0.3383
   7.500   1.4383   0.01315   0.00748  -0.1367  0.4259  1.0000  -2.1835   0.0000   0.0000   0.0000   0.3332
   8.000   1.4761   0.01404   0.00830  -0.1340  0.3963  1.0000  -2.3317   0.0000   0.0000   0.0000   0.3281
   8.500   1.5082   0.01505   0.00927  -0.1305  0.3687  1.0000  -2.4900   0.0000   0.0000   0.0000   0.3230
   9.000   1.5356   0.01634   0.01047  -0.1264  0.3390  1.0000  -2.6924   0.0000   0.0000   0.0000   0.3180
   9.500   1.5606   0.01786   0.01193  -0.1224  0.3118  1.0000  -2.9519   0.0000   0.0000   0.0000   0.3132
  10.000   1.5847   0.01959   0.01365  -0.1186  0.2866  1.0000  -3.2160   0.0000   0.0000   0.0000   0.3088
  10.500   1.6044   0.02174   0.01575  -0.1148  0.2605  1.0000  -3.4735   0.0000   0.0000   0.0000   0.3046
  11.000   1.6192   0.02438   0.01831  -0.1108  0.2317  1.0000  -3.7263   0.0000   0.0000   0.0000   0.3005
  11.500   1.6346   0.02715   0.02104  -0.1073  0.2057  1.0000  -3.9870   0.0000   0.0000   0.0000   0.2968
  12.000   1.6466   0.03030   0.02418  -0.1037  0.1808  1.0000  -4.2395   0.0000   0.0000   0.0000   0.2932
  12.500   1.6554   0.03383   0.02768  -0.1003  0.1568  1.0000  -4.4835   0.0000   0.0000   0.0000   0.2898
  13.000   1.6604   0.03783   0.03165  -0.0970  0.1351  1.0000  -4.7150   0.0000   0.0000   0.0000   0.2865
  13.500   1.6626   0.04232   0.03611  -0.0939  0.1152  1.0000  -4.9369   0.0000   0.0000   0.0000   0.2836
  14.000   1.6642   0.04710   0.04090  -0.0913  0.0990  1.0000  -5.1570   0.0000   0.0000   0.0000   0.2808
  14.500   1.6682   0.05189   0.04579  -0.0892  0.0863  1.0000  -5.3891   0.0000   0.0000   0.0000   0.2783
  15.000   1.6657   0.05758   0.05155  -0.0873  0.0746  1.0000  -5.5909   0.0000   0.0000   0.0000   0.2762


