xflr5 v6.59

 Calculated polar for: revR_35_revT

 1 1 Reynolds number fixed          Mach number fixed         

 xtrf =   1.000 (top)        1.000 (bottom)
 Mach =   0.000     Re =     0.340 e 6     Ncrit =   9.000

  alpha     CL        CD       CDp       Cm    Top Xtr Bot Xtr   Cpmin    Chinge    XCp    
 ------- -------- --------- --------- -------- ------- ------- -------- --------- ---------
  -5.000  -0.1243   0.01316   0.00643  -0.0956  0.8585  0.0562  -2.4474   0.0000   0.0000   0.0000  -0.5399
  -4.500  -0.0716   0.01203   0.00518  -0.0951  0.8470  0.0764  -2.1219   0.0000   0.0000   0.0000  -1.1085
  -4.000  -0.0187   0.01114   0.00443  -0.0947  0.8341  0.1191  -1.8027   0.0000   0.0000   0.0000  -4.9191
  -3.500   0.0357   0.01058   0.00404  -0.0945  0.8230  0.1870  -1.4833   0.0000   0.0000   0.0000   2.9465
  -3.000   0.0895   0.01002   0.00376  -0.0944  0.8109  0.2761  -1.2429   0.0000   0.0000   0.0000   1.3191
  -2.500   0.1440   0.00956   0.00354  -0.0942  0.7994  0.3781  -1.0245   0.0000   0.0000   0.0000   0.9115
  -2.000   0.1971   0.00901   0.00341  -0.0938  0.7863  0.5126  -0.8175   0.0000   0.0000   0.0000   0.7294
  -1.500   0.2498   0.00866   0.00343  -0.0928  0.7748  0.6478  -0.6259   0.0000   0.0000   0.0000   0.6233
  -1.000   0.3024   0.00851   0.00346  -0.0916  0.7614  0.7336  -0.6154   0.0000   0.0000   0.0000   0.5533
  -0.500   0.3548   0.00849   0.00349  -0.0902  0.7479  0.7918  -0.6568   0.0000   0.0000   0.0000   0.5037
   0.000   0.4065   0.00845   0.00346  -0.0886  0.7340  0.8357  -0.7010   0.0000   0.0000   0.0000   0.4668
   0.500   0.4566   0.00844   0.00348  -0.0868  0.7195  0.8759  -0.7477   0.0000   0.0000   0.0000   0.4382
   1.000   0.5045   0.00839   0.00340  -0.0843  0.7037  0.9159  -0.7961   0.0000   0.0000   0.0000   0.4146
   1.500   0.5603   0.00829   0.00329  -0.0837  0.6866  0.9600  -0.8554   0.0000   0.0000   0.0000   0.3963
   2.000   0.6373   0.00826   0.00321  -0.0881  0.6671  1.0000  -0.9295   0.0000   0.0000   0.0000   0.3848
   2.500   0.6907   0.00839   0.00324  -0.0880  0.6461  1.0000  -0.9929   0.0000   0.0000   0.0000   0.3734
   3.000   0.7455   0.00857   0.00332  -0.0879  0.6234  1.0000  -1.0664   0.0000   0.0000   0.0000   0.3634
   3.500   0.8000   0.00880   0.00346  -0.0878  0.5994  1.0000  -1.1451   0.0000   0.0000   0.0000   0.3547
   4.000   0.8534   0.00909   0.00364  -0.0873  0.5713  1.0000  -1.2361   0.0000   0.0000   0.0000   0.3468
   4.500   0.9060   0.00946   0.00390  -0.0868  0.5424  1.0000  -1.3431   0.0000   0.0000   0.0000   0.3397
   5.000   0.9580   0.00987   0.00424  -0.0862  0.5106  1.0000  -1.4727   0.0000   0.0000   0.0000   0.3334
   5.500   1.0087   0.01036   0.00464  -0.0854  0.4762  1.0000  -1.6258   0.0000   0.0000   0.0000   0.3275
   6.000   1.0583   0.01095   0.00513  -0.0845  0.4415  1.0000  -1.8833   0.0000   0.0000   0.0000   0.3221
   6.500   1.1064   0.01161   0.00569  -0.0834  0.4025  1.0000  -2.2014   0.0000   0.0000   0.0000   0.3170
   7.000   1.1535   0.01235   0.00634  -0.0822  0.3632  1.0000  -2.5305   0.0000   0.0000   0.0000   0.3122
   7.500   1.1979   0.01326   0.00711  -0.0807  0.3204  1.0000  -2.8798   0.0000   0.0000   0.0000   0.3077
   8.000   1.2385   0.01438   0.00801  -0.0787  0.2676  1.0000  -3.2303   0.0000   0.0000   0.0000   0.3032
   8.500   1.2776   0.01560   0.00905  -0.0766  0.2228  1.0000  -3.5865   0.0000   0.0000   0.0000   0.2989
   9.000   1.3135   0.01695   0.01027  -0.0741  0.1828  1.0000  -3.9409   0.0000   0.0000   0.0000   0.2946
   9.500   1.3416   0.01859   0.01171  -0.0705  0.1407  1.0000  -4.2728   0.0000   0.0000   0.0000   0.2901
  10.000   1.3660   0.02046   0.01342  -0.0668  0.1050  1.0000  -4.5945   0.0000   0.0000   0.0000   0.2856
  10.500   1.3864   0.02265   0.01552  -0.0630  0.0789  1.0000  -4.9004   0.0000   0.0000   0.0000   0.2814
  11.000   1.4051   0.02512   0.01796  -0.0595  0.0602  1.0000  -5.1974   0.0000   0.0000   0.0000   0.2775
  11.500   1.4229   0.02781   0.02074  -0.0565  0.0474  1.0000  -5.4864   0.0000   0.0000   0.0000   0.2740
  12.000   1.4344   0.03121   0.02427  -0.0534  0.0367  1.0000  -5.7223   0.0000   0.0000   0.0000   0.2706
  12.500   1.4259   0.03666   0.02982  -0.0498  0.0274  1.0000  -5.8130   0.0000   0.0000   0.0000   0.2673
  13.000   1.4325   0.04099   0.03437  -0.0476  0.0247  1.0000  -5.9945   0.0000   0.0000   0.0000   0.2647
  13.500   1.4333   0.04612   0.03972  -0.0458  0.0227  1.0000  -6.1492   0.0000   0.0000   0.0000   0.2625
  14.000   1.4307   0.05184   0.04565  -0.0446  0.0213  1.0000  -6.2926   0.0000   0.0000   0.0000   0.2606
  14.500   1.4255   0.05827   0.05229  -0.0439  0.0202  1.0000  -6.4191   0.0000   0.0000   0.0000   0.2593
  15.000   1.4161   0.06550   0.05974  -0.0438  0.0193  1.0000  -6.5108   0.0000   0.0000   0.0000   0.2583


