xflr5 v6.59

 Calculated polar for: revR_80_revT

 1 1 Reynolds number fixed          Mach number fixed         

 xtrf =   1.000 (top)        1.000 (bottom)
 Mach =   0.000     Re =     0.210 e 6     Ncrit =   9.000

  alpha     CL        CD       CDp       Cm    Top Xtr Bot Xtr   Cpmin    Chinge    XCp    
 ------- -------- --------- --------- -------- ------- ------- -------- --------- ---------
  -5.000   0.0553   0.01832   0.01109  -0.1397  0.8442  0.0667  -2.2273   0.0000   0.0000   0.0000   2.8398
  -4.500   0.1070   0.01750   0.01012  -0.1390  0.8335  0.0782  -1.9890   0.0000   0.0000   0.0000   1.5781
  -4.000   0.1634   0.01611   0.00869  -0.1392  0.8255  0.1035  -1.7702   0.0000   0.0000   0.0000   1.1185
  -3.500   0.2175   0.01545   0.00816  -0.1393  0.8165  0.1538  -1.5399   0.0000   0.0000   0.0000   0.9011
  -3.000   0.2718   0.01487   0.00780  -0.1393  0.8060  0.2268  -1.3074   0.0000   0.0000   0.0000   0.7697
  -2.500   0.3305   0.01430   0.00746  -0.1398  0.7981  0.3173  -1.0774   0.0000   0.0000   0.0000   0.6777
  -2.000   0.3829   0.01410   0.00758  -0.1396  0.7877  0.4186  -0.8699   0.0000   0.0000   0.0000   0.6176
  -1.500   0.4382   0.01364   0.00746  -0.1392  0.7777  0.5421  -0.7471   0.0000   0.0000   0.0000   0.5694
  -1.000   0.4914   0.01339   0.00755  -0.1380  0.7686  0.6742  -0.7890   0.0000   0.0000   0.0000   0.5314
  -0.500   0.5389   0.01337   0.00773  -0.1356  0.7565  0.7720  -0.8274   0.0000   0.0000   0.0000   0.5014
   0.000   0.5872   0.01316   0.00753  -0.1326  0.7477  0.8491  -0.8678   0.0000   0.0000   0.0000   0.4747
   0.500   0.6237   0.01312   0.00760  -0.1279  0.7350  0.9207  -0.9025   0.0000   0.0000   0.0000   0.4532
   1.000   0.6939   0.01274   0.00704  -0.1303  0.7242  1.0000  -0.9625   0.0000   0.0000   0.0000   0.4351
   1.500   0.7514   0.01297   0.00718  -0.1311  0.7111  1.0000  -1.0174   0.0000   0.0000   0.0000   0.4212
   2.000   0.8132   0.01294   0.00697  -0.1322  0.6997  1.0000  -1.0782   0.0000   0.0000   0.0000   0.4086
   2.500   0.8685   0.01307   0.00705  -0.1322  0.6842  1.0000  -1.1434   0.0000   0.0000   0.0000   0.3977
   3.000   0.9296   0.01305   0.00685  -0.1330  0.6717  1.0000  -1.2143   0.0000   0.0000   0.0000   0.3878
   3.500   0.9826   0.01317   0.00699  -0.1325  0.6544  1.0000  -1.2791   0.0000   0.0000   0.0000   0.3790
   4.000   1.0377   0.01329   0.00706  -0.1323  0.6376  1.0000  -1.3557   0.0000   0.0000   0.0000   0.3710
   4.500   1.0937   0.01336   0.00704  -0.1322  0.6196  1.0000  -1.4389   0.0000   0.0000   0.0000   0.3637
   5.000   1.1470   0.01356   0.00721  -0.1317  0.6000  1.0000  -1.5275   0.0000   0.0000   0.0000   0.3570
   5.500   1.1980   0.01386   0.00752  -0.1308  0.5779  1.0000  -1.6274   0.0000   0.0000   0.0000   0.3507
   6.000   1.2479   0.01422   0.00783  -0.1298  0.5531  1.0000  -1.7398   0.0000   0.0000   0.0000   0.3448
   6.500   1.2963   0.01470   0.00829  -0.1285  0.5278  1.0000  -1.8686   0.0000   0.0000   0.0000   0.3393
   7.000   1.3424   0.01531   0.00882  -0.1269  0.4999  1.0000  -2.0078   0.0000   0.0000   0.0000   0.3339
   7.500   1.3848   0.01603   0.00954  -0.1248  0.4708  1.0000  -2.1680   0.0000   0.0000   0.0000   0.3288
   8.000   1.4238   0.01687   0.01039  -0.1223  0.4403  1.0000  -2.3410   0.0000   0.0000   0.0000   0.3237
   8.500   1.4586   0.01787   0.01135  -0.1191  0.4092  1.0000  -2.5511   0.0000   0.0000   0.0000   0.3187
   9.000   1.4872   0.01904   0.01248  -0.1150  0.3797  1.0000  -2.8059   0.0000   0.0000   0.0000   0.3136
   9.500   1.5097   0.02051   0.01387  -0.1102  0.3502  1.0000  -3.0697   0.0000   0.0000   0.0000   0.3085
  10.000   1.5293   0.02219   0.01559  -0.1056  0.3207  1.0000  -3.3302   0.0000   0.0000   0.0000   0.3036
  10.500   1.5460   0.02426   0.01767  -0.1011  0.2922  1.0000  -3.5860   0.0000   0.0000   0.0000   0.2991
  11.000   1.5598   0.02674   0.02018  -0.0969  0.2645  1.0000  -3.8362   0.0000   0.0000   0.0000   0.2949
  11.500   1.5683   0.02980   0.02321  -0.0927  0.2358  1.0000  -4.0702   0.0000   0.0000   0.0000   0.2909
  12.000   1.5735   0.03337   0.02674  -0.0888  0.2084  1.0000  -4.2971   0.0000   0.0000   0.0000   0.2873
  12.500   1.5757   0.03743   0.03077  -0.0852  0.1830  1.0000  -4.5172   0.0000   0.0000   0.0000   0.2839
  13.000   1.5768   0.04185   0.03521  -0.0821  0.1590  1.0000  -4.7332   0.0000   0.0000   0.0000   0.2809
  13.500   1.5735   0.04694   0.04030  -0.0792  0.1374  1.0000  -4.9292   0.0000   0.0000   0.0000   0.2781
  14.500   1.5688   0.05800   0.05157  -0.0752  0.1027  1.0000  -5.3230   0.0000   0.0000   0.0000   0.2736
  15.000   1.5620   0.06447   0.05815  -0.0739  0.0891  1.0000  -5.4922   0.0000   0.0000   0.0000   0.2718


