xflr5 v6.59

 Calculated polar for: revR_10_revT

 1 1 Reynolds number fixed          Mach number fixed         

 xtrf =   1.000 (top)        1.000 (bottom)
 Mach =   0.000     Re =     0.380 e 6     Ncrit =   9.000

  alpha     CL        CD       CDp       Cm    Top Xtr Bot Xtr   Cpmin    Chinge    XCp    
 ------- -------- --------- --------- -------- ------- ------- -------- --------- ---------
  -4.500  -0.1712   0.01083   0.00425  -0.0719  0.8769  0.0877  -2.1962   0.0000   0.0000   0.0000  -0.1818
  -4.000  -0.1200   0.01019   0.00375  -0.0711  0.8613  0.1403  -1.8336   0.0000   0.0000   0.0000  -0.3563
  -3.500  -0.0677   0.00966   0.00338  -0.0704  0.8466  0.2104  -1.4991   0.0000   0.0000   0.0000  -0.8100
  -3.000  -0.0173   0.00903   0.00308  -0.0695  0.8308  0.3135  -1.2185   0.0000   0.0000   0.0000  -3.8287
  -2.500   0.0331   0.00839   0.00285  -0.0685  0.8156  0.4494  -1.0132   0.0000   0.0000   0.0000   2.3474
  -2.000   0.0832   0.00784   0.00276  -0.0672  0.8016  0.6012  -0.8162   0.0000   0.0000   0.0000   1.0659
  -1.500   0.1344   0.00763   0.00278  -0.0658  0.7858  0.6988  -0.6261   0.0000   0.0000   0.0000   0.7426
  -1.000   0.1863   0.00757   0.00280  -0.0643  0.7700  0.7633  -0.5179   0.0000   0.0000   0.0000   0.5959
  -0.500   0.2389   0.00755   0.00277  -0.0630  0.7536  0.8040  -0.5612   0.0000   0.0000   0.0000   0.5132
   0.000   0.2905   0.00755   0.00279  -0.0615  0.7368  0.8412  -0.6046   0.0000   0.0000   0.0000   0.4604
   0.500   0.3410   0.00754   0.00277  -0.0597  0.7176  0.8739  -0.6549   0.0000   0.0000   0.0000   0.4231
   1.000   0.3908   0.00756   0.00277  -0.0577  0.6991  0.9062  -0.7053   0.0000   0.0000   0.0000   0.3952
   1.500   0.4422   0.00758   0.00275  -0.0560  0.6771  0.9408  -0.7588   0.0000   0.0000   0.0000   0.3738
   2.000   0.5102   0.00765   0.00276  -0.0582  0.6529  0.9665  -0.8330   0.0000   0.0000   0.0000   0.3608
   2.500   0.5911   0.00778   0.00283  -0.0635  0.6255  0.9825  -0.9204   0.0000   0.0000   0.0000   0.3537
   3.000   0.6695   0.00795   0.00288  -0.0684  0.5917  0.9974  -1.0234   0.0000   0.0000   0.0000   0.3480
   3.500   0.7115   0.00817   0.00298  -0.0661  0.5619  1.0000  -1.1142   0.0000   0.0000   0.0000   0.3383
   4.000   0.7525   0.00847   0.00317  -0.0633  0.5281  1.0000  -1.2143   0.0000   0.0000   0.0000   0.3290
   4.500   0.7978   0.00887   0.00344  -0.0612  0.4930  1.0000  -1.3560   0.0000   0.0000   0.0000   0.3213
   5.000   0.8442   0.00932   0.00377  -0.0595  0.4534  1.0000  -1.6105   0.0000   0.0000   0.0000   0.3145
   5.500   0.8907   0.00984   0.00419  -0.0578  0.4183  1.0000  -1.9332   0.0000   0.0000   0.0000   0.3084
   6.000   0.9356   0.01045   0.00464  -0.0559  0.3729  1.0000  -2.2674   0.0000   0.0000   0.0000   0.3027
   6.500   0.9779   0.01123   0.00519  -0.0537  0.3204  1.0000  -2.6075   0.0000   0.0000   0.0000   0.2973
   7.000   1.0194   0.01206   0.00583  -0.0515  0.2670  1.0000  -2.9583   0.0000   0.0000   0.0000   0.2923
   7.500   1.0594   0.01299   0.00660  -0.0490  0.2204  1.0000  -3.3152   0.0000   0.0000   0.0000   0.2875
   8.000   1.0953   0.01412   0.00749  -0.0460  0.1677  1.0000  -3.6855   0.0000   0.0000   0.0000   0.2826
   8.500   1.1276   0.01539   0.00852  -0.0425  0.1214  1.0000  -4.0502   0.0000   0.0000   0.0000   0.2777
   9.000   1.1556   0.01672   0.00967  -0.0384  0.0866  1.0000  -4.4031   0.0000   0.0000   0.0000   0.2725
   9.500   1.1786   0.01797   0.01091  -0.0333  0.0651  1.0000  -4.7377   0.0000   0.0000   0.0000   0.2669
  10.000   1.1989   0.01943   0.01233  -0.0282  0.0480  1.0000  -5.0568   0.0000   0.0000   0.0000   0.2615
  10.500   1.2140   0.02127   0.01414  -0.0229  0.0327  1.0000  -5.3264   0.0000   0.0000   0.0000   0.2561
  11.000   1.2171   0.02402   0.01694  -0.0168  0.0220  1.0000  -5.4718   0.0000   0.0000   0.0000   0.2503
  11.500   1.2296   0.02643   0.01952  -0.0126  0.0193  1.0000  -5.7024   0.0000   0.0000   0.0000   0.2460
  12.000   1.2384   0.02934   0.02258  -0.0089  0.0177  1.0000  -5.9341   0.0000   0.0000   0.0000   0.2421
  12.500   1.2399   0.03311   0.02656  -0.0056  0.0164  1.0000  -6.1178   0.0000   0.0000   0.0000   0.2385
  13.000   1.2335   0.03802   0.03169  -0.0027  0.0156  1.0000  -6.2321   0.0000   0.0000   0.0000   0.2354
  13.500   1.2249   0.04371   0.03765  -0.0007  0.0150  1.0000  -6.3125   0.0000   0.0000   0.0000   0.2328
  14.000   1.2311   0.04824   0.04238  -0.0000  0.0147  1.0000  -6.5300   0.0000   0.0000   0.0000   0.2313
  14.500   1.2339   0.05351   0.04788   0.0001  0.0145  1.0000  -6.7157   0.0000   0.0000   0.0000   0.2303
  15.000   1.2338   0.05949   0.05411  -0.0005  0.0142  1.0000  -6.8725   0.0000   0.0000   0.0000   0.2297


