xflr5 v6.59

 Calculated polar for: revR_80_revT

 1 1 Reynolds number fixed          Mach number fixed         

 xtrf =   1.000 (top)        1.000 (bottom)
 Mach =   0.000     Re =     0.335 e 6     Ncrit =   9.000

  alpha     CL        CD       CDp       Cm    Top Xtr Bot Xtr   Cpmin    Chinge    XCp    
 ------- -------- --------- --------- -------- ------- ------- -------- --------- ---------
  -5.000   0.0580   0.01403   0.00730  -0.1369  0.8081  0.0527  -2.2959   0.0000   0.0000   0.0000   2.6689
  -4.500   0.1140   0.01308   0.00616  -0.1369  0.8000  0.0637  -2.0391   0.0000   0.0000   0.0000   1.4774
  -4.000   0.1697   0.01239   0.00550  -0.1372  0.7921  0.0882  -1.7914   0.0000   0.0000   0.0000   1.0740
  -3.500   0.2256   0.01181   0.00500  -0.1374  0.7829  0.1292  -1.5434   0.0000   0.0000   0.0000   0.8688
  -3.000   0.2828   0.01133   0.00468  -0.1378  0.7746  0.1962  -1.2945   0.0000   0.0000   0.0000   0.7438
  -2.500   0.3390   0.01102   0.00459  -0.1382  0.7665  0.2681  -1.0672   0.0000   0.0000   0.0000   0.6618
  -1.500   0.4528   0.01032   0.00429  -0.1387  0.7477  0.4562  -0.7633   0.0000   0.0000   0.0000   0.5577
  -1.000   0.5074   0.01001   0.00437  -0.1386  0.7381  0.5782  -0.8048   0.0000   0.0000   0.0000   0.5233
  -0.500   0.5622   0.00977   0.00438  -0.1380  0.7280  0.6901  -0.8481   0.0000   0.0000   0.0000   0.4948
   0.000   0.6153   0.00976   0.00449  -0.1369  0.7182  0.7740  -0.8906   0.0000   0.0000   0.0000   0.4711
   0.500   0.6658   0.00964   0.00448  -0.1352  0.7060  0.8329  -0.9343   0.0000   0.0000   0.0000   0.4509
   1.000   0.7147   0.00963   0.00445  -0.1331  0.6957  0.8874  -0.9815   0.0000   0.0000   0.0000   0.4334
   1.500   0.7638   0.00941   0.00435  -0.1311  0.6833  0.9674  -1.0326   0.0000   0.0000   0.0000   0.4182
   2.000   0.8275   0.00947   0.00423  -0.1329  0.6698  1.0000  -1.0954   0.0000   0.0000   0.0000   0.4065
   2.500   0.8847   0.00955   0.00428  -0.1334  0.6552  1.0000  -1.1622   0.0000   0.0000   0.0000   0.3960
   3.000   0.9417   0.00972   0.00435  -0.1337  0.6402  1.0000  -1.2298   0.0000   0.0000   0.0000   0.3866
   3.500   0.9978   0.00989   0.00439  -0.1338  0.6227  1.0000  -1.2978   0.0000   0.0000   0.0000   0.3781
   4.000   1.0517   0.01008   0.00458  -0.1336  0.6032  1.0000  -1.3743   0.0000   0.0000   0.0000   0.3704
   4.500   1.1055   0.01037   0.00484  -0.1333  0.5841  1.0000  -1.4553   0.0000   0.0000   0.0000   0.3633
   5.000   1.1580   0.01071   0.00512  -0.1328  0.5622  1.0000  -1.5448   0.0000   0.0000   0.0000   0.3568
   5.500   1.2086   0.01112   0.00547  -0.1320  0.5372  1.0000  -1.6450   0.0000   0.0000   0.0000   0.3507
   6.000   1.2581   0.01161   0.00590  -0.1311  0.5125  1.0000  -1.7599   0.0000   0.0000   0.0000   0.3449
   6.500   1.3052   0.01219   0.00642  -0.1298  0.4843  1.0000  -1.8876   0.0000   0.0000   0.0000   0.3394
   7.000   1.3500   0.01288   0.00704  -0.1281  0.4556  1.0000  -2.0281   0.0000   0.0000   0.0000   0.3342
   7.500   1.3913   0.01372   0.00777  -0.1259  0.4254  1.0000  -2.1892   0.0000   0.0000   0.0000   0.3291
   8.000   1.4308   0.01457   0.00860  -0.1235  0.3950  1.0000  -2.3670   0.0000   0.0000   0.0000   0.3241
   8.500   1.4652   0.01555   0.00955  -0.1203  0.3660  1.0000  -2.5815   0.0000   0.0000   0.0000   0.3191
   9.000   1.4933   0.01679   0.01073  -0.1163  0.3347  1.0000  -2.8565   0.0000   0.0000   0.0000   0.3141
   9.500   1.5169   0.01835   0.01220  -0.1120  0.3051  1.0000  -3.1266   0.0000   0.0000   0.0000   0.3092
  10.000   1.5392   0.02014   0.01395  -0.1080  0.2776  1.0000  -3.3996   0.0000   0.0000   0.0000   0.3047
  10.500   1.5600   0.02221   0.01598  -0.1043  0.2485  1.0000  -3.6741   0.0000   0.0000   0.0000   0.3005
  11.000   1.5774   0.02466   0.01842  -0.1006  0.2197  1.0000  -3.9425   0.0000   0.0000   0.0000   0.2965
  11.500   1.5913   0.02752   0.02123  -0.0970  0.1925  1.0000  -4.2115   0.0000   0.0000   0.0000   0.2927
  12.000   1.6016   0.03083   0.02450  -0.0935  0.1662  1.0000  -4.4697   0.0000   0.0000   0.0000   0.2892
  12.500   1.6076   0.03465   0.02826  -0.0900  0.1421  1.0000  -4.7129   0.0000   0.0000   0.0000   0.2858
  13.000   1.6114   0.03883   0.03241  -0.0869  0.1201  1.0000  -4.9492   0.0000   0.0000   0.0000   0.2827
  13.500   1.6140   0.04333   0.03693  -0.0841  0.1017  1.0000  -5.1815   0.0000   0.0000   0.0000   0.2798
  14.000   1.6164   0.04814   0.04183  -0.0817  0.0867  1.0000  -5.4125   0.0000   0.0000   0.0000   0.2772
  14.500   1.6138   0.05374   0.04748  -0.0797  0.0736  1.0000  -5.6187   0.0000   0.0000   0.0000   0.2750
  15.000   1.6094   0.05979   0.05359  -0.0782  0.0627  1.0000  -5.8158   0.0000   0.0000   0.0000   0.2731


