xflr5 v6.59

 Calculated polar for: revR_05_revT

 1 1 Reynolds number fixed          Mach number fixed         

 xtrf =   1.000 (top)        1.000 (bottom)
 Mach =   0.000     Re =     0.280 e 6     Ncrit =   9.000

  alpha     CL        CD       CDp       Cm    Top Xtr Bot Xtr   Cpmin    Chinge    XCp    
 ------- -------- --------- --------- -------- ------- ------- -------- --------- ---------
  -5.000  -0.2496   0.01342   0.00654  -0.0684  0.9279  0.0702  -2.5715   0.0000   0.0000   0.0000  -0.0334
  -4.500  -0.1896   0.01214   0.00528  -0.0693  0.9154  0.1049  -2.1975   0.0000   0.0000   0.0000  -0.1262
  -4.000  -0.1376   0.01127   0.00462  -0.0686  0.8981  0.1718  -1.8381   0.0000   0.0000   0.0000  -0.2607
  -3.500  -0.0876   0.01052   0.00424  -0.0677  0.8815  0.2721  -1.4962   0.0000   0.0000   0.0000  -0.5387
  -3.000  -0.0375   0.00976   0.00389  -0.0666  0.8661  0.4064  -1.2074   0.0000   0.0000   0.0000  -1.5545
  -2.500   0.0099   0.00907   0.00371  -0.0646  0.8490  0.5642  -1.0085   0.0000   0.0000   0.0000   6.8514
  -2.000   0.0580   0.00877   0.00377  -0.0623  0.8321  0.6891  -0.8157   0.0000   0.0000   0.0000   1.3372
  -1.500   0.1091   0.00874   0.00379  -0.0605  0.8171  0.7573  -0.6262   0.0000   0.0000   0.0000   0.8085
  -1.000   0.1596   0.00872   0.00376  -0.0583  0.7999  0.8074  -0.4961   0.0000   0.0000   0.0000   0.6168
  -0.500   0.2091   0.00873   0.00375  -0.0562  0.7816  0.8468  -0.5375   0.0000   0.0000   0.0000   0.5186
   0.000   0.2578   0.00873   0.00375  -0.0537  0.7640  0.8822  -0.5797   0.0000   0.0000   0.0000   0.4571
   0.500   0.3075   0.00873   0.00368  -0.0514  0.7457  0.9165  -0.6294   0.0000   0.0000   0.0000   0.4155
   1.000   0.3697   0.00874   0.00360  -0.0518  0.7251  0.9460  -0.6871   0.0000   0.0000   0.0000   0.3878
   1.500   0.4461   0.00881   0.00357  -0.0556  0.7029  0.9672  -0.7588   0.0000   0.0000   0.0000   0.3719
   2.000   0.5324   0.00886   0.00353  -0.0618  0.6758  0.9809  -0.8461   0.0000   0.0000   0.0000   0.3629
   2.500   0.6128   0.00889   0.00352  -0.0671  0.6474  0.9954  -0.9412   0.0000   0.0000   0.0000   0.3559
   3.000   0.6615   0.00896   0.00348  -0.0662  0.6154  1.0000  -1.0207   0.0000   0.0000   0.0000   0.3460
   3.500   0.6950   0.00916   0.00356  -0.0620  0.5856  1.0000  -1.1112   0.0000   0.0000   0.0000   0.3348
   4.000   0.7352   0.00945   0.00375  -0.0590  0.5522  1.0000  -1.2164   0.0000   0.0000   0.0000   0.3254
   4.500   0.7790   0.00984   0.00402  -0.0567  0.5159  1.0000  -1.3793   0.0000   0.0000   0.0000   0.3173
   5.000   0.8243   0.01029   0.00437  -0.0546  0.4769  1.0000  -1.6650   0.0000   0.0000   0.0000   0.3104
   5.500   0.8692   0.01085   0.00479  -0.0526  0.4379  1.0000  -1.9888   0.0000   0.0000   0.0000   0.3042
   6.000   0.9142   0.01142   0.00528  -0.0507  0.3960  1.0000  -2.3285   0.0000   0.0000   0.0000   0.2985
   6.500   0.9572   0.01211   0.00584  -0.0485  0.3499  1.0000  -2.6767   0.0000   0.0000   0.0000   0.2932
   7.000   0.9984   0.01292   0.00649  -0.0461  0.3019  1.0000  -3.0317   0.0000   0.0000   0.0000   0.2882
   7.500   1.0364   0.01390   0.00731  -0.0433  0.2499  1.0000  -3.3862   0.0000   0.0000   0.0000   0.2832
   8.000   1.0711   0.01508   0.00825  -0.0402  0.1908  1.0000  -3.7370   0.0000   0.0000   0.0000   0.2783
   8.500   1.0994   0.01660   0.00942  -0.0362  0.1321  1.0000  -4.0694   0.0000   0.0000   0.0000   0.2731
   9.000   1.1260   0.01807   0.01072  -0.0320  0.0933  1.0000  -4.4144   0.0000   0.0000   0.0000   0.2679
   9.500   1.1436   0.01966   0.01224  -0.0263  0.0680  1.0000  -4.7184   0.0000   0.0000   0.0000   0.2618
  10.000   1.1620   0.02130   0.01389  -0.0211  0.0516  1.0000  -5.0202   0.0000   0.0000   0.0000   0.2564
  10.500   1.1739   0.02346   0.01606  -0.0157  0.0369  1.0000  -5.2571   0.0000   0.0000   0.0000   0.2509
  11.000   1.1771   0.02639   0.01914  -0.0101  0.0277  1.0000  -5.3915   0.0000   0.0000   0.0000   0.2453
  11.500   1.1775   0.02986   0.02273  -0.0055  0.0239  1.0000  -5.5363   0.0000   0.0000   0.0000   0.2406
  12.000   1.1700   0.03461   0.02772  -0.0012  0.0220  1.0000  -5.5957   0.0000   0.0000   0.0000   0.2361
  12.500   1.1801   0.03824   0.03157   0.0012  0.0213  1.0000  -5.7898   0.0000   0.0000   0.0000   0.2333
  13.000   1.1884   0.04239   0.03601   0.0032  0.0206  1.0000  -5.9622   0.0000   0.0000   0.0000   0.2307
  13.500   1.1949   0.04708   0.04097   0.0046  0.0202  1.0000  -6.1150   0.0000   0.0000   0.0000   0.2287
  14.000   1.1978   0.05248   0.04668   0.0055  0.0198  1.0000  -6.2375   0.0000   0.0000   0.0000   0.2271
  14.500   1.1949   0.05886   0.05340   0.0055  0.0196  1.0000  -6.3202   0.0000   0.0000   0.0000   0.2261
  15.000   1.1843   0.06658   0.06149   0.0043  0.0195  1.0000  -6.3499   0.0000   0.0000   0.0000   0.2262


