xflr5 v6.59

 Calculated polar for: revR_60_revT

 1 1 Reynolds number fixed          Mach number fixed         

 xtrf =   1.000 (top)        1.000 (bottom)
 Mach =   0.000     Re =     0.220 e 6     Ncrit =   9.000

  alpha     CL        CD       CDp       Cm    Top Xtr Bot Xtr   Cpmin    Chinge    XCp    
 ------- -------- --------- --------- -------- ------- ------- -------- --------- ---------
  -5.000  -0.0223   0.01673   0.00951  -0.1218  0.8614  0.0670  -2.3114   0.0000   0.0000   0.0000  -5.3508
  -4.500   0.0333   0.01579   0.00842  -0.1216  0.8523  0.0827  -1.9959   0.0000   0.0000   0.0000   3.9815
  -4.000   0.0849   0.01467   0.00742  -0.1212  0.8418  0.1185  -1.7442   0.0000   0.0000   0.0000   1.7051
  -3.500   0.1393   0.01390   0.00680  -0.1211  0.8308  0.1825  -1.5104   0.0000   0.0000   0.0000   1.1335
  -3.000   0.1943   0.01336   0.00652  -0.1211  0.8214  0.2709  -1.2731   0.0000   0.0000   0.0000   0.8818
  -2.500   0.2476   0.01288   0.00634  -0.1209  0.8097  0.3712  -1.0516   0.0000   0.0000   0.0000   0.7436
  -2.000   0.3037   0.01239   0.00618  -0.1207  0.8008  0.5005  -0.8379   0.0000   0.0000   0.0000   0.6506
  -1.500   0.3531   0.01208   0.00634  -0.1192  0.7877  0.6354  -0.6669   0.0000   0.0000   0.0000   0.5893
  -1.000   0.4053   0.01189   0.00630  -0.1173  0.7776  0.7414  -0.7081   0.0000   0.0000   0.0000   0.5400
  -0.500   0.4516   0.01195   0.00650  -0.1146  0.7651  0.8122  -0.7452   0.0000   0.0000   0.0000   0.5035
   0.000   0.4985   0.01179   0.00630  -0.1114  0.7541  0.8740  -0.7854   0.0000   0.0000   0.0000   0.4724
   0.500   0.5407   0.01166   0.00622  -0.1076  0.7402  0.9351  -0.8271   0.0000   0.0000   0.0000   0.4472
   1.000   0.6190   0.01139   0.00577  -0.1117  0.7286  1.0000  -0.8906   0.0000   0.0000   0.0000   0.4280
   1.500   0.6740   0.01154   0.00584  -0.1122  0.7135  1.0000  -0.9466   0.0000   0.0000   0.0000   0.4133
   2.000   0.7326   0.01158   0.00573  -0.1128  0.6989  1.0000  -1.0078   0.0000   0.0000   0.0000   0.4002
   2.500   0.7900   0.01162   0.00566  -0.1130  0.6830  1.0000  -1.0724   0.0000   0.0000   0.0000   0.3888
   3.000   0.8452   0.01176   0.00576  -0.1129  0.6653  1.0000  -1.1395   0.0000   0.0000   0.0000   0.3788
   3.500   0.9007   0.01185   0.00578  -0.1128  0.6466  1.0000  -1.2123   0.0000   0.0000   0.0000   0.3698
   4.000   0.9562   0.01200   0.00585  -0.1126  0.6276  1.0000  -1.2936   0.0000   0.0000   0.0000   0.3617
   4.500   1.0102   0.01219   0.00597  -0.1121  0.6057  1.0000  -1.3839   0.0000   0.0000   0.0000   0.3544
   5.000   1.0626   0.01246   0.00620  -0.1115  0.5813  1.0000  -1.4874   0.0000   0.0000   0.0000   0.3477
   5.500   1.1135   0.01282   0.00655  -0.1106  0.5548  1.0000  -1.6036   0.0000   0.0000   0.0000   0.3415
   6.000   1.1629   0.01327   0.00697  -0.1095  0.5255  1.0000  -1.7362   0.0000   0.0000   0.0000   0.3356
   6.500   1.2109   0.01383   0.00748  -0.1082  0.4953  1.0000  -1.8942   0.0000   0.0000   0.0000   0.3302
   7.000   1.2561   0.01454   0.00807  -0.1065  0.4619  1.0000  -2.0746   0.0000   0.0000   0.0000   0.3249
   7.500   1.2996   0.01529   0.00884  -0.1046  0.4292  1.0000  -2.2991   0.0000   0.0000   0.0000   0.3199
   8.000   1.3394   0.01623   0.00971  -0.1022  0.3949  1.0000  -2.5888   0.0000   0.0000   0.0000   0.3150
   8.500   1.3751   0.01729   0.01072  -0.0993  0.3584  1.0000  -2.8872   0.0000   0.0000   0.0000   0.3102
   9.000   1.4068   0.01850   0.01189  -0.0959  0.3255  1.0000  -3.1820   0.0000   0.0000   0.0000   0.3053
   9.500   1.4308   0.01998   0.01329  -0.0915  0.2929  1.0000  -3.4589   0.0000   0.0000   0.0000   0.3003
  10.000   1.4510   0.02174   0.01501  -0.0870  0.2569  1.0000  -3.7285   0.0000   0.0000   0.0000   0.2955
  10.500   1.4651   0.02410   0.01731  -0.0825  0.2244  1.0000  -3.9795   0.0000   0.0000   0.0000   0.2910
  11.000   1.4814   0.02661   0.01984  -0.0788  0.1925  1.0000  -4.2462   0.0000   0.0000   0.0000   0.2871
  11.500   1.4898   0.02991   0.02306  -0.0751  0.1609  1.0000  -4.4886   0.0000   0.0000   0.0000   0.2833
  12.000   1.4931   0.03389   0.02695  -0.0715  0.1330  1.0000  -4.7087   0.0000   0.0000   0.0000   0.2798
  12.500   1.4969   0.03809   0.03116  -0.0684  0.1095  1.0000  -4.9286   0.0000   0.0000   0.0000   0.2767
  13.000   1.4942   0.04311   0.03616  -0.0655  0.0900  1.0000  -5.1170   0.0000   0.0000   0.0000   0.2739
  13.500   1.4920   0.04835   0.04147  -0.0633  0.0752  1.0000  -5.3041   0.0000   0.0000   0.0000   0.2714
  14.000   1.4914   0.05379   0.04714  -0.0616  0.0638  1.0000  -5.4919   0.0000   0.0000   0.0000   0.2693
  14.500   1.4744   0.06133   0.05471  -0.0600  0.0541  1.0000  -5.5910   0.0000   0.0000   0.0000   0.2677
  15.000   1.4747   0.06733   0.06097  -0.0594  0.0484  1.0000  -5.7733   0.0000   0.0000   0.0000   0.2662


