xflr5 v6.59

 Calculated polar for: revR_95_revT

 1 1 Reynolds number fixed          Mach number fixed         

 xtrf =   1.000 (top)        1.000 (bottom)
 Mach =   0.000     Re =     0.095 e 6     Ncrit =   9.000

  alpha     CL        CD       CDp       Cm    Top Xtr Bot Xtr   Cpmin    Chinge    XCp    
 ------- -------- --------- --------- -------- ------- ------- -------- --------- ---------
  -5.000  -0.1842   0.06065   0.05573  -0.0992  0.8813  0.1266  -1.9162   0.0000   0.0000   0.0000  -0.3074
  -4.000   0.0093   0.03686   0.02879  -0.1306  0.8682  0.1067  -2.0208   0.0000   0.0000   0.0000  14.6718
  -3.500   0.0594   0.03495   0.02636  -0.1311  0.8560  0.1203  -1.8925   0.0000   0.0000   0.0000   2.5087
  -3.000   0.1434   0.03342   0.02478  -0.1363  0.8477  0.1617  -1.6512   0.0000   0.0000   0.0000   1.2190
  -2.500   0.1903   0.03321   0.02467  -0.1362  0.8353  0.2144  -1.4843   0.0000   0.0000   0.0000   0.9779
  -2.000   0.2585   0.03262   0.02446  -0.1390  0.8242  0.3184  -1.2527   0.0000   0.0000   0.0000   0.7952
  -1.500   0.3475   0.03175   0.02411  -0.1439  0.8182  0.4737  -0.9757   0.0000   0.0000   0.0000   0.6683
  -1.000   0.3673   0.03278   0.02564  -0.1392  0.7993  0.5928  -0.8449   0.0000   0.0000   0.0000   0.6319
  -0.500   0.4290   0.03215   0.02547  -0.1364  0.7924  0.7911  -0.7423   0.0000   0.0000   0.0000   0.5693
   0.500   0.5266   0.03284   0.02580  -0.1336  0.7659  1.0000  -0.8158   0.0000   0.0000   0.0000   0.5027
   1.500   0.6357   0.03469   0.02715  -0.1348  0.7372  1.0000  -0.9086   0.0000   0.0000   0.0000   0.4593
   2.500   0.7043   0.03835   0.03058  -0.1314  0.6984  1.0000  -0.9747   0.0000   0.0000   0.0000   0.4324
   3.000   0.7852   0.03730   0.02940  -0.1334  0.6907  1.0000  -1.0603   0.0000   0.0000   0.0000   0.4149
   4.500   0.9326   0.03907   0.03111  -0.1302  0.6427  1.0000  -1.2369   0.0000   0.0000   0.0000   0.3824
   5.000   1.0278   0.03583   0.02788  -0.1322  0.6387  1.0000  -1.3586   0.0000   0.0000   0.0000   0.3708
   6.000   1.1643   0.03320   0.02535  -0.1324  0.6130  1.0000  -1.5656   0.0000   0.0000   0.0000   0.3544
   6.500   1.1973   0.03413   0.02640  -0.1291  0.5919  1.0000  -1.6421   0.0000   0.0000   0.0000   0.3478
   7.500   1.3602   0.02994   0.02231  -0.1323  0.5621  1.0000  -1.9694   0.0000   0.0000   0.0000   0.3356
   8.000   1.4077   0.02994   0.02243  -0.1303  0.5388  1.0000  -2.1158   0.0000   0.0000   0.0000   0.3301
   8.500   1.4595   0.02980   0.02237  -0.1288  0.5143  1.0000  -2.2835   0.0000   0.0000   0.0000   0.3250
   9.000   1.5111   0.02973   0.02229  -0.1273  0.4875  1.0000  -2.4684   0.0000   0.0000   0.0000   0.3201
   9.500   1.5583   0.03012   0.02264  -0.1255  0.4595  1.0000  -2.7064   0.0000   0.0000   0.0000   0.3155
  10.000   1.5880   0.03118   0.02376  -0.1214  0.4301  1.0000  -2.9187   0.0000   0.0000   0.0000   0.3106
  10.500   1.6050   0.03270   0.02536  -0.1158  0.4019  1.0000  -3.1501   0.0000   0.0000   0.0000   0.3054
  11.000   1.6210   0.03454   0.02726  -0.1106  0.3744  1.0000  -3.3827   0.0000   0.0000   0.0000   0.3005
  11.500   1.6307   0.03676   0.02953  -0.1050  0.3468  1.0000  -3.5988   0.0000   0.0000   0.0000   0.2957
  12.000   1.6350   0.03942   0.03227  -0.0995  0.3193  1.0000  -3.7990   0.0000   0.0000   0.0000   0.2912
  12.500   1.6375   0.04255   0.03544  -0.0945  0.2929  1.0000  -3.9935   0.0000   0.0000   0.0000   0.2870
  13.000   1.6378   0.04616   0.03910  -0.0898  0.2675  1.0000  -4.1854   0.0000   0.0000   0.0000   0.2831
  13.500   1.6345   0.05030   0.04330  -0.0855  0.2430  1.0000  -4.3636   0.0000   0.0000   0.0000   0.2796
  14.000   1.6273   0.05502   0.04808  -0.0816  0.2197  1.0000  -4.5252   0.0000   0.0000   0.0000   0.2763
  14.500   1.6190   0.06019   0.05331  -0.0782  0.1982  1.0000  -4.6788   0.0000   0.0000   0.0000   0.2734
  15.000   1.6098   0.06576   0.05897  -0.0754  0.1782  1.0000  -4.8264   0.0000   0.0000   0.0000   0.2708


