xflr5 v6.59

 Calculated polar for: revR_65_revT

 1 1 Reynolds number fixed          Mach number fixed         

 xtrf =   1.000 (top)        1.000 (bottom)
 Mach =   0.000     Re =     0.175 e 6     Ncrit =   9.000

  alpha     CL        CD       CDp       Cm    Top Xtr Bot Xtr   Cpmin    Chinge    XCp    
 ------- -------- --------- --------- -------- ------- ------- -------- --------- ---------
  -5.000  -0.0075   0.02005   0.01254  -0.1279  0.8754  0.0744  -2.2426   0.0000   0.0000   0.0000  -17.1557
  -4.500   0.0412   0.01859   0.01101  -0.1270  0.8637  0.0909  -1.9876   0.0000   0.0000   0.0000   3.3981
  -4.000   0.0972   0.01742   0.00978  -0.1270  0.8542  0.1213  -1.7501   0.0000   0.0000   0.0000   1.5816
  -3.500   0.1530   0.01651   0.00911  -0.1272  0.8450  0.1873  -1.5210   0.0000   0.0000   0.0000   1.0957
  -3.000   0.2051   0.01591   0.00877  -0.1269  0.8326  0.2742  -1.2939   0.0000   0.0000   0.0000   0.8774
  -2.500   0.2637   0.01524   0.00842  -0.1272  0.8247  0.3843  -1.0654   0.0000   0.0000   0.0000   0.7378
  -2.000   0.3125   0.01496   0.00861  -0.1261  0.8113  0.5155  -0.8641   0.0000   0.0000   0.0000   0.6572
  -1.500   0.3658   0.01451   0.00855  -0.1245  0.8022  0.6567  -0.6782   0.0000   0.0000   0.0000   0.5925
  -1.000   0.4103   0.01460   0.00885  -0.1214  0.7887  0.7607  -0.7125   0.0000   0.0000   0.0000   0.5467
  -0.500   0.4555   0.01439   0.00868  -0.1175  0.7783  0.8409  -0.7509   0.0000   0.0000   0.0000   0.5077
   0.000   0.4919   0.01444   0.00878  -0.1124  0.7653  0.9107  -0.7832   0.0000   0.0000   0.0000   0.4776
   0.500   0.5680   0.01393   0.00813  -0.1155  0.7544  1.0000  -0.8455   0.0000   0.0000   0.0000   0.4515
   1.000   0.6238   0.01413   0.00818  -0.1162  0.7400  1.0000  -0.8952   0.0000   0.0000   0.0000   0.4338
   1.500   0.6866   0.01400   0.00783  -0.1173  0.7285  1.0000  -0.9554   0.0000   0.0000   0.0000   0.4178
   2.000   0.7409   0.01422   0.00799  -0.1173  0.7125  1.0000  -1.0140   0.0000   0.0000   0.0000   0.4047
   2.500   0.8010   0.01414   0.00776  -0.1177  0.6987  1.0000  -1.0786   0.0000   0.0000   0.0000   0.3927
   3.000   0.8573   0.01415   0.00771  -0.1177  0.6821  1.0000  -1.1447   0.0000   0.0000   0.0000   0.3824
   3.500   0.9116   0.01429   0.00782  -0.1173  0.6642  1.0000  -1.2178   0.0000   0.0000   0.0000   0.3732
   4.000   0.9676   0.01429   0.00776  -0.1170  0.6457  1.0000  -1.2956   0.0000   0.0000   0.0000   0.3649
   4.500   1.0243   0.01435   0.00774  -0.1169  0.6274  1.0000  -1.3871   0.0000   0.0000   0.0000   0.3574
   5.000   1.0787   0.01447   0.00780  -0.1164  0.6055  1.0000  -1.4818   0.0000   0.0000   0.0000   0.3506
   5.500   1.1304   0.01471   0.00801  -0.1155  0.5809  1.0000  -1.6012   0.0000   0.0000   0.0000   0.3442
   6.000   1.1802   0.01509   0.00840  -0.1144  0.5546  1.0000  -1.7210   0.0000   0.0000   0.0000   0.3383
   6.500   1.2276   0.01555   0.00888  -0.1129  0.5249  1.0000  -1.8709   0.0000   0.0000   0.0000   0.3326
   7.000   1.2740   0.01614   0.00946  -0.1113  0.4947  1.0000  -2.0320   0.0000   0.0000   0.0000   0.3273
   7.500   1.3180   0.01687   0.01005  -0.1093  0.4617  1.0000  -2.2347   0.0000   0.0000   0.0000   0.3222
   8.000   1.3579   0.01773   0.01096  -0.1069  0.4285  1.0000  -2.4667   0.0000   0.0000   0.0000   0.3172
   8.500   1.3951   0.01874   0.01196  -0.1041  0.3958  1.0000  -2.7566   0.0000   0.0000   0.0000   0.3123
   9.000   1.4255   0.01998   0.01308  -0.1003  0.3607  1.0000  -3.0400   0.0000   0.0000   0.0000   0.3074
   9.500   1.4497   0.02131   0.01445  -0.0958  0.3275  1.0000  -3.3105   0.0000   0.0000   0.0000   0.3023
  10.000   1.4693   0.02303   0.01617  -0.0910  0.2968  1.0000  -3.5792   0.0000   0.0000   0.0000   0.2973
  10.500   1.4827   0.02521   0.01830  -0.0861  0.2647  1.0000  -3.8302   0.0000   0.0000   0.0000   0.2926
  11.000   1.4937   0.02780   0.02091  -0.0817  0.2315  1.0000  -4.0752   0.0000   0.0000   0.0000   0.2883
  11.500   1.4997   0.03107   0.02412  -0.0775  0.2010  1.0000  -4.3017   0.0000   0.0000   0.0000   0.2844
  12.000   1.5030   0.03490   0.02791  -0.0737  0.1724  1.0000  -4.5206   0.0000   0.0000   0.0000   0.2808
  12.500   1.5050   0.03913   0.03217  -0.0704  0.1457  1.0000  -4.7360   0.0000   0.0000   0.0000   0.2776
  13.000   1.5027   0.04399   0.03709  -0.0674  0.1229  1.0000  -4.9303   0.0000   0.0000   0.0000   0.2746
  13.500   1.4961   0.04956   0.04266  -0.0648  0.1044  1.0000  -5.0989   0.0000   0.0000   0.0000   0.2721
  14.000   1.4861   0.05584   0.04892  -0.0627  0.0882  1.0000  -5.2456   0.0000   0.0000   0.0000   0.2699
  14.500   1.4850   0.06169   0.05500  -0.0616  0.0761  1.0000  -5.4283   0.0000   0.0000   0.0000   0.2682
  15.000   1.4745   0.06865   0.06203  -0.0602  0.0659  1.0000  -5.5484   0.0000   0.0000   0.0000   0.2665


