xflr5 v6.59

 Calculated polar for: revR_95_revT

 1 1 Reynolds number fixed          Mach number fixed         

 xtrf =   1.000 (top)        1.000 (bottom)
 Mach =   0.000     Re =     0.185 e 6     Ncrit =   9.000

  alpha     CL        CD       CDp       Cm    Top Xtr Bot Xtr   Cpmin    Chinge    XCp    
 ------- -------- --------- --------- -------- ------- ------- -------- --------- ---------
  -5.000   0.1006   0.02169   0.01441  -0.1519  0.8371  0.0683  -2.2116   0.0000   0.0000   0.0000   1.7993
  -4.500   0.1537   0.01985   0.01234  -0.1517  0.8278  0.0776  -2.0221   0.0000   0.0000   0.0000   1.2596
  -4.000   0.2127   0.01862   0.01108  -0.1523  0.8213  0.0999  -1.7974   0.0000   0.0000   0.0000   0.9806
  -3.500   0.2660   0.01808   0.01058  -0.1522  0.8120  0.1371  -1.5813   0.0000   0.0000   0.0000   0.8325
  -3.000   0.3204   0.01745   0.01016  -0.1524  0.8018  0.2017  -1.3560   0.0000   0.0000   0.0000   0.7328
  -2.500   0.3810   0.01679   0.00968  -0.1532  0.7947  0.2851  -1.1230   0.0000   0.0000   0.0000   0.6569
  -2.000   0.4344   0.01672   0.00987  -0.1532  0.7854  0.3774  -0.9106   0.0000   0.0000   0.0000   0.6058
  -1.500   0.4888   0.01639   0.00986  -0.1529  0.7748  0.4854  -0.7985   0.0000   0.0000   0.0000   0.5648
  -1.000   0.5467   0.01586   0.00968  -0.1525  0.7676  0.6187  -0.8424   0.0000   0.0000   0.0000   0.5297
  -0.500   0.5916   0.01600   0.01013  -0.1499  0.7557  0.7400  -0.8791   0.0000   0.0000   0.0000   0.5032
   0.000   0.6359   0.01575   0.01000  -0.1462  0.7457  0.8325  -0.9172   0.0000   0.0000   0.0000   0.4789
   1.000   0.7378   0.01554   0.00970  -0.1432  0.7242  1.0000  -1.0059   0.0000   0.0000   0.0000   0.4415
   1.500   0.8056   0.01525   0.00916  -0.1452  0.7153  1.0000  -1.0691   0.0000   0.0000   0.0000   0.4268
   2.000   0.8588   0.01568   0.00955  -0.1452  0.7020  1.0000  -1.1220   0.0000   0.0000   0.0000   0.4151
   2.500   0.9214   0.01548   0.00918  -0.1462  0.6912  1.0000  -1.1900   0.0000   0.0000   0.0000   0.4039
   3.000   0.9755   0.01566   0.00933  -0.1459  0.6766  1.0000  -1.2554   0.0000   0.0000   0.0000   0.3942
   3.500   1.0372   0.01544   0.00897  -0.1466  0.6644  1.0000  -1.3284   0.0000   0.0000   0.0000   0.3853
   4.000   1.0890   0.01568   0.00923  -0.1460  0.6484  1.0000  -1.3933   0.0000   0.0000   0.0000   0.3773
   4.500   1.1491   0.01554   0.00897  -0.1464  0.6342  1.0000  -1.4796   0.0000   0.0000   0.0000   0.3699
   5.000   1.2009   0.01560   0.00906  -0.1456  0.6155  1.0000  -1.5600   0.0000   0.0000   0.0000   0.3631
   5.500   1.2519   0.01590   0.00939  -0.1448  0.5970  1.0000  -1.6516   0.0000   0.0000   0.0000   0.3568
   6.000   1.3042   0.01614   0.00960  -0.1441  0.5776  1.0000  -1.7531   0.0000   0.0000   0.0000   0.3509
   6.500   1.3538   0.01643   0.00985  -0.1430  0.5547  1.0000  -1.8724   0.0000   0.0000   0.0000   0.3452
   7.000   1.4014   0.01691   0.01029  -0.1416  0.5314  1.0000  -1.9971   0.0000   0.0000   0.0000   0.3399
   7.500   1.4444   0.01751   0.01089  -0.1395  0.5052  1.0000  -2.1324   0.0000   0.0000   0.0000   0.3346
   8.000   1.4834   0.01828   0.01165  -0.1368  0.4779  1.0000  -2.2791   0.0000   0.0000   0.0000   0.3295
   8.500   1.5184   0.01920   0.01259  -0.1336  0.4504  1.0000  -2.4236   0.0000   0.0000   0.0000   0.3244
   9.000   1.5452   0.02028   0.01365  -0.1291  0.4212  1.0000  -2.5899   0.0000   0.0000   0.0000   0.3191
   9.500   1.5686   0.02163   0.01499  -0.1244  0.3943  1.0000  -2.7807   0.0000   0.0000   0.0000   0.3140
  10.000   1.5880   0.02327   0.01665  -0.1196  0.3680  1.0000  -2.9911   0.0000   0.0000   0.0000   0.3091
  10.500   1.6016   0.02533   0.01870  -0.1145  0.3401  1.0000  -3.2153   0.0000   0.0000   0.0000   0.3044
  11.000   1.6137   0.02775   0.02112  -0.1098  0.3138  1.0000  -3.4385   0.0000   0.0000   0.0000   0.3000
  11.500   1.6248   0.03049   0.02389  -0.1055  0.2892  1.0000  -3.6617   0.0000   0.0000   0.0000   0.2959
  12.000   1.6319   0.03369   0.02714  -0.1013  0.2646  1.0000  -3.8742   0.0000   0.0000   0.0000   0.2921
  12.500   1.6352   0.03740   0.03087  -0.0973  0.2400  1.0000  -4.0817   0.0000   0.0000   0.0000   0.2885
  13.000   1.6353   0.04160   0.03510  -0.0936  0.2159  1.0000  -4.2789   0.0000   0.0000   0.0000   0.2852
  13.500   1.6332   0.04631   0.03984  -0.0904  0.1929  1.0000  -4.4684   0.0000   0.0000   0.0000   0.2822
  14.000   1.6301   0.05147   0.04506  -0.0877  0.1714  1.0000  -4.6529   0.0000   0.0000   0.0000   0.2795
  14.500   1.6252   0.05714   0.05078  -0.0854  0.1521  1.0000  -4.8284   0.0000   0.0000   0.0000   0.2772
  15.000   1.6176   0.06340   0.05710  -0.0835  0.1349  1.0000  -4.9901   0.0000   0.0000   0.0000   0.2751


