xflr5 v6.59

 Calculated polar for: revR_70_revT

 1 1 Reynolds number fixed          Mach number fixed         

 xtrf =   1.000 (top)        1.000 (bottom)
 Mach =   0.000     Re =     0.300 e 6     Ncrit =   9.000

  alpha     CL        CD       CDp       Cm    Top Xtr Bot Xtr   Cpmin    Chinge    XCp    
 ------- -------- --------- --------- -------- ------- ------- -------- --------- ---------
  -5.000   0.0195   0.01508   0.00816  -0.1284  0.8259  0.0535  -2.2753   0.0000   0.0000   0.0000   7.0028
  -4.500   0.0722   0.01362   0.00665  -0.1283  0.8171  0.0690  -2.0131   0.0000   0.0000   0.0000   2.0648
  -4.000   0.1275   0.01283   0.00581  -0.1283  0.8077  0.0941  -1.7711   0.0000   0.0000   0.0000   1.2753
  -3.500   0.1840   0.01219   0.00525  -0.1285  0.7988  0.1461  -1.5258   0.0000   0.0000   0.0000   0.9600
  -3.000   0.2385   0.01170   0.00503  -0.1286  0.7892  0.2182  -1.2876   0.0000   0.0000   0.0000   0.7966
  -2.500   0.2950   0.01124   0.00478  -0.1289  0.7800  0.3001  -1.0564   0.0000   0.0000   0.0000   0.6916
  -2.000   0.3509   0.01093   0.00470  -0.1291  0.7709  0.3965  -0.8360   0.0000   0.0000   0.0000   0.6206
  -1.500   0.4057   0.01048   0.00462  -0.1289  0.7597  0.5220  -0.7177   0.0000   0.0000   0.0000   0.5692
  -1.000   0.4611   0.01022   0.00462  -0.1284  0.7502  0.6430  -0.7591   0.0000   0.0000   0.0000   0.5289
  -0.500   0.5124   0.01011   0.00479  -0.1271  0.7396  0.7445  -0.7987   0.0000   0.0000   0.0000   0.4975
   0.000   0.5645   0.01000   0.00472  -0.1255  0.7285  0.8096  -0.8418   0.0000   0.0000   0.0000   0.4710
   0.500   0.6129   0.00998   0.00477  -0.1234  0.7165  0.8617  -0.8873   0.0000   0.0000   0.0000   0.4493
   1.500   0.7221   0.00970   0.00449  -0.1217  0.6915  1.0000  -0.9926   0.0000   0.0000   0.0000   0.4152
   2.000   0.7824   0.00978   0.00437  -0.1228  0.6773  1.0000  -1.0575   0.0000   0.0000   0.0000   0.4030
   2.500   0.8388   0.00988   0.00446  -0.1231  0.6617  1.0000  -1.1201   0.0000   0.0000   0.0000   0.3922
   3.000   0.8956   0.01002   0.00450  -0.1234  0.6456  1.0000  -1.1843   0.0000   0.0000   0.0000   0.3826
   3.500   0.9515   0.01018   0.00453  -0.1234  0.6271  1.0000  -1.2597   0.0000   0.0000   0.0000   0.3739
   4.000   1.0059   0.01038   0.00472  -0.1232  0.6081  1.0000  -1.3354   0.0000   0.0000   0.0000   0.3661
   4.500   1.0593   0.01065   0.00495  -0.1228  0.5865  1.0000  -1.4223   0.0000   0.0000   0.0000   0.3590
   5.000   1.1115   0.01098   0.00521  -0.1222  0.5620  1.0000  -1.5162   0.0000   0.0000   0.0000   0.3524
   5.500   1.1627   0.01139   0.00558  -0.1215  0.5374  1.0000  -1.6293   0.0000   0.0000   0.0000   0.3463
   6.000   1.2116   0.01192   0.00600  -0.1204  0.5089  1.0000  -1.7501   0.0000   0.0000   0.0000   0.3405
   6.500   1.2593   0.01252   0.00655  -0.1192  0.4810  1.0000  -1.8902   0.0000   0.0000   0.0000   0.3350
   7.000   1.3044   0.01317   0.00717  -0.1176  0.4485  1.0000  -2.0503   0.0000   0.0000   0.0000   0.3298
   7.500   1.3471   0.01397   0.00789  -0.1156  0.4168  1.0000  -2.2311   0.0000   0.0000   0.0000   0.3248
   8.000   1.3866   0.01491   0.00876  -0.1132  0.3866  1.0000  -2.4448   0.0000   0.0000   0.0000   0.3199
   8.500   1.4221   0.01593   0.00973  -0.1103  0.3514  1.0000  -2.6986   0.0000   0.0000   0.0000   0.3150
   9.000   1.4516   0.01712   0.01086  -0.1065  0.3205  1.0000  -2.9902   0.0000   0.0000   0.0000   0.3100
   9.500   1.4768   0.01861   0.01231  -0.1023  0.2910  1.0000  -3.2788   0.0000   0.0000   0.0000   0.3052
  10.000   1.4992   0.02037   0.01402  -0.0983  0.2587  1.0000  -3.5649   0.0000   0.0000   0.0000   0.3006
  10.500   1.5189   0.02247   0.01607  -0.0944  0.2276  1.0000  -3.8478   0.0000   0.0000   0.0000   0.2963
  11.000   1.5339   0.02509   0.01861  -0.0906  0.1982  1.0000  -4.1171   0.0000   0.0000   0.0000   0.2923
  11.500   1.5469   0.02806   0.02153  -0.0870  0.1691  1.0000  -4.3832   0.0000   0.0000   0.0000   0.2886
  12.000   1.5578   0.03137   0.02485  -0.0837  0.1427  1.0000  -4.6433   0.0000   0.0000   0.0000   0.2851
  12.500   1.5642   0.03522   0.02866  -0.0804  0.1190  1.0000  -4.8866   0.0000   0.0000   0.0000   0.2818
  13.000   1.5678   0.03948   0.03293  -0.0775  0.0991  1.0000  -5.1186   0.0000   0.0000   0.0000   0.2788
  13.500   1.5674   0.04434   0.03780  -0.0747  0.0827  1.0000  -5.3308   0.0000   0.0000   0.0000   0.2761
  14.000   1.5628   0.04998   0.04345  -0.0725  0.0689  1.0000  -5.5271   0.0000   0.0000   0.0000   0.2737
  14.500   1.5649   0.05522   0.04886  -0.0709  0.0591  1.0000  -5.7553   0.0000   0.0000   0.0000   0.2716
  15.000   1.5466   0.06309   0.05679  -0.0696  0.0494  1.0000  -5.8646   0.0000   0.0000   0.0000   0.2701


