xflr5 v6.59

 Calculated polar for: revR_60_revT

 1 1 Reynolds number fixed          Mach number fixed         

 xtrf =   1.000 (top)        1.000 (bottom)
 Mach =   0.000     Re =     0.480 e 6     Ncrit =   9.000

  alpha     CL        CD       CDp       Cm    Top Xtr Bot Xtr   Cpmin    Chinge    XCp    
 ------- -------- --------- --------- -------- ------- ------- -------- --------- ---------
  -5.000  -0.0252   0.01193   0.00547  -0.1170  0.8024  0.0440  -2.4036   0.0000   0.0000   0.0000  -4.5119
  -4.500   0.0295   0.01085   0.00432  -0.1171  0.7934  0.0591  -2.0809   0.0000   0.0000   0.0000   4.3032
  -4.000   0.0854   0.01028   0.00373  -0.1171  0.7838  0.0830  -1.7818   0.0000   0.0000   0.0000   1.6467
  -3.500   0.1418   0.00983   0.00338  -0.1174  0.7748  0.1298  -1.5292   0.0000   0.0000   0.0000   1.0911
  -3.000   0.1977   0.00936   0.00313  -0.1176  0.7656  0.1915  -1.2821   0.0000   0.0000   0.0000   0.8525
  -2.500   0.2541   0.00897   0.00292  -0.1178  0.7560  0.2688  -1.0467   0.0000   0.0000   0.0000   0.7184
  -2.000   0.3103   0.00864   0.00280  -0.1180  0.7458  0.3534  -0.8311   0.0000   0.0000   0.0000   0.6331
  -1.500   0.3664   0.00825   0.00271  -0.1182  0.7361  0.4594  -0.6815   0.0000   0.0000   0.0000   0.5739
  -1.000   0.4223   0.00799   0.00270  -0.1182  0.7256  0.5757  -0.7242   0.0000   0.0000   0.0000   0.5301
  -0.500   0.4766   0.00771   0.00275  -0.1177  0.7140  0.6888  -0.7665   0.0000   0.0000   0.0000   0.4962
   0.000   0.5316   0.00770   0.00279  -0.1171  0.7021  0.7551  -0.8108   0.0000   0.0000   0.0000   0.4689
   0.500   0.5852   0.00764   0.00286  -0.1163  0.6903  0.8090  -0.8595   0.0000   0.0000   0.0000   0.4466
   1.000   0.6385   0.00766   0.00287  -0.1154  0.6763  0.8498  -0.9086   0.0000   0.0000   0.0000   0.4280
   1.500   0.6882   0.00760   0.00289  -0.1136  0.6616  0.8939  -0.9629   0.0000   0.0000   0.0000   0.4117
   2.000   0.7365   0.00754   0.00288  -0.1115  0.6465  0.9481  -1.0178   0.0000   0.0000   0.0000   0.3975
   2.500   0.8010   0.00760   0.00285  -0.1134  0.6276  1.0000  -1.0874   0.0000   0.0000   0.0000   0.3871
   3.000   0.8577   0.00782   0.00295  -0.1138  0.6085  1.0000  -1.1564   0.0000   0.0000   0.0000   0.3776
   3.500   0.9133   0.00804   0.00311  -0.1139  0.5867  1.0000  -1.2296   0.0000   0.0000   0.0000   0.3691
   4.000   0.9678   0.00834   0.00332  -0.1138  0.5633  1.0000  -1.3115   0.0000   0.0000   0.0000   0.3614
   4.500   1.0213   0.00869   0.00358  -0.1135  0.5380  1.0000  -1.4013   0.0000   0.0000   0.0000   0.3544
   5.000   1.0735   0.00912   0.00391  -0.1130  0.5104  1.0000  -1.5084   0.0000   0.0000   0.0000   0.3479
   5.500   1.1252   0.00957   0.00430  -0.1125  0.4823  1.0000  -1.6260   0.0000   0.0000   0.0000   0.3420
   6.000   1.1749   0.01012   0.00475  -0.1116  0.4485  1.0000  -1.7664   0.0000   0.0000   0.0000   0.3364
   6.500   1.2230   0.01078   0.00529  -0.1106  0.4168  1.0000  -1.9253   0.0000   0.0000   0.0000   0.3311
   7.000   1.2705   0.01144   0.00589  -0.1095  0.3848  1.0000  -2.1202   0.0000   0.0000   0.0000   0.3262
   7.500   1.3143   0.01230   0.00660  -0.1078  0.3465  1.0000  -2.3687   0.0000   0.0000   0.0000   0.3213
   8.000   1.3575   0.01316   0.00739  -0.1061  0.3156  1.0000  -2.6838   0.0000   0.0000   0.0000   0.3168
   8.500   1.3966   0.01419   0.00830  -0.1038  0.2784  1.0000  -2.9996   0.0000   0.0000   0.0000   0.3122
   9.000   1.4300   0.01537   0.00934  -0.1006  0.2437  1.0000  -3.3073   0.0000   0.0000   0.0000   0.3075
   9.500   1.4601   0.01670   0.01057  -0.0972  0.2105  1.0000  -3.6127   0.0000   0.0000   0.0000   0.3029
  10.000   1.4838   0.01845   0.01218  -0.0931  0.1744  1.0000  -3.9024   0.0000   0.0000   0.0000   0.2983
  10.500   1.5050   0.02048   0.01408  -0.0893  0.1418  1.0000  -4.1941   0.0000   0.0000   0.0000   0.2940
  11.000   1.5223   0.02294   0.01641  -0.0855  0.1132  1.0000  -4.4807   0.0000   0.0000   0.0000   0.2900
  11.500   1.5393   0.02558   0.01899  -0.0821  0.0911  1.0000  -4.7708   0.0000   0.0000   0.0000   0.2862
  12.000   1.5539   0.02855   0.02194  -0.0789  0.0738  1.0000  -5.0543   0.0000   0.0000   0.0000   0.2828
  12.500   1.5683   0.03166   0.02509  -0.0760  0.0608  1.0000  -5.3403   0.0000   0.0000   0.0000   0.2795
  13.000   1.5783   0.03529   0.02882  -0.0732  0.0495  1.0000  -5.6058   0.0000   0.0000   0.0000   0.2764
  13.500   1.5778   0.04005   0.03359  -0.0702  0.0391  1.0000  -5.8217   0.0000   0.0000   0.0000   0.2736
  14.000   1.5865   0.04414   0.03786  -0.0682  0.0342  1.0000  -6.0926   0.0000   0.0000   0.0000   0.2710
  14.500   1.5836   0.04969   0.04348  -0.0663  0.0287  1.0000  -6.2980   0.0000   0.0000   0.0000   0.2688
  15.000   1.5716   0.05670   0.05071  -0.0648  0.0248  1.0000  -6.4317   0.0000   0.0000   0.0000   0.2671


