xflr5 v6.59

 Calculated polar for: revR_55_revT

 1 1 Reynolds number fixed          Mach number fixed         

 xtrf =   1.000 (top)        1.000 (bottom)
 Mach =   0.000     Re =     0.225 e 6     Ncrit =   9.000

  alpha     CL        CD       CDp       Cm    Top Xtr Bot Xtr   Cpmin    Chinge    XCp    
 ------- -------- --------- --------- -------- ------- ------- -------- --------- ---------
  -5.000  -0.0392   0.01701   0.00979  -0.1175  0.8664  0.0658  -2.3033   0.0000   0.0000   0.0000  -2.8199
  -4.500   0.0125   0.01524   0.00795  -0.1169  0.8557  0.0846  -2.0286   0.0000   0.0000   0.0000   9.8317
  -4.000   0.0664   0.01424   0.00703  -0.1167  0.8461  0.1233  -1.7343   0.0000   0.0000   0.0000   2.0417
  -3.500   0.1189   0.01351   0.00650  -0.1163  0.8339  0.1903  -1.5020   0.0000   0.0000   0.0000   1.2442
  -3.000   0.1753   0.01295   0.00613  -0.1164  0.8248  0.2796  -1.2648   0.0000   0.0000   0.0000   0.9232
  -2.500   0.2270   0.01245   0.00602  -0.1160  0.8123  0.3872  -1.0438   0.0000   0.0000   0.0000   0.7667
  -2.000   0.2820   0.01192   0.00586  -0.1156  0.8028  0.5210  -0.8343   0.0000   0.0000   0.0000   0.6633
  -1.500   0.3320   0.01166   0.00599  -0.1141  0.7897  0.6511  -0.6485   0.0000   0.0000   0.0000   0.5953
  -1.000   0.3835   0.01151   0.00599  -0.1121  0.7791  0.7532  -0.6886   0.0000   0.0000   0.0000   0.5428
  -0.500   0.4305   0.01156   0.00614  -0.1095  0.7665  0.8185  -0.7256   0.0000   0.0000   0.0000   0.5040
   0.000   0.4771   0.01140   0.00596  -0.1062  0.7549  0.8759  -0.7666   0.0000   0.0000   0.0000   0.4716
   0.500   0.5203   0.01127   0.00587  -0.1026  0.7407  0.9343  -0.8083   0.0000   0.0000   0.0000   0.4454
   1.000   0.6017   0.01102   0.00544  -0.1072  0.7289  1.0000  -0.8746   0.0000   0.0000   0.0000   0.4258
   1.500   0.6551   0.01113   0.00548  -0.1074  0.7131  1.0000  -0.9295   0.0000   0.0000   0.0000   0.4109
   2.000   0.7124   0.01120   0.00541  -0.1078  0.6974  1.0000  -0.9902   0.0000   0.0000   0.0000   0.3977
   2.500   0.7705   0.01125   0.00532  -0.1082  0.6819  1.0000  -1.0561   0.0000   0.0000   0.0000   0.3862
   3.000   0.8252   0.01135   0.00539  -0.1080  0.6628  1.0000  -1.1234   0.0000   0.0000   0.0000   0.3761
   3.500   0.8801   0.01149   0.00547  -0.1078  0.6432  1.0000  -1.1978   0.0000   0.0000   0.0000   0.3671
   4.000   0.9347   0.01165   0.00558  -0.1075  0.6224  1.0000  -1.2798   0.0000   0.0000   0.0000   0.3590
   4.500   0.9884   0.01187   0.00575  -0.1070  0.5997  1.0000  -1.3698   0.0000   0.0000   0.0000   0.3517
   5.000   1.0407   0.01216   0.00599  -0.1063  0.5740  1.0000  -1.4800   0.0000   0.0000   0.0000   0.3450
   5.500   1.0919   0.01253   0.00631  -0.1054  0.5461  1.0000  -1.5953   0.0000   0.0000   0.0000   0.3388
   6.000   1.1416   0.01302   0.00671  -0.1044  0.5166  1.0000  -1.7450   0.0000   0.0000   0.0000   0.3331
   6.500   1.1894   0.01362   0.00725  -0.1031  0.4849  1.0000  -1.9021   0.0000   0.0000   0.0000   0.3276
   7.000   1.2346   0.01429   0.00789  -0.1014  0.4499  1.0000  -2.1088   0.0000   0.0000   0.0000   0.3224
   7.500   1.2781   0.01515   0.00864  -0.0995  0.4174  1.0000  -2.3997   0.0000   0.0000   0.0000   0.3175
   8.000   1.3180   0.01603   0.00951  -0.0972  0.3794  1.0000  -2.6990   0.0000   0.0000   0.0000   0.3126
   8.500   1.3539   0.01718   0.01056  -0.0944  0.3442  1.0000  -3.0064   0.0000   0.0000   0.0000   0.3078
   9.000   1.3876   0.01833   0.01173  -0.0913  0.3099  1.0000  -3.3158   0.0000   0.0000   0.0000   0.3032
   9.500   1.4096   0.01990   0.01317  -0.0866  0.2731  1.0000  -3.5931   0.0000   0.0000   0.0000   0.2980
  10.000   1.4317   0.02163   0.01488  -0.0825  0.2374  1.0000  -3.8761   0.0000   0.0000   0.0000   0.2934
  10.500   1.4466   0.02400   0.01719  -0.0781  0.2044  1.0000  -4.1350   0.0000   0.0000   0.0000   0.2890
  11.000   1.4620   0.02662   0.01979  -0.0744  0.1704  1.0000  -4.3980   0.0000   0.0000   0.0000   0.2850
  11.500   1.4686   0.03012   0.02315  -0.0706  0.1385  1.0000  -4.6268   0.0000   0.0000   0.0000   0.2813
  12.000   1.4743   0.03398   0.02697  -0.0672  0.1119  1.0000  -4.8490   0.0000   0.0000   0.0000   0.2779
  12.500   1.4772   0.03830   0.03129  -0.0643  0.0904  1.0000  -5.0571   0.0000   0.0000   0.0000   0.2748
  13.000   1.4719   0.04364   0.03661  -0.0614  0.0736  1.0000  -5.2306   0.0000   0.0000   0.0000   0.2721
  13.500   1.4766   0.04826   0.04141  -0.0595  0.0624  1.0000  -5.4484   0.0000   0.0000   0.0000   0.2696
  14.000   1.4644   0.05496   0.04820  -0.0575  0.0532  1.0000  -5.5637   0.0000   0.0000   0.0000   0.2676
  14.500   1.4647   0.06070   0.05422  -0.0566  0.0467  1.0000  -5.7413   0.0000   0.0000   0.0000   0.2659
  15.000   1.4506   0.06840   0.06202  -0.0559  0.0409  1.0000  -5.8285   0.0000   0.0000   0.0000   0.2648


