xflr5 v6.59

 Calculated polar for: revR_25_revT

 1 1 Reynolds number fixed          Mach number fixed         

 xtrf =   1.000 (top)        1.000 (bottom)
 Mach =   0.000     Re =     0.110 e 6     Ncrit =   9.000

  alpha     CL        CD       CDp       Cm    Top Xtr Bot Xtr   Cpmin    Chinge    XCp    
 ------- -------- --------- --------- -------- ------- ------- -------- --------- ---------
  -5.000  -0.3206   0.02615   0.01801  -0.0673  0.9670  0.0895  -2.6626   0.0000   0.0000   0.0000   0.0316
  -4.500  -0.2567   0.02351   0.01491  -0.0690  0.9542  0.1030  -2.4218   0.0000   0.0000   0.0000  -0.0284
  -4.000  -0.1754   0.02160   0.01303  -0.0746  0.9453  0.1456  -2.0663   0.0000   0.0000   0.0000  -0.1875
  -3.500  -0.1132   0.02000   0.01191  -0.0768  0.9311  0.2314  -1.7576   0.0000   0.0000   0.0000  -0.4444
  -3.000  -0.0311   0.01850   0.01127  -0.0826  0.9215  0.4176  -1.3924   0.0000   0.0000   0.0000  -2.4496
  -2.500   0.0201   0.01792   0.01157  -0.0812  0.9055  0.6287  -1.1669   0.0000   0.0000   0.0000   4.3540
  -2.000   0.0806   0.01805   0.01194  -0.0797  0.8938  0.7754  -0.9434   0.0000   0.0000   0.0000   1.2502
  -1.500   0.1198   0.01820   0.01212  -0.0738  0.8768  0.8622  -0.7683   0.0000   0.0000   0.0000   0.8721
  -1.000   0.1744   0.01822   0.01203  -0.0713  0.8608  0.9417  -0.5745   0.0000   0.0000   0.0000   0.6613
  -0.500   0.3252   0.01758   0.01107  -0.0884  0.8541  0.9924  -0.6099   0.0000   0.0000   0.0000   0.5219
   0.000   0.3786   0.01758   0.01090  -0.0891  0.8343  1.0000  -0.6537   0.0000   0.0000   0.0000   0.4845
   0.500   0.4163   0.01770   0.01087  -0.0862  0.8140  1.0000  -0.6924   0.0000   0.0000   0.0000   0.4556
   1.000   0.4672   0.01767   0.01069  -0.0849  0.7963  1.0000  -0.7425   0.0000   0.0000   0.0000   0.4298
   1.500   0.5228   0.01756   0.01044  -0.0843  0.7787  1.0000  -0.8008   0.0000   0.0000   0.0000   0.4086
   2.000   0.5738   0.01763   0.01042  -0.0830  0.7571  1.0000  -0.8582   0.0000   0.0000   0.0000   0.3915
   2.500   0.6265   0.01768   0.01043  -0.0818  0.7355  1.0000  -0.9228   0.0000   0.0000   0.0000   0.3770
   3.000   0.6804   0.01768   0.01038  -0.0807  0.7133  1.0000  -0.9943   0.0000   0.0000   0.0000   0.3646
   3.500   0.7349   0.01762   0.01030  -0.0796  0.6902  1.0000  -1.0760   0.0000   0.0000   0.0000   0.3538
   4.000   0.7896   0.01755   0.01021  -0.0785  0.6657  1.0000  -1.1747   0.0000   0.0000   0.0000   0.3444
   4.500   0.8447   0.01747   0.01012  -0.0775  0.6398  1.0000  -1.2879   0.0000   0.0000   0.0000   0.3361
   5.000   0.9003   0.01742   0.00999  -0.0764  0.6120  1.0000  -1.4362   0.0000   0.0000   0.0000   0.3288
   5.500   0.9496   0.01770   0.01035  -0.0748  0.5783  1.0000  -1.6025   0.0000   0.0000   0.0000   0.3221
   6.000   1.0016   0.01792   0.01052  -0.0734  0.5439  1.0000  -1.9134   0.0000   0.0000   0.0000   0.3160
   6.500   1.0495   0.01841   0.01100  -0.0716  0.5050  1.0000  -2.2351   0.0000   0.0000   0.0000   0.3104
   7.000   1.0968   0.01902   0.01152  -0.0697  0.4650  1.0000  -2.5703   0.0000   0.0000   0.0000   0.3051
   7.500   1.1407   0.01981   0.01225  -0.0675  0.4222  1.0000  -2.9073   0.0000   0.0000   0.0000   0.3000
   8.000   1.1795   0.02076   0.01316  -0.0647  0.3758  1.0000  -3.2367   0.0000   0.0000   0.0000   0.2951
   8.500   1.2146   0.02197   0.01434  -0.0616  0.3285  1.0000  -3.5600   0.0000   0.0000   0.0000   0.2902
   9.000   1.2429   0.02352   0.01577  -0.0579  0.2779  1.0000  -3.8688   0.0000   0.0000   0.0000   0.2853
   9.500   1.2631   0.02551   0.01777  -0.0533  0.2250  1.0000  -4.1532   0.0000   0.0000   0.0000   0.2802
  10.000   1.2723   0.02813   0.02020  -0.0478  0.1765  1.0000  -4.3870   0.0000   0.0000   0.0000   0.2748
  10.500   1.2778   0.03166   0.02346  -0.0426  0.1390  1.0000  -4.5858   0.0000   0.0000   0.0000   0.2698
  11.000   1.2856   0.03535   0.02721  -0.0384  0.1105  1.0000  -4.7747   0.0000   0.0000   0.0000   0.2655
  11.500   1.2923   0.03948   0.03137  -0.0348  0.0896  1.0000  -4.9475   0.0000   0.0000   0.0000   0.2618
  12.000   1.2995   0.04409   0.03599  -0.0316  0.0736  1.0000  -5.1022   0.0000   0.0000   0.0000   0.2584
  12.500   1.3058   0.04857   0.04072  -0.0291  0.0629  1.0000  -5.2383   0.0000   0.0000   0.0000   0.2555
  13.000   1.3156   0.05447   0.04689  -0.0264  0.0546  1.0000  -5.3326   0.0000   0.0000   0.0000   0.2525
  13.500   1.3174   0.06046   0.05336  -0.0244  0.0507  1.0000  -5.3915   0.0000   0.0000   0.0000   0.2501
  14.000   1.3088   0.06776   0.06113  -0.0232  0.0483  1.0000  -5.4041   0.0000   0.0000   0.0000   0.2484
  14.500   1.2880   0.07657   0.07042  -0.0233  0.0471  1.0000  -5.3632   0.0000   0.0000   0.0000   0.2479
  15.000   1.2532   0.08772   0.08207  -0.0258  0.0468  1.0000  -5.2446   0.0000   0.0000   0.0000   0.2494


