xflr5 v6.59

 Calculated polar for: revR_70_revT

 1 1 Reynolds number fixed          Mach number fixed         

 xtrf =   1.000 (top)        1.000 (bottom)
 Mach =   0.000     Re =     0.065 e 6     Ncrit =   9.000

  alpha     CL        CD       CDp       Cm    Top Xtr Bot Xtr   Cpmin    Chinge    XCp    
 ------- -------- --------- --------- -------- ------- ------- -------- --------- ---------
  -5.000  -0.4428   0.08679   0.08221  -0.0154  0.9882  0.2586  -1.6496   0.0000   0.0000   0.0000   0.2093
  -4.500  -0.4131   0.07955   0.07492  -0.0223  0.9770  0.2830  -1.6157   0.0000   0.0000   0.0000   0.1902
  -4.000  -0.2403   0.04265   0.03477  -0.0843  0.9694  0.1299  -2.2003   0.0000   0.0000   0.0000  -0.1122
  -3.500  -0.1656   0.03837   0.02931  -0.0899  0.9569  0.1404  -2.0610   0.0000   0.0000   0.0000  -0.3084
  -3.000  -0.0747   0.03625   0.02694  -0.0978  0.9452  0.1788  -1.7967   0.0000   0.0000   0.0000  -1.0908
  -2.500  -0.0120   0.03507   0.02567  -0.1004  0.9307  0.2396  -1.6168   0.0000   0.0000   0.0000  -8.2686
  -2.000   0.0635   0.03446   0.02559  -0.1050  0.9179  0.3697  -1.3877   0.0000   0.0000   0.0000   1.9300
  -1.500   0.1270   0.03414   0.02617  -0.1066  0.9027  0.5586  -1.1684   0.0000   0.0000   0.0000   1.1007
  -1.000   0.1556   0.03452   0.02732  -0.0999  0.8872  0.7702  -1.0097   0.0000   0.0000   0.0000   0.8993
  -0.500   0.2030   0.03477   0.02744  -0.0976  0.8704  1.0000  -0.8290   0.0000   0.0000   0.0000   0.7346
   0.000   0.2714   0.03614   0.02821  -0.1024  0.8517  1.0000  -0.6306   0.0000   0.0000   0.0000   0.6285
   0.500   0.3205   0.03783   0.02951  -0.1037  0.8327  1.0000  -0.6344   0.0000   0.0000   0.0000   0.5733
   1.000   0.3788   0.03949   0.03085  -0.1058  0.8133  1.0000  -0.6777   0.0000   0.0000   0.0000   0.5279
   1.500   0.4482   0.04095   0.03204  -0.1088  0.7953  1.0000  -0.7303   0.0000   0.0000   0.0000   0.4905
   2.000   0.5111   0.04228   0.03317  -0.1107  0.7764  1.0000  -0.7855   0.0000   0.0000   0.0000   0.4636
   2.500   0.5527   0.04411   0.03489  -0.1101  0.7545  1.0000  -0.8262   0.0000   0.0000   0.0000   0.4455
   3.000   0.5963   0.04598   0.03669  -0.1097  0.7327  1.0000  -0.8685   0.0000   0.0000   0.0000   0.4295
   3.500   0.6426   0.04775   0.03840  -0.1093  0.7108  1.0000  -0.9161   0.0000   0.0000   0.0000   0.4150
   4.000   0.6902   0.04943   0.04007  -0.1089  0.6892  1.0000  -0.9706   0.0000   0.0000   0.0000   0.4021
   4.500   0.7419   0.05085   0.04150  -0.1087  0.6688  1.0000  -1.0338   0.0000   0.0000   0.0000   0.3901
   5.000   0.8227   0.05020   0.04091  -0.1099  0.6535  1.0000  -1.1343   0.0000   0.0000   0.0000   0.3766
   5.500   0.8633   0.05167   0.04247  -0.1082  0.6303  1.0000  -1.2003   0.0000   0.0000   0.0000   0.3677
   7.500   1.1125   0.04807   0.03954  -0.1022  0.5558  1.0000  -1.6964   0.0000   0.0000   0.0000   0.3316
   8.000   1.1613   0.04773   0.03942  -0.0996  0.5328  1.0000  -1.8542   0.0000   0.0000   0.0000   0.3247
   8.500   1.2316   0.04530   0.03722  -0.0979  0.5100  1.0000  -2.0757   0.0000   0.0000   0.0000   0.3177
   9.000   1.3460   0.03999   0.03211  -0.0998  0.4847  1.0000  -2.4821   0.0000   0.0000   0.0000   0.3115
   9.500   1.3911   0.04007   0.03233  -0.0968  0.4526  1.0000  -2.7777   0.0000   0.0000   0.0000   0.3061
  10.000   1.4387   0.03982   0.03221  -0.0939  0.4171  1.0000  -3.1133   0.0000   0.0000   0.0000   0.3009
  10.500   1.4885   0.03999   0.03234  -0.0916  0.3804  1.0000  -3.4758   0.0000   0.0000   0.0000   0.2963
  11.000   1.5053   0.04160   0.03400  -0.0859  0.3445  1.0000  -3.7342   0.0000   0.0000   0.0000   0.2910
  11.500   1.5261   0.04327   0.03555  -0.0810  0.3080  1.0000  -4.0145   0.0000   0.0000   0.0000   0.2860
  12.000   1.5219   0.04647   0.03885  -0.0745  0.2764  1.0000  -4.1892   0.0000   0.0000   0.0000   0.2810
  12.500   1.5447   0.04892   0.04104  -0.0706  0.2404  1.0000  -4.4763   0.0000   0.0000   0.0000   0.2768
  13.000   1.5307   0.05349   0.04577  -0.0650  0.2146  1.0000  -4.5999   0.0000   0.0000   0.0000   0.2726
  13.500   1.5204   0.05853   0.05091  -0.0605  0.1905  1.0000  -4.7301   0.0000   0.0000   0.0000   0.2689
  14.000   1.5119   0.06390   0.05634  -0.0569  0.1684  1.0000  -4.8615   0.0000   0.0000   0.0000   0.2658
  14.500   1.5123   0.06954   0.06198  -0.0541  0.1480  1.0000  -5.0130   0.0000   0.0000   0.0000   0.2629
  15.000   1.4653   0.07955   0.07269  -0.0522  0.1404  1.0000  -4.9276   0.0000   0.0000   0.0000   0.2617


