xflr5 v6.59

 Calculated polar for: revR_90_revT

 1 1 Reynolds number fixed          Mach number fixed         

 xtrf =   1.000 (top)        1.000 (bottom)
 Mach =   0.000     Re =     0.435 e 6     Ncrit =   9.000

  alpha     CL        CD       CDp       Cm    Top Xtr Bot Xtr   Cpmin    Chinge    XCp    
 ------- -------- --------- --------- -------- ------- ------- -------- --------- ---------
  -5.000   0.1004   0.01284   0.00628  -0.1452  0.7828  0.0447  -2.3308   0.0000   0.0000   0.0000   1.7319
  -4.500   0.1566   0.01183   0.00522  -0.1456  0.7755  0.0552  -2.0708   0.0000   0.0000   0.0000   1.1996
  -4.000   0.2140   0.01124   0.00456  -0.1460  0.7677  0.0742  -1.8134   0.0000   0.0000   0.0000   0.9450
  -3.500   0.2708   0.01074   0.00415  -0.1464  0.7600  0.1093  -1.5604   0.0000   0.0000   0.0000   0.7993
  -3.000   0.3278   0.01032   0.00390  -0.1469  0.7523  0.1624  -1.3131   0.0000   0.0000   0.0000   0.7038
  -2.500   0.3854   0.00997   0.00368  -0.1473  0.7445  0.2265  -1.0773   0.0000   0.0000   0.0000   0.6362
  -2.000   0.4429   0.00977   0.00361  -0.1478  0.7361  0.2956  -0.8575   0.0000   0.0000   0.0000   0.5861
  -1.500   0.4996   0.00944   0.00352  -0.1481  0.7270  0.3790  -0.8114   0.0000   0.0000   0.0000   0.5476
  -1.000   0.5570   0.00915   0.00343  -0.1485  0.7181  0.4756  -0.8534   0.0000   0.0000   0.0000   0.5167
  -0.500   0.6137   0.00896   0.00354  -0.1487  0.7095  0.5950  -0.8978   0.0000   0.0000   0.0000   0.4916
   0.000   0.6684   0.00874   0.00360  -0.1483  0.6989  0.7014  -0.9416   0.0000   0.0000   0.0000   0.4703
   0.500   0.7228   0.00871   0.00364  -0.1476  0.6885  0.7783  -0.9858   0.0000   0.0000   0.0000   0.4519
   1.000   0.7756   0.00869   0.00375  -0.1467  0.6787  0.8302  -1.0353   0.0000   0.0000   0.0000   0.4361
   1.500   0.8242   0.00858   0.00371  -0.1446  0.6665  0.8893  -1.0870   0.0000   0.0000   0.0000   0.4218
   2.000   0.8755   0.00844   0.00363  -0.1433  0.6537  0.9877  -1.1409   0.0000   0.0000   0.0000   0.4093
   2.500   0.9342   0.00857   0.00362  -0.1440  0.6395  1.0000  -1.2085   0.0000   0.0000   0.0000   0.3992
   3.000   0.9911   0.00874   0.00377  -0.1445  0.6249  1.0000  -1.2768   0.0000   0.0000   0.0000   0.3902
   3.500   1.0466   0.00896   0.00387  -0.1445  0.6068  1.0000  -1.3450   0.0000   0.0000   0.0000   0.3819
   4.000   1.1012   0.00921   0.00405  -0.1445  0.5886  1.0000  -1.4161   0.0000   0.0000   0.0000   0.3743
   4.500   1.1552   0.00951   0.00432  -0.1443  0.5703  1.0000  -1.4980   0.0000   0.0000   0.0000   0.3674
   5.000   1.2074   0.00987   0.00463  -0.1439  0.5489  1.0000  -1.5807   0.0000   0.0000   0.0000   0.3609
   5.500   1.2579   0.01031   0.00499  -0.1431  0.5248  1.0000  -1.6787   0.0000   0.0000   0.0000   0.3548
   6.000   1.3073   0.01081   0.00543  -0.1422  0.5016  1.0000  -1.7841   0.0000   0.0000   0.0000   0.3491
   6.500   1.3541   0.01140   0.00595  -0.1409  0.4740  1.0000  -1.9083   0.0000   0.0000   0.0000   0.3437
   7.000   1.3993   0.01206   0.00656  -0.1394  0.4475  1.0000  -2.0371   0.0000   0.0000   0.0000   0.3384
   7.500   1.4404   0.01286   0.00727  -0.1372  0.4169  1.0000  -2.1880   0.0000   0.0000   0.0000   0.3333
   8.000   1.4780   0.01376   0.00808  -0.1344  0.3883  1.0000  -2.3360   0.0000   0.0000   0.0000   0.3283
   8.500   1.5092   0.01483   0.00907  -0.1307  0.3598  1.0000  -2.4941   0.0000   0.0000   0.0000   0.3231
   9.500   1.5631   0.01760   0.01172  -0.1229  0.3042  1.0000  -2.9634   0.0000   0.0000   0.0000   0.3134
  10.000   1.5878   0.01931   0.01342  -0.1192  0.2791  1.0000  -3.2302   0.0000   0.0000   0.0000   0.3090
  10.500   1.6090   0.02138   0.01544  -0.1155  0.2523  1.0000  -3.4956   0.0000   0.0000   0.0000   0.3048
  11.000   1.6269   0.02381   0.01782  -0.1118  0.2239  1.0000  -3.7610   0.0000   0.0000   0.0000   0.3009
  11.500   1.6417   0.02661   0.02056  -0.1082  0.1974  1.0000  -4.0210   0.0000   0.0000   0.0000   0.2971
  12.000   1.6534   0.02976   0.02368  -0.1046  0.1719  1.0000  -4.2736   0.0000   0.0000   0.0000   0.2934
  12.500   1.6618   0.03332   0.02718  -0.1011  0.1485  1.0000  -4.5169   0.0000   0.0000   0.0000   0.2900
  13.000   1.6677   0.03721   0.03105  -0.0978  0.1275  1.0000  -4.7537   0.0000   0.0000   0.0000   0.2868
  13.500   1.6721   0.04148   0.03531  -0.0948  0.1094  1.0000  -4.9859   0.0000   0.0000   0.0000   0.2838
  14.000   1.6734   0.04624   0.04008  -0.0921  0.0941  1.0000  -5.2061   0.0000   0.0000   0.0000   0.2810
  14.500   1.6739   0.05135   0.04525  -0.0898  0.0809  1.0000  -5.4242   0.0000   0.0000   0.0000   0.2785
  15.000   1.6762   0.05650   0.05050  -0.0880  0.0706  1.0000  -5.6501   0.0000   0.0000   0.0000   0.2762


