xflr5 v6.59

 Calculated polar for: revR_30_revT

 1 1 Reynolds number fixed          Mach number fixed         

 xtrf =   1.000 (top)        1.000 (bottom)
 Mach =   0.000     Re =     0.150 e 6     Ncrit =   9.000

  alpha     CL        CD       CDp       Cm    Top Xtr Bot Xtr   Cpmin    Chinge    XCp    
 ------- -------- --------- --------- -------- ------- ------- -------- --------- ---------
  -5.000  -0.2014   0.02052   0.01268  -0.0875  0.9298  0.0835  -2.5153   0.0000   0.0000   0.0000  -0.1978
  -4.500  -0.1238   0.01844   0.01056  -0.0919  0.9229  0.1090  -2.1579   0.0000   0.0000   0.0000  -0.5118
  -4.000  -0.0675   0.01729   0.00958  -0.0925  0.9096  0.1605  -1.8485   0.0000   0.0000   0.0000  -1.1512
  -3.500   0.0004   0.01593   0.00867  -0.0951  0.8995  0.2722  -1.5134   0.0000   0.0000   0.0000  259.9085
  -3.000   0.0524   0.01515   0.00841  -0.0948  0.8850  0.4094  -1.2571   0.0000   0.0000   0.0000   2.0867
  -2.500   0.1099   0.01431   0.00827  -0.0942  0.8743  0.5947  -1.0351   0.0000   0.0000   0.0000   1.1178
  -2.000   0.1540   0.01433   0.00859  -0.0908  0.8584  0.7197  -0.8468   0.0000   0.0000   0.0000   0.8452
  -1.500   0.2020   0.01430   0.00860  -0.0870  0.8459  0.8042  -0.6637   0.0000   0.0000   0.0000   0.6839
  -1.000   0.2416   0.01431   0.00860  -0.0819  0.8300  0.8678  -0.5654   0.0000   0.0000   0.0000   0.5903
  -0.500   0.2863   0.01427   0.00851  -0.0779  0.8148  0.9252  -0.6032   0.0000   0.0000   0.0000   0.5223
   0.000   0.3757   0.01385   0.00790  -0.0830  0.8033  0.9729  -0.6685   0.0000   0.0000   0.0000   0.4701
   0.500   0.4672   0.01363   0.00753  -0.0905  0.7858  1.0000  -0.7385   0.0000   0.0000   0.0000   0.4421
   1.000   0.5064   0.01371   0.00750  -0.0879  0.7680  1.0000  -0.7817   0.0000   0.0000   0.0000   0.4214
   1.500   0.5558   0.01367   0.00728  -0.0865  0.7513  1.0000  -0.8366   0.0000   0.0000   0.0000   0.4029
   2.000   0.6081   0.01365   0.00714  -0.0856  0.7321  1.0000  -0.8944   0.0000   0.0000   0.0000   0.3876
   2.500   0.6605   0.01373   0.00715  -0.0848  0.7112  1.0000  -0.9588   0.0000   0.0000   0.0000   0.3747
   3.000   0.7142   0.01379   0.00715  -0.0841  0.6894  1.0000  -1.0307   0.0000   0.0000   0.0000   0.3635
   3.500   0.7682   0.01385   0.00715  -0.0833  0.6663  1.0000  -1.1106   0.0000   0.0000   0.0000   0.3538
   4.000   0.8221   0.01393   0.00719  -0.0826  0.6418  1.0000  -1.2045   0.0000   0.0000   0.0000   0.3452
   4.500   0.8757   0.01406   0.00726  -0.0817  0.6155  1.0000  -1.3139   0.0000   0.0000   0.0000   0.3376
   5.000   0.9285   0.01429   0.00741  -0.0808  0.5863  1.0000  -1.4516   0.0000   0.0000   0.0000   0.3307
   5.500   0.9784   0.01464   0.00779  -0.0795  0.5531  1.0000  -1.6102   0.0000   0.0000   0.0000   0.3244
   6.000   1.0288   0.01509   0.00811  -0.0783  0.5186  1.0000  -1.8881   0.0000   0.0000   0.0000   0.3186
   6.500   1.0757   0.01567   0.00872  -0.0767  0.4801  1.0000  -2.2030   0.0000   0.0000   0.0000   0.3132
   7.000   1.1218   0.01640   0.00936  -0.0750  0.4418  1.0000  -2.5300   0.0000   0.0000   0.0000   0.3081
   7.500   1.1644   0.01725   0.01013  -0.0728  0.3994  1.0000  -2.8588   0.0000   0.0000   0.0000   0.3031
   8.000   1.2044   0.01822   0.01111  -0.0705  0.3562  1.0000  -3.1888   0.0000   0.0000   0.0000   0.2984
   8.500   1.2409   0.01941   0.01225  -0.0677  0.3120  1.0000  -3.5247   0.0000   0.0000   0.0000   0.2938
   9.000   1.2715   0.02085   0.01364  -0.0644  0.2648  1.0000  -3.8531   0.0000   0.0000   0.0000   0.2891
   9.500   1.2943   0.02266   0.01532  -0.0602  0.2166  1.0000  -4.1549   0.0000   0.0000   0.0000   0.2842
  10.000   1.3084   0.02500   0.01751  -0.0552  0.1718  1.0000  -4.4182   0.0000   0.0000   0.0000   0.2792
  10.500   1.3166   0.02806   0.02043  -0.0504  0.1326  1.0000  -4.6480   0.0000   0.0000   0.0000   0.2745
  11.000   1.3212   0.03172   0.02394  -0.0463  0.1026  1.0000  -4.8580   0.0000   0.0000   0.0000   0.2705
  11.500   1.3255   0.03577   0.02798  -0.0430  0.0810  1.0000  -5.0555   0.0000   0.0000   0.0000   0.2670
  12.000   1.3318   0.03997   0.03234  -0.0403  0.0659  1.0000  -5.2412   0.0000   0.0000   0.0000   0.2639
  12.500   1.3295   0.04530   0.03780  -0.0372  0.0553  1.0000  -5.3527   0.0000   0.0000   0.0000   0.2607
  13.000   1.3345   0.05012   0.04287  -0.0352  0.0478  1.0000  -5.4846   0.0000   0.0000   0.0000   0.2582
  13.500   1.3343   0.05592   0.04875  -0.0325  0.0418  1.0000  -5.5650   0.0000   0.0000   0.0000   0.2554
  14.000   1.3386   0.06199   0.05520  -0.0301  0.0390  1.0000  -5.6200   0.0000   0.0000   0.0000   0.2526
  14.500   1.3356   0.06864   0.06228  -0.0291  0.0376  1.0000  -5.6739   0.0000   0.0000   0.0000   0.2510
  15.000   1.3222   0.07683   0.07092  -0.0292  0.0366  1.0000  -5.6710   0.0000   0.0000   0.0000   0.2504


