xflr5 v6.59

 Calculated polar for: revR_50_revT

 1 1 Reynolds number fixed          Mach number fixed         

 xtrf =   1.000 (top)        1.000 (bottom)
 Mach =   0.000     Re =     0.475 e 6     Ncrit =   9.000

  alpha     CL        CD       CDp       Cm    Top Xtr Bot Xtr   Cpmin    Chinge    XCp    
 ------- -------- --------- --------- -------- ------- ------- -------- --------- ---------
  -5.000  -0.0679   0.01153   0.00511  -0.1076  0.8136  0.0475  -2.4571   0.0000   0.0000   0.0000  -1.3758
  -4.500  -0.0130   0.01071   0.00416  -0.1075  0.8033  0.0632  -2.1246   0.0000   0.0000   0.0000  -8.2241
  -4.000   0.0426   0.01017   0.00365  -0.1075  0.7935  0.0900  -1.7870   0.0000   0.0000   0.0000   2.8242
  -3.500   0.0982   0.00965   0.00327  -0.1076  0.7835  0.1396  -1.5138   0.0000   0.0000   0.0000   1.3632
  -3.000   0.1541   0.00925   0.00304  -0.1078  0.7740  0.2081  -1.2729   0.0000   0.0000   0.0000   0.9587
  -2.500   0.2097   0.00881   0.00282  -0.1079  0.7630  0.2848  -1.0420   0.0000   0.0000   0.0000   0.7697
  -2.000   0.2658   0.00847   0.00268  -0.1081  0.7525  0.3821  -0.8236   0.0000   0.0000   0.0000   0.6594
  -1.500   0.3209   0.00801   0.00262  -0.1081  0.7422  0.5060  -0.6412   0.0000   0.0000   0.0000   0.5881
  -1.000   0.3761   0.00774   0.00258  -0.1078  0.7306  0.6133  -0.6824   0.0000   0.0000   0.0000   0.5368
  -0.500   0.4300   0.00753   0.00266  -0.1071  0.7181  0.7178  -0.7232   0.0000   0.0000   0.0000   0.4983
   0.000   0.4848   0.00754   0.00268  -0.1065  0.7059  0.7743  -0.7692   0.0000   0.0000   0.0000   0.4682
   0.500   0.5384   0.00749   0.00274  -0.1056  0.6930  0.8190  -0.8164   0.0000   0.0000   0.0000   0.4441
   1.000   0.5903   0.00749   0.00275  -0.1043  0.6779  0.8601  -0.8667   0.0000   0.0000   0.0000   0.4240
   1.500   0.6411   0.00747   0.00277  -0.1028  0.6626  0.8989  -0.9211   0.0000   0.0000   0.0000   0.4071
   2.000   0.6899   0.00740   0.00275  -0.1008  0.6452  0.9493  -0.9783   0.0000   0.0000   0.0000   0.3923
   2.500   0.7567   0.00746   0.00274  -0.1031  0.6258  1.0000  -1.0492   0.0000   0.0000   0.0000   0.3820
   3.000   0.8131   0.00767   0.00284  -0.1034  0.6045  1.0000  -1.1188   0.0000   0.0000   0.0000   0.3724
   3.500   0.8685   0.00792   0.00299  -0.1035  0.5820  1.0000  -1.1962   0.0000   0.0000   0.0000   0.3638
   4.000   0.9229   0.00822   0.00320  -0.1034  0.5562  1.0000  -1.2805   0.0000   0.0000   0.0000   0.3561
   4.500   0.9764   0.00857   0.00347  -0.1031  0.5285  1.0000  -1.3768   0.0000   0.0000   0.0000   0.3491
   5.000   1.0287   0.00900   0.00380  -0.1026  0.4989  1.0000  -1.4904   0.0000   0.0000   0.0000   0.3427
   5.500   1.0795   0.00953   0.00419  -0.1019  0.4671  1.0000  -1.6197   0.0000   0.0000   0.0000   0.3367
   6.000   1.1300   0.01006   0.00465  -0.1012  0.4334  1.0000  -1.7777   0.0000   0.0000   0.0000   0.3313
   6.500   1.1792   0.01067   0.00518  -0.1003  0.4011  1.0000  -1.9708   0.0000   0.0000   0.0000   0.3262
   7.000   1.2258   0.01143   0.00580  -0.0991  0.3615  1.0000  -2.2670   0.0000   0.0000   0.0000   0.3212
   7.500   1.2716   0.01224   0.00649  -0.0978  0.3276  1.0000  -2.5940   0.0000   0.0000   0.0000   0.3166
   8.000   1.3141   0.01320   0.00731  -0.0960  0.2854  1.0000  -2.9273   0.0000   0.0000   0.0000   0.3121
   8.500   1.3528   0.01436   0.00828  -0.0937  0.2416  1.0000  -3.2600   0.0000   0.0000   0.0000   0.3076
   9.000   1.3874   0.01563   0.00938  -0.0909  0.2037  1.0000  -3.5892   0.0000   0.0000   0.0000   0.3031
   9.500   1.4178   0.01701   0.01062  -0.0875  0.1674  1.0000  -3.9123   0.0000   0.0000   0.0000   0.2985
  10.000   1.4428   0.01873   0.01218  -0.0836  0.1334  1.0000  -4.2216   0.0000   0.0000   0.0000   0.2940
  10.500   1.4654   0.02068   0.01405  -0.0799  0.1049  1.0000  -4.5274   0.0000   0.0000   0.0000   0.2897
  11.000   1.4856   0.02293   0.01623  -0.0764  0.0827  1.0000  -4.8274   0.0000   0.0000   0.0000   0.2858
  11.500   1.5046   0.02541   0.01871  -0.0731  0.0656  1.0000  -5.1250   0.0000   0.0000   0.0000   0.2821
  12.000   1.5207   0.02828   0.02160  -0.0701  0.0518  1.0000  -5.4102   0.0000   0.0000   0.0000   0.2787
  12.500   1.5274   0.03208   0.02540  -0.0667  0.0392  1.0000  -5.6441   0.0000   0.0000   0.0000   0.2753
  13.000   1.5430   0.03527   0.02871  -0.0644  0.0336  1.0000  -5.9251   0.0000   0.0000   0.0000   0.2724
  13.500   1.5357   0.04077   0.03431  -0.0613  0.0259  1.0000  -6.0653   0.0000   0.0000   0.0000   0.2696
  14.000   1.5446   0.04494   0.03870  -0.0596  0.0232  1.0000  -6.3195   0.0000   0.0000   0.0000   0.2672
  14.500   1.5427   0.05050   0.04440  -0.0580  0.0206  1.0000  -6.5086   0.0000   0.0000   0.0000   0.2652
  15.000   1.5284   0.05797   0.05207  -0.0570  0.0185  1.0000  -6.6060   0.0000   0.0000   0.0000   0.2638


