xflr5 v6.59

 Calculated polar for: revR_95_revT

 1 1 Reynolds number fixed          Mach number fixed         

 xtrf =   1.000 (top)        1.000 (bottom)
 Mach =   0.000     Re =     0.480 e 6     Ncrit =   9.000

  alpha     CL        CD       CDp       Cm    Top Xtr Bot Xtr   Cpmin    Chinge    XCp    
 ------- -------- --------- --------- -------- ------- ------- -------- --------- ---------
  -5.000   0.1217   0.01226   0.00579  -0.1497  0.7733  0.0426  -2.3488   0.0000   0.0000   0.0000   1.5103
  -4.500   0.1790   0.01148   0.00491  -0.1503  0.7655  0.0522  -2.0853   0.0000   0.0000   0.0000   1.1075
  -4.000   0.2358   0.01086   0.00432  -0.1506  0.7589  0.0704  -1.8253   0.0000   0.0000   0.0000   0.9008
  -3.500   0.2932   0.01037   0.00387  -0.1510  0.7512  0.1013  -1.5716   0.0000   0.0000   0.0000   0.7734
  -3.000   0.3510   0.00999   0.00360  -0.1516  0.7441  0.1508  -1.3181   0.0000   0.0000   0.0000   0.6876
  -2.500   0.4085   0.00974   0.00350  -0.1522  0.7363  0.2098  -1.0835   0.0000   0.0000   0.0000   0.6262
  -1.500   0.5233   0.00915   0.00324  -0.1530  0.7195  0.3546  -0.8355   0.0000   0.0000   0.0000   0.5434
  -1.000   0.5810   0.00899   0.00326  -0.1535  0.7108  0.4442  -0.8767   0.0000   0.0000   0.0000   0.5143
  -0.500   0.6378   0.00872   0.00329  -0.1538  0.7025  0.5480  -0.9215   0.0000   0.0000   0.0000   0.4904
   0.000   0.6939   0.00848   0.00330  -0.1537  0.6922  0.6642  -0.9666   0.0000   0.0000   0.0000   0.4699
   0.500   0.7487   0.00844   0.00345  -0.1533  0.6825  0.7517  -1.0108   0.0000   0.0000   0.0000   0.4524
   1.000   0.8026   0.00839   0.00351  -0.1526  0.6724  0.8087  -1.0601   0.0000   0.0000   0.0000   0.4371
   1.500   0.8538   0.00839   0.00353  -0.1513  0.6602  0.8664  -1.1138   0.0000   0.0000   0.0000   0.4234
   2.000   0.8995   0.00824   0.00352  -0.1487  0.6477  0.9318  -1.1643   0.0000   0.0000   0.0000   0.4109
   2.500   0.9586   0.00831   0.00349  -0.1494  0.6339  1.0000  -1.2315   0.0000   0.0000   0.0000   0.4008
   3.000   1.0156   0.00846   0.00360  -0.1499  0.6191  1.0000  -1.3001   0.0000   0.0000   0.0000   0.3919
   3.500   1.0711   0.00868   0.00374  -0.1500  0.6013  1.0000  -1.3683   0.0000   0.0000   0.0000   0.3837
   4.000   1.1255   0.00898   0.00393  -0.1499  0.5840  1.0000  -1.4372   0.0000   0.0000   0.0000   0.3761
   4.500   1.1795   0.00927   0.00419  -0.1498  0.5659  1.0000  -1.5188   0.0000   0.0000   0.0000   0.3693
   5.000   1.2317   0.00963   0.00450  -0.1493  0.5445  1.0000  -1.6001   0.0000   0.0000   0.0000   0.3628
   5.500   1.2823   0.01007   0.00487  -0.1486  0.5212  1.0000  -1.6962   0.0000   0.0000   0.0000   0.3568
   6.000   1.3316   0.01057   0.00531  -0.1477  0.4988  1.0000  -1.7968   0.0000   0.0000   0.0000   0.3511
   6.500   1.3781   0.01117   0.00583  -0.1464  0.4711  1.0000  -1.9187   0.0000   0.0000   0.0000   0.3456
   7.000   1.4230   0.01183   0.00643  -0.1448  0.4456  1.0000  -2.0408   0.0000   0.0000   0.0000   0.3404
   7.500   1.4633   0.01265   0.00714  -0.1425  0.4151  1.0000  -2.1807   0.0000   0.0000   0.0000   0.3352
   8.000   1.4998   0.01352   0.00796  -0.1395  0.3880  1.0000  -2.3246   0.0000   0.0000   0.0000   0.3301
   8.500   1.5315   0.01459   0.00895  -0.1359  0.3608  1.0000  -2.4671   0.0000   0.0000   0.0000   0.3250
   9.500   1.5842   0.01743   0.01165  -0.1280  0.3058  1.0000  -2.8477   0.0000   0.0000   0.0000   0.3153
  10.000   1.6088   0.01916   0.01336  -0.1243  0.2810  1.0000  -3.1053   0.0000   0.0000   0.0000   0.3109
  10.500   1.6301   0.02124   0.01540  -0.1206  0.2554  1.0000  -3.3593   0.0000   0.0000   0.0000   0.3068
  11.000   1.6488   0.02363   0.01774  -0.1170  0.2292  1.0000  -3.6110   0.0000   0.0000   0.0000   0.3028
  11.500   1.6643   0.02636   0.02044  -0.1134  0.2036  1.0000  -3.8639   0.0000   0.0000   0.0000   0.2990
  12.000   1.6773   0.02941   0.02345  -0.1099  0.1805  1.0000  -4.1134   0.0000   0.0000   0.0000   0.2953
  12.500   1.6870   0.03282   0.02683  -0.1064  0.1583  1.0000  -4.3548   0.0000   0.0000   0.0000   0.2919
  13.000   1.6928   0.03670   0.03067  -0.1029  0.1370  1.0000  -4.5843   0.0000   0.0000   0.0000   0.2886
  13.500   1.6959   0.04103   0.03497  -0.0997  0.1172  1.0000  -4.8056   0.0000   0.0000   0.0000   0.2855
  14.000   1.6975   0.04573   0.03968  -0.0969  0.1006  1.0000  -5.0221   0.0000   0.0000   0.0000   0.2827
  14.500   1.7019   0.05040   0.04441  -0.0946  0.0877  1.0000  -5.2528   0.0000   0.0000   0.0000   0.2801
  15.000   1.7019   0.05570   0.04977  -0.0925  0.0763  1.0000  -5.4643   0.0000   0.0000   0.0000   0.2777
  15.500   1.6974   0.06174   0.05586  -0.0908  0.0662  1.0000  -5.6556   0.0000   0.0000   0.0000   0.2757
  16.000   1.6971   0.06755   0.06181  -0.0895  0.0585  1.0000  -5.8649   0.0000   0.0000   0.0000   0.2738
  16.500   1.6859   0.07482   0.06915  -0.0886  0.0504  1.0000  -6.0252   0.0000   0.0000   0.0000   0.2724
  17.000   1.6798   0.08173   0.07621  -0.0882  0.0447  1.0000  -6.2096   0.0000   0.0000   0.0000   0.2711
  17.500   1.6634   0.09021   0.08480  -0.0883  0.0390  1.0000  -6.3616   0.0000   0.0000   0.0000   0.2705
  18.000   1.6498   0.09851   0.09330  -0.0889  0.0349  1.0000  -6.5252   0.0000   0.0000   0.0000   0.2701
  18.500   1.6365   0.10696   0.10191  -0.0901  0.0314  1.0000  -6.6921   0.0000   0.0000   0.0000   0.2699
  19.000   1.6108   0.11756   0.11266  -0.0923  0.0281  1.0000  -6.7630   0.0000   0.0000   0.0000   0.2710
  19.500   1.5965   0.12658   0.12188  -0.0947  0.0261  1.0000  -6.9012   0.0000   0.0000   0.0000   0.2717
  20.000   1.5848   0.13531   0.13080  -0.0975  0.0241  1.0000  -7.0518   0.0000   0.0000   0.0000   0.2726
  20.500   1.5682   0.14512   0.14075  -0.1013  0.0223  1.0000  -7.1544   0.0000   0.0000   0.0000   0.2743
  21.000   1.5451   0.15627   0.15206  -0.1063  0.0203  1.0000  -7.1758   0.0000   0.0000   0.0000   0.2772
  21.500   1.5385   0.16467   0.16065  -0.1103  0.0193  1.0000  -7.3235   0.0000   0.0000   0.0000   0.2788
  22.000   1.5312   0.17337   0.16953  -0.1150  0.0183  1.0000  -7.4556   0.0000   0.0000   0.0000   0.2808
  22.500   1.5237   0.18222   0.17855  -0.1202  0.0173  1.0000  -7.5768   0.0000   0.0000   0.0000   0.2831
  23.000   1.5173   0.19104   0.18751  -0.1257  0.0163  1.0000  -7.7044   0.0000   0.0000   0.0000   0.2857
  23.500   1.5112   0.19978   0.19635  -0.1314  0.0153  1.0000  -7.8166   0.0000   0.0000   0.0000   0.2883
  24.000   1.5075   0.20784   0.20456  -0.1368  0.0143  1.0000  -7.9275   0.0000   0.0000   0.0000   0.2906
  24.500   1.5046   0.21653   0.21344  -0.1431  0.0139  1.0000  -8.0483   0.0000   0.0000   0.0000   0.2934
  25.000   1.4993   0.22596   0.22307  -0.1501  0.0134  1.0000  -8.1195   0.0000   0.0000   0.0000   0.2969
  25.500   1.4954   0.23517   0.23247  -0.1572  0.0129  1.0000  -8.1899   0.0000   0.0000   0.0000   0.3004
  26.000   1.4879   0.24564   0.24312  -0.1654  0.0124  1.0000  -8.1846   0.0000   0.0000   0.0000   0.3049
  26.500   1.4784   0.25712   0.25480  -0.1745  0.0120  1.0000  -8.1107   0.0000   0.0000   0.0000   0.3104
  27.000   1.4652   0.27036   0.26825  -0.1850  0.0116  1.0000  -7.9185   0.0000   0.0000   0.0000   0.3173
  28.500   1.3855   0.36468   0.36283  -0.2455  0.0120  1.0000  -2.8348   0.0000   0.0000   0.0000   0.3707
  29.000   1.3977   0.36992   0.36809  -0.2506  0.0112  1.0000  -2.9099   0.0000   0.0000   0.0000   0.3710
  29.500   1.4096   0.37377   0.37196  -0.2550  0.0107  1.0000  -3.0693   0.0000   0.0000   0.0000   0.3706
  30.000   1.4197   0.37865   0.37686  -0.2585  0.0101  1.0000  -3.2024   0.0000   0.0000   0.0000   0.3697


