xflr5 v6.59

 Calculated polar for: revR_20_revT

 1 1 Reynolds number fixed          Mach number fixed         

 xtrf =   1.000 (top)        1.000 (bottom)
 Mach =   0.000     Re =     0.275 e 6     Ncrit =   9.000

  alpha     CL        CD       CDp       Cm    Top Xtr Bot Xtr   Cpmin    Chinge    XCp    
 ------- -------- --------- --------- -------- ------- ------- -------- --------- ---------
  -5.000  -0.1785   0.01353   0.00664  -0.0846  0.9021  0.0680  -2.4509   0.0000   0.0000   0.0000  -0.2373
  -4.500  -0.1268   0.01257   0.00562  -0.0837  0.8884  0.0945  -2.1293   0.0000   0.0000   0.0000  -0.4268
  -4.000  -0.0747   0.01172   0.00490  -0.0830  0.8740  0.1508  -1.7984   0.0000   0.0000   0.0000  -0.8843
  -3.500  -0.0250   0.01106   0.00455  -0.0820  0.8592  0.2366  -1.4831   0.0000   0.0000   0.0000  -3.0887
  -3.000   0.0267   0.01039   0.00422  -0.0813  0.8464  0.3520  -1.2226   0.0000   0.0000   0.0000   3.3459
  -2.500   0.0756   0.00976   0.00403  -0.0799  0.8312  0.4885  -1.0203   0.0000   0.0000   0.0000   1.3202
  -2.000   0.1240   0.00929   0.00404  -0.0779  0.8169  0.6410  -0.8256   0.0000   0.0000   0.0000   0.8844
  -1.500   0.1753   0.00917   0.00404  -0.0762  0.8034  0.7299  -0.6344   0.0000   0.0000   0.0000   0.6872
  -1.000   0.2247   0.00916   0.00411  -0.0740  0.7880  0.7914  -0.5497   0.0000   0.0000   0.0000   0.5802
  -0.500   0.2750   0.00915   0.00408  -0.0718  0.7732  0.8361  -0.5920   0.0000   0.0000   0.0000   0.5110
   0.000   0.3236   0.00910   0.00401  -0.0694  0.7570  0.8758  -0.6335   0.0000   0.0000   0.0000   0.4634
   0.500   0.3717   0.00908   0.00399  -0.0669  0.7406  0.9151  -0.6805   0.0000   0.0000   0.0000   0.4281
   1.000   0.4343   0.00904   0.00388  -0.0674  0.7228  0.9490  -0.7383   0.0000   0.0000   0.0000   0.4028
   1.500   0.5169   0.00907   0.00378  -0.0725  0.7040  0.9729  -0.8130   0.0000   0.0000   0.0000   0.3875
   2.000   0.6025   0.00908   0.00368  -0.0786  0.6813  0.9908  -0.8975   0.0000   0.0000   0.0000   0.3772
   2.500   0.6636   0.00910   0.00362  -0.0802  0.6578  1.0000  -0.9718   0.0000   0.0000   0.0000   0.3671
   3.000   0.6981   0.00921   0.00366  -0.0763  0.6330  1.0000  -1.0340   0.0000   0.0000   0.0000   0.3550
   3.500   0.7412   0.00942   0.00379  -0.0738  0.6055  1.0000  -1.1101   0.0000   0.0000   0.0000   0.3449
   4.000   0.7883   0.00968   0.00398  -0.0721  0.5756  1.0000  -1.2126   0.0000   0.0000   0.0000   0.3362
   4.500   0.8359   0.01004   0.00422  -0.0704  0.5435  1.0000  -1.3272   0.0000   0.0000   0.0000   0.3285
   5.000   0.8833   0.01047   0.00455  -0.0688  0.5104  1.0000  -1.4788   0.0000   0.0000   0.0000   0.3217
   5.500   0.9290   0.01097   0.00495  -0.0669  0.4715  1.0000  -1.7510   0.0000   0.0000   0.0000   0.3152
   6.000   0.9747   0.01152   0.00543  -0.0651  0.4367  1.0000  -2.0674   0.0000   0.0000   0.0000   0.3095
   6.500   1.0171   0.01220   0.00597  -0.0627  0.3954  1.0000  -2.3881   0.0000   0.0000   0.0000   0.3038
   7.000   1.0588   0.01291   0.00660  -0.0604  0.3544  1.0000  -2.7196   0.0000   0.0000   0.0000   0.2985
   7.500   1.0964   0.01378   0.00735  -0.0574  0.3081  1.0000  -3.0494   0.0000   0.0000   0.0000   0.2933
   8.000   1.1295   0.01483   0.00820  -0.0539  0.2580  1.0000  -3.3873   0.0000   0.0000   0.0000   0.2879
   8.500   1.1581   0.01605   0.00921  -0.0497  0.2087  1.0000  -3.7188   0.0000   0.0000   0.0000   0.2825
   9.000   1.1815   0.01730   0.01032  -0.0447  0.1667  1.0000  -4.0361   0.0000   0.0000   0.0000   0.2768
   9.500   1.1990   0.01885   0.01173  -0.0391  0.1266  1.0000  -4.3329   0.0000   0.0000   0.0000   0.2709
  10.000   1.2132   0.02072   0.01344  -0.0336  0.0937  1.0000  -4.6159   0.0000   0.0000   0.0000   0.2653
  10.500   1.2280   0.02272   0.01541  -0.0287  0.0720  1.0000  -4.8981   0.0000   0.0000   0.0000   0.2603
  11.000   1.2369   0.02529   0.01795  -0.0239  0.0545  1.0000  -5.1416   0.0000   0.0000   0.0000   0.2554
  11.500   1.2494   0.02788   0.02060  -0.0201  0.0426  1.0000  -5.3915   0.0000   0.0000   0.0000   0.2514
  12.000   1.2510   0.03153   0.02442  -0.0161  0.0328  1.0000  -5.5349   0.0000   0.0000   0.0000   0.2473
  12.500   1.2454   0.03617   0.02916  -0.0126  0.0270  1.0000  -5.6327   0.0000   0.0000   0.0000   0.2436
  13.000   1.2357   0.04175   0.03503  -0.0097  0.0245  1.0000  -5.6758   0.0000   0.0000   0.0000   0.2405
  13.500   1.2414   0.04623   0.03975  -0.0082  0.0234  1.0000  -5.8343   0.0000   0.0000   0.0000   0.2383
  14.000   1.2454   0.05124   0.04502  -0.0072  0.0225  1.0000  -5.9739   0.0000   0.0000   0.0000   0.2365
  14.500   1.2483   0.05675   0.05079  -0.0067  0.0218  1.0000  -6.0999   0.0000   0.0000   0.0000   0.2352
  15.000   1.2491   0.06292   0.05725  -0.0068  0.0213  1.0000  -6.2046   0.0000   0.0000   0.0000   0.2343


