xflr5 v6.59

 Calculated polar for: revR_55_revT

 1 1 Reynolds number fixed          Mach number fixed         

 xtrf =   1.000 (top)        1.000 (bottom)
 Mach =   0.000     Re =     0.175 e 6     Ncrit =   9.000

  alpha     CL        CD       CDp       Cm    Top Xtr Bot Xtr   Cpmin    Chinge    XCp    
 ------- -------- --------- --------- -------- ------- ------- -------- --------- ---------
  -5.000  -0.0524   0.01933   0.01185  -0.1183  0.8861  0.0766  -2.3141   0.0000   0.0000   0.0000  -2.0661
  -4.500   0.0061   0.01771   0.01011  -0.1187  0.8770  0.0959  -2.0193   0.0000   0.0000   0.0000  20.0036
  -4.000   0.0586   0.01685   0.00925  -0.1182  0.8658  0.1323  -1.7358   0.0000   0.0000   0.0000   2.3084
  -3.500   0.1136   0.01586   0.00851  -0.1182  0.8546  0.2061  -1.5046   0.0000   0.0000   0.0000   1.3089
  -2.500   0.2204   0.01462   0.00802  -0.1177  0.8319  0.4272  -1.0546   0.0000   0.0000   0.0000   0.7902
  -2.000   0.2742   0.01412   0.00797  -0.1168  0.8224  0.5685  -0.8480   0.0000   0.0000   0.0000   0.6796
  -1.500   0.3208   0.01397   0.00819  -0.1141  0.8086  0.7030  -0.6629   0.0000   0.0000   0.0000   0.6078
  -1.000   0.3689   0.01389   0.00819  -0.1109  0.7979  0.7905  -0.6760   0.0000   0.0000   0.0000   0.5516
  -0.500   0.4088   0.01391   0.00827  -0.1065  0.7840  0.8591  -0.7091   0.0000   0.0000   0.0000   0.5104
   0.000   0.4517   0.01372   0.00805  -0.1021  0.7727  0.9265  -0.7476   0.0000   0.0000   0.0000   0.4752
   0.500   0.5356   0.01338   0.00760  -0.1072  0.7590  0.9993  -0.8123   0.0000   0.0000   0.0000   0.4485
   1.000   0.5890   0.01347   0.00752  -0.1073  0.7447  1.0000  -0.8611   0.0000   0.0000   0.0000   0.4299
   1.500   0.6484   0.01342   0.00728  -0.1080  0.7314  1.0000  -0.9204   0.0000   0.0000   0.0000   0.4136
   2.000   0.7030   0.01356   0.00734  -0.1079  0.7144  1.0000  -0.9784   0.0000   0.0000   0.0000   0.4000
   2.500   0.7609   0.01357   0.00722  -0.1081  0.6989  1.0000  -1.0440   0.0000   0.0000   0.0000   0.3879
   3.000   0.8187   0.01354   0.00709  -0.1081  0.6824  1.0000  -1.1138   0.0000   0.0000   0.0000   0.3774
   3.500   0.8726   0.01363   0.00715  -0.1076  0.6623  1.0000  -1.1870   0.0000   0.0000   0.0000   0.3681
   4.000   0.9270   0.01374   0.00724  -0.1072  0.6420  1.0000  -1.2681   0.0000   0.0000   0.0000   0.3598
   4.500   0.9812   0.01386   0.00733  -0.1066  0.6201  1.0000  -1.3580   0.0000   0.0000   0.0000   0.3523
   5.000   1.0344   0.01405   0.00749  -0.1060  0.5963  1.0000  -1.4675   0.0000   0.0000   0.0000   0.3454
   5.500   1.0863   0.01431   0.00771  -0.1051  0.5698  1.0000  -1.5834   0.0000   0.0000   0.0000   0.3391
   6.000   1.1372   0.01468   0.00801  -0.1040  0.5413  1.0000  -1.7317   0.0000   0.0000   0.0000   0.3332
   6.500   1.1860   0.01522   0.00848  -0.1028  0.5108  1.0000  -1.8904   0.0000   0.0000   0.0000   0.3277
   7.000   1.2311   0.01583   0.00912  -0.1010  0.4763  1.0000  -2.0924   0.0000   0.0000   0.0000   0.3224
   7.500   1.2751   0.01663   0.00979  -0.0991  0.4425  1.0000  -2.3755   0.0000   0.0000   0.0000   0.3173
   8.000   1.3156   0.01751   0.01071  -0.0967  0.4073  1.0000  -2.6727   0.0000   0.0000   0.0000   0.3125
   8.500   1.3511   0.01863   0.01171  -0.0937  0.3698  1.0000  -2.9746   0.0000   0.0000   0.0000   0.3075
   9.000   1.3839   0.01980   0.01294  -0.0904  0.3341  1.0000  -3.2783   0.0000   0.0000   0.0000   0.3028
   9.500   1.4079   0.02129   0.01433  -0.0860  0.2997  1.0000  -3.5605   0.0000   0.0000   0.0000   0.2977
  10.000   1.4264   0.02303   0.01607  -0.0812  0.2629  1.0000  -3.8278   0.0000   0.0000   0.0000   0.2927
  10.500   1.4380   0.02541   0.01838  -0.0763  0.2280  1.0000  -4.0727   0.0000   0.0000   0.0000   0.2880
  11.000   1.4505   0.02810   0.02110  -0.0722  0.1942  1.0000  -4.3202   0.0000   0.0000   0.0000   0.2839
  11.500   1.4553   0.03163   0.02454  -0.0682  0.1622  1.0000  -4.5370   0.0000   0.0000   0.0000   0.2801
  12.000   1.4564   0.03582   0.02865  -0.0645  0.1339  1.0000  -4.7340   0.0000   0.0000   0.0000   0.2766
  12.500   1.4566   0.04037   0.03322  -0.0614  0.1102  1.0000  -4.9216   0.0000   0.0000   0.0000   0.2735
  13.000   1.4514   0.04569   0.03853  -0.0586  0.0914  1.0000  -5.0859   0.0000   0.0000   0.0000   0.2707
  13.500   1.4474   0.05123   0.04414  -0.0566  0.0765  1.0000  -5.2546   0.0000   0.0000   0.0000   0.2685
  14.000   1.4454   0.05689   0.05001  -0.0549  0.0654  1.0000  -5.4159   0.0000   0.0000   0.0000   0.2663
  14.500   1.4336   0.06387   0.05701  -0.0535  0.0560  1.0000  -5.5229   0.0000   0.0000   0.0000   0.2647
  15.000   1.4329   0.06996   0.06344  -0.0526  0.0502  1.0000  -5.6628   0.0000   0.0000   0.0000   0.2630


