xflr5 v6.59

 Calculated polar for: revR_30_revT

 1 1 Reynolds number fixed          Mach number fixed         

 xtrf =   1.000 (top)        1.000 (bottom)
 Mach =   0.000     Re =     0.400 e 6     Ncrit =   9.000

  alpha     CL        CD       CDp       Cm    Top Xtr Bot Xtr   Cpmin    Chinge    XCp    
 ------- -------- --------- --------- -------- ------- ------- -------- --------- ---------
  -5.000  -0.1486   0.01196   0.00539  -0.0896  0.8527  0.0551  -2.5038   0.0000   0.0000   0.0000  -0.3699
  -4.500  -0.0954   0.01108   0.00445  -0.0892  0.8398  0.0747  -2.1618   0.0000   0.0000   0.0000  -0.7075
  -4.000  -0.0414   0.01040   0.00384  -0.0889  0.8276  0.1156  -1.8171   0.0000   0.0000   0.0000  -1.9432
  -3.500   0.0129   0.00988   0.00349  -0.0888  0.8155  0.1767  -1.4965   0.0000   0.0000   0.0000   7.2281
  -3.000   0.0675   0.00936   0.00320  -0.0887  0.8040  0.2624  -1.2383   0.0000   0.0000   0.0000   1.5830
  -2.500   0.1215   0.00886   0.00299  -0.0885  0.7908  0.3640  -1.0220   0.0000   0.0000   0.0000   0.9863
  -2.000   0.1757   0.00839   0.00284  -0.0882  0.7790  0.4866  -0.8143   0.0000   0.0000   0.0000   0.7560
  -1.500   0.2281   0.00793   0.00285  -0.0874  0.7661  0.6325  -0.6232   0.0000   0.0000   0.0000   0.6350
  -1.000   0.2817   0.00781   0.00286  -0.0864  0.7530  0.7190  -0.5971   0.0000   0.0000   0.0000   0.5572
  -0.500   0.3350   0.00773   0.00287  -0.0854  0.7384  0.7774  -0.6397   0.0000   0.0000   0.0000   0.5043
   0.000   0.3881   0.00774   0.00290  -0.0842  0.7250  0.8202  -0.6845   0.0000   0.0000   0.0000   0.4658
   0.500   0.4400   0.00771   0.00287  -0.0828  0.7090  0.8564  -0.7322   0.0000   0.0000   0.0000   0.4363
   1.000   0.4901   0.00769   0.00289  -0.0810  0.6921  0.8933  -0.7828   0.0000   0.0000   0.0000   0.4129
   1.500   0.5387   0.00765   0.00286  -0.0788  0.6746  0.9319  -0.8377   0.0000   0.0000   0.0000   0.3933
   2.000   0.6021   0.00764   0.00280  -0.0800  0.6546  0.9740  -0.9027   0.0000   0.0000   0.0000   0.3794
   2.500   0.6710   0.00772   0.00279  -0.0830  0.6314  1.0000  -0.9792   0.0000   0.0000   0.0000   0.3697
   3.000   0.7251   0.00792   0.00289  -0.0829  0.6079  1.0000  -1.0517   0.0000   0.0000   0.0000   0.3599
   3.500   0.7792   0.00817   0.00304  -0.0827  0.5805  1.0000  -1.1324   0.0000   0.0000   0.0000   0.3512
   4.000   0.8327   0.00848   0.00325  -0.0824  0.5509  1.0000  -1.2292   0.0000   0.0000   0.0000   0.3435
   4.500   0.8852   0.00887   0.00352  -0.0819  0.5199  1.0000  -1.3395   0.0000   0.0000   0.0000   0.3365
   5.000   0.9373   0.00930   0.00386  -0.0813  0.4868  1.0000  -1.4813   0.0000   0.0000   0.0000   0.3302
   5.500   0.9880   0.00983   0.00426  -0.0806  0.4501  1.0000  -1.6620   0.0000   0.0000   0.0000   0.3245
   6.000   1.0385   0.01039   0.00474  -0.0798  0.4148  1.0000  -1.9809   0.0000   0.0000   0.0000   0.3192
   6.500   1.0863   0.01112   0.00530  -0.0787  0.3696  1.0000  -2.3078   0.0000   0.0000   0.0000   0.3142
   7.000   1.1329   0.01195   0.00596  -0.0775  0.3235  1.0000  -2.6546   0.0000   0.0000   0.0000   0.3096
   7.500   1.1770   0.01295   0.00674  -0.0761  0.2698  1.0000  -3.0145   0.0000   0.0000   0.0000   0.3051
   8.000   1.2201   0.01401   0.00763  -0.0745  0.2261  1.0000  -3.3844   0.0000   0.0000   0.0000   0.3009
   8.500   1.2608   0.01521   0.00866  -0.0726  0.1845  1.0000  -3.7571   0.0000   0.0000   0.0000   0.2968
   9.000   1.2972   0.01664   0.00989  -0.0703  0.1402  1.0000  -4.1237   0.0000   0.0000   0.0000   0.2926
   9.500   1.3280   0.01824   0.01130  -0.0671  0.1017  1.0000  -4.4758   0.0000   0.0000   0.0000   0.2883
  10.000   1.3559   0.01990   0.01287  -0.0637  0.0759  1.0000  -4.8204   0.0000   0.0000   0.0000   0.2840
  10.500   1.3804   0.02180   0.01473  -0.0602  0.0567  1.0000  -5.1506   0.0000   0.0000   0.0000   0.2798
  11.000   1.3997   0.02415   0.01706  -0.0566  0.0415  1.0000  -5.4507   0.0000   0.0000   0.0000   0.2758
  11.500   1.4172   0.02682   0.01981  -0.0533  0.0307  1.0000  -5.7255   0.0000   0.0000   0.0000   0.2722
  12.000   1.4259   0.03042   0.02358  -0.0499  0.0233  1.0000  -5.9079   0.0000   0.0000   0.0000   0.2686
  12.500   1.4328   0.03440   0.02769  -0.0471  0.0202  1.0000  -6.1045   0.0000   0.0000   0.0000   0.2656
  13.000   1.4278   0.03981   0.03333  -0.0444  0.0183  1.0000  -6.2161   0.0000   0.0000   0.0000   0.2629
  13.500   1.4122   0.04662   0.04046  -0.0420  0.0172  1.0000  -6.2547   0.0000   0.0000   0.0000   0.2606
  14.000   1.4082   0.05252   0.04661  -0.0407  0.0167  1.0000  -6.3887   0.0000   0.0000   0.0000   0.2587
  14.500   1.4100   0.05817   0.05247  -0.0403  0.0164  1.0000  -6.5732   0.0000   0.0000   0.0000   0.2574
  15.000   1.4080   0.06455   0.05909  -0.0403  0.0160  1.0000  -6.7278   0.0000   0.0000   0.0000   0.2564


