xflr5 v6.59

 Calculated polar for: revR_45_revT

 1 1 Reynolds number fixed          Mach number fixed         

 xtrf =   1.000 (top)        1.000 (bottom)
 Mach =   0.000     Re =     0.180 e 6     Ncrit =   9.000

  alpha     CL        CD       CDp       Cm    Top Xtr Bot Xtr   Cpmin    Chinge    XCp    
 ------- -------- --------- --------- -------- ------- ------- -------- --------- ---------
  -5.000  -0.0849   0.01812   0.01063  -0.1100  0.8995  0.0787  -2.3365   0.0000   0.0000   0.0000  -1.0795
  -4.500  -0.0344   0.01697   0.00937  -0.1092  0.8868  0.0977  -2.0612   0.0000   0.0000   0.0000  -2.9964
  -4.000   0.0230   0.01577   0.00829  -0.1095  0.8766  0.1451  -1.7533   0.0000   0.0000   0.0000   5.1025
  -3.500   0.0744   0.01498   0.00783  -0.1091  0.8637  0.2267  -1.4836   0.0000   0.0000   0.0000   1.7414
  -3.000   0.1299   0.01421   0.00736  -0.1090  0.8527  0.3325  -1.2548   0.0000   0.0000   0.0000   1.1010
  -2.500   0.1803   0.01366   0.00733  -0.1081  0.8399  0.4730  -1.0423   0.0000   0.0000   0.0000   0.8565
  -2.000   0.2320   0.01317   0.00728  -0.1065  0.8288  0.6191  -0.8357   0.0000   0.0000   0.0000   0.7131
  -1.500   0.2787   0.01313   0.00750  -0.1036  0.8148  0.7332  -0.6553   0.0000   0.0000   0.0000   0.6241
  -1.000   0.3264   0.01303   0.00742  -0.1003  0.8035  0.8102  -0.6379   0.0000   0.0000   0.0000   0.5581
  -0.500   0.3670   0.01311   0.00755  -0.0961  0.7888  0.8716  -0.6705   0.0000   0.0000   0.0000   0.5117
   0.000   0.4148   0.01283   0.00717  -0.0924  0.7777  0.9299  -0.7142   0.0000   0.0000   0.0000   0.4719
   0.500   0.4953   0.01262   0.00689  -0.0970  0.7617  0.9855  -0.7761   0.0000   0.0000   0.0000   0.4442
   1.000   0.5580   0.01259   0.00669  -0.0989  0.7476  1.0000  -0.8324   0.0000   0.0000   0.0000   0.4249
   1.500   0.6126   0.01258   0.00652  -0.0988  0.7324  1.0000  -0.8885   0.0000   0.0000   0.0000   0.4084
   2.000   0.6664   0.01267   0.00652  -0.0985  0.7141  1.0000  -0.9484   0.0000   0.0000   0.0000   0.3944
   2.500   0.7223   0.01276   0.00651  -0.0984  0.6969  1.0000  -1.0112   0.0000   0.0000   0.0000   0.3823
   3.000   0.7792   0.01277   0.00640  -0.0983  0.6789  1.0000  -1.0831   0.0000   0.0000   0.0000   0.3716
   3.500   0.8349   0.01281   0.00635  -0.0980  0.6587  1.0000  -1.1601   0.0000   0.0000   0.0000   0.3623
   4.000   0.8886   0.01293   0.00643  -0.0974  0.6360  1.0000  -1.2443   0.0000   0.0000   0.0000   0.3540
   4.500   0.9422   0.01311   0.00658  -0.0968  0.6122  1.0000  -1.3439   0.0000   0.0000   0.0000   0.3465
   5.000   0.9947   0.01337   0.00678  -0.0960  0.5854  1.0000  -1.4560   0.0000   0.0000   0.0000   0.3397
   5.500   1.0451   0.01372   0.00714  -0.0949  0.5556  1.0000  -1.5920   0.0000   0.0000   0.0000   0.3335
   6.000   1.0947   0.01416   0.00755  -0.0938  0.5237  1.0000  -1.7474   0.0000   0.0000   0.0000   0.3276
   6.500   1.1431   0.01476   0.00801  -0.0924  0.4904  1.0000  -1.9654   0.0000   0.0000   0.0000   0.3222
   7.000   1.1885   0.01541   0.00870  -0.0907  0.4540  1.0000  -2.2681   0.0000   0.0000   0.0000   0.3170
   7.500   1.2321   0.01627   0.00945  -0.0888  0.4181  1.0000  -2.5791   0.0000   0.0000   0.0000   0.3121
   8.000   1.2718   0.01718   0.01035  -0.0864  0.3780  1.0000  -2.8911   0.0000   0.0000   0.0000   0.3072
   8.500   1.3092   0.01829   0.01145  -0.0837  0.3406  1.0000  -3.2167   0.0000   0.0000   0.0000   0.3026
   9.000   1.3402   0.01965   0.01269  -0.0803  0.3014  1.0000  -3.5299   0.0000   0.0000   0.0000   0.2978
   9.500   1.3649   0.02112   0.01413  -0.0761  0.2605  1.0000  -3.8271   0.0000   0.0000   0.0000   0.2928
  10.000   1.3835   0.02303   0.01598  -0.0715  0.2218  1.0000  -4.1051   0.0000   0.0000   0.0000   0.2880
  10.500   1.3950   0.02561   0.01842  -0.0668  0.1852  1.0000  -4.3556   0.0000   0.0000   0.0000   0.2834
  11.000   1.4058   0.02858   0.02135  -0.0628  0.1484  1.0000  -4.6010   0.0000   0.0000   0.0000   0.2793
  11.500   1.4067   0.03263   0.02528  -0.0588  0.1177  1.0000  -4.8012   0.0000   0.0000   0.0000   0.2756
  12.000   1.4105   0.03680   0.02945  -0.0557  0.0940  1.0000  -5.0060   0.0000   0.0000   0.0000   0.2723
  13.000   1.4127   0.04637   0.03921  -0.0508  0.0635  1.0000  -5.3678   0.0000   0.0000   0.0000   0.2669
  13.500   1.4037   0.05250   0.04544  -0.0483  0.0545  1.0000  -5.4679   0.0000   0.0000   0.0000   0.2644
  14.000   1.4041   0.05804   0.05122  -0.0471  0.0477  1.0000  -5.6079   0.0000   0.0000   0.0000   0.2625
  14.500   1.3948   0.06483   0.05810  -0.0457  0.0418  1.0000  -5.6808   0.0000   0.0000   0.0000   0.2608
  15.000   1.3932   0.07099   0.06453  -0.0438  0.0383  1.0000  -5.7633   0.0000   0.0000   0.0000   0.2585


