xflr5 v6.59

 Calculated polar for: revR_70_revT

 1 1 Reynolds number fixed          Mach number fixed         

 xtrf =   1.000 (top)        1.000 (bottom)
 Mach =   0.000     Re =     0.185 e 6     Ncrit =   9.000

  alpha     CL        CD       CDp       Cm    Top Xtr Bot Xtr   Cpmin    Chinge    XCp    
 ------- -------- --------- --------- -------- ------- ------- -------- --------- ---------
  -5.000   0.0107   0.01989   0.01248  -0.1315  0.8636  0.0709  -2.2307   0.0000   0.0000   0.0000  12.8087
  -4.500   0.0652   0.01805   0.01054  -0.1313  0.8541  0.0868  -1.9717   0.0000   0.0000   0.0000   2.3098
  -4.000   0.1214   0.01700   0.00943  -0.1314  0.8461  0.1155  -1.7510   0.0000   0.0000   0.0000   1.3530
  -3.500   0.1722   0.01623   0.00887  -0.1310  0.8339  0.1739  -1.5316   0.0000   0.0000   0.0000   1.0233
  -3.000   0.2307   0.01545   0.00832  -0.1314  0.8256  0.2603  -1.2930   0.0000   0.0000   0.0000   0.8275
  -2.500   0.2820   0.01516   0.00835  -0.1310  0.8140  0.3550  -1.0773   0.0000   0.0000   0.0000   0.7199
  -2.000   0.3375   0.01459   0.00817  -0.1308  0.8042  0.4842  -0.8584   0.0000   0.0000   0.0000   0.6408
  -1.500   0.3896   0.01434   0.00830  -0.1296  0.7941  0.6174  -0.7007   0.0000   0.0000   0.0000   0.5845
  -1.000   0.4373   0.01418   0.00843  -0.1269  0.7817  0.7368  -0.7374   0.0000   0.0000   0.0000   0.5410
  -0.500   0.4850   0.01409   0.00838  -0.1238  0.7722  0.8203  -0.7762   0.0000   0.0000   0.0000   0.5051
   0.000   0.5220   0.01407   0.00845  -0.1190  0.7589  0.8891  -0.8095   0.0000   0.0000   0.0000   0.4769
   0.500   0.5866   0.01360   0.00784  -0.1191  0.7500  0.9772  -0.8649   0.0000   0.0000   0.0000   0.4513
   1.000   0.6458   0.01372   0.00786  -0.1207  0.7344  1.0000  -0.9172   0.0000   0.0000   0.0000   0.4344
   1.500   0.7090   0.01371   0.00763  -0.1220  0.7239  1.0000  -0.9757   0.0000   0.0000   0.0000   0.4190
   2.000   0.7645   0.01381   0.00766  -0.1222  0.7082  1.0000  -1.0364   0.0000   0.0000   0.0000   0.4061
   2.500   0.8220   0.01387   0.00762  -0.1224  0.6937  1.0000  -1.0998   0.0000   0.0000   0.0000   0.3945
   3.000   0.8813   0.01379   0.00741  -0.1227  0.6790  1.0000  -1.1663   0.0000   0.0000   0.0000   0.3843
   3.500   0.9349   0.01396   0.00758  -0.1223  0.6614  1.0000  -1.2381   0.0000   0.0000   0.0000   0.3753
   4.000   0.9904   0.01398   0.00755  -0.1220  0.6430  1.0000  -1.3148   0.0000   0.0000   0.0000   0.3670
   4.500   1.0468   0.01406   0.00755  -0.1219  0.6251  1.0000  -1.4027   0.0000   0.0000   0.0000   0.3596
   5.000   1.1015   0.01421   0.00763  -0.1215  0.6045  1.0000  -1.4988   0.0000   0.0000   0.0000   0.3528
   5.500   1.1531   0.01444   0.00783  -0.1206  0.5803  1.0000  -1.6093   0.0000   0.0000   0.0000   0.3465
   6.000   1.2037   0.01482   0.00818  -0.1196  0.5553  1.0000  -1.7316   0.0000   0.0000   0.0000   0.3406
   6.500   1.2507   0.01529   0.00869  -0.1181  0.5267  1.0000  -1.8653   0.0000   0.0000   0.0000   0.3349
   7.000   1.2963   0.01588   0.00928  -0.1164  0.4969  1.0000  -2.0254   0.0000   0.0000   0.0000   0.3296
   7.500   1.3398   0.01659   0.00994  -0.1144  0.4655  1.0000  -2.2022   0.0000   0.0000   0.0000   0.3245
   8.000   1.3799   0.01749   0.01073  -0.1120  0.4328  1.0000  -2.4134   0.0000   0.0000   0.0000   0.3194
   8.500   1.4167   0.01847   0.01176  -0.1092  0.4017  1.0000  -2.6606   0.0000   0.0000   0.0000   0.3146
   9.000   1.4470   0.01965   0.01289  -0.1054  0.3679  1.0000  -2.9373   0.0000   0.0000   0.0000   0.3096
   9.500   1.4691   0.02109   0.01427  -0.1005  0.3357  1.0000  -3.2121   0.0000   0.0000   0.0000   0.3044
  10.000   1.4898   0.02273   0.01596  -0.0959  0.3059  1.0000  -3.4873   0.0000   0.0000   0.0000   0.2995
  10.500   1.5055   0.02480   0.01804  -0.0913  0.2754  1.0000  -3.7504   0.0000   0.0000   0.0000   0.2949
  11.000   1.5147   0.02750   0.02066  -0.0866  0.2441  1.0000  -3.9932   0.0000   0.0000   0.0000   0.2905
  11.500   1.5230   0.03060   0.02375  -0.0826  0.2141  1.0000  -4.2342   0.0000   0.0000   0.0000   0.2866
  12.000   1.5298   0.03412   0.02730  -0.0789  0.1854  1.0000  -4.4696   0.0000   0.0000   0.0000   0.2830
  12.500   1.5311   0.03832   0.03152  -0.0755  0.1587  1.0000  -4.6830   0.0000   0.0000   0.0000   0.2798
  13.000   1.5294   0.04306   0.03626  -0.0724  0.1352  1.0000  -4.8812   0.0000   0.0000   0.0000   0.2768
  13.500   1.5258   0.04827   0.04151  -0.0697  0.1153  1.0000  -5.0672   0.0000   0.0000   0.0000   0.2741
  14.000   1.5200   0.05409   0.04739  -0.0676  0.0986  1.0000  -5.2373   0.0000   0.0000   0.0000   0.2719
  14.500   1.5081   0.06086   0.05414  -0.0659  0.0843  1.0000  -5.3742   0.0000   0.0000   0.0000   0.2700
  15.000   1.5043   0.06727   0.06075  -0.0652  0.0731  1.0000  -5.5519   0.0000   0.0000   0.0000   0.2686


