xflr5 v6.59

 Calculated polar for: revR_20_revT

 1 1 Reynolds number fixed          Mach number fixed         

 xtrf =   1.000 (top)        1.000 (bottom)
 Mach =   0.000     Re =     0.310 e 6     Ncrit =   9.000

  alpha     CL        CD       CDp       Cm    Top Xtr Bot Xtr   Cpmin    Chinge    XCp    
 ------- -------- --------- --------- -------- ------- ------- -------- --------- ---------
  -5.000  -0.1772   0.01279   0.00599  -0.0841  0.8927  0.0640  -2.4629   0.0000   0.0000   0.0000  -0.2379
  -4.500  -0.1274   0.01189   0.00506  -0.0828  0.8775  0.0896  -2.1396   0.0000   0.0000   0.0000  -0.4165
  -4.000  -0.0766   0.01117   0.00449  -0.0819  0.8628  0.1423  -1.8081   0.0000   0.0000   0.0000  -0.8424
  -3.500  -0.0242   0.01058   0.00408  -0.0813  0.8496  0.2185  -1.4823   0.0000   0.0000   0.0000  -3.1694
  -3.000   0.0258   0.00993   0.00381  -0.0804  0.8352  0.3270  -1.2260   0.0000   0.0000   0.0000   3.4170
  -2.500   0.0770   0.00934   0.00358  -0.0795  0.8216  0.4571  -1.0188   0.0000   0.0000   0.0000   1.2948
  -2.000   0.1259   0.00878   0.00352  -0.0778  0.8070  0.6103  -0.8235   0.0000   0.0000   0.0000   0.8739
  -1.500   0.1768   0.00863   0.00359  -0.0762  0.7936  0.7096  -0.6331   0.0000   0.0000   0.0000   0.6835
  -1.000   0.2284   0.00859   0.00357  -0.0745  0.7789  0.7754  -0.5525   0.0000   0.0000   0.0000   0.5769
  -0.500   0.2787   0.00856   0.00358  -0.0726  0.7628  0.8209  -0.5946   0.0000   0.0000   0.0000   0.5102
   0.000   0.3289   0.00855   0.00357  -0.0706  0.7481  0.8594  -0.6370   0.0000   0.0000   0.0000   0.4634
   0.500   0.3777   0.00851   0.00350  -0.0682  0.7316  0.8975  -0.6847   0.0000   0.0000   0.0000   0.4289
   1.000   0.4295   0.00846   0.00346  -0.0666  0.7129  0.9335  -0.7361   0.0000   0.0000   0.0000   0.4026
   1.500   0.4980   0.00849   0.00343  -0.0687  0.6940  0.9654  -0.8014   0.0000   0.0000   0.0000   0.3850
   2.000   0.5834   0.00853   0.00337  -0.0747  0.6711  0.9832  -0.8849   0.0000   0.0000   0.0000   0.3747
   2.500   0.6665   0.00858   0.00334  -0.0806  0.6464  1.0000  -0.9749   0.0000   0.0000   0.0000   0.3671
   3.000   0.6990   0.00869   0.00336  -0.0763  0.6213  1.0000  -1.0357   0.0000   0.0000   0.0000   0.3549
   3.500   0.7415   0.00892   0.00347  -0.0738  0.5936  1.0000  -1.1116   0.0000   0.0000   0.0000   0.3447
   4.000   0.7883   0.00924   0.00365  -0.0720  0.5640  1.0000  -1.2139   0.0000   0.0000   0.0000   0.3361
   4.500   0.8361   0.00958   0.00393  -0.0704  0.5316  1.0000  -1.3290   0.0000   0.0000   0.0000   0.3285
   5.000   0.8835   0.01001   0.00425  -0.0688  0.4974  1.0000  -1.4806   0.0000   0.0000   0.0000   0.3216
   5.500   0.9296   0.01051   0.00466  -0.0670  0.4592  1.0000  -1.7594   0.0000   0.0000   0.0000   0.3153
   6.000   0.9752   0.01108   0.00513  -0.0652  0.4242  1.0000  -2.0764   0.0000   0.0000   0.0000   0.3096
   6.500   1.0184   0.01173   0.00566  -0.0630  0.3816  1.0000  -2.4007   0.0000   0.0000   0.0000   0.3040
   7.000   1.0596   0.01248   0.00628  -0.0606  0.3384  1.0000  -2.7317   0.0000   0.0000   0.0000   0.2987
   7.500   1.0967   0.01340   0.00703  -0.0576  0.2876  1.0000  -3.0657   0.0000   0.0000   0.0000   0.2934
   8.000   1.1305   0.01446   0.00788  -0.0542  0.2377  1.0000  -3.4099   0.0000   0.0000   0.0000   0.2882
   8.500   1.1620   0.01559   0.00885  -0.0505  0.1940  1.0000  -3.7540   0.0000   0.0000   0.0000   0.2831
   9.000   1.1850   0.01687   0.00996  -0.0453  0.1523  1.0000  -4.0715   0.0000   0.0000   0.0000   0.2772
   9.500   1.2023   0.01842   0.01135  -0.0397  0.1139  1.0000  -4.3695   0.0000   0.0000   0.0000   0.2713
  10.000   1.2203   0.02007   0.01291  -0.0346  0.0857  1.0000  -4.6721   0.0000   0.0000   0.0000   0.2659
  10.500   1.2371   0.02193   0.01474  -0.0299  0.0659  1.0000  -4.9669   0.0000   0.0000   0.0000   0.2610
  11.000   1.2509   0.02412   0.01695  -0.0254  0.0505  1.0000  -5.2394   0.0000   0.0000   0.0000   0.2564
  11.500   1.2554   0.02716   0.02000  -0.0206  0.0368  1.0000  -5.4373   0.0000   0.0000   0.0000   0.2517
  12.000   1.2589   0.03061   0.02352  -0.0167  0.0277  1.0000  -5.5999   0.0000   0.0000   0.0000   0.2477
  12.500   1.2517   0.03532   0.02846  -0.0128  0.0240  1.0000  -5.6718   0.0000   0.0000   0.0000   0.2438
  13.000   1.2561   0.03943   0.03284  -0.0106  0.0223  1.0000  -5.8357   0.0000   0.0000   0.0000   0.2410
  13.500   1.2578   0.04413   0.03776  -0.0089  0.0211  1.0000  -5.9859   0.0000   0.0000   0.0000   0.2388
  14.000   1.2591   0.04923   0.04307  -0.0078  0.0203  1.0000  -6.1324   0.0000   0.0000   0.0000   0.2370
  14.500   1.2600   0.05478   0.04885  -0.0074  0.0196  1.0000  -6.2728   0.0000   0.0000   0.0000   0.2357
  15.000   1.2600   0.06079   0.05509  -0.0077  0.0191  1.0000  -6.4080   0.0000   0.0000   0.0000   0.2349


