xflr5 v6.59

 Calculated polar for: revR_0_revT

 1 1 Reynolds number fixed          Mach number fixed         

 xtrf =   1.000 (top)        1.000 (bottom)
 Mach =   0.000     Re =     0.250 e 6     Ncrit =   9.000

  alpha     CL        CD       CDp       Cm    Top Xtr Bot Xtr   Cpmin    Chinge    XCp    
 ------- -------- --------- --------- -------- ------- ------- -------- --------- ---------
  -5.000  -0.2853   0.01413   0.00699  -0.0611  0.9471  0.0743  -2.7680   0.0000   0.0000   0.0000   0.0276
  -4.500  -0.2207   0.01285   0.00583  -0.0631  0.9346  0.1125  -2.3475   0.0000   0.0000   0.0000  -0.0451
  -4.000  -0.1616   0.01174   0.00503  -0.0640  0.9198  0.1913  -1.9470   0.0000   0.0000   0.0000  -0.1567
  -3.500  -0.1080   0.01079   0.00452  -0.0638  0.9038  0.3088  -1.5828   0.0000   0.0000   0.0000  -0.3542
  -3.000  -0.0588   0.00992   0.00418  -0.0625  0.8872  0.4641  -1.2573   0.0000   0.0000   0.0000  -0.8323
  -2.500  -0.0124   0.00931   0.00411  -0.0600  0.8695  0.6260  -1.0007   0.0000   0.0000   0.0000  -4.6619
  -2.000   0.0364   0.00917   0.00414  -0.0576  0.8517  0.7218  -0.8006   0.0000   0.0000   0.0000   1.8528
  -1.500   0.0857   0.00917   0.00418  -0.0551  0.8343  0.7842  -0.6258   0.0000   0.0000   0.0000   0.8991
  -1.000   0.1351   0.00917   0.00415  -0.0527  0.8161  0.8284  -0.4782   0.0000   0.0000   0.0000   0.6420
  -0.500   0.1838   0.00918   0.00411  -0.0501  0.7977  0.8673  -0.5164   0.0000   0.0000   0.0000   0.5226
   0.000   0.2328   0.00918   0.00405  -0.0475  0.7794  0.9018  -0.5604   0.0000   0.0000   0.0000   0.4531
   0.500   0.2876   0.00918   0.00400  -0.0462  0.7595  0.9338  -0.6110   0.0000   0.0000   0.0000   0.4090
   1.000   0.3616   0.00922   0.00395  -0.0492  0.7371  0.9587  -0.6764   0.0000   0.0000   0.0000   0.3837
   1.500   0.4471   0.00927   0.00388  -0.0550  0.7133  0.9746  -0.7567   0.0000   0.0000   0.0000   0.3702
   2.000   0.5312   0.00927   0.00376  -0.0608  0.6856  0.9888  -0.8434   0.0000   0.0000   0.0000   0.3614
   2.500   0.6041   0.00926   0.00368  -0.0647  0.6552  1.0000  -0.9369   0.0000   0.0000   0.0000   0.3536
   3.000   0.6381   0.00935   0.00367  -0.0608  0.6243  1.0000  -1.0145   0.0000   0.0000   0.0000   0.3413
   3.500   0.6746   0.00955   0.00378  -0.0572  0.5927  1.0000  -1.1029   0.0000   0.0000   0.0000   0.3304
   4.000   0.7157   0.00986   0.00397  -0.0544  0.5579  1.0000  -1.2275   0.0000   0.0000   0.0000   0.3211
   4.500   0.7597   0.01025   0.00425  -0.0520  0.5196  1.0000  -1.4294   0.0000   0.0000   0.0000   0.3131
   5.000   0.8047   0.01073   0.00459  -0.0499  0.4793  1.0000  -1.7437   0.0000   0.0000   0.0000   0.3062
   5.500   0.8505   0.01126   0.00505  -0.0481  0.4398  1.0000  -2.0767   0.0000   0.0000   0.0000   0.3002
   6.000   0.8948   0.01187   0.00554  -0.0460  0.3937  1.0000  -2.4212   0.0000   0.0000   0.0000   0.2946
   6.500   0.9386   0.01258   0.00616  -0.0440  0.3482  1.0000  -2.7776   0.0000   0.0000   0.0000   0.2895
   7.000   0.9800   0.01344   0.00685  -0.0417  0.2973  1.0000  -3.1387   0.0000   0.0000   0.0000   0.2846
   7.500   1.0187   0.01447   0.00769  -0.0391  0.2384  1.0000  -3.5009   0.0000   0.0000   0.0000   0.2799
   8.000   1.0545   0.01575   0.00874  -0.0363  0.1796  1.0000  -3.8710   0.0000   0.0000   0.0000   0.2753
   8.500   1.0849   0.01737   0.01005  -0.0328  0.1212  1.0000  -4.2234   0.0000   0.0000   0.0000   0.2705
   9.000   1.1112   0.01917   0.01162  -0.0288  0.0822  1.0000  -4.5564   0.0000   0.0000   0.0000   0.2655
   9.500   1.1338   0.02085   0.01329  -0.0241  0.0595  1.0000  -4.8643   0.0000   0.0000   0.0000   0.2602
  10.000   1.1448   0.02311   0.01551  -0.0181  0.0422  1.0000  -5.0853   0.0000   0.0000   0.0000   0.2541
  10.500   1.1495   0.02600   0.01848  -0.0122  0.0317  1.0000  -5.2256   0.0000   0.0000   0.0000   0.2482
  11.000   1.1615   0.02872   0.02138  -0.0081  0.0275  1.0000  -5.4128   0.0000   0.0000   0.0000   0.2438
  11.500   1.1665   0.03229   0.02506  -0.0043  0.0252  1.0000  -5.5814   0.0000   0.0000   0.0000   0.2397
  12.000   1.1716   0.03666   0.02960  -0.0010  0.0238  1.0000  -5.7018   0.0000   0.0000   0.0000   0.2361
  12.500   1.1864   0.04033   0.03355   0.0011  0.0231  1.0000  -5.8925   0.0000   0.0000   0.0000   0.2334
  13.000   1.1992   0.04450   0.03798   0.0029  0.0224  1.0000  -6.0673   0.0000   0.0000   0.0000   0.2311
  13.500   1.2076   0.04930   0.04309   0.0043  0.0218  1.0000  -6.2169   0.0000   0.0000   0.0000   0.2292
  14.000   1.2095   0.05496   0.04909   0.0049  0.0214  1.0000  -6.3280   0.0000   0.0000   0.0000   0.2278
  14.500   1.2031   0.06182   0.05632   0.0045  0.0211  1.0000  -6.4130   0.0000   0.0000   0.0000   0.2271
  15.000   1.1872   0.07032   0.06522   0.0027  0.0210  1.0000  -6.4712   0.0000   0.0000   0.0000   0.2277


