xflr5 v6.59

 Calculated polar for: revR_15_revT

 1 1 Reynolds number fixed          Mach number fixed         

 xtrf =   1.000 (top)        1.000 (bottom)
 Mach =   0.000     Re =     0.175 e 6     Ncrit =   9.000

  alpha     CL        CD       CDp       Cm    Top Xtr Bot Xtr   Cpmin    Chinge    XCp    
 ------- -------- --------- --------- -------- ------- ------- -------- --------- ---------
  -5.000  -0.2753   0.01906   0.01142  -0.0683  0.9330  0.0753  -2.6323   0.0000   0.0000   0.0000  -0.0072
  -4.500  -0.2027   0.01684   0.00912  -0.0717  0.9247  0.1000  -2.2678   0.0000   0.0000   0.0000  -0.1147
  -4.000  -0.1298   0.01518   0.00777  -0.0755  0.9173  0.1712  -1.8925   0.0000   0.0000   0.0000  -0.3463
  -3.500  -0.0763   0.01404   0.00714  -0.0755  0.9019  0.2852  -1.5671   0.0000   0.0000   0.0000  -0.7607
  -3.000  -0.0176   0.01300   0.00670  -0.0762  0.8903  0.4452  -1.2578   0.0000   0.0000   0.0000  -4.1429
  -2.500   0.0329   0.01228   0.00665  -0.0744  0.8759  0.6285  -1.0511   0.0000   0.0000   0.0000   2.5408
  -2.000   0.0816   0.01219   0.00677  -0.0716  0.8606  0.7356  -0.8551   0.0000   0.0000   0.0000   1.1362
  -1.500   0.1361   0.01209   0.00668  -0.0692  0.8478  0.8088  -0.6566   0.0000   0.0000   0.0000   0.7626
  -1.000   0.1783   0.01217   0.00676  -0.0650  0.8303  0.8609  -0.5144   0.0000   0.0000   0.0000   0.6165
  -0.500   0.2294   0.01216   0.00668  -0.0624  0.8145  0.9067  -0.5567   0.0000   0.0000   0.0000   0.5221
   0.000   0.3042   0.01204   0.00638  -0.0646  0.8002  0.9439  -0.6127   0.0000   0.0000   0.0000   0.4613
   0.500   0.4018   0.01199   0.00623  -0.0723  0.7820  0.9684  -0.6900   0.0000   0.0000   0.0000   0.4284
   1.000   0.5011   0.01181   0.00593  -0.0809  0.7625  0.9892  -0.7708   0.0000   0.0000   0.0000   0.4093
   1.500   0.5701   0.01161   0.00562  -0.0840  0.7410  1.0000  -0.8416   0.0000   0.0000   0.0000   0.3947
   2.000   0.6022   0.01157   0.00550  -0.0798  0.7186  1.0000  -0.8905   0.0000   0.0000   0.0000   0.3794
   2.500   0.6361   0.01159   0.00543  -0.0756  0.6947  1.0000  -0.9459   0.0000   0.0000   0.0000   0.3653
   3.000   0.6758   0.01170   0.00546  -0.0724  0.6704  1.0000  -1.0144   0.0000   0.0000   0.0000   0.3531
   3.500   0.7202   0.01184   0.00551  -0.0699  0.6434  1.0000  -1.0975   0.0000   0.0000   0.0000   0.3426
   4.000   0.7676   0.01201   0.00559  -0.0680  0.6143  1.0000  -1.2022   0.0000   0.0000   0.0000   0.3335
   4.500   0.8161   0.01230   0.00578  -0.0663  0.5838  1.0000  -1.3293   0.0000   0.0000   0.0000   0.3257
   5.000   0.8624   0.01265   0.00610  -0.0643  0.5482  1.0000  -1.4919   0.0000   0.0000   0.0000   0.3185
   5.500   0.9094   0.01314   0.00646  -0.0624  0.5128  1.0000  -1.7971   0.0000   0.0000   0.0000   0.3121
   6.000   0.9532   0.01365   0.00692  -0.0601  0.4713  1.0000  -2.1120   0.0000   0.0000   0.0000   0.3059
   6.500   0.9969   0.01431   0.00753  -0.0578  0.4333  1.0000  -2.4400   0.0000   0.0000   0.0000   0.3003
   7.000   1.0367   0.01505   0.00816  -0.0550  0.3893  1.0000  -2.7694   0.0000   0.0000   0.0000   0.2948
   7.500   1.0739   0.01594   0.00897  -0.0519  0.3458  1.0000  -3.1002   0.0000   0.0000   0.0000   0.2894
   8.000   1.1072   0.01694   0.00989  -0.0483  0.3002  1.0000  -3.4263   0.0000   0.0000   0.0000   0.2841
   8.500   1.1357   0.01812   0.01097  -0.0441  0.2531  1.0000  -3.7405   0.0000   0.0000   0.0000   0.2786
   9.000   1.1560   0.01957   0.01226  -0.0387  0.2031  1.0000  -4.0356   0.0000   0.0000   0.0000   0.2727
   9.500   1.1661   0.02137   0.01392  -0.0321  0.1551  1.0000  -4.2936   0.0000   0.0000   0.0000   0.2660
  10.000   1.1713   0.02374   0.01605  -0.0257  0.1154  1.0000  -4.5251   0.0000   0.0000   0.0000   0.2597
  10.500   1.1817   0.02617   0.01843  -0.0208  0.0867  1.0000  -4.7738   0.0000   0.0000   0.0000   0.2547
  11.000   1.1864   0.02925   0.02150  -0.0161  0.0685  1.0000  -4.9792   0.0000   0.0000   0.0000   0.2499
  11.500   1.1883   0.03290   0.02520  -0.0120  0.0545  1.0000  -5.1488   0.0000   0.0000   0.0000   0.2456
  12.000   1.1940   0.03674   0.02925  -0.0088  0.0448  1.0000  -5.2874   0.0000   0.0000   0.0000   0.2420
  12.500   1.1916   0.04176   0.03433  -0.0059  0.0377  1.0000  -5.3697   0.0000   0.0000   0.0000   0.2387
  13.000   1.2026   0.04656   0.03940  -0.0036  0.0343  1.0000  -5.4681   0.0000   0.0000   0.0000   0.2360
  13.500   1.2131   0.05135   0.04458  -0.0021  0.0323  1.0000  -5.5924   0.0000   0.0000   0.0000   0.2338
  14.000   1.2172   0.05709   0.05069  -0.0011  0.0311  1.0000  -5.6823   0.0000   0.0000   0.0000   0.2322
  14.500   1.2125   0.06403   0.05803  -0.0010  0.0303  1.0000  -5.7242   0.0000   0.0000   0.0000   0.2312
  15.000   1.1969   0.07262   0.06706  -0.0024  0.0300  1.0000  -5.7018   0.0000   0.0000   0.0000   0.2314


