xflr5 v6.59

 Calculated polar for: revR_40_revT

 1 1 Reynolds number fixed          Mach number fixed         

 xtrf =   1.000 (top)        1.000 (bottom)
 Mach =   0.000     Re =     0.490 e 6     Ncrit =   9.000

  alpha     CL        CD       CDp       Cm    Top Xtr Bot Xtr   Cpmin    Chinge    XCp    
 ------- -------- --------- --------- -------- ------- ------- -------- --------- ---------
  -5.000  -0.1104   0.01114   0.00473  -0.0979  0.8231  0.0494  -2.5102   0.0000   0.0000   0.0000  -0.6606
  -4.500  -0.0558   0.01042   0.00394  -0.0977  0.8118  0.0651  -2.1526   0.0000   0.0000   0.0000  -1.5429
  -4.000  -0.0004   0.00992   0.00345  -0.0977  0.8010  0.0960  -1.8144   0.0000   0.0000   0.0000  -282.6216
  -3.500   0.0548   0.00941   0.00311  -0.0977  0.7905  0.1480  -1.4964   0.0000   0.0000   0.0000   2.0614
  -3.000   0.1104   0.00899   0.00283  -0.0978  0.7798  0.2153  -1.2583   0.0000   0.0000   0.0000   1.1479
  -2.500   0.1655   0.00852   0.00264  -0.0978  0.7683  0.3033  -1.0349   0.0000   0.0000   0.0000   0.8474
  -2.000   0.2210   0.00813   0.00247  -0.0979  0.7574  0.3996  -0.8206   0.0000   0.0000   0.0000   0.6961
  -1.500   0.2756   0.00766   0.00242  -0.0977  0.7459  0.5361  -0.6237   0.0000   0.0000   0.0000   0.6062
  -1.000   0.3299   0.00738   0.00239  -0.0972  0.7332  0.6484  -0.6404   0.0000   0.0000   0.0000   0.5449
  -0.500   0.3841   0.00724   0.00247  -0.0965  0.7203  0.7329  -0.6815   0.0000   0.0000   0.0000   0.5006
   0.000   0.4385   0.00725   0.00249  -0.0958  0.7075  0.7842  -0.7276   0.0000   0.0000   0.0000   0.4670
   0.500   0.4925   0.00722   0.00252  -0.0950  0.6923  0.8235  -0.7766   0.0000   0.0000   0.0000   0.4409
   1.000   0.5445   0.00722   0.00256  -0.0937  0.6771  0.8622  -0.8269   0.0000   0.0000   0.0000   0.4195
   2.000   0.6444   0.00719   0.00256  -0.0903  0.6410  0.9411  -0.9405   0.0000   0.0000   0.0000   0.3864
   2.500   0.7131   0.00722   0.00254  -0.0929  0.6187  1.0000  -1.0125   0.0000   0.0000   0.0000   0.3761
   3.000   0.7693   0.00743   0.00266  -0.0932  0.5968  1.0000  -1.0866   0.0000   0.0000   0.0000   0.3665
   3.500   0.8243   0.00770   0.00281  -0.0932  0.5709  1.0000  -1.1638   0.0000   0.0000   0.0000   0.3579
   4.000   0.8780   0.00804   0.00302  -0.0930  0.5425  1.0000  -1.2534   0.0000   0.0000   0.0000   0.3502
   4.500   0.9315   0.00840   0.00330  -0.0927  0.5141  1.0000  -1.3571   0.0000   0.0000   0.0000   0.3433
   5.000   0.9841   0.00882   0.00363  -0.0922  0.4816  1.0000  -1.4792   0.0000   0.0000   0.0000   0.3369
   5.500   1.0350   0.00936   0.00403  -0.0916  0.4475  1.0000  -1.6298   0.0000   0.0000   0.0000   0.3311
   6.000   1.0860   0.00989   0.00449  -0.0910  0.4135  1.0000  -1.8296   0.0000   0.0000   0.0000   0.3258
   6.500   1.1342   0.01061   0.00504  -0.0899  0.3727  1.0000  -2.1419   0.0000   0.0000   0.0000   0.3207
   7.000   1.1816   0.01138   0.00566  -0.0888  0.3306  1.0000  -2.4750   0.0000   0.0000   0.0000   0.3160
   8.000   1.2686   0.01339   0.00726  -0.0857  0.2370  1.0000  -3.1716   0.0000   0.0000   0.0000   0.3070
   8.500   1.3104   0.01444   0.00820  -0.0840  0.1996  1.0000  -3.5336   0.0000   0.0000   0.0000   0.3028
   9.000   1.3474   0.01574   0.00932  -0.0816  0.1604  1.0000  -3.8890   0.0000   0.0000   0.0000   0.2985
   9.500   1.3768   0.01731   0.01066  -0.0781  0.1204  1.0000  -4.2237   0.0000   0.0000   0.0000   0.2940
  10.000   1.4051   0.01886   0.01212  -0.0746  0.0931  1.0000  -4.5613   0.0000   0.0000   0.0000   0.2896
  10.500   1.4301   0.02065   0.01385  -0.0711  0.0717  1.0000  -4.8896   0.0000   0.0000   0.0000   0.2854
  11.000   1.4525   0.02273   0.01591  -0.0677  0.0551  1.0000  -5.2092   0.0000   0.0000   0.0000   0.2815
  11.500   1.4700   0.02532   0.01851  -0.0642  0.0409  1.0000  -5.5027   0.0000   0.0000   0.0000   0.2777
  12.000   1.4873   0.02807   0.02129  -0.0613  0.0320  1.0000  -5.7924   0.0000   0.0000   0.0000   0.2743
  12.500   1.4979   0.03156   0.02492  -0.0582  0.0244  1.0000  -6.0181   0.0000   0.0000   0.0000   0.2711
  13.000   1.4996   0.03608   0.02952  -0.0553  0.0195  1.0000  -6.1864   0.0000   0.0000   0.0000   0.2681
  13.500   1.4873   0.04225   0.03598  -0.0523  0.0172  1.0000  -6.2504   0.0000   0.0000   0.0000   0.2654
  14.000   1.4914   0.04706   0.04101  -0.0508  0.0167  1.0000  -6.4544   0.0000   0.0000   0.0000   0.2633
  14.500   1.4901   0.05276   0.04693  -0.0497  0.0162  1.0000  -6.6209   0.0000   0.0000   0.0000   0.2615
  15.000   1.4855   0.05926   0.05367  -0.0493  0.0157  1.0000  -6.7936   0.0000   0.0000   0.0000   0.2603


