xflr5 v6.59

 Calculated polar for: revR_50_revT

 1 1 Reynolds number fixed          Mach number fixed         

 xtrf =   1.000 (top)        1.000 (bottom)
 Mach =   0.000     Re =     0.405 e 6     Ncrit =   9.000

  alpha     CL        CD       CDp       Cm    Top Xtr Bot Xtr   Cpmin    Chinge    XCp    
 ------- -------- --------- --------- -------- ------- ------- -------- --------- ---------
  -5.000  -0.0653   0.01259   0.00598  -0.1084  0.8250  0.0491  -2.4204   0.0000   0.0000   0.0000  -1.4529
  -4.500  -0.0118   0.01143   0.00476  -0.1081  0.8149  0.0663  -2.1079   0.0000   0.0000   0.0000  -9.0835
  -4.000   0.0433   0.01072   0.00405  -0.1081  0.8046  0.0985  -1.7803   0.0000   0.0000   0.0000   2.7947
  -3.500   0.0985   0.01022   0.00373  -0.1082  0.7947  0.1531  -1.5090   0.0000   0.0000   0.0000   1.3657
  -3.000   0.1540   0.00973   0.00345  -0.1083  0.7843  0.2265  -1.2703   0.0000   0.0000   0.0000   0.9626
  -2.500   0.2098   0.00938   0.00326  -0.1084  0.7742  0.3065  -1.0397   0.0000   0.0000   0.0000   0.7719
  -2.000   0.2648   0.00888   0.00310  -0.1084  0.7626  0.4175  -0.8247   0.0000   0.0000   0.0000   0.6624
  -1.500   0.3202   0.00853   0.00305  -0.1083  0.7525  0.5411  -0.6400   0.0000   0.0000   0.0000   0.5897
  -1.000   0.3742   0.00822   0.00306  -0.1077  0.7408  0.6529  -0.6805   0.0000   0.0000   0.0000   0.5382
  -0.500   0.4279   0.00814   0.00311  -0.1068  0.7287  0.7427  -0.7214   0.0000   0.0000   0.0000   0.4989
   0.000   0.4812   0.00806   0.00314  -0.1058  0.7157  0.7963  -0.7664   0.0000   0.0000   0.0000   0.4685
   0.500   0.5339   0.00809   0.00316  -0.1046  0.7037  0.8399  -0.8133   0.0000   0.0000   0.0000   0.4439
   1.000   0.5837   0.00800   0.00315  -0.1028  0.6884  0.8818  -0.8620   0.0000   0.0000   0.0000   0.4235
   1.500   0.6317   0.00796   0.00314  -0.1005  0.6737  0.9268  -0.9146   0.0000   0.0000   0.0000   0.4060
   2.000   0.6962   0.00791   0.00301  -0.1020  0.6568  0.9870  -0.9819   0.0000   0.0000   0.0000   0.3928
   2.500   0.7555   0.00801   0.00304  -0.1030  0.6373  1.0000  -1.0477   0.0000   0.0000   0.0000   0.3821
   3.000   0.8118   0.00819   0.00315  -0.1033  0.6167  1.0000  -1.1171   0.0000   0.0000   0.0000   0.3724
   3.500   0.8671   0.00842   0.00330  -0.1033  0.5946  1.0000  -1.1942   0.0000   0.0000   0.0000   0.3638
   4.000   0.9213   0.00870   0.00349  -0.1031  0.5699  1.0000  -1.2783   0.0000   0.0000   0.0000   0.3560
   4.500   0.9743   0.00906   0.00375  -0.1027  0.5426  1.0000  -1.3736   0.0000   0.0000   0.0000   0.3489
   5.000   1.0262   0.00950   0.00408  -0.1021  0.5140  1.0000  -1.4866   0.0000   0.0000   0.0000   0.3424
   5.500   1.0778   0.00995   0.00448  -0.1015  0.4841  1.0000  -1.6157   0.0000   0.0000   0.0000   0.3365
   6.000   1.1273   0.01052   0.00494  -0.1006  0.4488  1.0000  -1.7720   0.0000   0.0000   0.0000   0.3310
   6.500   1.1757   0.01117   0.00549  -0.0996  0.4174  1.0000  -1.9610   0.0000   0.0000   0.0000   0.3258
   7.000   1.2224   0.01189   0.00612  -0.0983  0.3787  1.0000  -2.2517   0.0000   0.0000   0.0000   0.3209
   7.500   1.2672   0.01272   0.00684  -0.0968  0.3435  1.0000  -2.5704   0.0000   0.0000   0.0000   0.3161
   8.000   1.3104   0.01362   0.00765  -0.0951  0.3075  1.0000  -2.9042   0.0000   0.0000   0.0000   0.3116
   8.500   1.3483   0.01478   0.00864  -0.0927  0.2628  1.0000  -3.2328   0.0000   0.0000   0.0000   0.3071
   9.000   1.3820   0.01606   0.00976  -0.0897  0.2239  1.0000  -3.5570   0.0000   0.0000   0.0000   0.3025
   9.500   1.4103   0.01755   0.01109  -0.0861  0.1857  1.0000  -3.8702   0.0000   0.0000   0.0000   0.2978
  10.000   1.4353   0.01927   0.01268  -0.0823  0.1499  1.0000  -4.1779   0.0000   0.0000   0.0000   0.2934
  10.500   1.4549   0.02146   0.01474  -0.0784  0.1177  1.0000  -4.4690   0.0000   0.0000   0.0000   0.2891
  11.000   1.4742   0.02382   0.01705  -0.0749  0.0929  1.0000  -4.7619   0.0000   0.0000   0.0000   0.2851
  11.500   1.4907   0.02655   0.01974  -0.0716  0.0732  1.0000  -5.0452   0.0000   0.0000   0.0000   0.2815
  12.000   1.5036   0.02972   0.02290  -0.0684  0.0573  1.0000  -5.3128   0.0000   0.0000   0.0000   0.2781
  12.500   1.5173   0.03298   0.02624  -0.0657  0.0472  1.0000  -5.5826   0.0000   0.0000   0.0000   0.2749
  13.000   1.5206   0.03734   0.03069  -0.0628  0.0378  1.0000  -5.7894   0.0000   0.0000   0.0000   0.2719
  13.500   1.5270   0.04161   0.03508  -0.0606  0.0318  1.0000  -6.0139   0.0000   0.0000   0.0000   0.2693
  14.000   1.5090   0.04864   0.04229  -0.0580  0.0259  1.0000  -6.0887   0.0000   0.0000   0.0000   0.2670
  14.500   1.5140   0.05368   0.04758  -0.0569  0.0238  1.0000  -6.3092   0.0000   0.0000   0.0000   0.2652
  15.000   1.5108   0.05994   0.05404  -0.0563  0.0218  1.0000  -6.4791   0.0000   0.0000   0.0000   0.2637


