xflr5 v6.59

 Calculated polar for: revR_50_revT

 1 1 Reynolds number fixed          Mach number fixed         

 xtrf =   1.000 (top)        1.000 (bottom)
 Mach =   0.000     Re =     0.100 e 6     Ncrit =   9.000

  alpha     CL        CD       CDp       Cm    Top Xtr Bot Xtr   Cpmin    Chinge    XCp    
 ------- -------- --------- --------- -------- ------- ------- -------- --------- ---------
  -5.000  -0.2467   0.03225   0.02427  -0.0889  0.9370  0.0916  -2.5835   0.0000   0.0000   0.0000  -0.1228
  -4.500  -0.1757   0.02839   0.02002  -0.0930  0.9277  0.1029  -2.3334   0.0000   0.0000   0.0000  -0.2954
  -4.000  -0.0941   0.02628   0.01762  -0.0983  0.9198  0.1303  -2.0254   0.0000   0.0000   0.0000  -0.8199
  -3.500  -0.0387   0.02487   0.01630  -0.0990  0.9056  0.1759  -1.7630   0.0000   0.0000   0.0000  -2.3616
  -3.000   0.0494   0.02331   0.01525  -0.1054  0.8980  0.2974  -1.4565   0.0000   0.0000   0.0000   2.4195
  -2.500   0.0953   0.02276   0.01531  -0.1045  0.8818  0.4361  -1.2599   0.0000   0.0000   0.0000   1.3633
  -2.000   0.1723   0.02205   0.01540  -0.1068  0.8737  0.6530  -0.9937   0.0000   0.0000   0.0000   0.8772
  -1.500   0.1971   0.02254   0.01619  -0.0996  0.8555  0.7848  -0.8473   0.0000   0.0000   0.0000   0.7600
  -1.000   0.2257   0.02272   0.01642  -0.0919  0.8397  0.8981  -0.6972   0.0000   0.0000   0.0000   0.6601
  -0.500   0.3222   0.02226   0.01568  -0.0985  0.8289  1.0000  -0.6307   0.0000   0.0000   0.0000   0.5566
   0.000   0.3739   0.02289   0.01602  -0.0996  0.8110  1.0000  -0.6710   0.0000   0.0000   0.0000   0.5159
   0.500   0.4563   0.02248   0.01533  -0.1034  0.8017  1.0000  -0.7347   0.0000   0.0000   0.0000   0.4752
   1.000   0.5060   0.02306   0.01575  -0.1030  0.7820  1.0000  -0.7793   0.0000   0.0000   0.0000   0.4516
   1.500   0.5596   0.02351   0.01607  -0.1028  0.7638  1.0000  -0.8315   0.0000   0.0000   0.0000   0.4310
   2.000   0.6340   0.02284   0.01526  -0.1042  0.7539  1.0000  -0.9049   0.0000   0.0000   0.0000   0.4112
   2.500   0.6844   0.02321   0.01558  -0.1033  0.7335  1.0000  -0.9617   0.0000   0.0000   0.0000   0.3970
   3.000   0.7382   0.02337   0.01572  -0.1024  0.7142  1.0000  -1.0260   0.0000   0.0000   0.0000   0.3843
   3.500   0.7979   0.02315   0.01549  -0.1020  0.6975  1.0000  -1.1029   0.0000   0.0000   0.0000   0.3729
   4.000   0.8655   0.02226   0.01455  -0.1021  0.6823  1.0000  -1.1959   0.0000   0.0000   0.0000   0.3624
   4.500   0.9192   0.02219   0.01453  -0.1009  0.6604  1.0000  -1.2843   0.0000   0.0000   0.0000   0.3537
   5.000   0.9745   0.02202   0.01440  -0.0999  0.6380  1.0000  -1.3925   0.0000   0.0000   0.0000   0.3459
   5.500   1.0308   0.02180   0.01422  -0.0990  0.6146  1.0000  -1.5136   0.0000   0.0000   0.0000   0.3387
   6.000   1.0882   0.02150   0.01393  -0.0981  0.5890  1.0000  -1.6698   0.0000   0.0000   0.0000   0.3322
   6.500   1.1444   0.02141   0.01381  -0.0971  0.5612  1.0000  -1.8422   0.0000   0.0000   0.0000   0.3263
   7.000   1.1897   0.02188   0.01439  -0.0950  0.5277  1.0000  -2.0543   0.0000   0.0000   0.0000   0.3206
   7.500   1.2403   0.02214   0.01460  -0.0933  0.4935  1.0000  -2.3737   0.0000   0.0000   0.0000   0.3153
   8.000   1.2826   0.02290   0.01539  -0.0909  0.4563  1.0000  -2.6781   0.0000   0.0000   0.0000   0.3102
   8.500   1.3262   0.02371   0.01611  -0.0886  0.4190  1.0000  -3.0002   0.0000   0.0000   0.0000   0.3053
   9.000   1.3570   0.02486   0.01735  -0.0847  0.3784  1.0000  -3.2957   0.0000   0.0000   0.0000   0.3002
   9.500   1.3853   0.02626   0.01871  -0.0807  0.3384  1.0000  -3.5933   0.0000   0.0000   0.0000   0.2952
  10.000   1.4081   0.02799   0.02027  -0.0761  0.2993  1.0000  -3.8770   0.0000   0.0000   0.0000   0.2902
  10.500   1.4138   0.03011   0.02250  -0.0696  0.2611  1.0000  -4.0944   0.0000   0.0000   0.0000   0.2846
  11.000   1.4168   0.03294   0.02525  -0.0639  0.2243  1.0000  -4.3012   0.0000   0.0000   0.0000   0.2796
  11.500   1.4147   0.03649   0.02881  -0.0588  0.1898  1.0000  -4.4793   0.0000   0.0000   0.0000   0.2752
  12.000   1.4144   0.04070   0.03278  -0.0544  0.1590  1.0000  -4.6561   0.0000   0.0000   0.0000   0.2712
  12.500   1.4128   0.04540   0.03756  -0.0508  0.1338  1.0000  -4.8090   0.0000   0.0000   0.0000   0.2678
  13.000   1.4111   0.05045   0.04262  -0.0477  0.1127  1.0000  -4.9546   0.0000   0.0000   0.0000   0.2647
  13.500   1.4166   0.05559   0.04769  -0.0448  0.0943  1.0000  -5.1083   0.0000   0.0000   0.0000   0.2616
  14.000   1.4078   0.06154   0.05412  -0.0430  0.0840  1.0000  -5.1987   0.0000   0.0000   0.0000   0.2595
  14.500   1.4135   0.06746   0.06007  -0.0407  0.0730  1.0000  -5.3382   0.0000   0.0000   0.0000   0.2569
  15.000   1.4015   0.07474   0.06786  -0.0397  0.0676  1.0000  -5.3813   0.0000   0.0000   0.0000   0.2555


