xflr5 v6.59

 Calculated polar for: revR_05_revT

 1 1 Reynolds number fixed          Mach number fixed         

 xtrf =   1.000 (top)        1.000 (bottom)
 Mach =   0.000     Re =     0.475 e 6     Ncrit =   9.000

  alpha     CL        CD       CDp       Cm    Top Xtr Bot Xtr   Cpmin    Chinge    XCp    
 ------- -------- --------- --------- -------- ------- ------- -------- --------- ---------
  -5.000  -0.2454   0.01088   0.00454  -0.0669  0.8844  0.0531  -2.6051   0.0000   0.0000   0.0000  -0.0319
  -4.500  -0.1952   0.01005   0.00366  -0.0657  0.8669  0.0806  -2.2440   0.0000   0.0000   0.0000  -0.0967
  -4.000  -0.1440   0.00944   0.00320  -0.0649  0.8508  0.1297  -1.8746   0.0000   0.0000   0.0000  -0.2120
  -3.500  -0.0918   0.00896   0.00287  -0.0642  0.8350  0.1912  -1.5175   0.0000   0.0000   0.0000  -0.4643
  -3.000  -0.0399   0.00843   0.00257  -0.0635  0.8190  0.2773  -1.2181   0.0000   0.0000   0.0000  -1.3695
  -2.000   0.0621   0.00723   0.00221  -0.0618  0.7892  0.5536  -0.8138   0.0000   0.0000   0.0000   1.2550
  -1.500   0.1132   0.00691   0.00218  -0.0604  0.7727  0.6730  -0.6240   0.0000   0.0000   0.0000   0.7872
  -1.000   0.1659   0.00679   0.00219  -0.0593  0.7559  0.7390  -0.5012   0.0000   0.0000   0.0000   0.6083
  -0.500   0.2194   0.00677   0.00220  -0.0583  0.7397  0.7830  -0.5447   0.0000   0.0000   0.0000   0.5154
   0.000   0.2725   0.00679   0.00219  -0.0572  0.7210  0.8180  -0.5899   0.0000   0.0000   0.0000   0.4588
   0.500   0.3248   0.00682   0.00220  -0.0560  0.7014  0.8496  -0.6412   0.0000   0.0000   0.0000   0.4204
   1.000   0.3761   0.00683   0.00222  -0.0545  0.6804  0.8790  -0.6924   0.0000   0.0000   0.0000   0.3924
   1.500   0.4256   0.00686   0.00225  -0.0525  0.6560  0.9110  -0.7463   0.0000   0.0000   0.0000   0.3706
   2.000   0.4774   0.00693   0.00229  -0.0512  0.6322  0.9422  -0.8096   0.0000   0.0000   0.0000   0.3539
   2.500   0.5440   0.00707   0.00238  -0.0532  0.6024  0.9680  -0.8867   0.0000   0.0000   0.0000   0.3441
   3.000   0.6192   0.00729   0.00250  -0.0573  0.5684  0.9838  -0.9874   0.0000   0.0000   0.0000   0.3385
   3.500   0.6953   0.00759   0.00266  -0.0619  0.5303  0.9980  -1.1153   0.0000   0.0000   0.0000   0.3345
   4.000   0.7379   0.00788   0.00283  -0.0596  0.4959  1.0000  -1.2241   0.0000   0.0000   0.0000   0.3259
   4.500   0.7803   0.00829   0.00309  -0.0571  0.4574  1.0000  -1.3879   0.0000   0.0000   0.0000   0.3178
   5.000   0.8265   0.00873   0.00341  -0.0553  0.4207  1.0000  -1.6985   0.0000   0.0000   0.0000   0.3111
   5.500   0.8728   0.00926   0.00380  -0.0537  0.3782  1.0000  -2.0313   0.0000   0.0000   0.0000   0.3051
   6.000   0.9159   0.01002   0.00427  -0.0516  0.3189  1.0000  -2.3701   0.0000   0.0000   0.0000   0.2994
   6.500   0.9599   0.01078   0.00482  -0.0497  0.2656  1.0000  -2.7264   0.0000   0.0000   0.0000   0.2943
   7.000   1.0031   0.01160   0.00545  -0.0477  0.2205  1.0000  -3.0933   0.0000   0.0000   0.0000   0.2895
   7.500   1.0425   0.01265   0.00625  -0.0452  0.1642  1.0000  -3.4595   0.0000   0.0000   0.0000   0.2848
   8.000   1.0797   0.01380   0.00715  -0.0425  0.1172  1.0000  -3.8452   0.0000   0.0000   0.0000   0.2801
   8.500   1.1151   0.01496   0.00814  -0.0394  0.0820  1.0000  -4.2331   0.0000   0.0000   0.0000   0.2755
   9.000   1.1489   0.01608   0.00921  -0.0361  0.0594  1.0000  -4.6204   0.0000   0.0000   0.0000   0.2710
   9.500   1.1762   0.01725   0.01032  -0.0317  0.0423  1.0000  -4.9776   0.0000   0.0000   0.0000   0.2658
  10.000   1.1925   0.01883   0.01179  -0.0257  0.0250  1.0000  -5.2562   0.0000   0.0000   0.0000   0.2598
  10.500   1.2069   0.02062   0.01361  -0.0199  0.0172  1.0000  -5.4961   0.0000   0.0000   0.0000   0.2540
  11.000   1.2143   0.02296   0.01612  -0.0140  0.0145  1.0000  -5.6948   0.0000   0.0000   0.0000   0.2483
  11.500   1.2318   0.02489   0.01821  -0.0101  0.0137  1.0000  -6.0036   0.0000   0.0000   0.0000   0.2442
  12.000   1.2447   0.02732   0.02083  -0.0064  0.0130  1.0000  -6.2879   0.0000   0.0000   0.0000   0.2403
  12.500   1.2537   0.03028   0.02398  -0.0031  0.0125  1.0000  -6.5485   0.0000   0.0000   0.0000   0.2368
  13.000   1.2590   0.03385   0.02774  -0.0004  0.0122  1.0000  -6.7822   0.0000   0.0000   0.0000   0.2337
  13.500   1.2620   0.03797   0.03206   0.0017  0.0119  1.0000  -6.9999   0.0000   0.0000   0.0000   0.2312
  14.000   1.2627   0.04269   0.03698   0.0029  0.0116  1.0000  -7.2020   0.0000   0.0000   0.0000   0.2292
  14.500   1.2612   0.04805   0.04255   0.0034  0.0114  1.0000  -7.3864   0.0000   0.0000   0.0000   0.2279
  15.000   1.2579   0.05409   0.04880   0.0030  0.0112  1.0000  -7.5528   0.0000   0.0000   0.0000   0.2272


