xflr5 v6.59

 Calculated polar for: revR_40_revT

 1 1 Reynolds number fixed          Mach number fixed         

 xtrf =   1.000 (top)        1.000 (bottom)
 Mach =   0.000     Re =     0.500 e 6     Ncrit =   9.000

  alpha     CL        CD       CDp       Cm    Top Xtr Bot Xtr   Cpmin    Chinge    XCp    
 ------- -------- --------- --------- -------- ------- ------- -------- --------- ---------
  -5.000  -0.1107   0.01104   0.00466  -0.0978  0.8217  0.0490  -2.5139   0.0000   0.0000   0.0000  -0.6574
  -4.500  -0.0559   0.01035   0.00388  -0.0976  0.8104  0.0644  -2.1542   0.0000   0.0000   0.0000  -1.5363
  -4.000  -0.0005   0.00985   0.00340  -0.0976  0.7998  0.0954  -1.8156   0.0000   0.0000   0.0000  -185.0788
  -3.500   0.0548   0.00935   0.00306  -0.0977  0.7891  0.1462  -1.4969   0.0000   0.0000   0.0000   2.0625
  -2.500   0.1655   0.00846   0.00260  -0.0978  0.7669  0.3000  -1.0352   0.0000   0.0000   0.0000   0.8471
  -2.000   0.2211   0.00809   0.00243  -0.0978  0.7560  0.3954  -0.8206   0.0000   0.0000   0.0000   0.6957
  -1.500   0.2757   0.00761   0.00238  -0.0977  0.7445  0.5305  -0.6235   0.0000   0.0000   0.0000   0.6059
  -1.000   0.3301   0.00734   0.00235  -0.0972  0.7317  0.6438  -0.6406   0.0000   0.0000   0.0000   0.5448
  -0.500   0.3844   0.00719   0.00242  -0.0966  0.7190  0.7299  -0.6818   0.0000   0.0000   0.0000   0.5006
   0.000   0.4389   0.00721   0.00245  -0.0959  0.7062  0.7815  -0.7278   0.0000   0.0000   0.0000   0.4670
   0.500   0.4928   0.00715   0.00247  -0.0951  0.6909  0.8212  -0.7769   0.0000   0.0000   0.0000   0.4409
   1.000   0.5452   0.00716   0.00252  -0.0939  0.6757  0.8595  -0.8273   0.0000   0.0000   0.0000   0.4196
   1.500   0.5965   0.00719   0.00252  -0.0925  0.6585  0.8948  -0.8846   0.0000   0.0000   0.0000   0.4019
   2.000   0.6452   0.00715   0.00253  -0.0905  0.6395  0.9372  -0.9411   0.0000   0.0000   0.0000   0.3866
   2.500   0.7130   0.00717   0.00251  -0.0928  0.6171  0.9988  -1.0125   0.0000   0.0000   0.0000   0.3761
   3.000   0.7694   0.00738   0.00262  -0.0932  0.5951  1.0000  -1.0867   0.0000   0.0000   0.0000   0.3665
   3.500   0.8243   0.00765   0.00278  -0.0932  0.5691  1.0000  -1.1639   0.0000   0.0000   0.0000   0.3579
   4.000   0.8781   0.00800   0.00300  -0.0930  0.5407  1.0000  -1.2535   0.0000   0.0000   0.0000   0.3502
   4.500   0.9318   0.00834   0.00327  -0.0927  0.5122  1.0000  -1.3575   0.0000   0.0000   0.0000   0.3433
   5.000   0.9843   0.00877   0.00360  -0.0923  0.4795  1.0000  -1.4796   0.0000   0.0000   0.0000   0.3370
   5.500   1.0351   0.00932   0.00401  -0.0916  0.4454  1.0000  -1.6302   0.0000   0.0000   0.0000   0.3311
   6.000   1.0864   0.00984   0.00445  -0.0910  0.4113  1.0000  -1.8312   0.0000   0.0000   0.0000   0.3258
   6.500   1.1347   0.01055   0.00500  -0.0900  0.3704  1.0000  -2.1443   0.0000   0.0000   0.0000   0.3208
   7.500   1.2259   0.01232   0.00639  -0.0874  0.2771  1.0000  -2.8209   0.0000   0.0000   0.0000   0.3114
   8.000   1.2689   0.01336   0.00723  -0.0858  0.2344  1.0000  -3.1744   0.0000   0.0000   0.0000   0.3071
   8.500   1.3110   0.01439   0.00816  -0.0841  0.1972  1.0000  -3.5376   0.0000   0.0000   0.0000   0.3029
   9.000   1.3483   0.01567   0.00926  -0.0817  0.1582  1.0000  -3.8945   0.0000   0.0000   0.0000   0.2986
   9.500   1.3780   0.01723   0.01060  -0.0783  0.1187  1.0000  -4.2306   0.0000   0.0000   0.0000   0.2941
  10.000   1.4063   0.01878   0.01205  -0.0748  0.0916  1.0000  -4.5686   0.0000   0.0000   0.0000   0.2897
  10.500   1.4313   0.02056   0.01377  -0.0713  0.0705  1.0000  -4.8977   0.0000   0.0000   0.0000   0.2855
  11.000   1.4541   0.02261   0.01583  -0.0679  0.0543  1.0000  -5.2191   0.0000   0.0000   0.0000   0.2816
  11.500   1.4724   0.02512   0.01834  -0.0645  0.0406  1.0000  -5.5172   0.0000   0.0000   0.0000   0.2778
  12.000   1.4884   0.02797   0.02119  -0.0614  0.0309  1.0000  -5.7994   0.0000   0.0000   0.0000   0.2744
  12.500   1.5001   0.03136   0.02472  -0.0584  0.0239  1.0000  -6.0327   0.0000   0.0000   0.0000   0.2712
  13.000   1.4989   0.03615   0.02961  -0.0553  0.0188  1.0000  -6.1762   0.0000   0.0000   0.0000   0.2681
  13.500   1.4929   0.04167   0.03541  -0.0526  0.0171  1.0000  -6.2897   0.0000   0.0000   0.0000   0.2655
  14.000   1.4966   0.04653   0.04047  -0.0510  0.0165  1.0000  -6.4900   0.0000   0.0000   0.0000   0.2633
  14.500   1.4950   0.05222   0.04640  -0.0499  0.0159  1.0000  -6.6562   0.0000   0.0000   0.0000   0.2615
  15.000   1.4907   0.05865   0.05306  -0.0494  0.0154  1.0000  -6.8354   0.0000   0.0000   0.0000   0.2602


