xflr5 v6.59

 Calculated polar for: revR_25_revT

 1 1 Reynolds number fixed          Mach number fixed         

 xtrf =   1.000 (top)        1.000 (bottom)
 Mach =   0.000     Re =     0.100 e 6     Ncrit =   9.000

  alpha     CL        CD       CDp       Cm    Top Xtr Bot Xtr   Cpmin    Chinge    XCp    
 ------- -------- --------- --------- -------- ------- ------- -------- --------- ---------
  -5.000  -0.3678   0.02857   0.02052  -0.0593  0.9766  0.0918  -2.7267   0.0000   0.0000   0.0000   0.0812
  -4.500  -0.2833   0.02484   0.01613  -0.0651  0.9682  0.1056  -2.4652   0.0000   0.0000   0.0000   0.0114
  -4.000  -0.2173   0.02304   0.01432  -0.0679  0.9557  0.1376  -2.1621   0.0000   0.0000   0.0000  -0.0724
  -3.500  -0.1334   0.02128   0.01289  -0.0741  0.9453  0.2241  -1.8028   0.0000   0.0000   0.0000  -0.3188
  -3.000  -0.0713   0.01991   0.01232  -0.0763  0.9303  0.3773  -1.4993   0.0000   0.0000   0.0000  -0.8430
  -2.500   0.0052   0.01906   0.01257  -0.0795  0.9200  0.6345  -1.1941   0.0000   0.0000   0.0000  15.8200
  -2.000   0.0449   0.01933   0.01310  -0.0745  0.9016  0.7772  -1.0113   0.0000   0.0000   0.0000   1.9321
  -1.500   0.0813   0.01964   0.01344  -0.0681  0.8845  0.8763  -0.8395   0.0000   0.0000   0.0000   1.0982
  -1.000   0.1843   0.01941   0.01296  -0.0743  0.8750  0.9668  -0.5576   0.0000   0.0000   0.0000   0.6554
  -0.500   0.3016   0.01923   0.01248  -0.0870  0.8612  1.0000  -0.5922   0.0000   0.0000   0.0000   0.5388
   0.000   0.3448   0.01933   0.01239  -0.0856  0.8413  1.0000  -0.6297   0.0000   0.0000   0.0000   0.4977
   0.500   0.4075   0.01913   0.01199  -0.0865  0.8255  1.0000  -0.6839   0.0000   0.0000   0.0000   0.4608
   1.000   0.4544   0.01933   0.01205  -0.0849  0.8041  1.0000  -0.7301   0.0000   0.0000   0.0000   0.4350
   1.500   0.5054   0.01957   0.01219  -0.0840  0.7832  1.0000  -0.7839   0.0000   0.0000   0.0000   0.4136
   2.000   0.5595   0.01965   0.01219  -0.0831  0.7623  1.0000  -0.8426   0.0000   0.0000   0.0000   0.3954
   2.500   0.6148   0.01965   0.01214  -0.0822  0.7415  1.0000  -0.9086   0.0000   0.0000   0.0000   0.3801
   3.000   0.6708   0.01957   0.01202  -0.0812  0.7204  1.0000  -0.9816   0.0000   0.0000   0.0000   0.3670
   3.500   0.7268   0.01942   0.01187  -0.0801  0.6979  1.0000  -1.0640   0.0000   0.0000   0.0000   0.3557
   4.000   0.7820   0.01930   0.01175  -0.0789  0.6736  1.0000  -1.1612   0.0000   0.0000   0.0000   0.3459
   4.500   0.8365   0.01920   0.01167  -0.0776  0.6473  1.0000  -1.2718   0.0000   0.0000   0.0000   0.3373
   5.000   0.8914   0.01908   0.01156  -0.0764  0.6192  1.0000  -1.4160   0.0000   0.0000   0.0000   0.3296
   5.500   0.9475   0.01896   0.01139  -0.0752  0.5896  1.0000  -1.5932   0.0000   0.0000   0.0000   0.3227
   6.000   0.9966   0.01929   0.01178  -0.0734  0.5542  1.0000  -1.8828   0.0000   0.0000   0.0000   0.3165
   6.500   1.0489   0.01952   0.01190  -0.0719  0.5176  1.0000  -2.2189   0.0000   0.0000   0.0000   0.3107
   7.000   1.0940   0.02012   0.01253  -0.0697  0.4758  1.0000  -2.5440   0.0000   0.0000   0.0000   0.3053
   7.500   1.1381   0.02089   0.01331  -0.0674  0.4330  1.0000  -2.8785   0.0000   0.0000   0.0000   0.3001
   8.000   1.1779   0.02178   0.01415  -0.0647  0.3866  1.0000  -3.2105   0.0000   0.0000   0.0000   0.2951
   8.500   1.2132   0.02295   0.01527  -0.0615  0.3384  1.0000  -3.5335   0.0000   0.0000   0.0000   0.2902
   9.000   1.2419   0.02445   0.01668  -0.0576  0.2877  1.0000  -3.8370   0.0000   0.0000   0.0000   0.2852
   9.500   1.2614   0.02649   0.01858  -0.0529  0.2353  1.0000  -4.1190   0.0000   0.0000   0.0000   0.2800
  10.000   1.2704   0.02922   0.02104  -0.0473  0.1865  1.0000  -4.3495   0.0000   0.0000   0.0000   0.2745
  10.500   1.2766   0.03246   0.02424  -0.0421  0.1469  1.0000  -4.5478   0.0000   0.0000   0.0000   0.2695
  11.000   1.2859   0.03652   0.02810  -0.0378  0.1171  1.0000  -4.7356   0.0000   0.0000   0.0000   0.2651
  11.500   1.2945   0.04068   0.03231  -0.0341  0.0951  1.0000  -4.9074   0.0000   0.0000   0.0000   0.2613
  12.000   1.2994   0.04491   0.03666  -0.0310  0.0792  1.0000  -5.0638   0.0000   0.0000   0.0000   0.2579
  12.500   1.3112   0.05001   0.04212  -0.0280  0.0678  1.0000  -5.1712   0.0000   0.0000   0.0000   0.2547
  13.000   1.3180   0.05515   0.04742  -0.0257  0.0593  1.0000  -5.3031   0.0000   0.0000   0.0000   0.2520
  13.500   1.3158   0.06268   0.05545  -0.0235  0.0548  1.0000  -5.3176   0.0000   0.0000   0.0000   0.2495
  14.000   1.2992   0.07054   0.06386  -0.0225  0.0530  1.0000  -5.2940   0.0000   0.0000   0.0000   0.2481
  14.500   1.2697   0.08034   0.07420  -0.0232  0.0521  1.0000  -5.2063   0.0000   0.0000   0.0000   0.2481
  15.000   1.2268   0.09270   0.08707  -0.0268  0.0521  1.0000  -5.0438   0.0000   0.0000   0.0000   0.2508


