xflr5 v6.59

 Calculated polar for: revR_45_revT

 1 1 Reynolds number fixed          Mach number fixed         

 xtrf =   1.000 (top)        1.000 (bottom)
 Mach =   0.000     Re =     0.090 e 6     Ncrit =   9.000

  alpha     CL        CD       CDp       Cm    Top Xtr Bot Xtr   Cpmin    Chinge    XCp    
 ------- -------- --------- --------- -------- ------- ------- -------- --------- ---------
  -5.000  -0.3107   0.03407   0.02610  -0.0768  0.9598  0.0955  -2.6681   0.0000   0.0000   0.0000  -0.0066
  -4.500  -0.2361   0.03013   0.02169  -0.0819  0.9503  0.1073  -2.4027   0.0000   0.0000   0.0000  -0.1082
  -4.000  -0.1619   0.02778   0.01897  -0.0861  0.9402  0.1308  -2.1306   0.0000   0.0000   0.0000  -0.2969
  -3.500  -0.0915   0.02595   0.01713  -0.0895  0.9277  0.1754  -1.8482   0.0000   0.0000   0.0000  -0.7511
  -3.000  -0.0171   0.02458   0.01618  -0.0938  0.9164  0.2792  -1.5430   0.0000   0.0000   0.0000  -5.3290
  -2.500   0.0478   0.02359   0.01601  -0.0962  0.9028  0.4497  -1.3042   0.0000   0.0000   0.0000   2.2952
  -2.000   0.1010   0.02334   0.01659  -0.0949  0.8885  0.6566  -1.0902   0.0000   0.0000   0.0000   1.2018
  -1.500   0.1469   0.02356   0.01708  -0.0899  0.8752  0.8179  -0.8932   0.0000   0.0000   0.0000   0.8685
  -1.000   0.1799   0.02368   0.01722  -0.0834  0.8570  0.9524  -0.7373   0.0000   0.0000   0.0000   0.7176
  -0.500   0.2670   0.02395   0.01707  -0.0908  0.8421  1.0000  -0.5874   0.0000   0.0000   0.0000   0.5912
   0.000   0.3453   0.02413   0.01691  -0.0955  0.8281  1.0000  -0.6442   0.0000   0.0000   0.0000   0.5262
   0.500   0.3994   0.02481   0.01735  -0.0962  0.8086  1.0000  -0.6870   0.0000   0.0000   0.0000   0.4896
   1.000   0.4602   0.02528   0.01763  -0.0973  0.7912  1.0000  -0.7384   0.0000   0.0000   0.0000   0.4594
   1.500   0.5378   0.02484   0.01704  -0.0996  0.7790  1.0000  -0.8086   0.0000   0.0000   0.0000   0.4327
   2.000   0.5880   0.02546   0.01757  -0.0989  0.7585  1.0000  -0.8620   0.0000   0.0000   0.0000   0.4150
   2.500   0.6419   0.02582   0.01789  -0.0983  0.7386  1.0000  -0.9199   0.0000   0.0000   0.0000   0.3993
   3.500   0.7732   0.02479   0.01679  -0.0983  0.7072  1.0000  -1.0791   0.0000   0.0000   0.0000   0.3723
   4.000   0.8267   0.02479   0.01684  -0.0970  0.6854  1.0000  -1.1579   0.0000   0.0000   0.0000   0.3620
   4.500   0.8820   0.02464   0.01675  -0.0959  0.6636  1.0000  -1.2496   0.0000   0.0000   0.0000   0.3528
   5.000   0.9391   0.02433   0.01650  -0.0948  0.6413  1.0000  -1.3607   0.0000   0.0000   0.0000   0.3445
   5.500   0.9970   0.02395   0.01619  -0.0938  0.6179  1.0000  -1.4884   0.0000   0.0000   0.0000   0.3370
   6.000   1.0559   0.02345   0.01572  -0.0927  0.5922  1.0000  -1.6513   0.0000   0.0000   0.0000   0.3301
   6.500   1.1159   0.02301   0.01526  -0.0919  0.5645  1.0000  -1.8474   0.0000   0.0000   0.0000   0.3240
   7.000   1.1628   0.02339   0.01575  -0.0898  0.5307  1.0000  -2.1087   0.0000   0.0000   0.0000   0.3182
   7.500   1.2146   0.02353   0.01585  -0.0881  0.4953  1.0000  -2.4382   0.0000   0.0000   0.0000   0.3128
   8.000   1.2577   0.02424   0.01661  -0.0856  0.4570  1.0000  -2.7503   0.0000   0.0000   0.0000   0.3076
   8.500   1.3019   0.02499   0.01723  -0.0832  0.4177  1.0000  -3.0800   0.0000   0.0000   0.0000   0.3027
   9.000   1.3349   0.02607   0.01836  -0.0795  0.3752  1.0000  -3.3864   0.0000   0.0000   0.0000   0.2976
   9.500   1.3611   0.02753   0.01984  -0.0752  0.3324  1.0000  -3.6790   0.0000   0.0000   0.0000   0.2925
  10.000   1.3815   0.02937   0.02163  -0.0703  0.2901  1.0000  -3.9526   0.0000   0.0000   0.0000   0.2874
  10.500   1.3897   0.03161   0.02372  -0.0642  0.2493  1.0000  -4.1823   0.0000   0.0000   0.0000   0.2819
  11.000   1.3898   0.03455   0.02659  -0.0582  0.2114  1.0000  -4.3730   0.0000   0.0000   0.0000   0.2767
  12.000   1.3884   0.04259   0.03463  -0.0488  0.1476  1.0000  -4.7069   0.0000   0.0000   0.0000   0.2682
  12.500   1.3889   0.04728   0.03932  -0.0453  0.1240  1.0000  -4.8585   0.0000   0.0000   0.0000   0.2647
  13.000   1.3905   0.05239   0.04454  -0.0422  0.1051  1.0000  -4.9943   0.0000   0.0000   0.0000   0.2616
  13.500   1.3953   0.05793   0.05020  -0.0395  0.0905  1.0000  -5.1193   0.0000   0.0000   0.0000   0.2587
  14.000   1.3926   0.06342   0.05582  -0.0376  0.0795  1.0000  -5.2356   0.0000   0.0000   0.0000   0.2564
  14.500   1.3906   0.07098   0.06379  -0.0356  0.0725  1.0000  -5.2752   0.0000   0.0000   0.0000   0.2541
  15.000   1.3697   0.07944   0.07279  -0.0351  0.0685  1.0000  -5.2633   0.0000   0.0000   0.0000   0.2532


