xflr5 v6.59

 Calculated polar for: revR_25_revT

 1 1 Reynolds number fixed          Mach number fixed         

 xtrf =   1.000 (top)        1.000 (bottom)
 Mach =   0.000     Re =     0.225 e 6     Ncrit =   9.000

  alpha     CL        CD       CDp       Cm    Top Xtr Bot Xtr   Cpmin    Chinge    XCp    
 ------- -------- --------- --------- -------- ------- ------- -------- --------- ---------
  -5.000  -0.1617   0.01528   0.00810  -0.0901  0.9110  0.0733  -2.4212   0.0000   0.0000   0.0000  -0.3225
  -4.500  -0.1056   0.01402   0.00675  -0.0900  0.8990  0.0996  -2.1000   0.0000   0.0000   0.0000  -0.6232
  -4.000  -0.0553   0.01302   0.00599  -0.0892  0.8840  0.1588  -1.7842   0.0000   0.0000   0.0000  -1.3971
  -3.500  -0.0012   0.01222   0.00552  -0.0889  0.8719  0.2575  -1.4699   0.0000   0.0000   0.0000  -77.1589
  -3.000   0.0490   0.01155   0.00522  -0.0881  0.8568  0.3712  -1.2236   0.0000   0.0000   0.0000   2.0741
  -2.500   0.0998   0.01092   0.00509  -0.0869  0.8442  0.5240  -1.0172   0.0000   0.0000   0.0000   1.1313
  -2.000   0.1488   0.01051   0.00510  -0.0847  0.8293  0.6674  -0.8208   0.0000   0.0000   0.0000   0.8247
  -1.500   0.1983   0.01050   0.00521  -0.0825  0.8151  0.7528  -0.6326   0.0000   0.0000   0.0000   0.6687
  -1.000   0.2477   0.01047   0.00518  -0.0799  0.8020  0.8120  -0.5676   0.0000   0.0000   0.0000   0.5733
  -0.500   0.2936   0.01046   0.00520  -0.0768  0.7857  0.8597  -0.6068   0.0000   0.0000   0.0000   0.5113
   0.000   0.3393   0.01040   0.00510  -0.0734  0.7703  0.9034  -0.6473   0.0000   0.0000   0.0000   0.4653
   0.500   0.3936   0.01027   0.00487  -0.0719  0.7554  0.9462  -0.6966   0.0000   0.0000   0.0000   0.4309
   1.000   0.4751   0.01014   0.00467  -0.0767  0.7373  0.9809  -0.7657   0.0000   0.0000   0.0000   0.4092
   1.500   0.5525   0.01006   0.00448  -0.0814  0.7183  1.0000  -0.8381   0.0000   0.0000   0.0000   0.3946
   2.000   0.5980   0.01013   0.00443  -0.0798  0.6987  1.0000  -0.8930   0.0000   0.0000   0.0000   0.3801
   2.500   0.6490   0.01022   0.00441  -0.0789  0.6774  1.0000  -0.9581   0.0000   0.0000   0.0000   0.3678
   3.000   0.7020   0.01036   0.00445  -0.0784  0.6542  1.0000  -1.0305   0.0000   0.0000   0.0000   0.3574
   3.500   0.7550   0.01053   0.00456  -0.0778  0.6288  1.0000  -1.1126   0.0000   0.0000   0.0000   0.3482
   4.000   0.8077   0.01075   0.00472  -0.0771  0.6004  1.0000  -1.2133   0.0000   0.0000   0.0000   0.3402
   4.500   0.8599   0.01105   0.00493  -0.0763  0.5699  1.0000  -1.3268   0.0000   0.0000   0.0000   0.3330
   5.000   0.9113   0.01147   0.00524  -0.0754  0.5378  1.0000  -1.4746   0.0000   0.0000   0.0000   0.3265
   5.500   0.9613   0.01193   0.00565  -0.0744  0.5016  1.0000  -1.6950   0.0000   0.0000   0.0000   0.3205
   6.000   1.0101   0.01251   0.00614  -0.0732  0.4639  1.0000  -2.0130   0.0000   0.0000   0.0000   0.3151
   6.500   1.0576   0.01319   0.00673  -0.0719  0.4252  1.0000  -2.3422   0.0000   0.0000   0.0000   0.3100
   7.000   1.1033   0.01395   0.00744  -0.0704  0.3821  1.0000  -2.6798   0.0000   0.0000   0.0000   0.3052
   7.500   1.1476   0.01483   0.00825  -0.0688  0.3411  1.0000  -3.0255   0.0000   0.0000   0.0000   0.3006
   8.000   1.1885   0.01590   0.00918  -0.0668  0.2938  1.0000  -3.3845   0.0000   0.0000   0.0000   0.2962
   8.500   1.2253   0.01720   0.01030  -0.0644  0.2413  1.0000  -3.7431   0.0000   0.0000   0.0000   0.2919
   9.000   1.2573   0.01881   0.01173  -0.0615  0.1894  1.0000  -4.0904   0.0000   0.0000   0.0000   0.2875
  10.000   1.3031   0.02291   0.01543  -0.0538  0.1021  1.0000  -4.7194   0.0000   0.0000   0.0000   0.2784
  10.500   1.3174   0.02566   0.01808  -0.0496  0.0761  1.0000  -4.9883   0.0000   0.0000   0.0000   0.2741
  11.000   1.3305   0.02872   0.02118  -0.0460  0.0586  1.0000  -5.2398   0.0000   0.0000   0.0000   0.2702
  11.500   1.3436   0.03199   0.02460  -0.0430  0.0466  1.0000  -5.4722   0.0000   0.0000   0.0000   0.2668
  12.000   1.3394   0.03707   0.02983  -0.0395  0.0375  1.0000  -5.5687   0.0000   0.0000   0.0000   0.2633
  12.500   1.3451   0.04154   0.03456  -0.0372  0.0322  1.0000  -5.7190   0.0000   0.0000   0.0000   0.2606
  13.000   1.3428   0.04699   0.04016  -0.0352  0.0290  1.0000  -5.8344   0.0000   0.0000   0.0000   0.2582
  13.500   1.3337   0.05347   0.04689  -0.0323  0.0267  1.0000  -5.8543   0.0000   0.0000   0.0000   0.2554
  14.000   1.3328   0.05952   0.05327  -0.0301  0.0257  1.0000  -5.9203   0.0000   0.0000   0.0000   0.2529
  14.500   1.3320   0.06571   0.05981  -0.0294  0.0253  1.0000  -6.0180   0.0000   0.0000   0.0000   0.2514
  15.000   1.3243   0.07312   0.06758  -0.0294  0.0250  1.0000  -6.0669   0.0000   0.0000   0.0000   0.2506


