xflr5 v6.59

 Calculated polar for: revR_65_revT

 1 1 Reynolds number fixed          Mach number fixed         

 xtrf =   1.000 (top)        1.000 (bottom)
 Mach =   0.000     Re =     0.105 e 6     Ncrit =   9.000

  alpha     CL        CD       CDp       Cm    Top Xtr Bot Xtr   Cpmin    Chinge    XCp    
 ------- -------- --------- --------- -------- ------- ------- -------- --------- ---------
  -5.000  -0.1763   0.03309   0.02558  -0.1055  0.9094  0.0883  -2.4801   0.0000   0.0000   0.0000  -0.3669
  -4.500  -0.0977   0.03041   0.02212  -0.1102  0.9015  0.0993  -2.2120   0.0000   0.0000   0.0000  -0.9082
  -4.000  -0.0329   0.02766   0.01913  -0.1127  0.8923  0.1181  -1.9742   0.0000   0.0000   0.0000  -3.2558
  -3.500   0.0293   0.02615   0.01766  -0.1146  0.8804  0.1571  -1.7355   0.0000   0.0000   0.0000   4.2444
  -3.000   0.1188   0.02458   0.01642  -0.1209  0.8742  0.2558  -1.4614   0.0000   0.0000   0.0000   1.2852
  -2.500   0.1583   0.02440   0.01668  -0.1191  0.8580  0.3591  -1.2744   0.0000   0.0000   0.0000   1.0136
  -2.000   0.2375   0.02341   0.01639  -0.1227  0.8507  0.5433  -1.0103   0.0000   0.0000   0.0000   0.7721
  -1.500   0.2690   0.02385   0.01734  -0.1177  0.8337  0.6937  -0.8463   0.0000   0.0000   0.0000   0.6916
  -1.000   0.3206   0.02349   0.01714  -0.1132  0.8253  0.8326  -0.6555   0.0000   0.0000   0.0000   0.6053
  -0.500   0.3507   0.02373   0.01743  -0.1074  0.8068  0.9770  -0.6679   0.0000   0.0000   0.0000   0.5570
   0.000   0.4415   0.02327   0.01655  -0.1134  0.7999  1.0000  -0.7314   0.0000   0.0000   0.0000   0.5064
   0.500   0.4876   0.02420   0.01726  -0.1134  0.7808  1.0000  -0.7706   0.0000   0.0000   0.0000   0.4814
   1.500   0.6155   0.02426   0.01693  -0.1156  0.7543  1.0000  -0.8830   0.0000   0.0000   0.0000   0.4350
   2.000   0.6642   0.02498   0.01756  -0.1148  0.7360  1.0000  -0.9349   0.0000   0.0000   0.0000   0.4195
   2.500   0.7401   0.02400   0.01646  -0.1163  0.7277  1.0000  -1.0116   0.0000   0.0000   0.0000   0.4031
   3.000   0.7884   0.02448   0.01692  -0.1151  0.7079  1.0000  -1.0683   0.0000   0.0000   0.0000   0.3914
   3.500   0.8430   0.02457   0.01700  -0.1143  0.6906  1.0000  -1.1379   0.0000   0.0000   0.0000   0.3804
   4.000   0.9154   0.02346   0.01583  -0.1152  0.6795  1.0000  -1.2286   0.0000   0.0000   0.0000   0.3700
   4.500   0.9670   0.02348   0.01590  -0.1139  0.6588  1.0000  -1.3098   0.0000   0.0000   0.0000   0.3614
   5.000   1.0214   0.02338   0.01585  -0.1130  0.6389  1.0000  -1.4025   0.0000   0.0000   0.0000   0.3535
   5.500   1.0793   0.02308   0.01560  -0.1124  0.6194  1.0000  -1.5154   0.0000   0.0000   0.0000   0.3464
   6.000   1.1381   0.02264   0.01518  -0.1117  0.5976  1.0000  -1.6459   0.0000   0.0000   0.0000   0.3398
   6.500   1.1931   0.02248   0.01506  -0.1107  0.5730  1.0000  -1.7894   0.0000   0.0000   0.0000   0.3337
   7.000   1.2455   0.02251   0.01512  -0.1094  0.5453  1.0000  -1.9588   0.0000   0.0000   0.0000   0.3281
   7.500   1.2970   0.02265   0.01524  -0.1080  0.5154  1.0000  -2.1584   0.0000   0.0000   0.0000   0.3227
   8.000   1.3486   0.02302   0.01551  -0.1067  0.4842  1.0000  -2.3975   0.0000   0.0000   0.0000   0.3178
   8.500   1.3834   0.02392   0.01653  -0.1033  0.4484  1.0000  -2.6695   0.0000   0.0000   0.0000   0.3126
   9.000   1.4233   0.02485   0.01737  -0.1006  0.4145  1.0000  -2.9785   0.0000   0.0000   0.0000   0.3078
   9.500   1.4523   0.02616   0.01873  -0.0966  0.3793  1.0000  -3.2601   0.0000   0.0000   0.0000   0.3028
  10.000   1.4746   0.02759   0.02018  -0.0918  0.3435  1.0000  -3.5318   0.0000   0.0000   0.0000   0.2977
  10.500   1.4883   0.02945   0.02201  -0.0860  0.3102  1.0000  -3.7807   0.0000   0.0000   0.0000   0.2925
  11.000   1.4948   0.03181   0.02444  -0.0802  0.2779  1.0000  -4.0028   0.0000   0.0000   0.0000   0.2874
  11.500   1.4984   0.03470   0.02720  -0.0748  0.2459  1.0000  -4.2166   0.0000   0.0000   0.0000   0.2828
  12.000   1.4954   0.03837   0.03090  -0.0698  0.2149  1.0000  -4.3996   0.0000   0.0000   0.0000   0.2786
  12.500   1.4905   0.04265   0.03524  -0.0655  0.1862  1.0000  -4.5740   0.0000   0.0000   0.0000   0.2749
  13.000   1.4849   0.04747   0.04006  -0.0620  0.1608  1.0000  -4.7427   0.0000   0.0000   0.0000   0.2717
  13.500   1.4796   0.05270   0.04539  -0.0589  0.1387  1.0000  -4.9034   0.0000   0.0000   0.0000   0.2688
  14.000   1.4730   0.05837   0.05111  -0.0563  0.1197  1.0000  -5.0508   0.0000   0.0000   0.0000   0.2662
  14.500   1.4692   0.06420   0.05698  -0.0541  0.1037  1.0000  -5.1984   0.0000   0.0000   0.0000   0.2638
  15.000   1.4625   0.07045   0.06335  -0.0527  0.0911  1.0000  -5.3304   0.0000   0.0000   0.0000   0.2620


