xflr5 v6.59

 Calculated polar for: revR_60_revT

 1 1 Reynolds number fixed          Mach number fixed         

 xtrf =   1.000 (top)        1.000 (bottom)
 Mach =   0.000     Re =     0.230 e 6     Ncrit =   9.000

  alpha     CL        CD       CDp       Cm    Top Xtr Bot Xtr   Cpmin    Chinge    XCp    
 ------- -------- --------- --------- -------- ------- ------- -------- --------- ---------
  -5.000  -0.0212   0.01646   0.00926  -0.1215  0.8577  0.0649  -2.3098   0.0000   0.0000   0.0000  -5.6226
  -4.500   0.0341   0.01533   0.00802  -0.1213  0.8492  0.0818  -2.0002   0.0000   0.0000   0.0000   3.8830
  -4.000   0.0849   0.01429   0.00710  -0.1208  0.8377  0.1164  -1.7474   0.0000   0.0000   0.0000   1.7004
  -3.500   0.1407   0.01354   0.00645  -0.1208  0.8279  0.1797  -1.5088   0.0000   0.0000   0.0000   1.1229
  -3.000   0.1940   0.01303   0.00626  -0.1207  0.8173  0.2656  -1.2751   0.0000   0.0000   0.0000   0.8809
  -2.500   0.2489   0.01251   0.00600  -0.1206  0.8066  0.3650  -1.0492   0.0000   0.0000   0.0000   0.7400
  -2.000   0.3034   0.01210   0.00595  -0.1204  0.7971  0.4908  -0.8388   0.0000   0.0000   0.0000   0.6499
  -1.000   0.4068   0.01158   0.00603  -0.1174  0.7745  0.7342  -0.7095   0.0000   0.0000   0.0000   0.5391
  -0.500   0.4548   0.01157   0.00614  -0.1151  0.7620  0.8054  -0.7477   0.0000   0.0000   0.0000   0.5026
   0.000   0.5021   0.01147   0.00601  -0.1120  0.7514  0.8660  -0.7882   0.0000   0.0000   0.0000   0.4719
   0.500   0.5438   0.01131   0.00592  -0.1081  0.7372  0.9247  -0.8296   0.0000   0.0000   0.0000   0.4470
   1.000   0.6192   0.01107   0.00555  -0.1115  0.7254  1.0000  -0.8913   0.0000   0.0000   0.0000   0.4276
   1.500   0.6757   0.01115   0.00552  -0.1122  0.7107  1.0000  -0.9486   0.0000   0.0000   0.0000   0.4129
   2.000   0.7332   0.01123   0.00548  -0.1127  0.6953  1.0000  -1.0089   0.0000   0.0000   0.0000   0.3999
   2.500   0.7920   0.01129   0.00537  -0.1131  0.6806  1.0000  -1.0746   0.0000   0.0000   0.0000   0.3886
   3.000   0.8467   0.01139   0.00546  -0.1130  0.6622  1.0000  -1.1414   0.0000   0.0000   0.0000   0.3786
   3.500   0.9018   0.01151   0.00553  -0.1128  0.6431  1.0000  -1.2138   0.0000   0.0000   0.0000   0.3696
   4.000   0.9567   0.01168   0.00564  -0.1126  0.6237  1.0000  -1.2947   0.0000   0.0000   0.0000   0.3616
   4.500   1.0105   0.01189   0.00579  -0.1121  0.6015  1.0000  -1.3847   0.0000   0.0000   0.0000   0.3543
   5.000   1.0630   0.01218   0.00603  -0.1115  0.5770  1.0000  -1.4885   0.0000   0.0000   0.0000   0.3476
   5.500   1.1141   0.01254   0.00636  -0.1106  0.5503  1.0000  -1.6050   0.0000   0.0000   0.0000   0.3414
   6.000   1.1636   0.01301   0.00677  -0.1096  0.5211  1.0000  -1.7383   0.0000   0.0000   0.0000   0.3356
   6.500   1.2116   0.01359   0.00727  -0.1083  0.4911  1.0000  -1.8964   0.0000   0.0000   0.0000   0.3302
   7.000   1.2567   0.01427   0.00790  -0.1066  0.4571  1.0000  -2.0770   0.0000   0.0000   0.0000   0.3249
   7.500   1.3003   0.01505   0.00865  -0.1048  0.4248  1.0000  -2.3031   0.0000   0.0000   0.0000   0.3200
   8.000   1.3396   0.01603   0.00953  -0.1023  0.3903  1.0000  -2.5919   0.0000   0.0000   0.0000   0.3150
   8.500   1.3758   0.01705   0.01054  -0.0995  0.3537  1.0000  -2.8925   0.0000   0.0000   0.0000   0.3102
   9.000   1.4067   0.01830   0.01171  -0.0959  0.3216  1.0000  -3.1850   0.0000   0.0000   0.0000   0.3053
   9.500   1.4324   0.01970   0.01309  -0.0918  0.2880  1.0000  -3.4681   0.0000   0.0000   0.0000   0.3004
  10.000   1.4511   0.02157   0.01485  -0.0872  0.2525  1.0000  -3.7329   0.0000   0.0000   0.0000   0.2956
  10.500   1.4687   0.02376   0.01705  -0.0831  0.2204  1.0000  -3.9969   0.0000   0.0000   0.0000   0.2913
  11.000   1.4836   0.02637   0.01962  -0.0792  0.1880  1.0000  -4.2598   0.0000   0.0000   0.0000   0.2872
  11.500   1.4906   0.02978   0.02292  -0.0754  0.1569  1.0000  -4.4970   0.0000   0.0000   0.0000   0.2835
  12.000   1.4986   0.03341   0.02654  -0.0721  0.1294  1.0000  -4.7375   0.0000   0.0000   0.0000   0.2801
  12.500   1.5023   0.03759   0.03071  -0.0690  0.1059  1.0000  -4.9593   0.0000   0.0000   0.0000   0.2769
  13.000   1.5016   0.04241   0.03554  -0.0662  0.0871  1.0000  -5.1582   0.0000   0.0000   0.0000   0.2741
  13.500   1.4921   0.04833   0.04145  -0.0635  0.0720  1.0000  -5.3091   0.0000   0.0000   0.0000   0.2716
  14.000   1.4965   0.05328   0.04664  -0.0620  0.0615  1.0000  -5.5268   0.0000   0.0000   0.0000   0.2695
  14.500   1.4803   0.06070   0.05413  -0.0604  0.0526  1.0000  -5.6287   0.0000   0.0000   0.0000   0.2678
  15.000   1.4809   0.06669   0.06037  -0.0599  0.0468  1.0000  -5.8176   0.0000   0.0000   0.0000   0.2663


