xflr5 v6.59

 Calculated polar for: revR_85_revT

 1 1 Reynolds number fixed          Mach number fixed         

 xtrf =   1.000 (top)        1.000 (bottom)
 Mach =   0.000     Re =     0.430 e 6     Ncrit =   9.000

  alpha     CL        CD       CDp       Cm    Top Xtr Bot Xtr   Cpmin    Chinge    XCp    
 ------- -------- --------- --------- -------- ------- ------- -------- --------- ---------
  -5.000   0.0792   0.01257   0.00604  -0.1407  0.7878  0.0464  -2.3355   0.0000   0.0000   0.0000   2.0700
  -4.500   0.1354   0.01172   0.00508  -0.1410  0.7797  0.0569  -2.0714   0.0000   0.0000   0.0000   1.3132
  -4.000   0.1925   0.01113   0.00447  -0.1413  0.7719  0.0783  -1.8080   0.0000   0.0000   0.0000   0.9977
  -3.500   0.2494   0.01074   0.00412  -0.1417  0.7641  0.1107  -1.5506   0.0000   0.0000   0.0000   0.8271
  -3.000   0.3061   0.01026   0.00384  -0.1421  0.7558  0.1678  -1.3063   0.0000   0.0000   0.0000   0.7202
  -2.500   0.3635   0.00991   0.00363  -0.1425  0.7479  0.2374  -1.0695   0.0000   0.0000   0.0000   0.6460
  -2.000   0.4207   0.00967   0.00355  -0.1430  0.7394  0.3080  -0.8529   0.0000   0.0000   0.0000   0.5922
  -1.500   0.4774   0.00934   0.00344  -0.1432  0.7297  0.3932  -0.7874   0.0000   0.0000   0.0000   0.5512
  -1.000   0.5347   0.00906   0.00339  -0.1436  0.7213  0.4977  -0.8290   0.0000   0.0000   0.0000   0.5187
  -0.500   0.5907   0.00885   0.00348  -0.1436  0.7120  0.6119  -0.8730   0.0000   0.0000   0.0000   0.4924
   0.500   0.6996   0.00867   0.00361  -0.1424  0.6907  0.7875  -0.9639   0.0000   0.0000   0.0000   0.4513
   1.000   0.7512   0.00859   0.00367  -0.1412  0.6796  0.8431  -1.0147   0.0000   0.0000   0.0000   0.4350
   1.500   0.8005   0.00855   0.00363  -0.1393  0.6676  0.8959  -1.0647   0.0000   0.0000   0.0000   0.4204
   2.000   0.8529   0.00835   0.00353  -0.1381  0.6537  1.0000  -1.1219   0.0000   0.0000   0.0000   0.4077
   2.500   0.9119   0.00853   0.00357  -0.1390  0.6404  1.0000  -1.1877   0.0000   0.0000   0.0000   0.3975
   3.000   0.9684   0.00866   0.00365  -0.1393  0.6235  1.0000  -1.2526   0.0000   0.0000   0.0000   0.3883
   3.500   1.0241   0.00888   0.00381  -0.1394  0.6063  1.0000  -1.3214   0.0000   0.0000   0.0000   0.3800
   4.000   1.0789   0.00916   0.00400  -0.1394  0.5888  1.0000  -1.3987   0.0000   0.0000   0.0000   0.3724
   4.500   1.1321   0.00949   0.00423  -0.1391  0.5675  1.0000  -1.4766   0.0000   0.0000   0.0000   0.3654
   5.000   1.1843   0.00984   0.00454  -0.1386  0.5447  1.0000  -1.5683   0.0000   0.0000   0.0000   0.3589
   5.500   1.2355   0.01027   0.00491  -0.1380  0.5217  1.0000  -1.6632   0.0000   0.0000   0.0000   0.3529
   6.000   1.2841   0.01080   0.00536  -0.1369  0.4949  1.0000  -1.7805   0.0000   0.0000   0.0000   0.3471
   6.500   1.3315   0.01139   0.00589  -0.1357  0.4686  1.0000  -1.8995   0.0000   0.0000   0.0000   0.3417
   7.000   1.3760   0.01209   0.00651  -0.1341  0.4390  1.0000  -2.0385   0.0000   0.0000   0.0000   0.3365
   7.500   1.4189   0.01284   0.00721  -0.1322  0.4099  1.0000  -2.1882   0.0000   0.0000   0.0000   0.3315
   8.000   1.4588   0.01369   0.00801  -0.1299  0.3824  1.0000  -2.3470   0.0000   0.0000   0.0000   0.3265
   8.500   1.4907   0.01474   0.00897  -0.1262  0.3502  1.0000  -2.5487   0.0000   0.0000   0.0000   0.3214
   9.000   1.5197   0.01598   0.01013  -0.1224  0.3218  1.0000  -2.8057   0.0000   0.0000   0.0000   0.3165
   9.500   1.5461   0.01744   0.01153  -0.1185  0.2950  1.0000  -3.0796   0.0000   0.0000   0.0000   0.3118
  10.000   1.5690   0.01923   0.01326  -0.1146  0.2665  1.0000  -3.3488   0.0000   0.0000   0.0000   0.3073
  10.500   1.5906   0.02127   0.01527  -0.1110  0.2379  1.0000  -3.6290   0.0000   0.0000   0.0000   0.3031
  11.000   1.6085   0.02371   0.01763  -0.1073  0.2091  1.0000  -3.9033   0.0000   0.0000   0.0000   0.2991
  11.500   1.6227   0.02655   0.02040  -0.1036  0.1811  1.0000  -4.1695   0.0000   0.0000   0.0000   0.2953
  12.000   1.6334   0.02981   0.02358  -0.1000  0.1555  1.0000  -4.4259   0.0000   0.0000   0.0000   0.2917
  12.500   1.6417   0.03339   0.02713  -0.0966  0.1326  1.0000  -4.6766   0.0000   0.0000   0.0000   0.2883
  13.000   1.6482   0.03726   0.03098  -0.0933  0.1129  1.0000  -4.9225   0.0000   0.0000   0.0000   0.2851
  13.500   1.6549   0.04132   0.03508  -0.0905  0.0970  1.0000  -5.1716   0.0000   0.0000   0.0000   0.2821
  14.000   1.6571   0.04599   0.03979  -0.0879  0.0830  1.0000  -5.4023   0.0000   0.0000   0.0000   0.2794
  14.500   1.6557   0.05135   0.04516  -0.0856  0.0703  1.0000  -5.6163   0.0000   0.0000   0.0000   0.2770
  15.000   1.6593   0.05636   0.05030  -0.0840  0.0614  1.0000  -5.8546   0.0000   0.0000   0.0000   0.2747


