xflr5 v6.59

 Calculated polar for: revR_80_revT

 1 1 Reynolds number fixed          Mach number fixed         

 xtrf =   1.000 (top)        1.000 (bottom)
 Mach =   0.000     Re =     0.235 e 6     Ncrit =   9.000

  alpha     CL        CD       CDp       Cm    Top Xtr Bot Xtr   Cpmin    Chinge    XCp    
 ------- -------- --------- --------- -------- ------- ------- -------- --------- ---------
  -5.000   0.0557   0.01723   0.01010  -0.1386  0.8341  0.0620  -2.2470   0.0000   0.0000   0.0000   2.8013
  -4.500   0.1114   0.01600   0.00877  -0.1387  0.8258  0.0755  -1.9973   0.0000   0.0000   0.0000   1.5226
  -4.000   0.1657   0.01512   0.00784  -0.1386  0.8174  0.0993  -1.7726   0.0000   0.0000   0.0000   1.1029
  -3.500   0.2198   0.01438   0.00722  -0.1386  0.8074  0.1475  -1.5404   0.0000   0.0000   0.0000   0.8913
  -3.000   0.2776   0.01372   0.00675  -0.1391  0.7992  0.2217  -1.2973   0.0000   0.0000   0.0000   0.7580
  -2.500   0.3317   0.01342   0.00669  -0.1391  0.7894  0.3045  -1.0769   0.0000   0.0000   0.0000   0.6740
  -2.000   0.3874   0.01302   0.00657  -0.1392  0.7799  0.4046  -0.8622   0.0000   0.0000   0.0000   0.6124
  -1.500   0.4451   0.01263   0.00644  -0.1393  0.7715  0.5227  -0.7539   0.0000   0.0000   0.0000   0.5646
  -1.000   0.4952   0.01238   0.00664  -0.1380  0.7598  0.6528  -0.7930   0.0000   0.0000   0.0000   0.5292
  -0.500   0.5480   0.01219   0.00659  -0.1365  0.7504  0.7532  -0.8353   0.0000   0.0000   0.0000   0.4987
   0.000   0.5945   0.01222   0.00674  -0.1338  0.7398  0.8296  -0.8737   0.0000   0.0000   0.0000   0.4738
   0.500   0.6384   0.01203   0.00659  -0.1303  0.7284  0.8935  -0.9136   0.0000   0.0000   0.0000   0.4522
   1.000   0.6973   0.01175   0.00626  -0.1301  0.7172  1.0000  -0.9667   0.0000   0.0000   0.0000   0.4340
   1.500   0.7574   0.01184   0.00623  -0.1314  0.7046  1.0000  -1.0236   0.0000   0.0000   0.0000   0.4202
   2.000   0.8176   0.01195   0.00617  -0.1324  0.6927  1.0000  -1.0835   0.0000   0.0000   0.0000   0.4079
   2.500   0.8749   0.01196   0.00610  -0.1327  0.6775  1.0000  -1.1504   0.0000   0.0000   0.0000   0.3970
   3.000   0.9312   0.01210   0.00618  -0.1328  0.6631  1.0000  -1.2172   0.0000   0.0000   0.0000   0.3874
   3.500   0.9893   0.01214   0.00608  -0.1331  0.6481  1.0000  -1.2867   0.0000   0.0000   0.0000   0.3787
   4.000   1.0424   0.01228   0.00623  -0.1327  0.6294  1.0000  -1.3619   0.0000   0.0000   0.0000   0.3707
   4.500   1.0962   0.01247   0.00640  -0.1323  0.6102  1.0000  -1.4428   0.0000   0.0000   0.0000   0.3635
   5.000   1.1498   0.01274   0.00662  -0.1319  0.5912  1.0000  -1.5321   0.0000   0.0000   0.0000   0.3569
   5.500   1.2014   0.01305   0.00687  -0.1312  0.5686  1.0000  -1.6329   0.0000   0.0000   0.0000   0.3507
   6.000   1.2509   0.01346   0.00725  -0.1301  0.5435  1.0000  -1.7456   0.0000   0.0000   0.0000   0.3448
   6.500   1.2988   0.01398   0.00774  -0.1288  0.5177  1.0000  -1.8740   0.0000   0.0000   0.0000   0.3393
   7.000   1.3438   0.01459   0.00833  -0.1271  0.4889  1.0000  -2.0120   0.0000   0.0000   0.0000   0.3339
   7.500   1.3863   0.01533   0.00903  -0.1250  0.4595  1.0000  -2.1734   0.0000   0.0000   0.0000   0.3288
   8.000   1.4249   0.01622   0.00984  -0.1224  0.4291  1.0000  -2.3468   0.0000   0.0000   0.0000   0.3237
   8.500   1.4591   0.01727   0.01083  -0.1192  0.3986  1.0000  -2.5567   0.0000   0.0000   0.0000   0.3187
   9.000   1.4877   0.01841   0.01199  -0.1151  0.3696  1.0000  -2.8157   0.0000   0.0000   0.0000   0.3136
   9.500   1.5110   0.01984   0.01340  -0.1106  0.3393  1.0000  -3.0827   0.0000   0.0000   0.0000   0.3086
  10.000   1.5302   0.02163   0.01515  -0.1060  0.3099  1.0000  -3.3428   0.0000   0.0000   0.0000   0.3038
  10.500   1.5475   0.02375   0.01725  -0.1017  0.2823  1.0000  -3.6016   0.0000   0.0000   0.0000   0.2994
  11.000   1.5596   0.02642   0.01988  -0.0974  0.2542  1.0000  -3.8462   0.0000   0.0000   0.0000   0.2952
  11.500   1.5716   0.02933   0.02281  -0.0936  0.2256  1.0000  -4.0942   0.0000   0.0000   0.0000   0.2914
  12.000   1.5809   0.03267   0.02616  -0.0901  0.1986  1.0000  -4.3417   0.0000   0.0000   0.0000   0.2878
  12.500   1.5859   0.03652   0.03001  -0.0866  0.1731  1.0000  -4.5757   0.0000   0.0000   0.0000   0.2844
  13.000   1.5874   0.04091   0.03440  -0.0835  0.1495  1.0000  -4.7960   0.0000   0.0000   0.0000   0.2814
  13.500   1.5867   0.04576   0.03927  -0.0806  0.1291  1.0000  -5.0054   0.0000   0.0000   0.0000   0.2786
  14.000   1.5832   0.05122   0.04480  -0.0783  0.1113  1.0000  -5.2011   0.0000   0.0000   0.0000   0.2761
  14.500   1.5726   0.05774   0.05128  -0.0762  0.0952  1.0000  -5.3596   0.0000   0.0000   0.0000   0.2741
  15.000   1.5719   0.06359   0.05729  -0.0751  0.0826  1.0000  -5.5639   0.0000   0.0000   0.0000   0.2723


