xflr5 v6.59

 Calculated polar for: revR_70_revT

 1 1 Reynolds number fixed          Mach number fixed         

 xtrf =   1.000 (top)        1.000 (bottom)
 Mach =   0.000     Re =     0.170 e 6     Ncrit =   9.000

  alpha     CL        CD       CDp       Cm    Top Xtr Bot Xtr   Cpmin    Chinge    XCp    
 ------- -------- --------- --------- -------- ------- ------- -------- --------- ---------
  -5.000   0.0122   0.02117   0.01359  -0.1325  0.8728  0.0736  -2.2071   0.0000   0.0000   0.0000  11.3465
  -4.500   0.0567   0.01944   0.01181  -0.1311  0.8596  0.0892  -1.9787   0.0000   0.0000   0.0000   2.6136
  -4.000   0.1157   0.01812   0.01039  -0.1315  0.8518  0.1174  -1.7553   0.0000   0.0000   0.0000   1.4090
  -3.500   0.1673   0.01732   0.00987  -0.1313  0.8408  0.1770  -1.5375   0.0000   0.0000   0.0000   1.0484
  -3.000   0.2230   0.01659   0.00936  -0.1314  0.8302  0.2627  -1.3078   0.0000   0.0000   0.0000   0.8477
  -2.000   0.3306   0.01573   0.00923  -0.1309  0.8091  0.4941  -0.8719   0.0000   0.0000   0.0000   0.6494
  -1.500   0.3859   0.01520   0.00911  -0.1297  0.8008  0.6338  -0.6969   0.0000   0.0000   0.0000   0.5880
  -1.000   0.4293   0.01534   0.00952  -0.1265  0.7870  0.7501  -0.7303   0.0000   0.0000   0.0000   0.5456
  -0.500   0.4750   0.01506   0.00929  -0.1225  0.7772  0.8335  -0.7684   0.0000   0.0000   0.0000   0.5079
   0.000   0.5094   0.01516   0.00945  -0.1172  0.7639  0.9082  -0.7999   0.0000   0.0000   0.0000   0.4792
   0.500   0.5826   0.01465   0.00880  -0.1197  0.7538  1.0000  -0.8596   0.0000   0.0000   0.0000   0.4538
   1.000   0.6398   0.01486   0.00885  -0.1207  0.7395  1.0000  -0.9109   0.0000   0.0000   0.0000   0.4362
   1.500   0.7030   0.01472   0.00851  -0.1219  0.7284  1.0000  -0.9693   0.0000   0.0000   0.0000   0.4203
   2.000   0.7577   0.01495   0.00866  -0.1219  0.7129  1.0000  -1.0291   0.0000   0.0000   0.0000   0.4072
   2.500   0.8216   0.01473   0.00824  -0.1228  0.7012  1.0000  -1.0979   0.0000   0.0000   0.0000   0.3951
   3.000   0.8740   0.01487   0.00838  -0.1222  0.6832  1.0000  -1.1582   0.0000   0.0000   0.0000   0.3849
   3.500   0.9295   0.01499   0.00846  -0.1221  0.6672  1.0000  -1.2314   0.0000   0.0000   0.0000   0.3758
   4.000   0.9885   0.01485   0.00820  -0.1221  0.6505  1.0000  -1.3114   0.0000   0.0000   0.0000   0.3674
   4.500   1.0427   0.01490   0.00824  -0.1216  0.6310  1.0000  -1.3968   0.0000   0.0000   0.0000   0.3598
   5.000   1.0952   0.01510   0.00846  -0.1209  0.6101  1.0000  -1.4901   0.0000   0.0000   0.0000   0.3530
   5.500   1.1474   0.01528   0.00862  -0.1201  0.5866  1.0000  -1.5998   0.0000   0.0000   0.0000   0.3466
   6.000   1.1987   0.01557   0.00889  -0.1191  0.5618  1.0000  -1.7229   0.0000   0.0000   0.0000   0.3406
   6.500   1.2484   0.01598   0.00924  -0.1180  0.5348  1.0000  -1.8590   0.0000   0.0000   0.0000   0.3350
   7.000   1.2958   0.01654   0.00973  -0.1165  0.5057  1.0000  -2.0221   0.0000   0.0000   0.0000   0.3297
   7.500   1.3386   0.01725   0.01048  -0.1144  0.4747  1.0000  -2.1961   0.0000   0.0000   0.0000   0.3245
   8.000   1.3782   0.01806   0.01126  -0.1118  0.4408  1.0000  -2.4053   0.0000   0.0000   0.0000   0.3194
   8.500   1.4164   0.01910   0.01220  -0.1091  0.4099  1.0000  -2.6552   0.0000   0.0000   0.0000   0.3146
   9.000   1.4475   0.02023   0.01339  -0.1055  0.3770  1.0000  -2.9319   0.0000   0.0000   0.0000   0.3096
   9.500   1.4699   0.02159   0.01474  -0.1006  0.3434  1.0000  -3.2061   0.0000   0.0000   0.0000   0.3044
  10.000   1.4886   0.02333   0.01639  -0.0956  0.3133  1.0000  -3.4747   0.0000   0.0000   0.0000   0.2994
  10.500   1.5047   0.02533   0.01846  -0.0909  0.2837  1.0000  -3.7378   0.0000   0.0000   0.0000   0.2947
  11.000   1.5150   0.02787   0.02101  -0.0863  0.2520  1.0000  -3.9838   0.0000   0.0000   0.0000   0.2903
  11.500   1.5206   0.03106   0.02414  -0.0819  0.2215  1.0000  -4.2136   0.0000   0.0000   0.0000   0.2863
  12.000   1.5235   0.03480   0.02782  -0.0779  0.1933  1.0000  -4.4326   0.0000   0.0000   0.0000   0.2826
  12.500   1.5262   0.03887   0.03200  -0.0745  0.1662  1.0000  -4.6493   0.0000   0.0000   0.0000   0.2793
  13.000   1.5243   0.04360   0.03675  -0.0714  0.1421  1.0000  -4.8445   0.0000   0.0000   0.0000   0.2763
  13.500   1.5192   0.04893   0.04209  -0.0687  0.1215  1.0000  -5.0221   0.0000   0.0000   0.0000   0.2737
  14.000   1.5103   0.05499   0.04813  -0.0664  0.1041  1.0000  -5.1761   0.0000   0.0000   0.0000   0.2714
  14.500   1.5037   0.06130   0.05455  -0.0651  0.0895  1.0000  -5.3367   0.0000   0.0000   0.0000   0.2696
  15.000   1.4983   0.06776   0.06120  -0.0640  0.0773  1.0000  -5.4986   0.0000   0.0000   0.0000   0.2680


