xflr5 v6.59

 Calculated polar for: revR_40_revT

 1 1 Reynolds number fixed          Mach number fixed         

 xtrf =   1.000 (top)        1.000 (bottom)
 Mach =   0.000     Re =     0.170 e 6     Ncrit =   9.000

  alpha     CL        CD       CDp       Cm    Top Xtr Bot Xtr   Cpmin    Chinge    XCp    
 ------- -------- --------- --------- -------- ------- ------- -------- --------- ---------
  -5.000  -0.1199   0.01894   0.01133  -0.1034  0.9085  0.0804  -2.3873   0.0000   0.0000   0.0000  -0.6351
  -4.500  -0.0557   0.01722   0.00954  -0.1050  0.8999  0.1034  -2.0693   0.0000   0.0000   0.0000  -1.6778
  -4.000  -0.0044   0.01625   0.00872  -0.1045  0.8865  0.1510  -1.7808   0.0000   0.0000   0.0000  -24.2184
  -3.500   0.0546   0.01516   0.00797  -0.1052  0.8760  0.2444  -1.4726   0.0000   0.0000   0.0000   2.2075
  -3.000   0.1051   0.01453   0.00773  -0.1045  0.8622  0.3540  -1.2533   0.0000   0.0000   0.0000   1.2589
  -2.500   0.1598   0.01374   0.00748  -0.1039  0.8515  0.5130  -1.0342   0.0000   0.0000   0.0000   0.9074
  -2.000   0.2063   0.01353   0.00773  -0.1015  0.8373  0.6560  -0.8391   0.0000   0.0000   0.0000   0.7463
  -1.500   0.2565   0.01335   0.00768  -0.0984  0.8262  0.7589  -0.6521   0.0000   0.0000   0.0000   0.6361
  -1.000   0.2978   0.01346   0.00787  -0.0943  0.8104  0.8293  -0.6128   0.0000   0.0000   0.0000   0.5678
  -0.500   0.3402   0.01338   0.00774  -0.0897  0.7984  0.8883  -0.6485   0.0000   0.0000   0.0000   0.5137
   0.000   0.3920   0.01318   0.00749  -0.0875  0.7835  0.9474  -0.6926   0.0000   0.0000   0.0000   0.4723
   0.500   0.4879   0.01292   0.00708  -0.0951  0.7694  0.9940  -0.7649   0.0000   0.0000   0.0000   0.4433
   1.000   0.5436   0.01281   0.00677  -0.0954  0.7553  1.0000  -0.8173   0.0000   0.0000   0.0000   0.4232
   1.500   0.5914   0.01294   0.00681  -0.0943  0.7370  1.0000  -0.8702   0.0000   0.0000   0.0000   0.4067
   2.000   0.6455   0.01300   0.00676  -0.0940  0.7191  1.0000  -0.9294   0.0000   0.0000   0.0000   0.3922
   2.500   0.7019   0.01302   0.00666  -0.0938  0.7018  1.0000  -0.9935   0.0000   0.0000   0.0000   0.3798
   3.000   0.7588   0.01302   0.00653  -0.0937  0.6832  1.0000  -1.0675   0.0000   0.0000   0.0000   0.3690
   3.500   0.8126   0.01309   0.00655  -0.0930  0.6610  1.0000  -1.1433   0.0000   0.0000   0.0000   0.3595
   4.000   0.8665   0.01320   0.00663  -0.0924  0.6379  1.0000  -1.2314   0.0000   0.0000   0.0000   0.3512
   4.500   0.9202   0.01338   0.00675  -0.0918  0.6134  1.0000  -1.3332   0.0000   0.0000   0.0000   0.3437
   5.000   0.9722   0.01363   0.00697  -0.0909  0.5852  1.0000  -1.4518   0.0000   0.0000   0.0000   0.3368
   5.500   1.0227   0.01399   0.00733  -0.0898  0.5546  1.0000  -1.5953   0.0000   0.0000   0.0000   0.3306
   6.000   1.0726   0.01442   0.00769  -0.0886  0.5218  1.0000  -1.7658   0.0000   0.0000   0.0000   0.3247
   6.500   1.1205   0.01501   0.00823  -0.0871  0.4870  1.0000  -2.0439   0.0000   0.0000   0.0000   0.3193
   7.000   1.1662   0.01570   0.00886  -0.0854  0.4500  1.0000  -2.3553   0.0000   0.0000   0.0000   0.3142
   7.500   1.2094   0.01651   0.00967  -0.0835  0.4110  1.0000  -2.6715   0.0000   0.0000   0.0000   0.3092
   8.000   1.2495   0.01751   0.01056  -0.0811  0.3716  1.0000  -2.9895   0.0000   0.0000   0.0000   0.3044
   8.500   1.2866   0.01862   0.01165  -0.0784  0.3318  1.0000  -3.3199   0.0000   0.0000   0.0000   0.2998
   9.000   1.3183   0.01994   0.01295  -0.0751  0.2892  1.0000  -3.6416   0.0000   0.0000   0.0000   0.2951
   9.500   1.3424   0.02153   0.01446  -0.0709  0.2472  1.0000  -3.9414   0.0000   0.0000   0.0000   0.2901
  10.000   1.3587   0.02360   0.01640  -0.0661  0.2071  1.0000  -4.2138   0.0000   0.0000   0.0000   0.2852
  10.500   1.3704   0.02623   0.01892  -0.0615  0.1676  1.0000  -4.4656   0.0000   0.0000   0.0000   0.2806
  11.000   1.3788   0.02945   0.02205  -0.0574  0.1312  1.0000  -4.6994   0.0000   0.0000   0.0000   0.2765
  11.500   1.3816   0.03343   0.02592  -0.0537  0.1032  1.0000  -4.9046   0.0000   0.0000   0.0000   0.2729
  12.000   1.3840   0.03778   0.03032  -0.0507  0.0823  1.0000  -5.0995   0.0000   0.0000   0.0000   0.2697
  12.500   1.3870   0.04234   0.03503  -0.0481  0.0676  1.0000  -5.2821   0.0000   0.0000   0.0000   0.2668
  13.000   1.3794   0.04816   0.04089  -0.0453  0.0571  1.0000  -5.3907   0.0000   0.0000   0.0000   0.2641
  13.500   1.3820   0.05326   0.04625  -0.0437  0.0495  1.0000  -5.5380   0.0000   0.0000   0.0000   0.2619
  14.000   1.3740   0.05966   0.05272  -0.0417  0.0431  1.0000  -5.6123   0.0000   0.0000   0.0000   0.2597
  14.500   1.3753   0.06545   0.05880  -0.0396  0.0394  1.0000  -5.6874   0.0000   0.0000   0.0000   0.2572
  15.000   1.3750   0.07172   0.06542  -0.0388  0.0369  1.0000  -5.7735   0.0000   0.0000   0.0000   0.2556


