xflr5 v6.59

 Calculated polar for: revR_45_revT

 1 1 Reynolds number fixed          Mach number fixed         

 xtrf =   1.000 (top)        1.000 (bottom)
 Mach =   0.000     Re =     0.280 e 6     Ncrit =   9.000

  alpha     CL        CD       CDp       Cm    Top Xtr Bot Xtr   Cpmin    Chinge    XCp    
 ------- -------- --------- --------- -------- ------- ------- -------- --------- ---------
  -5.000  -0.0821   0.01419   0.00729  -0.1063  0.8605  0.0632  -2.3916   0.0000   0.0000   0.0000  -1.0778
  -4.500  -0.0283   0.01315   0.00612  -0.1059  0.8504  0.0813  -2.0849   0.0000   0.0000   0.0000  -3.5805
  -4.000   0.0245   0.01242   0.00545  -0.1055  0.8382  0.1190  -1.7727   0.0000   0.0000   0.0000   4.6345
  -3.500   0.0791   0.01173   0.00496  -0.1054  0.8275  0.1915  -1.4839   0.0000   0.0000   0.0000   1.6052
  -3.000   0.1326   0.01121   0.00472  -0.1052  0.8159  0.2763  -1.2564   0.0000   0.0000   0.0000   1.0548
  -2.500   0.1874   0.01069   0.00446  -0.1051  0.8052  0.3822  -1.0327   0.0000   0.0000   0.0000   0.8171
  -2.000   0.2399   0.01018   0.00442  -0.1045  0.7930  0.5247  -0.8231   0.0000   0.0000   0.0000   0.6892
  -1.500   0.2930   0.00983   0.00437  -0.1035  0.7813  0.6458  -0.6319   0.0000   0.0000   0.0000   0.6050
  -1.000   0.3440   0.00976   0.00452  -0.1019  0.7694  0.7437  -0.6531   0.0000   0.0000   0.0000   0.5466
  -0.500   0.3959   0.00970   0.00447  -0.1002  0.7570  0.8036  -0.6925   0.0000   0.0000   0.0000   0.5027
   0.000   0.4448   0.00967   0.00449  -0.0980  0.7430  0.8521  -0.7360   0.0000   0.0000   0.0000   0.4691
   0.500   0.4919   0.00959   0.00437  -0.0951  0.7303  0.8998  -0.7799   0.0000   0.0000   0.0000   0.4415
   1.000   0.5417   0.00946   0.00428  -0.0931  0.7154  0.9484  -0.8285   0.0000   0.0000   0.0000   0.4194
   1.500   0.6209   0.00935   0.00406  -0.0978  0.6994  1.0000  -0.9007   0.0000   0.0000   0.0000   0.4044
   2.000   0.6760   0.00944   0.00400  -0.0980  0.6830  1.0000  -0.9619   0.0000   0.0000   0.0000   0.3913
   2.500   0.7312   0.00953   0.00404  -0.0980  0.6638  1.0000  -1.0244   0.0000   0.0000   0.0000   0.3799
   3.000   0.7864   0.00967   0.00411  -0.0980  0.6435  1.0000  -1.0952   0.0000   0.0000   0.0000   0.3699
   3.500   0.8412   0.00985   0.00421  -0.0978  0.6214  1.0000  -1.1714   0.0000   0.0000   0.0000   0.3611
   4.000   0.8954   0.01009   0.00438  -0.0975  0.5981  1.0000  -1.2563   0.0000   0.0000   0.0000   0.3531
   4.500   0.9483   0.01039   0.00460  -0.0969  0.5711  1.0000  -1.3575   0.0000   0.0000   0.0000   0.3459
   5.000   1.0003   0.01078   0.00489  -0.0963  0.5427  1.0000  -1.4692   0.0000   0.0000   0.0000   0.3394
   5.500   1.0510   0.01125   0.00528  -0.0954  0.5122  1.0000  -1.6099   0.0000   0.0000   0.0000   0.3333
   6.000   1.1003   0.01177   0.00576  -0.0944  0.4783  1.0000  -1.7653   0.0000   0.0000   0.0000   0.3277
   6.500   1.1476   0.01246   0.00631  -0.0931  0.4440  1.0000  -2.0042   0.0000   0.0000   0.0000   0.3224
   7.000   1.1943   0.01313   0.00697  -0.0918  0.4082  1.0000  -2.3145   0.0000   0.0000   0.0000   0.3175
   7.500   1.2372   0.01403   0.00775  -0.0899  0.3693  1.0000  -2.6283   0.0000   0.0000   0.0000   0.3126
   8.000   1.2798   0.01494   0.00861  -0.0881  0.3334  1.0000  -2.9650   0.0000   0.0000   0.0000   0.3081
   8.500   1.3174   0.01607   0.00966  -0.0856  0.2927  1.0000  -3.2970   0.0000   0.0000   0.0000   0.3035
   9.000   1.3495   0.01743   0.01086  -0.0824  0.2506  1.0000  -3.6195   0.0000   0.0000   0.0000   0.2989
   9.500   1.3759   0.01897   0.01227  -0.0786  0.2107  1.0000  -3.9289   0.0000   0.0000   0.0000   0.2941
  10.000   1.3986   0.02084   0.01401  -0.0746  0.1706  1.0000  -4.2290   0.0000   0.0000   0.0000   0.2896
  10.500   1.4155   0.02323   0.01624  -0.0706  0.1336  1.0000  -4.5097   0.0000   0.0000   0.0000   0.2853
  11.000   1.4306   0.02597   0.01892  -0.0670  0.1036  1.0000  -4.7836   0.0000   0.0000   0.0000   0.2814
  11.500   1.4427   0.02915   0.02205  -0.0636  0.0813  1.0000  -5.0427   0.0000   0.0000   0.0000   0.2778
  12.000   1.4536   0.03261   0.02557  -0.0606  0.0650  1.0000  -5.2919   0.0000   0.0000   0.0000   0.2745
  12.500   1.4584   0.03683   0.02988  -0.0577  0.0527  1.0000  -5.5023   0.0000   0.0000   0.0000   0.2714
  13.000   1.4560   0.04194   0.03504  -0.0550  0.0428  1.0000  -5.6688   0.0000   0.0000   0.0000   0.2687
  13.500   1.4538   0.04730   0.04063  -0.0529  0.0369  1.0000  -5.8119   0.0000   0.0000   0.0000   0.2663
  14.000   1.4523   0.05293   0.04645  -0.0515  0.0322  1.0000  -5.9595   0.0000   0.0000   0.0000   0.2644
  14.500   1.4371   0.06047   0.05414  -0.0505  0.0285  1.0000  -6.0123   0.0000   0.0000   0.0000   0.2630
  15.000   1.4189   0.06851   0.06245  -0.0492  0.0262  1.0000  -6.0281   0.0000   0.0000   0.0000   0.2615


