xflr5 v6.59

 Calculated polar for: revR_20_revT

 1 1 Reynolds number fixed          Mach number fixed         

 xtrf =   1.000 (top)        1.000 (bottom)
 Mach =   0.000     Re =     0.125 e 6     Ncrit =   9.000

  alpha     CL        CD       CDp       Cm    Top Xtr Bot Xtr   Cpmin    Chinge    XCp    
 ------- -------- --------- --------- -------- ------- ------- -------- --------- ---------
  -5.000  -0.3502   0.02469   0.01658  -0.0587  0.9487  0.0812  -2.7876   0.0000   0.0000   0.0000   0.0746
  -4.500  -0.2828   0.02246   0.01416  -0.0612  0.9385  0.0963  -2.4690   0.0000   0.0000   0.0000   0.0252
  -4.000  -0.2204   0.02051   0.01220  -0.0627  0.9261  0.1277  -2.1746   0.0000   0.0000   0.0000  -0.0440
  -3.500  -0.1520   0.01908   0.01116  -0.0657  0.9150  0.2131  -1.8278   0.0000   0.0000   0.0000  -0.1940
  -3.000  -0.0912   0.01772   0.01051  -0.0673  0.9016  0.3620  -1.5057   0.0000   0.0000   0.0000  -0.5038
  -2.500  -0.0335   0.01675   0.01052  -0.0673  0.8894  0.5871  -1.2270   0.0000   0.0000   0.0000  -1.7963
  -2.000   0.0262   0.01653   0.01069  -0.0660  0.8769  0.7512  -1.0031   0.0000   0.0000   0.0000   2.8016
  -1.500   0.0735   0.01665   0.01086  -0.0620  0.8617  0.8430  -0.8111   0.0000   0.0000   0.0000   1.1029
  -1.000   0.1512   0.01645   0.01055  -0.0633  0.8514  0.9135  -0.5738   0.0000   0.0000   0.0000   0.6714
  -0.500   0.2724   0.01638   0.01024  -0.0745  0.8419  0.9571  -0.5788   0.0000   0.0000   0.0000   0.5235
   0.000   0.4073   0.01578   0.00943  -0.0890  0.8300  0.9862  -0.6707   0.0000   0.0000   0.0000   0.4677
   0.500   0.4857   0.01538   0.00890  -0.0940  0.8113  1.0000  -0.7370   0.0000   0.0000   0.0000   0.4421
   1.000   0.5155   0.01535   0.00877  -0.0896  0.7901  1.0000  -0.7754   0.0000   0.0000   0.0000   0.4218
   1.500   0.5477   0.01531   0.00864  -0.0852  0.7689  1.0000  -0.8184   0.0000   0.0000   0.0000   0.4030
   2.000   0.5864   0.01527   0.00848  -0.0816  0.7482  1.0000  -0.8715   0.0000   0.0000   0.0000   0.3861
   2.500   0.6320   0.01521   0.00831  -0.0790  0.7275  1.0000  -0.9336   0.0000   0.0000   0.0000   0.3715
   3.000   0.6794   0.01519   0.00821  -0.0768  0.7042  1.0000  -1.0041   0.0000   0.0000   0.0000   0.3590
   3.500   0.7275   0.01526   0.00823  -0.0747  0.6794  1.0000  -1.0825   0.0000   0.0000   0.0000   0.3482
   4.000   0.7756   0.01537   0.00833  -0.0728  0.6521  1.0000  -1.1828   0.0000   0.0000   0.0000   0.3388
   4.500   0.8250   0.01548   0.00843  -0.0710  0.6229  1.0000  -1.2940   0.0000   0.0000   0.0000   0.3305
   5.000   0.8757   0.01561   0.00850  -0.0693  0.5922  1.0000  -1.4462   0.0000   0.0000   0.0000   0.3231
   5.500   0.9252   0.01589   0.00874  -0.0676  0.5591  1.0000  -1.6730   0.0000   0.0000   0.0000   0.3165
   6.000   0.9710   0.01631   0.00913  -0.0654  0.5220  1.0000  -1.9818   0.0000   0.0000   0.0000   0.3102
   6.500   1.0153   0.01684   0.00959  -0.0629  0.4821  1.0000  -2.3008   0.0000   0.0000   0.0000   0.3043
   7.000   1.0588   0.01755   0.01016  -0.0605  0.4429  1.0000  -2.6308   0.0000   0.0000   0.0000   0.2988
   7.500   1.0957   0.01831   0.01095  -0.0571  0.3989  1.0000  -2.9495   0.0000   0.0000   0.0000   0.2932
   8.000   1.1289   0.01924   0.01186  -0.0533  0.3539  1.0000  -3.2645   0.0000   0.0000   0.0000   0.2876
   8.500   1.1576   0.02037   0.01294  -0.0490  0.3087  1.0000  -3.5694   0.0000   0.0000   0.0000   0.2820
   9.000   1.1779   0.02174   0.01421  -0.0435  0.2609  1.0000  -3.8474   0.0000   0.0000   0.0000   0.2760
   9.500   1.1872   0.02344   0.01583  -0.0366  0.2147  1.0000  -4.0915   0.0000   0.0000   0.0000   0.2692
  10.000   1.1898   0.02571   0.01792  -0.0296  0.1707  1.0000  -4.3038   0.0000   0.0000   0.0000   0.2625
  10.500   1.1911   0.02875   0.02075  -0.0235  0.1351  1.0000  -4.4926   0.0000   0.0000   0.0000   0.2566
  11.000   1.1956   0.03200   0.02399  -0.0187  0.1074  1.0000  -4.6807   0.0000   0.0000   0.0000   0.2517
  11.500   1.1997   0.03561   0.02760  -0.0148  0.0864  1.0000  -4.8607   0.0000   0.0000   0.0000   0.2476
  12.000   1.2044   0.03980   0.03181  -0.0116  0.0705  1.0000  -5.0169   0.0000   0.0000   0.0000   0.2441
  12.500   1.2084   0.04397   0.03613  -0.0091  0.0590  1.0000  -5.1631   0.0000   0.0000   0.0000   0.2411
  13.000   1.2209   0.04913   0.04152  -0.0069  0.0504  1.0000  -5.2638   0.0000   0.0000   0.0000   0.2385
  13.500   1.2299   0.05430   0.04709  -0.0053  0.0457  1.0000  -5.3602   0.0000   0.0000   0.0000   0.2362
  14.000   1.2334   0.06015   0.05323  -0.0043  0.0428  1.0000  -5.4471   0.0000   0.0000   0.0000   0.2346
  14.500   1.2286   0.06728   0.06071  -0.0041  0.0411  1.0000  -5.4887   0.0000   0.0000   0.0000   0.2335
  15.000   1.2109   0.07628   0.07014  -0.0052  0.0402  1.0000  -5.4506   0.0000   0.0000   0.0000   0.2336


