xflr5 v6.59

 Calculated polar for: revR_0_revT

 1 1 Reynolds number fixed          Mach number fixed         

 xtrf =   1.000 (top)        1.000 (bottom)
 Mach =   0.000     Re =     0.485 e 6     Ncrit =   9.000

  alpha     CL        CD       CDp       Cm    Top Xtr Bot Xtr   Cpmin    Chinge    XCp    
 ------- -------- --------- --------- -------- ------- ------- -------- --------- ---------
  -5.000  -0.2666   0.01060   0.00423  -0.0619  0.8958  0.0558  -2.7926   0.0000   0.0000   0.0000   0.0091
  -4.500  -0.2159   0.00993   0.00360  -0.0609  0.8770  0.0838  -2.3904   0.0000   0.0000   0.0000  -0.0410
  -4.000  -0.1647   0.00933   0.00314  -0.0600  0.8599  0.1358  -1.9975   0.0000   0.0000   0.0000  -0.1245
  -3.500  -0.1130   0.00881   0.00279  -0.0592  0.8428  0.2028  -1.6204   0.0000   0.0000   0.0000  -0.2861
  -3.000  -0.0615   0.00825   0.00248  -0.0584  0.8263  0.2952  -1.2777   0.0000   0.0000   0.0000  -0.7182
  -2.500  -0.0108   0.00761   0.00224  -0.0576  0.8105  0.4299  -1.0068   0.0000   0.0000   0.0000  -5.1450
  -2.000   0.0391   0.00703   0.00212  -0.0564  0.7943  0.5802  -0.7995   0.0000   0.0000   0.0000   1.7062
  -1.500   0.0906   0.00677   0.00210  -0.0551  0.7772  0.6832  -0.6198   0.0000   0.0000   0.0000   0.8624
  -1.000   0.1435   0.00669   0.00209  -0.0540  0.7597  0.7447  -0.4821   0.0000   0.0000   0.0000   0.6275
  -0.500   0.1968   0.00667   0.00210  -0.0530  0.7423  0.7868  -0.5254   0.0000   0.0000   0.0000   0.5189
   0.000   0.2498   0.00667   0.00210  -0.0519  0.7220  0.8212  -0.5719   0.0000   0.0000   0.0000   0.4565
   0.500   0.3023   0.00670   0.00211  -0.0507  0.7020  0.8512  -0.6216   0.0000   0.0000   0.0000   0.4157
   1.000   0.3537   0.00672   0.00214  -0.0492  0.6791  0.8801  -0.6735   0.0000   0.0000   0.0000   0.3867
   1.500   0.4036   0.00677   0.00217  -0.0474  0.6550  0.9109  -0.7300   0.0000   0.0000   0.0000   0.3645
   2.000   0.4557   0.00683   0.00222  -0.0461  0.6285  0.9408  -0.7917   0.0000   0.0000   0.0000   0.3478
   2.500   0.5202   0.00699   0.00230  -0.0476  0.5965  0.9662  -0.8704   0.0000   0.0000   0.0000   0.3379
   3.000   0.5944   0.00724   0.00243  -0.0516  0.5623  0.9821  -0.9745   0.0000   0.0000   0.0000   0.3327
   3.500   0.6700   0.00753   0.00260  -0.0561  0.5227  0.9960  -1.1030   0.0000   0.0000   0.0000   0.3292
   4.000   0.7180   0.00788   0.00278  -0.0550  0.4823  1.0000  -1.2365   0.0000   0.0000   0.0000   0.3216
   4.500   0.7611   0.00825   0.00304  -0.0526  0.4469  1.0000  -1.4683   0.0000   0.0000   0.0000   0.3137
   5.000   0.8075   0.00870   0.00336  -0.0508  0.4094  1.0000  -1.7923   0.0000   0.0000   0.0000   0.3071
   5.500   0.8536   0.00926   0.00376  -0.0492  0.3631  1.0000  -2.1336   0.0000   0.0000   0.0000   0.3013
   6.000   0.8988   0.00996   0.00423  -0.0474  0.3106  1.0000  -2.4880   0.0000   0.0000   0.0000   0.2959
   6.500   0.9430   0.01077   0.00481  -0.0456  0.2524  1.0000  -2.8576   0.0000   0.0000   0.0000   0.2910
   7.000   0.9862   0.01168   0.00548  -0.0438  0.2000  1.0000  -3.2468   0.0000   0.0000   0.0000   0.2864
   7.500   1.0267   0.01280   0.00631  -0.0415  0.1428  1.0000  -3.6378   0.0000   0.0000   0.0000   0.2819
   8.000   1.0643   0.01408   0.00731  -0.0390  0.0907  1.0000  -4.0273   0.0000   0.0000   0.0000   0.2775
   8.500   1.1021   0.01526   0.00833  -0.0364  0.0605  1.0000  -4.4255   0.0000   0.0000   0.0000   0.2733
   9.000   1.1384   0.01644   0.00941  -0.0336  0.0410  1.0000  -4.8198   0.0000   0.0000   0.0000   0.2691
   9.500   1.1694   0.01781   0.01072  -0.0301  0.0246  1.0000  -5.1739   0.0000   0.0000   0.0000   0.2647
  10.000   1.1913   0.01931   0.01225  -0.0249  0.0167  1.0000  -5.4555   0.0000   0.0000   0.0000   0.2592
  10.500   1.2136   0.02076   0.01381  -0.0202  0.0144  1.0000  -5.7688   0.0000   0.0000   0.0000   0.2542
  11.000   1.2282   0.02276   0.01594  -0.0151  0.0131  1.0000  -6.0374   0.0000   0.0000   0.0000   0.2492
  11.500   1.2412   0.02504   0.01841  -0.0107  0.0126  1.0000  -6.3025   0.0000   0.0000   0.0000   0.2447
  12.000   1.2539   0.02758   0.02114  -0.0070  0.0122  1.0000  -6.5766   0.0000   0.0000   0.0000   0.2408
  12.500   1.2630   0.03068   0.02442  -0.0039  0.0119  1.0000  -6.8297   0.0000   0.0000   0.0000   0.2375
  13.000   1.2691   0.03436   0.02829  -0.0014  0.0116  1.0000  -7.0629   0.0000   0.0000   0.0000   0.2346
  13.500   1.2721   0.03868   0.03282   0.0003  0.0114  1.0000  -7.2742   0.0000   0.0000   0.0000   0.2323
  14.000   1.2726   0.04365   0.03800   0.0013  0.0113  1.0000  -7.4648   0.0000   0.0000   0.0000   0.2306
  14.500   1.2709   0.04926   0.04386   0.0014  0.0111  1.0000  -7.6357   0.0000   0.0000   0.0000   0.2295
  15.000   1.2672   0.05559   0.05041   0.0006  0.0110  1.0000  -7.8294   0.0000   0.0000   0.0000   0.2291


