xflr5 v6.59

 Calculated polar for: revR_0_revT

 1 1 Reynolds number fixed          Mach number fixed         

 xtrf =   1.000 (top)        1.000 (bottom)
 Mach =   0.000     Re =     0.465 e 6     Ncrit =   9.000

  alpha     CL        CD       CDp       Cm    Top Xtr Bot Xtr   Cpmin    Chinge    XCp    
 ------- -------- --------- --------- -------- ------- ------- -------- --------- ---------
  -5.000  -0.2650   0.01079   0.00437  -0.0623  0.9005  0.0566  -2.7795   0.0000   0.0000   0.0000   0.0061
  -4.500  -0.2149   0.01007   0.00369  -0.0612  0.8810  0.0852  -2.3833   0.0000   0.0000   0.0000  -0.0438
  -4.000  -0.1640   0.00943   0.00322  -0.0603  0.8636  0.1396  -1.9929   0.0000   0.0000   0.0000  -0.1276
  -3.500  -0.1125   0.00891   0.00286  -0.0594  0.8463  0.2076  -1.6169   0.0000   0.0000   0.0000  -0.2909
  -3.000  -0.0613   0.00832   0.00256  -0.0586  0.8295  0.3044  -1.2763   0.0000   0.0000   0.0000  -0.7251
  -2.500  -0.0109   0.00767   0.00232  -0.0577  0.8135  0.4417  -1.0064   0.0000   0.0000   0.0000  -5.1432
  -2.000   0.0389   0.00709   0.00221  -0.0564  0.7973  0.5924  -0.7996   0.0000   0.0000   0.0000   1.7178
  -1.500   0.0904   0.00686   0.00219  -0.0551  0.7803  0.6901  -0.6200   0.0000   0.0000   0.0000   0.8639
  -1.000   0.1432   0.00680   0.00218  -0.0539  0.7631  0.7502  -0.4819   0.0000   0.0000   0.0000   0.6279
  -0.500   0.1966   0.00680   0.00217  -0.0529  0.7460  0.7917  -0.5252   0.0000   0.0000   0.0000   0.5190
   0.000   0.2492   0.00678   0.00218  -0.0517  0.7257  0.8253  -0.5714   0.0000   0.0000   0.0000   0.4563
   0.500   0.3015   0.00680   0.00219  -0.0505  0.7052  0.8557  -0.6210   0.0000   0.0000   0.0000   0.4155
   1.000   0.3526   0.00684   0.00221  -0.0489  0.6831  0.8854  -0.6728   0.0000   0.0000   0.0000   0.3863
   1.500   0.4021   0.00687   0.00225  -0.0470  0.6584  0.9167  -0.7290   0.0000   0.0000   0.0000   0.3640
   2.000   0.4551   0.00694   0.00229  -0.0458  0.6326  0.9466  -0.7912   0.0000   0.0000   0.0000   0.3474
   2.500   0.5237   0.00710   0.00237  -0.0483  0.6006  0.9688  -0.8730   0.0000   0.0000   0.0000   0.3386
   3.000   0.5987   0.00734   0.00249  -0.0525  0.5660  0.9837  -0.9787   0.0000   0.0000   0.0000   0.3335
   3.500   0.6744   0.00764   0.00266  -0.0570  0.5266  0.9977  -1.1075   0.0000   0.0000   0.0000   0.3300
   4.000   0.7179   0.00796   0.00283  -0.0549  0.4871  1.0000  -1.2361   0.0000   0.0000   0.0000   0.3216
   4.500   0.7606   0.00837   0.00310  -0.0525  0.4513  1.0000  -1.4649   0.0000   0.0000   0.0000   0.3136
   5.000   0.8071   0.00880   0.00342  -0.0508  0.4143  1.0000  -1.7893   0.0000   0.0000   0.0000   0.3070
   5.500   0.8532   0.00936   0.00383  -0.0490  0.3680  1.0000  -2.1298   0.0000   0.0000   0.0000   0.3011
   6.000   0.8989   0.01002   0.00429  -0.0474  0.3175  1.0000  -2.4856   0.0000   0.0000   0.0000   0.2958
   6.500   0.9427   0.01085   0.00487  -0.0455  0.2587  1.0000  -2.8515   0.0000   0.0000   0.0000   0.2909
   7.000   0.9860   0.01175   0.00554  -0.0436  0.2061  1.0000  -3.2404   0.0000   0.0000   0.0000   0.2863
   7.500   1.0267   0.01284   0.00636  -0.0415  0.1505  1.0000  -3.6318   0.0000   0.0000   0.0000   0.2818
   8.000   1.0635   0.01418   0.00738  -0.0388  0.0963  1.0000  -4.0176   0.0000   0.0000   0.0000   0.2773
   8.500   1.1012   0.01537   0.00841  -0.0362  0.0644  1.0000  -4.4145   0.0000   0.0000   0.0000   0.2731
   9.000   1.1364   0.01661   0.00954  -0.0333  0.0427  1.0000  -4.8038   0.0000   0.0000   0.0000   0.2689
   9.500   1.1684   0.01791   0.01081  -0.0299  0.0269  1.0000  -5.1646   0.0000   0.0000   0.0000   0.2645
  10.000   1.1875   0.01957   0.01246  -0.0243  0.0174  1.0000  -5.4271   0.0000   0.0000   0.0000   0.2588
  10.500   1.2102   0.02102   0.01404  -0.0197  0.0151  1.0000  -5.7350   0.0000   0.0000   0.0000   0.2539
  11.000   1.2278   0.02286   0.01599  -0.0151  0.0138  1.0000  -6.0313   0.0000   0.0000   0.0000   0.2491
  11.500   1.2352   0.02552   0.01885  -0.0101  0.0129  1.0000  -6.2526   0.0000   0.0000   0.0000   0.2443
  12.000   1.2455   0.02827   0.02179  -0.0064  0.0126  1.0000  -6.5056   0.0000   0.0000   0.0000   0.2404
  12.500   1.2545   0.03145   0.02516  -0.0034  0.0123  1.0000  -6.7537   0.0000   0.0000   0.0000   0.2371
  13.000   1.2602   0.03523   0.02914  -0.0011  0.0121  1.0000  -6.9799   0.0000   0.0000   0.0000   0.2343
  13.500   1.2632   0.03965   0.03376   0.0005  0.0119  1.0000  -7.1842   0.0000   0.0000   0.0000   0.2321
  14.000   1.2636   0.04470   0.03904   0.0014  0.0117  1.0000  -7.3667   0.0000   0.0000   0.0000   0.2305
  14.500   1.2619   0.05039   0.04497   0.0014  0.0116  1.0000  -7.5291   0.0000   0.0000   0.0000   0.2295
  15.000   1.2584   0.05675   0.05156   0.0007  0.0115  1.0000  -7.7178   0.0000   0.0000   0.0000   0.2291


