xflr5 v6.59

 Calculated polar for: revR_40_revT

 1 1 Reynolds number fixed          Mach number fixed         

 xtrf =   1.000 (top)        1.000 (bottom)
 Mach =   0.000     Re =     0.265 e 6     Ncrit =   9.000

  alpha     CL        CD       CDp       Cm    Top Xtr Bot Xtr   Cpmin    Chinge    XCp    
 ------- -------- --------- --------- -------- ------- ------- -------- --------- ---------
  -5.000  -0.0998   0.01437   0.00739  -0.1025  0.8734  0.0663  -2.3987   0.0000   0.0000   0.0000  -0.8040
  -4.500  -0.0486   0.01336   0.00632  -0.1018  0.8608  0.0858  -2.0890   0.0000   0.0000   0.0000  -1.8943
  -4.000   0.0056   0.01253   0.00552  -0.1014  0.8498  0.1288  -1.7759   0.0000   0.0000   0.0000  18.7343
  -3.500   0.0578   0.01186   0.00515  -0.1011  0.8369  0.2056  -1.4759   0.0000   0.0000   0.0000   2.0286
  -3.000   0.1125   0.01130   0.00480  -0.1009  0.8262  0.2968  -1.2437   0.0000   0.0000   0.0000   1.1597
  -2.500   0.1651   0.01079   0.00464  -0.1006  0.8138  0.4092  -1.0286   0.0000   0.0000   0.0000   0.8657
  -2.000   0.2181   0.01023   0.00452  -0.0997  0.8022  0.5622  -0.8199   0.0000   0.0000   0.0000   0.7110
  -1.500   0.2690   0.00998   0.00461  -0.0983  0.7889  0.6795  -0.6327   0.0000   0.0000   0.0000   0.6173
  -1.000   0.3207   0.00993   0.00465  -0.0965  0.7775  0.7624  -0.6318   0.0000   0.0000   0.0000   0.5514
  -0.500   0.3701   0.00988   0.00468  -0.0944  0.7633  0.8190  -0.6705   0.0000   0.0000   0.0000   0.5047
   0.000   0.4187   0.00984   0.00462  -0.0919  0.7499  0.8652  -0.7134   0.0000   0.0000   0.0000   0.4684
   0.500   0.4641   0.00972   0.00451  -0.0887  0.7356  0.9127  -0.7572   0.0000   0.0000   0.0000   0.4393
   1.000   0.5216   0.00962   0.00438  -0.0883  0.7208  0.9596  -0.8102   0.0000   0.0000   0.0000   0.4169
   1.500   0.6035   0.00952   0.00412  -0.0936  0.7046  1.0000  -0.8859   0.0000   0.0000   0.0000   0.4021
   2.000   0.6551   0.00958   0.00410  -0.0932  0.6865  1.0000  -0.9435   0.0000   0.0000   0.0000   0.3887
   2.500   0.7097   0.00970   0.00414  -0.0931  0.6671  1.0000  -1.0060   0.0000   0.0000   0.0000   0.3772
   3.000   0.7646   0.00983   0.00419  -0.0930  0.6458  1.0000  -1.0787   0.0000   0.0000   0.0000   0.3670
   3.500   0.8192   0.01001   0.00429  -0.0927  0.6234  1.0000  -1.1555   0.0000   0.0000   0.0000   0.3581
   4.000   0.8731   0.01025   0.00446  -0.0923  0.5990  1.0000  -1.2444   0.0000   0.0000   0.0000   0.3501
   4.500   0.9259   0.01054   0.00466  -0.0917  0.5710  1.0000  -1.3465   0.0000   0.0000   0.0000   0.3429
   5.000   0.9778   0.01095   0.00496  -0.0910  0.5422  1.0000  -1.4665   0.0000   0.0000   0.0000   0.3364
   5.500   1.0284   0.01139   0.00537  -0.0902  0.5099  1.0000  -1.6133   0.0000   0.0000   0.0000   0.3304
   6.000   1.0776   0.01195   0.00584  -0.0891  0.4755  1.0000  -1.7903   0.0000   0.0000   0.0000   0.3248
   6.500   1.1254   0.01260   0.00641  -0.0879  0.4405  1.0000  -2.0886   0.0000   0.0000   0.0000   0.3195
   7.000   1.1710   0.01335   0.00707  -0.0863  0.4017  1.0000  -2.4033   0.0000   0.0000   0.0000   0.3145
   7.500   1.2153   0.01418   0.00785  -0.0847  0.3634  1.0000  -2.7278   0.0000   0.0000   0.0000   0.3099
   8.000   1.2564   0.01520   0.00875  -0.0827  0.3255  1.0000  -3.0673   0.0000   0.0000   0.0000   0.3053
   8.500   1.2933   0.01639   0.00980  -0.0802  0.2806  1.0000  -3.4045   0.0000   0.0000   0.0000   0.3007
   9.000   1.3267   0.01774   0.01105  -0.0772  0.2363  1.0000  -3.7382   0.0000   0.0000   0.0000   0.2962
   9.500   1.3537   0.01929   0.01247  -0.0735  0.1944  1.0000  -4.0557   0.0000   0.0000   0.0000   0.2915
  10.000   1.3751   0.02128   0.01429  -0.0694  0.1531  1.0000  -4.3555   0.0000   0.0000   0.0000   0.2870
  10.500   1.3915   0.02375   0.01660  -0.0654  0.1174  1.0000  -4.6365   0.0000   0.0000   0.0000   0.2827
  11.000   1.4075   0.02645   0.01925  -0.0619  0.0905  1.0000  -4.9155   0.0000   0.0000   0.0000   0.2788
  11.500   1.4200   0.02962   0.02248  -0.0585  0.0711  1.0000  -5.1744   0.0000   0.0000   0.0000   0.2752
  12.000   1.4258   0.03358   0.02646  -0.0553  0.0563  1.0000  -5.3913   0.0000   0.0000   0.0000   0.2719
  12.500   1.4305   0.03787   0.03083  -0.0526  0.0454  1.0000  -5.5955   0.0000   0.0000   0.0000   0.2690
  13.000   1.4284   0.04305   0.03622  -0.0500  0.0383  1.0000  -5.7350   0.0000   0.0000   0.0000   0.2662
  13.500   1.4285   0.04827   0.04161  -0.0483  0.0329  1.0000  -5.8868   0.0000   0.0000   0.0000   0.2640
  14.000   1.4113   0.05566   0.04916  -0.0466  0.0288  1.0000  -5.9165   0.0000   0.0000   0.0000   0.2622
  14.500   1.4001   0.06265   0.05642  -0.0450  0.0268  1.0000  -5.9521   0.0000   0.0000   0.0000   0.2603
  15.000   1.4003   0.06876   0.06280  -0.0445  0.0258  1.0000  -6.0790   0.0000   0.0000   0.0000   0.2590


