xflr5 v6.59

 Calculated polar for: revR_75_revT

 1 1 Reynolds number fixed          Mach number fixed         

 xtrf =   1.000 (top)        1.000 (bottom)
 Mach =   0.000     Re =     0.380 e 6     Ncrit =   9.000

  alpha     CL        CD       CDp       Cm    Top Xtr Bot Xtr   Cpmin    Chinge    XCp    
 ------- -------- --------- --------- -------- ------- ------- -------- --------- ---------
  -5.000   0.0385   0.01348   0.00684  -0.1318  0.8038  0.0485  -2.2963   0.0000   0.0000   0.0000   3.7558
  -4.500   0.0936   0.01229   0.00553  -0.1320  0.7960  0.0623  -2.0434   0.0000   0.0000   0.0000   1.6911
  -4.000   0.1491   0.01159   0.00484  -0.1321  0.7872  0.0848  -1.7918   0.0000   0.0000   0.0000   1.1524
  -3.500   0.2057   0.01099   0.00432  -0.1324  0.7784  0.1288  -1.5359   0.0000   0.0000   0.0000   0.9037
  -3.000   0.2623   0.01063   0.00411  -0.1328  0.7703  0.1905  -1.2915   0.0000   0.0000   0.0000   0.7627
  -2.500   0.3185   0.01024   0.00393  -0.1330  0.7612  0.2630  -1.0585   0.0000   0.0000   0.0000   0.6719
  -2.000   0.3756   0.00988   0.00373  -0.1334  0.7522  0.3443  -0.8419   0.0000   0.0000   0.0000   0.6076
  -1.500   0.4316   0.00955   0.00371  -0.1336  0.7424  0.4535  -0.7433   0.0000   0.0000   0.0000   0.5607
  -1.000   0.4876   0.00923   0.00366  -0.1336  0.7324  0.5615  -0.7858   0.0000   0.0000   0.0000   0.5241
  -0.500   0.5427   0.00906   0.00377  -0.1331  0.7230  0.6850  -0.8281   0.0000   0.0000   0.0000   0.4946
   0.000   0.5957   0.00893   0.00382  -0.1321  0.7113  0.7626  -0.8694   0.0000   0.0000   0.0000   0.4704
   0.500   0.6490   0.00892   0.00382  -0.1311  0.7007  0.8214  -0.9170   0.0000   0.0000   0.0000   0.4498
   1.000   0.6984   0.00888   0.00389  -0.1293  0.6892  0.8732  -0.9666   0.0000   0.0000   0.0000   0.4323
   1.500   0.7448   0.00875   0.00376  -0.1266  0.6761  0.9288  -1.0151   0.0000   0.0000   0.0000   0.4165
   2.000   0.8067   0.00867   0.00369  -0.1278  0.6616  1.0000  -1.0807   0.0000   0.0000   0.0000   0.4044
   2.500   0.8653   0.00882   0.00371  -0.1286  0.6473  1.0000  -1.1468   0.0000   0.0000   0.0000   0.3939
   3.000   0.9218   0.00896   0.00376  -0.1288  0.6298  1.0000  -1.2121   0.0000   0.0000   0.0000   0.3845
   3.500   0.9772   0.00915   0.00391  -0.1289  0.6109  1.0000  -1.2819   0.0000   0.0000   0.0000   0.3760
   4.000   1.0321   0.00941   0.00411  -0.1288  0.5926  1.0000  -1.3603   0.0000   0.0000   0.0000   0.3683
   4.500   1.0857   0.00972   0.00435  -0.1285  0.5714  1.0000  -1.4407   0.0000   0.0000   0.0000   0.3613
   5.000   1.1377   0.01009   0.00464  -0.1280  0.5464  1.0000  -1.5371   0.0000   0.0000   0.0000   0.3547
   5.500   1.1889   0.01052   0.00502  -0.1273  0.5225  1.0000  -1.6395   0.0000   0.0000   0.0000   0.3487
   6.000   1.2380   0.01103   0.00546  -0.1263  0.4937  1.0000  -1.7638   0.0000   0.0000   0.0000   0.3429
   6.500   1.2858   0.01162   0.00599  -0.1252  0.4661  1.0000  -1.8888   0.0000   0.0000   0.0000   0.3375
   7.000   1.3303   0.01236   0.00661  -0.1235  0.4342  1.0000  -2.0491   0.0000   0.0000   0.0000   0.3323
   7.500   1.3728   0.01316   0.00734  -0.1215  0.4032  1.0000  -2.2106   0.0000   0.0000   0.0000   0.3273
   8.000   1.4140   0.01400   0.00815  -0.1194  0.3744  1.0000  -2.4207   0.0000   0.0000   0.0000   0.3225
   8.500   1.4476   0.01506   0.00911  -0.1162  0.3396  1.0000  -2.6624   0.0000   0.0000   0.0000   0.3175
   9.000   1.4766   0.01632   0.01029  -0.1123  0.3096  1.0000  -2.9501   0.0000   0.0000   0.0000   0.3125
   9.500   1.5045   0.01771   0.01163  -0.1086  0.2811  1.0000  -3.2434   0.0000   0.0000   0.0000   0.3078
  10.000   1.5284   0.01942   0.01328  -0.1048  0.2496  1.0000  -3.5312   0.0000   0.0000   0.0000   0.3033
  10.500   1.5489   0.02151   0.01530  -0.1010  0.2201  1.0000  -3.8132   0.0000   0.0000   0.0000   0.2991
  11.000   1.5647   0.02408   0.01778  -0.0971  0.1914  1.0000  -4.0830   0.0000   0.0000   0.0000   0.2951
  11.500   1.5805   0.02685   0.02053  -0.0937  0.1642  1.0000  -4.3576   0.0000   0.0000   0.0000   0.2913
  12.000   1.5928   0.03000   0.02364  -0.0903  0.1392  1.0000  -4.6266   0.0000   0.0000   0.0000   0.2878
  12.500   1.6011   0.03363   0.02723  -0.0870  0.1163  1.0000  -4.8872   0.0000   0.0000   0.0000   0.2844
  13.000   1.6063   0.03767   0.03126  -0.0839  0.0974  1.0000  -5.1359   0.0000   0.0000   0.0000   0.2813
  13.500   1.6073   0.04231   0.03589  -0.0810  0.0805  1.0000  -5.3665   0.0000   0.0000   0.0000   0.2785
  14.000   1.6097   0.04706   0.04068  -0.0787  0.0677  1.0000  -5.6054   0.0000   0.0000   0.0000   0.2759
  14.500   1.6120   0.05215   0.04592  -0.0768  0.0576  1.0000  -5.8409   0.0000   0.0000   0.0000   0.2736
  15.000   1.6026   0.05875   0.05256  -0.0752  0.0477  1.0000  -6.0128   0.0000   0.0000   0.0000   0.2717


