xflr5 v6.59

 Calculated polar for: revR_20_revT

 1 1 Reynolds number fixed          Mach number fixed         

 xtrf =   1.000 (top)        1.000 (bottom)
 Mach =   0.000     Re =     0.425 e 6     Ncrit =   9.000

  alpha     CL        CD       CDp       Cm    Top Xtr Bot Xtr   Cpmin    Chinge    XCp    
 ------- -------- --------- --------- -------- ------- ------- -------- --------- ---------
  -5.000  -0.1829   0.01143   0.00495  -0.0816  0.8646  0.0541  -2.5069   0.0000   0.0000   0.0000  -0.2092
  -4.500  -0.1318   0.01065   0.00407  -0.0806  0.8499  0.0759  -2.1690   0.0000   0.0000   0.0000  -0.3772
  -4.000  -0.0802   0.01001   0.00357  -0.0798  0.8361  0.1206  -1.8287   0.0000   0.0000   0.0000  -0.7672
  -3.500  -0.0272   0.00952   0.00321  -0.0793  0.8232  0.1824  -1.4948   0.0000   0.0000   0.0000  -2.7216
  -3.000   0.0251   0.00900   0.00293  -0.0788  0.8095  0.2616  -1.2316   0.0000   0.0000   0.0000   3.4330
  -2.500   0.0773   0.00844   0.00271  -0.0782  0.7961  0.3809  -1.0216   0.0000   0.0000   0.0000   1.2737
  -2.000   0.1291   0.00790   0.00257  -0.0774  0.7830  0.5125  -0.8208   0.0000   0.0000   0.0000   0.8550
  -1.500   0.1801   0.00750   0.00258  -0.0762  0.7692  0.6528  -0.6302   0.0000   0.0000   0.0000   0.6754
  -1.000   0.2330   0.00739   0.00256  -0.0751  0.7543  0.7285  -0.5563   0.0000   0.0000   0.0000   0.5727
  -0.500   0.2854   0.00732   0.00260  -0.0738  0.7393  0.7816  -0.5994   0.0000   0.0000   0.0000   0.5082
   0.000   0.3384   0.00735   0.00260  -0.0727  0.7245  0.8208  -0.6433   0.0000   0.0000   0.0000   0.4636
   0.500   0.3898   0.00734   0.00258  -0.0712  0.7067  0.8550  -0.6930   0.0000   0.0000   0.0000   0.4306
   1.000   0.4400   0.00732   0.00261  -0.0694  0.6889  0.8889  -0.7434   0.0000   0.0000   0.0000   0.4053
   1.500   0.4894   0.00731   0.00261  -0.0674  0.6687  0.9242  -0.7970   0.0000   0.0000   0.0000   0.3848
   2.000   0.5501   0.00735   0.00262  -0.0680  0.6470  0.9591  -0.8632   0.0000   0.0000   0.0000   0.3702
   2.500   0.6273   0.00747   0.00266  -0.0724  0.6215  0.9823  -0.9467   0.0000   0.0000   0.0000   0.3616
   3.000   0.7042   0.00766   0.00273  -0.0771  0.5918  1.0000  -1.0419   0.0000   0.0000   0.0000   0.3552
   3.500   0.7424   0.00791   0.00285  -0.0738  0.5640  1.0000  -1.1147   0.0000   0.0000   0.0000   0.3447
   4.000   0.7891   0.00821   0.00306  -0.0721  0.5330  1.0000  -1.2169   0.0000   0.0000   0.0000   0.3361
   4.500   0.8372   0.00858   0.00333  -0.0707  0.5004  1.0000  -1.3333   0.0000   0.0000   0.0000   0.3287
   5.000   0.8844   0.00905   0.00365  -0.0691  0.4625  1.0000  -1.4851   0.0000   0.0000   0.0000   0.3218
   5.500   0.9321   0.00952   0.00405  -0.0676  0.4286  1.0000  -1.7813   0.0000   0.0000   0.0000   0.3158
   6.000   0.9771   0.01013   0.00449  -0.0658  0.3844  1.0000  -2.0993   0.0000   0.0000   0.0000   0.3100
   6.500   1.0197   0.01087   0.00502  -0.0636  0.3341  1.0000  -2.4243   0.0000   0.0000   0.0000   0.3045
   7.000   1.0609   0.01169   0.00563  -0.0612  0.2855  1.0000  -2.7634   0.0000   0.0000   0.0000   0.2992
   7.500   1.1002   0.01259   0.00637  -0.0587  0.2393  1.0000  -3.1197   0.0000   0.0000   0.0000   0.2942
   8.000   1.1372   0.01357   0.00718  -0.0557  0.1969  1.0000  -3.4797   0.0000   0.0000   0.0000   0.2893
   8.500   1.1695   0.01472   0.00813  -0.0521  0.1534  1.0000  -3.8317   0.0000   0.0000   0.0000   0.2842
   9.000   1.1937   0.01598   0.00919  -0.0472  0.1146  1.0000  -4.1586   0.0000   0.0000   0.0000   0.2785
   9.500   1.2157   0.01727   0.01040  -0.0420  0.0861  1.0000  -4.4816   0.0000   0.0000   0.0000   0.2728
  10.000   1.2372   0.01867   0.01174  -0.0371  0.0657  1.0000  -4.8050   0.0000   0.0000   0.0000   0.2676
  10.500   1.2567   0.02026   0.01331  -0.0325  0.0497  1.0000  -5.1184   0.0000   0.0000   0.0000   0.2627
  11.000   1.2723   0.02221   0.01526  -0.0278  0.0357  1.0000  -5.4000   0.0000   0.0000   0.0000   0.2580
  11.500   1.2783   0.02498   0.01804  -0.0227  0.0234  1.0000  -5.5862   0.0000   0.0000   0.0000   0.2531
  12.000   1.2869   0.02784   0.02099  -0.0187  0.0192  1.0000  -5.7981   0.0000   0.0000   0.0000   0.2490
  12.500   1.2826   0.03199   0.02538  -0.0146  0.0167  1.0000  -5.9147   0.0000   0.0000   0.0000   0.2449
  13.000   1.2810   0.03636   0.02998  -0.0116  0.0159  1.0000  -6.0645   0.0000   0.0000   0.0000   0.2417
  13.500   1.2882   0.04030   0.03411  -0.0099  0.0154  1.0000  -6.2925   0.0000   0.0000   0.0000   0.2394
  14.000   1.2916   0.04489   0.03892  -0.0087  0.0148  1.0000  -6.4965   0.0000   0.0000   0.0000   0.2375
  14.500   1.2929   0.05010   0.04433  -0.0082  0.0143  1.0000  -6.6831   0.0000   0.0000   0.0000   0.2361
  15.000   1.2920   0.05599   0.05045  -0.0084  0.0139  1.0000  -6.8497   0.0000   0.0000   0.0000   0.2352


