xflr5 v6.59

 Calculated polar for: revR_65_revT

 1 1 Reynolds number fixed          Mach number fixed         

 xtrf =   1.000 (top)        1.000 (bottom)
 Mach =   0.000     Re =     0.245 e 6     Ncrit =   9.000

  alpha     CL        CD       CDp       Cm    Top Xtr Bot Xtr   Cpmin    Chinge    XCp    
 ------- -------- --------- --------- -------- ------- ------- -------- --------- ---------
  -5.000  -0.0005   0.01587   0.00874  -0.1255  0.8479  0.0625  -2.2958   0.0000   0.0000   0.0000  -252.3571
  -4.500   0.0518   0.01513   0.00792  -0.1250  0.8372  0.0765  -1.9940   0.0000   0.0000   0.0000   2.7179
  -4.000   0.1066   0.01393   0.00676  -0.1250  0.8281  0.1089  -1.7542   0.0000   0.0000   0.0000   1.4453
  -3.500   0.1606   0.01332   0.00630  -0.1249  0.8181  0.1665  -1.5196   0.0000   0.0000   0.0000   1.0403
  -3.000   0.2154   0.01277   0.00598  -0.1249  0.8076  0.2491  -1.2788   0.0000   0.0000   0.0000   0.8378
  -2.500   0.2722   0.01235   0.00576  -0.1251  0.7990  0.3392  -1.0522   0.0000   0.0000   0.0000   0.7147
  -2.000   0.3250   0.01193   0.00573  -0.1248  0.7875  0.4541  -0.8417   0.0000   0.0000   0.0000   0.6371
  -1.500   0.3800   0.01146   0.00561  -0.1243  0.7776  0.5899  -0.6924   0.0000   0.0000   0.0000   0.5786
  -1.000   0.4305   0.01133   0.00580  -0.1227  0.7658  0.7054  -0.7302   0.0000   0.0000   0.0000   0.5355
  -0.500   0.4816   0.01123   0.00580  -0.1208  0.7555  0.7867  -0.7716   0.0000   0.0000   0.0000   0.5004
   0.000   0.5292   0.01124   0.00586  -0.1183  0.7438  0.8491  -0.8109   0.0000   0.0000   0.0000   0.4723
   0.500   0.5733   0.01102   0.00565  -0.1147  0.7314  0.9049  -0.8550   0.0000   0.0000   0.0000   0.4482
   1.000   0.6341   0.01086   0.00547  -0.1151  0.7191  0.9790  -0.9091   0.0000   0.0000   0.0000   0.4289
   1.500   0.6982   0.01084   0.00528  -0.1170  0.7059  1.0000  -0.9698   0.0000   0.0000   0.0000   0.4144
   2.000   0.7554   0.01096   0.00531  -0.1175  0.6903  1.0000  -1.0310   0.0000   0.0000   0.0000   0.4018
   2.500   0.8142   0.01103   0.00523  -0.1181  0.6760  1.0000  -1.0947   0.0000   0.0000   0.0000   0.3906
   3.000   0.8696   0.01112   0.00528  -0.1181  0.6589  1.0000  -1.1608   0.0000   0.0000   0.0000   0.3808
   3.500   0.9246   0.01124   0.00535  -0.1179  0.6397  1.0000  -1.2349   0.0000   0.0000   0.0000   0.3719
   4.000   0.9796   0.01143   0.00548  -0.1177  0.6211  1.0000  -1.3122   0.0000   0.0000   0.0000   0.3640
   4.500   1.0336   0.01166   0.00564  -0.1173  0.6000  1.0000  -1.4022   0.0000   0.0000   0.0000   0.3568
   5.000   1.0859   0.01194   0.00588  -0.1167  0.5757  1.0000  -1.4965   0.0000   0.0000   0.0000   0.3501
   5.500   1.1372   0.01232   0.00622  -0.1159  0.5505  1.0000  -1.6160   0.0000   0.0000   0.0000   0.3439
   6.000   1.1865   0.01278   0.00663  -0.1148  0.5216  1.0000  -1.7358   0.0000   0.0000   0.0000   0.3381
   6.500   1.2343   0.01335   0.00714  -0.1136  0.4923  1.0000  -1.8906   0.0000   0.0000   0.0000   0.3326
   7.000   1.2792   0.01407   0.00775  -0.1118  0.4601  1.0000  -2.0500   0.0000   0.0000   0.0000   0.3273
   7.500   1.3223   0.01482   0.00850  -0.1099  0.4275  1.0000  -2.2548   0.0000   0.0000   0.0000   0.3223
   8.000   1.3628   0.01572   0.00937  -0.1077  0.3959  1.0000  -2.4970   0.0000   0.0000   0.0000   0.3175
   8.500   1.3971   0.01683   0.01037  -0.1045  0.3602  1.0000  -2.7843   0.0000   0.0000   0.0000   0.3125
   9.000   1.4281   0.01798   0.01151  -0.1009  0.3276  1.0000  -3.0701   0.0000   0.0000   0.0000   0.3076
   9.500   1.4533   0.01943   0.01290  -0.0967  0.2969  1.0000  -3.3504   0.0000   0.0000   0.0000   0.3027
  10.000   1.4731   0.02125   0.01469  -0.0923  0.2636  1.0000  -3.6228   0.0000   0.0000   0.0000   0.2980
  10.500   1.4914   0.02339   0.01679  -0.0883  0.2307  1.0000  -3.8946   0.0000   0.0000   0.0000   0.2936
  11.000   1.5046   0.02609   0.01942  -0.0842  0.2005  1.0000  -4.1507   0.0000   0.0000   0.0000   0.2895
  11.500   1.5162   0.02916   0.02246  -0.0806  0.1703  1.0000  -4.4061   0.0000   0.0000   0.0000   0.2858
  12.000   1.5246   0.03269   0.02596  -0.0773  0.1422  1.0000  -4.6565   0.0000   0.0000   0.0000   0.2824
  12.500   1.5286   0.03679   0.03003  -0.0740  0.1182  1.0000  -4.8879   0.0000   0.0000   0.0000   0.2792
  13.000   1.5301   0.04134   0.03462  -0.0712  0.0980  1.0000  -5.1075   0.0000   0.0000   0.0000   0.2762
  13.500   1.5276   0.04650   0.03983  -0.0686  0.0821  1.0000  -5.3048   0.0000   0.0000   0.0000   0.2736
  14.000   1.5151   0.05308   0.04641  -0.0664  0.0682  1.0000  -5.4456   0.0000   0.0000   0.0000   0.2715
  14.500   1.5195   0.05823   0.05176  -0.0652  0.0590  1.0000  -5.6700   0.0000   0.0000   0.0000   0.2695
  15.000   1.4993   0.06643   0.06003  -0.0640  0.0503  1.0000  -5.7486   0.0000   0.0000   0.0000   0.2682


