xflr5 v6.59

 Calculated polar for: revR_95_revT

 1 1 Reynolds number fixed          Mach number fixed         

 xtrf =   1.000 (top)        1.000 (bottom)
 Mach =   0.000     Re =     0.190 e 6     Ncrit =   9.000

  alpha     CL        CD       CDp       Cm    Top Xtr Bot Xtr   Cpmin    Chinge    XCp    
 ------- -------- --------- --------- -------- ------- ------- -------- --------- ---------
  -5.000   0.1019   0.02120   0.01395  -0.1519  0.8348  0.0673  -2.2164   0.0000   0.0000   0.0000   1.7789
  -4.500   0.1567   0.01944   0.01195  -0.1517  0.8263  0.0766  -2.0190   0.0000   0.0000   0.0000   1.2407
  -4.000   0.2159   0.01821   0.01069  -0.1524  0.8200  0.0994  -1.7936   0.0000   0.0000   0.0000   0.9703
  -3.500   0.2672   0.01771   0.01026  -0.1521  0.8098  0.1361  -1.5810   0.0000   0.0000   0.0000   0.8295
  -3.000   0.3232   0.01703   0.00977  -0.1525  0.8004  0.2016  -1.3508   0.0000   0.0000   0.0000   0.7288
  -2.500   0.3840   0.01641   0.00932  -0.1533  0.7935  0.2843  -1.1172   0.0000   0.0000   0.0000   0.6539
  -2.000   0.4358   0.01637   0.00957  -0.1531  0.7833  0.3748  -0.9083   0.0000   0.0000   0.0000   0.6045
  -1.500   0.4916   0.01597   0.00947  -0.1530  0.7735  0.4829  -0.8012   0.0000   0.0000   0.0000   0.5632
  -1.000   0.5500   0.01549   0.00931  -0.1527  0.7665  0.6151  -0.8453   0.0000   0.0000   0.0000   0.5284
  -0.500   0.5942   0.01562   0.00978  -0.1501  0.7540  0.7355  -0.8814   0.0000   0.0000   0.0000   0.5024
   0.000   0.6406   0.01533   0.00959  -0.1468  0.7446  0.8283  -0.9210   0.0000   0.0000   0.0000   0.4781
   0.500   0.6799   0.01518   0.00947  -0.1421  0.7360  0.9174  -0.9560   0.0000   0.0000   0.0000   0.4572
   1.000   0.7408   0.01511   0.00932  -0.1434  0.7230  1.0000  -1.0087   0.0000   0.0000   0.0000   0.4409
   1.500   0.8089   0.01487   0.00881  -0.1454  0.7142  1.0000  -1.0722   0.0000   0.0000   0.0000   0.4264
   2.000   0.8612   0.01529   0.00921  -0.1454  0.7006  1.0000  -1.1245   0.0000   0.0000   0.0000   0.4147
   2.500   0.9249   0.01507   0.00880  -0.1465  0.6901  1.0000  -1.1935   0.0000   0.0000   0.0000   0.4036
   3.000   0.9779   0.01528   0.00900  -0.1461  0.6751  1.0000  -1.2580   0.0000   0.0000   0.0000   0.3940
   3.500   1.0403   0.01507   0.00863  -0.1469  0.6632  1.0000  -1.3317   0.0000   0.0000   0.0000   0.3851
   4.000   1.0916   0.01531   0.00891  -0.1462  0.6469  1.0000  -1.3961   0.0000   0.0000   0.0000   0.3772
   4.500   1.1493   0.01526   0.00878  -0.1463  0.6319  1.0000  -1.4803   0.0000   0.0000   0.0000   0.3698
   5.000   1.2037   0.01527   0.00875  -0.1459  0.6140  1.0000  -1.5633   0.0000   0.0000   0.0000   0.3630
   5.500   1.2538   0.01559   0.00912  -0.1450  0.5952  1.0000  -1.6543   0.0000   0.0000   0.0000   0.3567
   6.000   1.3052   0.01587   0.00938  -0.1442  0.5752  1.0000  -1.7548   0.0000   0.0000   0.0000   0.3508
   6.500   1.3542   0.01619   0.00967  -0.1430  0.5521  1.0000  -1.8737   0.0000   0.0000   0.0000   0.3452
   7.000   1.4015   0.01668   0.01013  -0.1416  0.5289  1.0000  -1.9979   0.0000   0.0000   0.0000   0.3398
   7.500   1.4443   0.01730   0.01073  -0.1394  0.5025  1.0000  -2.1330   0.0000   0.0000   0.0000   0.3346
   8.000   1.4835   0.01807   0.01149  -0.1368  0.4753  1.0000  -2.2800   0.0000   0.0000   0.0000   0.3294
   8.500   1.5184   0.01899   0.01242  -0.1336  0.4476  1.0000  -2.4244   0.0000   0.0000   0.0000   0.3244
   9.000   1.5450   0.02008   0.01348  -0.1291  0.4186  1.0000  -2.5905   0.0000   0.0000   0.0000   0.3191
   9.500   1.5684   0.02144   0.01483  -0.1244  0.3920  1.0000  -2.7815   0.0000   0.0000   0.0000   0.3140
  10.000   1.5876   0.02311   0.01651  -0.1195  0.3655  1.0000  -2.9920   0.0000   0.0000   0.0000   0.3091
  10.500   1.6011   0.02519   0.01857  -0.1145  0.3377  1.0000  -3.2160   0.0000   0.0000   0.0000   0.3044
  11.000   1.6135   0.02763   0.02100  -0.1098  0.3117  1.0000  -3.4401   0.0000   0.0000   0.0000   0.3000
  11.500   1.6247   0.03038   0.02379  -0.1056  0.2871  1.0000  -3.6636   0.0000   0.0000   0.0000   0.2960
  12.000   1.6317   0.03361   0.02706  -0.1014  0.2625  1.0000  -3.8760   0.0000   0.0000   0.0000   0.2921
  12.500   1.6351   0.03734   0.03082  -0.0975  0.2379  1.0000  -4.0840   0.0000   0.0000   0.0000   0.2886
  13.000   1.6352   0.04155   0.03506  -0.0938  0.2138  1.0000  -4.2817   0.0000   0.0000   0.0000   0.2853
  13.500   1.6335   0.04627   0.03980  -0.0906  0.1909  1.0000  -4.4727   0.0000   0.0000   0.0000   0.2823
  14.000   1.6310   0.05140   0.04500  -0.0880  0.1694  1.0000  -4.6595   0.0000   0.0000   0.0000   0.2797
  14.500   1.6265   0.05705   0.05070  -0.0857  0.1502  1.0000  -4.8372   0.0000   0.0000   0.0000   0.2773
  15.000   1.6198   0.06322   0.05697  -0.0839  0.1331  1.0000  -5.0033   0.0000   0.0000   0.0000   0.2753


