xflr5 v6.59

 Calculated polar for: revR_100_revT

 1 1 Reynolds number fixed          Mach number fixed         

 xtrf =   1.000 (top)        1.000 (bottom)
 Mach =   0.000     Re =     0.270 e 6     Ncrit =   9.000

  alpha     CL        CD       CDp       Cm    Top Xtr Bot Xtr   Cpmin    Chinge    XCp    
 ------- -------- --------- --------- -------- ------- ------- -------- --------- ---------
  -5.000   0.1354   0.01671   0.00972  -0.1551  0.8056  0.0549  -2.2812   0.0000   0.0000   0.0000   1.4243
  -4.500   0.1919   0.01553   0.00847  -0.1555  0.7983  0.0646  -2.0408   0.0000   0.0000   0.0000   1.0787
  -4.000   0.2495   0.01479   0.00764  -0.1560  0.7914  0.0848  -1.8066   0.0000   0.0000   0.0000   0.8878
  -3.500   0.3038   0.01404   0.00699  -0.1562  0.7830  0.1193  -1.5776   0.0000   0.0000   0.0000   0.7728
  -3.000   0.3610   0.01350   0.00662  -0.1567  0.7745  0.1785  -1.3365   0.0000   0.0000   0.0000   0.6901
  -2.500   0.4202   0.01311   0.00633  -0.1574  0.7675  0.2499  -1.0976   0.0000   0.0000   0.0000   0.6288
  -2.000   0.4755   0.01295   0.00637  -0.1576  0.7592  0.3266  -0.8829   0.0000   0.0000   0.0000   0.5842
  -1.500   0.5320   0.01260   0.00629  -0.1579  0.7499  0.4214  -0.8429   0.0000   0.0000   0.0000   0.5483
  -1.000   0.5908   0.01225   0.00612  -0.1583  0.7419  0.5235  -0.8852   0.0000   0.0000   0.0000   0.5183
  -0.500   0.6438   0.01209   0.00635  -0.1576  0.7324  0.6519  -0.9280   0.0000   0.0000   0.0000   0.4943
   0.000   0.6957   0.01195   0.00643  -0.1563  0.7226  0.7546  -0.9708   0.0000   0.0000   0.0000   0.4733
   0.500   0.7470   0.01183   0.00635  -0.1545  0.7141  0.8324  -1.0141   0.0000   0.0000   0.0000   0.4547
   1.000   0.7859   0.01169   0.00635  -0.1503  0.7024  0.9112  -1.0528   0.0000   0.0000   0.0000   0.4383
   1.500   0.8472   0.01149   0.00606  -0.1512  0.6922  1.0000  -1.1107   0.0000   0.0000   0.0000   0.4248
   2.000   0.9071   0.01170   0.00614  -0.1523  0.6818  1.0000  -1.1701   0.0000   0.0000   0.0000   0.4135
   2.500   0.9648   0.01169   0.00605  -0.1527  0.6681  1.0000  -1.2333   0.0000   0.0000   0.0000   0.4033
   3.000   1.0225   0.01183   0.00608  -0.1531  0.6558  1.0000  -1.3028   0.0000   0.0000   0.0000   0.3941
   3.500   1.0782   0.01190   0.00610  -0.1532  0.6413  1.0000  -1.3717   0.0000   0.0000   0.0000   0.3857
   4.000   1.1330   0.01209   0.00626  -0.1531  0.6262  1.0000  -1.4404   0.0000   0.0000   0.0000   0.3781
   4.500   1.1885   0.01224   0.00627  -0.1530  0.6090  1.0000  -1.5202   0.0000   0.0000   0.0000   0.3710
   5.000   1.2395   0.01250   0.00658  -0.1523  0.5911  1.0000  -1.6004   0.0000   0.0000   0.0000   0.3644
   5.500   1.2906   0.01287   0.00694  -0.1516  0.5726  1.0000  -1.6899   0.0000   0.0000   0.0000   0.3583
   6.000   1.3398   0.01326   0.00728  -0.1506  0.5504  1.0000  -1.7888   0.0000   0.0000   0.0000   0.3524
   6.500   1.3872   0.01376   0.00774  -0.1492  0.5278  1.0000  -1.9017   0.0000   0.0000   0.0000   0.3469
   7.000   1.4317   0.01438   0.00830  -0.1475  0.5038  1.0000  -2.0221   0.0000   0.0000   0.0000   0.3415
   7.500   1.4721   0.01510   0.00899  -0.1451  0.4771  1.0000  -2.1433   0.0000   0.0000   0.0000   0.3363
   8.000   1.5095   0.01595   0.00982  -0.1423  0.4516  1.0000  -2.2860   0.0000   0.0000   0.0000   0.3312
   8.500   1.5383   0.01695   0.01079  -0.1380  0.4232  1.0000  -2.4212   0.0000   0.0000   0.0000   0.3258
   9.000   1.5643   0.01819   0.01200  -0.1337  0.3969  1.0000  -2.5639   0.0000   0.0000   0.0000   0.3207
   9.500   1.5875   0.01968   0.01350  -0.1293  0.3719  1.0000  -2.7360   0.0000   0.0000   0.0000   0.3158
  10.000   1.6060   0.02155   0.01535  -0.1247  0.3446  1.0000  -2.9230   0.0000   0.0000   0.0000   0.3111
  10.500   1.6222   0.02377   0.01755  -0.1203  0.3181  1.0000  -3.1342   0.0000   0.0000   0.0000   0.3067
  11.000   1.6377   0.02625   0.02004  -0.1163  0.2943  1.0000  -3.3487   0.0000   0.0000   0.0000   0.3026
  11.500   1.6499   0.02913   0.02293  -0.1124  0.2699  1.0000  -3.5568   0.0000   0.0000   0.0000   0.2987
  12.000   1.6594   0.03235   0.02617  -0.1085  0.2467  1.0000  -3.7593   0.0000   0.0000   0.0000   0.2950
  12.500   1.6656   0.03602   0.02984  -0.1049  0.2229  1.0000  -3.9726   0.0000   0.0000   0.0000   0.2915
  13.000   1.6685   0.04015   0.03397  -0.1014  0.1994  1.0000  -4.1774   0.0000   0.0000   0.0000   0.2883
  13.500   1.6701   0.04469   0.03853  -0.0984  0.1779  1.0000  -4.3782   0.0000   0.0000   0.0000   0.2853
  14.000   1.6690   0.04976   0.04362  -0.0956  0.1575  1.0000  -4.5826   0.0000   0.0000   0.0000   0.2826
  14.500   1.6630   0.05557   0.04942  -0.0932  0.1387  1.0000  -4.7667   0.0000   0.0000   0.0000   0.2802
  15.000   1.6616   0.06123   0.05516  -0.0914  0.1225  1.0000  -4.9707   0.0000   0.0000   0.0000   0.2781


