xflr5 v6.59

 Calculated polar for: revR_60_revT

 1 1 Reynolds number fixed          Mach number fixed         

 xtrf =   1.000 (top)        1.000 (bottom)
 Mach =   0.000     Re =     0.070 e 6     Ncrit =   9.000

  alpha     CL        CD       CDp       Cm    Top Xtr Bot Xtr   Cpmin    Chinge    XCp    
 ------- -------- --------- --------- -------- ------- ------- -------- --------- ---------
  -5.000  -0.4164   0.06408   0.05900  -0.0486  0.9822  0.1629  -2.0814   0.0000   0.0000   0.0000   0.1269
  -4.500  -0.3134   0.04175   0.03433  -0.0744  0.9747  0.1159  -2.4250   0.0000   0.0000   0.0000   0.0033
  -4.000  -0.2272   0.03732   0.02862  -0.0825  0.9638  0.1284  -2.2467   0.0000   0.0000   0.0000  -0.1247
  -3.500  -0.1483   0.03378   0.02456  -0.0882  0.9520  0.1483  -2.0104   0.0000   0.0000   0.0000  -0.3614
  -3.000  -0.0728   0.03223   0.02292  -0.0930  0.9397  0.1967  -1.7469   0.0000   0.0000   0.0000  -1.0574
  -2.500   0.0026   0.03105   0.02208  -0.0976  0.9266  0.2962  -1.5210   0.0000   0.0000   0.0000  37.8399
  -2.000   0.0653   0.03045   0.02224  -0.0998  0.9122  0.4574  -1.3013   0.0000   0.0000   0.0000   1.8012
  -1.500   0.1294   0.03044   0.02322  -0.0996  0.8992  0.7016  -1.0690   0.0000   0.0000   0.0000   1.0288
  -1.000   0.1356   0.03059   0.02374  -0.0880  0.8812  0.8803  -0.9565   0.0000   0.0000   0.0000   0.9064
  -0.500   0.2028   0.03130   0.02395  -0.0923  0.8622  1.0000  -0.7410   0.0000   0.0000   0.0000   0.7079
   0.000   0.2884   0.03248   0.02459  -0.0989  0.8470  1.0000  -0.6081   0.0000   0.0000   0.0000   0.5934
   0.500   0.3461   0.03367   0.02544  -0.1008  0.8278  1.0000  -0.6505   0.0000   0.0000   0.0000   0.5407
   1.000   0.3974   0.03505   0.02657  -0.1016  0.8073  1.0000  -0.6888   0.0000   0.0000   0.0000   0.5042
   1.500   0.4518   0.03643   0.02775  -0.1026  0.7871  1.0000  -0.7340   0.0000   0.0000   0.0000   0.4747
   2.000   0.5109   0.03765   0.02881  -0.1038  0.7679  1.0000  -0.7879   0.0000   0.0000   0.0000   0.4501
   2.500   0.5922   0.03791   0.02897  -0.1070  0.7529  1.0000  -0.8623   0.0000   0.0000   0.0000   0.4269
   3.000   0.6369   0.03927   0.03028  -0.1061  0.7306  1.0000  -0.9112   0.0000   0.0000   0.0000   0.4122
   3.500   0.6847   0.04046   0.03146  -0.1053  0.7082  1.0000  -0.9662   0.0000   0.0000   0.0000   0.3988
   4.000   0.7312   0.04175   0.03276  -0.1044  0.6860  1.0000  -1.0234   0.0000   0.0000   0.0000   0.3871
   5.000   0.8845   0.03965   0.03081  -0.1054  0.6559  1.0000  -1.2302   0.0000   0.0000   0.0000   0.3624
   5.500   0.9321   0.04007   0.03135  -0.1035  0.6333  1.0000  -1.3150   0.0000   0.0000   0.0000   0.3537
   6.000   0.9808   0.04030   0.03173  -0.1015  0.6108  1.0000  -1.4195   0.0000   0.0000   0.0000   0.3455
   6.500   1.0344   0.03999   0.03158  -0.0995  0.5886  1.0000  -1.5370   0.0000   0.0000   0.0000   0.3376
   7.000   1.0957   0.03891   0.03068  -0.0979  0.5668  1.0000  -1.6999   0.0000   0.0000   0.0000   0.3301
   7.500   1.1673   0.03696   0.02893  -0.0969  0.5443  1.0000  -1.9008   0.0000   0.0000   0.0000   0.3230
   8.000   1.2462   0.03458   0.02668  -0.0967  0.5183  1.0000  -2.1866   0.0000   0.0000   0.0000   0.3168
   8.500   1.3304   0.03234   0.02441  -0.0973  0.4875  1.0000  -2.5991   0.0000   0.0000   0.0000   0.3116
   9.000   1.3587   0.03352   0.02580  -0.0929  0.4509  1.0000  -2.8553   0.0000   0.0000   0.0000   0.3061
   9.500   1.4153   0.03341   0.02555  -0.0914  0.4131  1.0000  -3.2331   0.0000   0.0000   0.0000   0.3014
  10.000   1.4405   0.03477   0.02701  -0.0866  0.3739  1.0000  -3.5064   0.0000   0.0000   0.0000   0.2961
  10.500   1.4633   0.03632   0.02860  -0.0817  0.3344  1.0000  -3.7784   0.0000   0.0000   0.0000   0.2910
  11.000   1.4863   0.03801   0.03004  -0.0770  0.2943  1.0000  -4.0569   0.0000   0.0000   0.0000   0.2860
  11.500   1.4807   0.04112   0.03332  -0.0698  0.2611  1.0000  -4.2159   0.0000   0.0000   0.0000   0.2805
  12.000   1.4845   0.04410   0.03610  -0.0644  0.2266  1.0000  -4.4238   0.0000   0.0000   0.0000   0.2758
  12.500   1.4791   0.04836   0.04038  -0.0592  0.1972  1.0000  -4.5767   0.0000   0.0000   0.0000   0.2715
  13.000   1.4699   0.05321   0.04534  -0.0547  0.1719  1.0000  -4.7058   0.0000   0.0000   0.0000   0.2678
  13.500   1.4674   0.05855   0.05077  -0.0512  0.1498  1.0000  -4.8424   0.0000   0.0000   0.0000   0.2645
  14.000   1.4670   0.06416   0.05641  -0.0482  0.1306  1.0000  -4.9801   0.0000   0.0000   0.0000   0.2616
  14.500   1.4492   0.07082   0.06347  -0.0460  0.1176  1.0000  -5.0467   0.0000   0.0000   0.0000   0.2594
  15.000   1.4360   0.07921   0.07221  -0.0443  0.1080  1.0000  -5.0866   0.0000   0.0000   0.0000   0.2576


