xflr5 v6.59

 Calculated polar for: revR_0_revT

 1 1 Reynolds number fixed          Mach number fixed         

 xtrf =   1.000 (top)        1.000 (bottom)
 Mach =   0.000     Re =     0.100 e 6     Ncrit =   9.000

  alpha     CL        CD       CDp       Cm    Top Xtr Bot Xtr   Cpmin    Chinge    XCp    
 ------- -------- --------- --------- -------- ------- ------- -------- --------- ---------
  -5.000  -0.5034   0.02550   0.01681  -0.0243  1.0000  0.0885  -3.1355   0.0000   0.0000   0.0000   0.1963
  -4.500  -0.4643   0.02347   0.01441  -0.0217  1.0000  0.1008  -2.9294   0.0000   0.0000   0.0000   0.1979
  -4.000  -0.3959   0.02152   0.01251  -0.0250  0.9911  0.1303  -2.5876   0.0000   0.0000   0.0000   0.1814
  -3.500  -0.3199   0.01986   0.01132  -0.0301  0.9778  0.2068  -2.1941   0.0000   0.0000   0.0000   0.1503
  -3.000  -0.2516   0.01804   0.01070  -0.0337  0.9630  0.4034  -1.8249   0.0000   0.0000   0.0000   0.1101
  -2.500  -0.1966   0.01733   0.01124  -0.0324  0.9462  0.6944  -1.4778   0.0000   0.0000   0.0000   0.0787
  -2.000  -0.1423   0.01772   0.01177  -0.0296  0.9283  0.8326  -1.1455   0.0000   0.0000   0.0000   0.0350
  -1.500  -0.0482   0.01825   0.01212  -0.0339  0.9158  0.9270  -0.8470   0.0000   0.0000   0.0000  -0.4673
  -1.000   0.1270   0.01852   0.01197  -0.0554  0.9098  0.9734  -0.4849   0.0000   0.0000   0.0000   0.6887
  -0.500   0.3009   0.01759   0.01076  -0.0781  0.9048  1.0000  -0.5675   0.0000   0.0000   0.0000   0.5096
   0.000   0.3630   0.01716   0.01021  -0.0803  0.8808  1.0000  -0.6206   0.0000   0.0000   0.0000   0.4702
   0.500   0.4193   0.01673   0.00968  -0.0805  0.8569  1.0000  -0.6745   0.0000   0.0000   0.0000   0.4405
   1.000   0.4556   0.01668   0.00956  -0.0770  0.8290  1.0000  -0.7196   0.0000   0.0000   0.0000   0.4170
   1.500   0.4918   0.01665   0.00947  -0.0730  0.8018  1.0000  -0.7682   0.0000   0.0000   0.0000   0.3961
   2.000   0.5321   0.01656   0.00930  -0.0694  0.7762  1.0000  -0.8254   0.0000   0.0000   0.0000   0.3775
   2.500   0.5716   0.01656   0.00925  -0.0656  0.7486  1.0000  -0.8891   0.0000   0.0000   0.0000   0.3613
   3.000   0.6129   0.01662   0.00926  -0.0620  0.7194  1.0000  -0.9667   0.0000   0.0000   0.0000   0.3474
   3.500   0.6580   0.01669   0.00930  -0.0591  0.6897  1.0000  -1.0632   0.0000   0.0000   0.0000   0.3356
   4.000   0.7057   0.01674   0.00931  -0.0565  0.6580  1.0000  -1.1866   0.0000   0.0000   0.0000   0.3255
   4.500   0.7547   0.01682   0.00935  -0.0542  0.6245  1.0000  -1.3529   0.0000   0.0000   0.0000   0.3168
   5.000   0.8024   0.01706   0.00955  -0.0519  0.5875  1.0000  -1.6324   0.0000   0.0000   0.0000   0.3091
   5.500   0.8498   0.01737   0.00983  -0.0495  0.5473  1.0000  -1.9588   0.0000   0.0000   0.0000   0.3022
   6.000   0.8948   0.01783   0.01023  -0.0469  0.5028  1.0000  -2.2926   0.0000   0.0000   0.0000   0.2958
   6.500   0.9381   0.01845   0.01079  -0.0442  0.4565  1.0000  -2.6343   0.0000   0.0000   0.0000   0.2899
   7.000   0.9784   0.01918   0.01146  -0.0411  0.4066  1.0000  -2.9779   0.0000   0.0000   0.0000   0.2842
   7.500   1.0140   0.02010   0.01231  -0.0375  0.3521  1.0000  -3.3126   0.0000   0.0000   0.0000   0.2786
   8.000   1.0443   0.02132   0.01341  -0.0334  0.2934  1.0000  -3.6317   0.0000   0.0000   0.0000   0.2730
   8.500   1.0660   0.02307   0.01495  -0.0284  0.2266  1.0000  -3.9108   0.0000   0.0000   0.0000   0.2669
   9.000   1.0811   0.02561   0.01713  -0.0229  0.1672  1.0000  -4.1445   0.0000   0.0000   0.0000   0.2608
   9.500   1.0966   0.02866   0.01984  -0.0178  0.1268  1.0000  -4.3579   0.0000   0.0000   0.0000   0.2552
  10.000   1.1096   0.03155   0.02272  -0.0126  0.0989  1.0000  -4.5586   0.0000   0.0000   0.0000   0.2497
  10.500   1.1244   0.03492   0.02614  -0.0084  0.0779  1.0000  -4.7352   0.0000   0.0000   0.0000   0.2451
  11.000   1.1470   0.03895   0.03029  -0.0053  0.0636  1.0000  -4.8908   0.0000   0.0000   0.0000   0.2416
  11.500   1.1902   0.04492   0.03634  -0.0050  0.0548  1.0000  -5.0659   0.0000   0.0000   0.0000   0.2405
  12.000   1.1976   0.05001   0.04208  -0.0008  0.0526  1.0000  -5.1112   0.0000   0.0000   0.0000   0.2363
  12.500   1.1895   0.05618   0.04890   0.0030  0.0514  1.0000  -5.1029   0.0000   0.0000   0.0000   0.2324
  13.000   1.1648   0.06348   0.05678   0.0056  0.0510  1.0000  -5.0364   0.0000   0.0000   0.0000   0.2293
  13.500   1.1266   0.07259   0.06643   0.0056  0.0512  1.0000  -4.9089   0.0000   0.0000   0.0000   0.2284
  14.000   1.0769   0.08450   0.07881   0.0016  0.0519  1.0000  -4.7088   0.0000   0.0000   0.0000   0.2309
  14.500   1.0170   0.10054   0.09519  -0.0072  0.0531  1.0000  -4.4098   0.0000   0.0000   0.0000   0.2387
  15.000   0.9550   0.12147   0.11634  -0.0200  0.0548  1.0000  -3.9849   0.0000   0.0000   0.0000   0.2521


