xflr5 v6.59

 Calculated polar for: revR_40_revT

 1 1 Reynolds number fixed          Mach number fixed         

 xtrf =   1.000 (top)        1.000 (bottom)
 Mach =   0.000     Re =     0.060 e 6     Ncrit =   9.000

  alpha     CL        CD       CDp       Cm    Top Xtr Bot Xtr   Cpmin    Chinge    XCp    
 ------- -------- --------- --------- -------- ------- ------- -------- --------- ---------
  -5.000  -0.4415   0.04430   0.03695  -0.0504  1.0000  0.1259  -2.5834   0.0000   0.0000   0.0000   0.1296
  -4.500  -0.3942   0.03904   0.03105  -0.0525  1.0000  0.1329  -2.4724   0.0000   0.0000   0.0000   0.1104
  -4.000  -0.3384   0.03438   0.02529  -0.0548  1.0000  0.1418  -2.3607   0.0000   0.0000   0.0000   0.0812
  -3.500  -0.2879   0.03176   0.02227  -0.0557  1.0000  0.1653  -2.1670   0.0000   0.0000   0.0000   0.0490
  -3.000  -0.2372   0.02972   0.02013  -0.0565  1.0000  0.2025  -1.9652   0.0000   0.0000   0.0000   0.0041
  -2.500  -0.1491   0.02826   0.01899  -0.0635  0.9889  0.3160  -1.6591   0.0000   0.0000   0.0000  -0.1865
  -1.500  -0.0392   0.02743   0.02038  -0.0600  0.9582  0.8230  -1.2047   0.0000   0.0000   0.0000  -1.3108
  -1.000   0.0270   0.02787   0.02041  -0.0631  0.9376  1.0000  -0.9817   0.0000   0.0000   0.0000   2.6170
  -0.500   0.1139   0.02937   0.02122  -0.0716  0.9178  1.0000  -0.7363   0.0000   0.0000   0.0000   0.8832
   0.000   0.1947   0.03085   0.02221  -0.0782  0.8978  1.0000  -0.5312   0.0000   0.0000   0.0000   0.6522
   0.500   0.2576   0.03218   0.02321  -0.0813  0.8756  1.0000  -0.5750   0.0000   0.0000   0.0000   0.5650
   1.000   0.3195   0.03359   0.02438  -0.0840  0.8529  1.0000  -0.6205   0.0000   0.0000   0.0000   0.5113
   1.500   0.3814   0.03499   0.02559  -0.0863  0.8295  1.0000  -0.6711   0.0000   0.0000   0.0000   0.4738
   2.000   0.4412   0.03639   0.02688  -0.0880  0.8060  1.0000  -0.7252   0.0000   0.0000   0.0000   0.4465
   3.000   0.5586   0.03898   0.02937  -0.0902  0.7581  1.0000  -0.8396   0.0000   0.0000   0.0000   0.4073
   3.500   0.6169   0.04007   0.03048  -0.0907  0.7340  1.0000  -0.9068   0.0000   0.0000   0.0000   0.3923
   4.000   0.6744   0.04102   0.03149  -0.0907  0.7098  1.0000  -0.9777   0.0000   0.0000   0.0000   0.3793
   4.500   0.7321   0.04171   0.03228  -0.0903  0.6856  1.0000  -1.0591   0.0000   0.0000   0.0000   0.3676
   5.000   0.7919   0.04194   0.03265  -0.0895  0.6615  1.0000  -1.1550   0.0000   0.0000   0.0000   0.3568
   5.500   0.8525   0.04180   0.03267  -0.0883  0.6378  1.0000  -1.2692   0.0000   0.0000   0.0000   0.3468
   6.000   0.9141   0.04126   0.03233  -0.0867  0.6142  1.0000  -1.4067   0.0000   0.0000   0.0000   0.3375
   6.500   0.9819   0.03977   0.03108  -0.0849  0.5900  1.0000  -1.5876   0.0000   0.0000   0.0000   0.3286
   7.000   1.0592   0.03739   0.02892  -0.0835  0.5652  1.0000  -1.8417   0.0000   0.0000   0.0000   0.3203
   7.500   1.0959   0.03836   0.03014  -0.0801  0.5312  1.0000  -2.1032   0.0000   0.0000   0.0000   0.3139
   8.000   1.1789   0.03539   0.02731  -0.0789  0.4978  1.0000  -2.5479   0.0000   0.0000   0.0000   0.3071
   8.500   1.2309   0.03512   0.02715  -0.0762  0.4576  1.0000  -2.8974   0.0000   0.0000   0.0000   0.3012
   9.000   1.2830   0.03488   0.02690  -0.0733  0.4129  1.0000  -3.2621   0.0000   0.0000   0.0000   0.2957
   9.500   1.3217   0.03553   0.02755  -0.0695  0.3646  1.0000  -3.5866   0.0000   0.0000   0.0000   0.2903
  10.000   1.3491   0.03694   0.02885  -0.0648  0.3147  1.0000  -3.8820   0.0000   0.0000   0.0000   0.2849
  10.500   1.3669   0.03922   0.03098  -0.0594  0.2664  1.0000  -4.1323   0.0000   0.0000   0.0000   0.2796
  11.000   1.3746   0.04223   0.03385  -0.0535  0.2237  1.0000  -4.3323   0.0000   0.0000   0.0000   0.2742
  11.500   1.3861   0.04576   0.03702  -0.0486  0.1856  1.0000  -4.5384   0.0000   0.0000   0.0000   0.2695
  12.000   1.3847   0.05050   0.04198  -0.0434  0.1595  1.0000  -4.6550   0.0000   0.0000   0.0000   0.2649
  12.500   1.3904   0.05597   0.04769  -0.0395  0.1378  1.0000  -4.7757   0.0000   0.0000   0.0000   0.2612
  13.000   1.3965   0.06174   0.05347  -0.0363  0.1192  1.0000  -4.9013   0.0000   0.0000   0.0000   0.2580
  13.500   1.3630   0.06981   0.06230  -0.0327  0.1143  1.0000  -4.8284   0.0000   0.0000   0.0000   0.2551
  14.000   1.3201   0.07998   0.07308  -0.0316  0.1109  1.0000  -4.7124   0.0000   0.0000   0.0000   0.2542
  14.500   1.2482   0.09515   0.08882  -0.0351  0.1128  1.0000  -4.4542   0.0000   0.0000   0.0000   0.2575
  15.000   1.1521   0.11851   0.11242  -0.0464  0.1180  1.0000  -4.0092   0.0000   0.0000   0.0000   0.2690


