xflr5 v6.59

 Calculated polar for: revR_25_revT

 1 1 Reynolds number fixed          Mach number fixed         

 xtrf =   1.000 (top)        1.000 (bottom)
 Mach =   0.000     Re =     0.030 e 6     Ncrit =   9.000

  alpha     CL        CD       CDp       Cm    Top Xtr Bot Xtr   Cpmin    Chinge    XCp    
 ------- -------- --------- --------- -------- ------- ------- -------- --------- ---------
  -5.000  -0.4563   0.05429   0.04561  -0.0354  1.0000  0.2391  -2.1786   0.0000   0.0000   0.0000   0.1675
  -4.500  -0.4180   0.04627   0.03678  -0.0393  1.0000  0.2472  -2.1676   0.0000   0.0000   0.0000   0.1510
  -4.000  -0.3727   0.04086   0.03083  -0.0405  1.0000  0.2748  -2.0674   0.0000   0.0000   0.0000   0.1361
  -3.500  -0.3222   0.03652   0.02593  -0.0413  1.0000  0.3231  -1.9308   0.0000   0.0000   0.0000   0.1165
  -3.000  -0.2749   0.03349   0.02296  -0.0398  1.0000  0.4189  -1.7703   0.0000   0.0000   0.0000   0.0997
  -2.500  -0.2392   0.03128   0.02149  -0.0336  1.0000  0.5821  -1.6070   0.0000   0.0000   0.0000   0.1039
  -2.000  -0.2413   0.03016   0.02131  -0.0162  1.0000  0.7853  -1.5011   0.0000   0.0000   0.0000   0.1778
  -1.500  -0.1601   0.02797   0.01811  -0.0262  1.0000  1.0000  -1.2588   0.0000   0.0000   0.0000   0.0798
  -1.000  -0.1148   0.02857   0.01776  -0.0292  1.0000  1.0000  -1.0885   0.0000   0.0000   0.0000  -0.0112
  -0.500  -0.0709   0.02960   0.01807  -0.0310  1.0000  1.0000  -0.9187   0.0000   0.0000   0.0000  -0.1946
   0.000  -0.0285   0.03089   0.01880  -0.0324  1.0000  1.0000  -0.7554   0.0000   0.0000   0.0000  -0.8964
   0.500   0.0125   0.03243   0.01990  -0.0337  1.0000  1.0000  -0.6125   0.0000   0.0000   0.0000   2.9533
   1.000   0.0520   0.03421   0.02133  -0.0349  1.0000  1.0000  -0.4981   0.0000   0.0000   0.0000   0.9176
   1.500   0.0901   0.03624   0.02308  -0.0361  1.0000  1.0000  -0.4687   0.0000   0.0000   0.0000   0.6465
   2.000   0.1266   0.03853   0.02516  -0.0374  1.0000  1.0000  -0.4930   0.0000   0.0000   0.0000   0.5401
   2.500   0.1616   0.04107   0.02756  -0.0387  1.0000  1.0000  -0.5188   0.0000   0.0000   0.0000   0.4838
   3.000   0.1951   0.04389   0.03028  -0.0401  1.0000  1.0000  -0.5424   0.0000   0.0000   0.0000   0.4494
   3.500   0.2271   0.04699   0.03333  -0.0416  1.0000  1.0000  -0.5673   0.0000   0.0000   0.0000   0.4266
   4.000   0.3160   0.05281   0.03917  -0.0540  0.9594  1.0000  -0.6348   0.0000   0.0000   0.0000   0.4143
   4.500   0.3943   0.05833   0.04478  -0.0632  0.9174  1.0000  -0.7013   0.0000   0.0000   0.0000   0.4039
   5.000   0.4366   0.06257   0.04915  -0.0663  0.8856  1.0000  -0.7437   0.0000   0.0000   0.0000   0.3951
   5.500   0.4981   0.06782   0.05457  -0.0717  0.8452  1.0000  -0.8122   0.0000   0.0000   0.0000   0.3869
   6.000   0.5291   0.07249   0.05942  -0.0731  0.8178  1.0000  -0.8560   0.0000   0.0000   0.0000   0.3807
   6.500   0.5717   0.07759   0.06474  -0.0756  0.7823  1.0000  -0.9177   0.0000   0.0000   0.0000   0.3744
   7.000   0.5648   0.08384   0.07114  -0.0760  0.8065  1.0000  -0.9142   0.0000   0.0000   0.0000   0.3760
   7.500   0.6338   0.08898   0.07658  -0.0786  0.7264  1.0000  -1.0358   0.0000   0.0000   0.0000   0.3653
   8.000   0.6427   0.09612   0.08393  -0.0802  0.7275  1.0000  -1.0642   0.0000   0.0000   0.0000   0.3656
  12.500   0.7823   0.16540   0.15524  -0.0920  0.5395  1.0000  -1.6183   0.0000   0.0000   0.0000   0.3540
  13.000   0.7775   0.16867   0.15859  -0.0914  0.5067  1.0000  -1.6250   0.0000   0.0000   0.0000   0.3533
  13.500   0.7960   0.17655   0.16664  -0.0927  0.4761  1.0000  -1.6823   0.0000   0.0000   0.0000   0.3516
  14.000   0.8066   0.18397   0.17423  -0.0945  0.4564  1.0000  -1.7029   0.0000   0.0000   0.0000   0.3518
  14.500   0.8482   0.19797   0.18845  -0.0958  0.4210  1.0000  -1.8013   0.0000   0.0000   0.0000   0.3472
  15.000   0.8471   0.20107   0.19160  -0.0975  0.4013  1.0000  -1.7760   0.0000   0.0000   0.0000   0.3485


