xflr5 v6.59

 Calculated polar for: revR_60_revT

 1 1 Reynolds number fixed          Mach number fixed         

 xtrf =   1.000 (top)        1.000 (bottom)
 Mach =   0.000     Re =     0.300 e 6     Ncrit =   9.000

  alpha     CL        CD       CDp       Cm    Top Xtr Bot Xtr   Cpmin    Chinge    XCp    
 ------- -------- --------- --------- -------- ------- ------- -------- --------- ---------
  -5.000  -0.0226   0.01433   0.00749  -0.1193  0.8361  0.0578  -2.3474   0.0000   0.0000   0.0000  -5.1623
  -4.500   0.0318   0.01314   0.00616  -0.1191  0.8273  0.0729  -2.0406   0.0000   0.0000   0.0000   4.0774
  -4.000   0.0861   0.01250   0.00555  -0.1190  0.8172  0.1038  -1.7583   0.0000   0.0000   0.0000   1.6596
  -3.500   0.1413   0.01180   0.00499  -0.1191  0.8069  0.1607  -1.5170   0.0000   0.0000   0.0000   1.1066
  -3.000   0.1968   0.01136   0.00476  -0.1192  0.7978  0.2385  -1.2744   0.0000   0.0000   0.0000   0.8640
  -2.500   0.2516   0.01091   0.00457  -0.1193  0.7870  0.3286  -1.0466   0.0000   0.0000   0.0000   0.7290
  -2.000   0.3077   0.01048   0.00440  -0.1193  0.7775  0.4388  -0.8324   0.0000   0.0000   0.0000   0.6407
  -1.500   0.3612   0.01009   0.00439  -0.1189  0.7657  0.5615  -0.6753   0.0000   0.0000   0.0000   0.5806
  -1.000   0.4146   0.00981   0.00443  -0.1178  0.7558  0.6900  -0.7169   0.0000   0.0000   0.0000   0.5346
  -0.500   0.4667   0.00979   0.00454  -0.1165  0.7444  0.7644  -0.7576   0.0000   0.0000   0.0000   0.4992
   0.000   0.5181   0.00970   0.00448  -0.1149  0.7323  0.8254  -0.8002   0.0000   0.0000   0.0000   0.4704
   0.500   0.5663   0.00967   0.00450  -0.1126  0.7197  0.8743  -0.8456   0.0000   0.0000   0.0000   0.4468
   1.000   0.6117   0.00950   0.00434  -0.1094  0.7073  0.9290  -0.8901   0.0000   0.0000   0.0000   0.4263
   1.500   0.6802   0.00939   0.00419  -0.1118  0.6926  1.0000  -0.9550   0.0000   0.0000   0.0000   0.4112
   2.000   0.7393   0.00949   0.00412  -0.1127  0.6779  1.0000  -1.0165   0.0000   0.0000   0.0000   0.3987
   2.500   0.7959   0.00958   0.00416  -0.1131  0.6613  1.0000  -1.0805   0.0000   0.0000   0.0000   0.3877
   3.000   0.8518   0.00971   0.00423  -0.1132  0.6426  1.0000  -1.1486   0.0000   0.0000   0.0000   0.3779
   3.500   0.9074   0.00990   0.00434  -0.1132  0.6239  1.0000  -1.2215   0.0000   0.0000   0.0000   0.3692
   4.000   0.9619   0.01013   0.00448  -0.1129  0.6026  1.0000  -1.3027   0.0000   0.0000   0.0000   0.3613
   4.500   1.0153   0.01041   0.00470  -0.1125  0.5791  1.0000  -1.3924   0.0000   0.0000   0.0000   0.3541
   5.000   1.0675   0.01076   0.00500  -0.1120  0.5536  1.0000  -1.4974   0.0000   0.0000   0.0000   0.3476
   5.500   1.1183   0.01119   0.00537  -0.1112  0.5253  1.0000  -1.6138   0.0000   0.0000   0.0000   0.3415
   6.000   1.1678   0.01171   0.00582  -0.1102  0.4959  1.0000  -1.7496   0.0000   0.0000   0.0000   0.3358
   6.500   1.2146   0.01237   0.00635  -0.1088  0.4634  1.0000  -1.9063   0.0000   0.0000   0.0000   0.3303
   7.000   1.2609   0.01303   0.00700  -0.1074  0.4311  1.0000  -2.0922   0.0000   0.0000   0.0000   0.3252
   7.500   1.3046   0.01382   0.00773  -0.1056  0.3985  1.0000  -2.3267   0.0000   0.0000   0.0000   0.3203
   8.000   1.3440   0.01480   0.00861  -0.1033  0.3613  1.0000  -2.6208   0.0000   0.0000   0.0000   0.3155
   8.500   1.3820   0.01582   0.00958  -0.1008  0.3284  1.0000  -2.9286   0.0000   0.0000   0.0000   0.3108
   9.000   1.4115   0.01711   0.01075  -0.0970  0.2952  1.0000  -3.2187   0.0000   0.0000   0.0000   0.3059
   9.500   1.4389   0.01851   0.01209  -0.0932  0.2585  1.0000  -3.5103   0.0000   0.0000   0.0000   0.3011
  10.000   1.4607   0.02034   0.01385  -0.0891  0.2265  1.0000  -3.7881   0.0000   0.0000   0.0000   0.2965
  10.500   1.4817   0.02239   0.01587  -0.0854  0.1947  1.0000  -4.0680   0.0000   0.0000   0.0000   0.2923
  11.000   1.4966   0.02506   0.01842  -0.0816  0.1613  1.0000  -4.3382   0.0000   0.0000   0.0000   0.2883
  11.500   1.5082   0.02818   0.02145  -0.0780  0.1314  1.0000  -4.5983   0.0000   0.0000   0.0000   0.2846
  12.000   1.5184   0.03159   0.02482  -0.0747  0.1060  1.0000  -4.8549   0.0000   0.0000   0.0000   0.2812
  12.500   1.5250   0.03549   0.02872  -0.0717  0.0860  1.0000  -5.0956   0.0000   0.0000   0.0000   0.2780
  13.000   1.5256   0.04013   0.03335  -0.0687  0.0703  1.0000  -5.3054   0.0000   0.0000   0.0000   0.2751
  13.500   1.5282   0.04480   0.03815  -0.0664  0.0588  1.0000  -5.5236   0.0000   0.0000   0.0000   0.2725
  14.000   1.5253   0.05034   0.04385  -0.0643  0.0499  1.0000  -5.7118   0.0000   0.0000   0.0000   0.2702
  14.500   1.5205   0.05647   0.05007  -0.0630  0.0429  1.0000  -5.8925   0.0000   0.0000   0.0000   0.2684
  15.000   1.5012   0.06461   0.05840  -0.0619  0.0372  1.0000  -5.9675   0.0000   0.0000   0.0000   0.2671


