xflr5 v6.59

 Calculated polar for: revR_40_revT

 1 1 Reynolds number fixed          Mach number fixed         

 xtrf =   1.000 (top)        1.000 (bottom)
 Mach =   0.000     Re =     0.315 e 6     Ncrit =   9.000

  alpha     CL        CD       CDp       Cm    Top Xtr Bot Xtr   Cpmin    Chinge    XCp    
 ------- -------- --------- --------- -------- ------- ------- -------- --------- ---------
  -5.000  -0.1038   0.01332   0.00649  -0.1007  0.8576  0.0592  -2.4369   0.0000   0.0000   0.0000  -0.7456
  -4.500  -0.0498   0.01261   0.00567  -0.1003  0.8468  0.0759  -2.0973   0.0000   0.0000   0.0000  -1.8129
  -4.000   0.0029   0.01162   0.00480  -0.0999  0.8343  0.1180  -1.7904   0.0000   0.0000   0.0000  35.0059
  -3.500   0.0574   0.01103   0.00440  -0.0998  0.8236  0.1879  -1.4809   0.0000   0.0000   0.0000   2.0192
  -3.000   0.1112   0.01047   0.00412  -0.0997  0.8115  0.2744  -1.2493   0.0000   0.0000   0.0000   1.1590
  -2.500   0.1661   0.01003   0.00390  -0.0996  0.8010  0.3749  -1.0283   0.0000   0.0000   0.0000   0.8560
  -2.000   0.2189   0.00946   0.00378  -0.0991  0.7877  0.5133  -0.8204   0.0000   0.0000   0.0000   0.7063
  -1.500   0.2720   0.00914   0.00379  -0.0982  0.7768  0.6438  -0.6280   0.0000   0.0000   0.0000   0.6126
  -1.000   0.3240   0.00899   0.00385  -0.0968  0.7637  0.7345  -0.6348   0.0000   0.0000   0.0000   0.5493
  -0.500   0.3763   0.00897   0.00387  -0.0953  0.7513  0.7953  -0.6753   0.0000   0.0000   0.0000   0.5029
   0.000   0.4269   0.00890   0.00384  -0.0935  0.7368  0.8412  -0.7192   0.0000   0.0000   0.0000   0.4678
   0.500   0.4755   0.00889   0.00385  -0.0912  0.7236  0.8838  -0.7649   0.0000   0.0000   0.0000   0.4400
   1.000   0.5234   0.00879   0.00370  -0.0887  0.7084  0.9268  -0.8126   0.0000   0.0000   0.0000   0.4170
   1.500   0.5878   0.00868   0.00359  -0.0900  0.6914  0.9743  -0.8770   0.0000   0.0000   0.0000   0.4001
   2.000   0.6560   0.00872   0.00353  -0.0929  0.6735  1.0000  -0.9457   0.0000   0.0000   0.0000   0.3880
   2.500   0.7113   0.00884   0.00354  -0.0930  0.6542  1.0000  -1.0087   0.0000   0.0000   0.0000   0.3767
   3.000   0.7664   0.00900   0.00359  -0.0930  0.6325  1.0000  -1.0818   0.0000   0.0000   0.0000   0.3667
   3.500   0.8211   0.00922   0.00372  -0.0928  0.6100  1.0000  -1.1587   0.0000   0.0000   0.0000   0.3579
   4.000   0.8748   0.00948   0.00391  -0.0924  0.5837  1.0000  -1.2477   0.0000   0.0000   0.0000   0.3500
   4.500   0.9276   0.00980   0.00417  -0.0919  0.5550  1.0000  -1.3500   0.0000   0.0000   0.0000   0.3429
   5.000   0.9795   0.01020   0.00449  -0.0913  0.5251  1.0000  -1.4704   0.0000   0.0000   0.0000   0.3364
   5.500   1.0298   0.01073   0.00488  -0.0904  0.4925  1.0000  -1.6178   0.0000   0.0000   0.0000   0.3304
   6.000   1.0797   0.01125   0.00537  -0.0895  0.4579  1.0000  -1.7985   0.0000   0.0000   0.0000   0.3250
   6.500   1.1271   0.01195   0.00593  -0.0883  0.4222  1.0000  -2.1028   0.0000   0.0000   0.0000   0.3198
   7.000   1.1739   0.01265   0.00658  -0.0870  0.3830  1.0000  -2.4223   0.0000   0.0000   0.0000   0.3149
   7.500   1.2186   0.01351   0.00735  -0.0855  0.3468  1.0000  -2.7557   0.0000   0.0000   0.0000   0.3103
   8.000   1.2592   0.01457   0.00824  -0.0834  0.3028  1.0000  -3.0960   0.0000   0.0000   0.0000   0.3057
   8.500   1.2967   0.01579   0.00928  -0.0810  0.2551  1.0000  -3.4374   0.0000   0.0000   0.0000   0.3012
   9.000   1.3310   0.01715   0.01050  -0.0783  0.2117  1.0000  -3.7767   0.0000   0.0000   0.0000   0.2968
   9.500   1.3600   0.01864   0.01188  -0.0748  0.1724  1.0000  -4.1039   0.0000   0.0000   0.0000   0.2922
  10.000   1.3828   0.02055   0.01362  -0.0708  0.1338  1.0000  -4.4124   0.0000   0.0000   0.0000   0.2877
  10.500   1.4009   0.02290   0.01582  -0.0669  0.1015  1.0000  -4.7038   0.0000   0.0000   0.0000   0.2834
  11.000   1.4174   0.02555   0.01841  -0.0633  0.0777  1.0000  -4.9869   0.0000   0.0000   0.0000   0.2795
  11.500   1.4314   0.02857   0.02147  -0.0600  0.0603  1.0000  -5.2566   0.0000   0.0000   0.0000   0.2759
  12.000   1.4459   0.03173   0.02472  -0.0572  0.0487  1.0000  -5.5233   0.0000   0.0000   0.0000   0.2727
  12.500   1.4494   0.03606   0.02917  -0.0542  0.0389  1.0000  -5.7142   0.0000   0.0000   0.0000   0.2696
  13.000   1.4525   0.04064   0.03386  -0.0518  0.0319  1.0000  -5.8979   0.0000   0.0000   0.0000   0.2669
  13.500   1.4325   0.04784   0.04130  -0.0491  0.0270  1.0000  -5.9083   0.0000   0.0000   0.0000   0.2645
  14.000   1.4346   0.05314   0.04684  -0.0478  0.0252  1.0000  -6.0646   0.0000   0.0000   0.0000   0.2626
  14.500   1.4316   0.05929   0.05323  -0.0470  0.0236  1.0000  -6.1887   0.0000   0.0000   0.0000   0.2610
  15.000   1.4271   0.06594   0.06010  -0.0468  0.0224  1.0000  -6.3121   0.0000   0.0000   0.0000   0.2599


