xflr5 v6.59

 Calculated polar for: revR_60_revT

 1 1 Reynolds number fixed          Mach number fixed         

 xtrf =   1.000 (top)        1.000 (bottom)
 Mach =   0.000     Re =     0.090 e 6     Ncrit =   9.000

  alpha     CL        CD       CDp       Cm    Top Xtr Bot Xtr   Cpmin    Chinge    XCp    
 ------- -------- --------- --------- -------- ------- ------- -------- --------- ---------
  -5.000  -0.2574   0.03796   0.03077  -0.0908  0.9371  0.0973  -2.5156   0.0000   0.0000   0.0000  -0.1151
  -4.500  -0.1807   0.03329   0.02497  -0.0964  0.9281  0.1038  -2.3457   0.0000   0.0000   0.0000  -0.2998
  -4.000  -0.1016   0.03036   0.02163  -0.1017  0.9195  0.1235  -2.0658   0.0000   0.0000   0.0000  -0.7774
  -3.500  -0.0416   0.02863   0.01970  -0.1033  0.9064  0.1558  -1.8297   0.0000   0.0000   0.0000  -2.2917
  -3.000   0.0473   0.02714   0.01857  -0.1098  0.8981  0.2438  -1.5462   0.0000   0.0000   0.0000   2.6165
  -2.500   0.0934   0.02654   0.01844  -0.1093  0.8825  0.3548  -1.3578   0.0000   0.0000   0.0000   1.4393
  -2.000   0.1751   0.02568   0.01846  -0.1134  0.8736  0.5577  -1.0849   0.0000   0.0000   0.0000   0.9054
  -1.500   0.2022   0.02609   0.01941  -0.1073  0.8559  0.7223  -0.9307   0.0000   0.0000   0.0000   0.7864
  -1.000   0.2275   0.02641   0.01992  -0.0992  0.8405  0.8635  -0.7812   0.0000   0.0000   0.0000   0.6894
  -0.500   0.3038   0.02616   0.01940  -0.1020  0.8274  1.0000  -0.6261   0.0000   0.0000   0.0000   0.5871
   0.000   0.3570   0.02714   0.02004  -0.1037  0.8092  1.0000  -0.6630   0.0000   0.0000   0.0000   0.5405
   0.500   0.4508   0.02691   0.01946  -0.1094  0.8010  1.0000  -0.7345   0.0000   0.0000   0.0000   0.4917
   1.000   0.4959   0.02788   0.02025  -0.1088  0.7804  1.0000  -0.7722   0.0000   0.0000   0.0000   0.4676
   1.500   0.5460   0.02878   0.02100  -0.1086  0.7612  1.0000  -0.8189   0.0000   0.0000   0.0000   0.4462
   2.000   0.6306   0.02790   0.01997  -0.1113  0.7529  1.0000  -0.8987   0.0000   0.0000   0.0000   0.4232
   2.500   0.6756   0.02883   0.02084  -0.1101  0.7321  1.0000  -0.9476   0.0000   0.0000   0.0000   0.4091
   3.500   0.7965   0.02859   0.02054  -0.1096  0.7000  1.0000  -1.0887   0.0000   0.0000   0.0000   0.3825
   4.000   0.8568   0.02824   0.02021  -0.1091  0.6830  1.0000  -1.1682   0.0000   0.0000   0.0000   0.3717
   4.500   0.9089   0.02831   0.02034  -0.1078  0.6624  1.0000  -1.2478   0.0000   0.0000   0.0000   0.3623
   5.000   0.9660   0.02801   0.02011  -0.1068  0.6432  1.0000  -1.3405   0.0000   0.0000   0.0000   0.3537
   5.500   1.0354   0.02682   0.01896  -0.1068  0.6269  1.0000  -1.4709   0.0000   0.0000   0.0000   0.3457
   6.000   1.1066   0.02548   0.01763  -0.1070  0.6080  1.0000  -1.6149   0.0000   0.0000   0.0000   0.3386
   6.500   1.1637   0.02510   0.01730  -0.1060  0.5832  1.0000  -1.7760   0.0000   0.0000   0.0000   0.3323
   7.000   1.2101   0.02537   0.01771  -0.1039  0.5540  1.0000  -1.9315   0.0000   0.0000   0.0000   0.3263
   7.500   1.2602   0.02547   0.01788  -0.1021  0.5233  1.0000  -2.1434   0.0000   0.0000   0.0000   0.3208
   8.000   1.3146   0.02544   0.01779  -0.1007  0.4910  1.0000  -2.4311   0.0000   0.0000   0.0000   0.3156
   8.500   1.3556   0.02615   0.01858  -0.0979  0.4553  1.0000  -2.7271   0.0000   0.0000   0.0000   0.3105
   9.000   1.3967   0.02695   0.01934  -0.0952  0.4193  1.0000  -3.0413   0.0000   0.0000   0.0000   0.3056
   9.500   1.4275   0.02821   0.02062  -0.0914  0.3818  1.0000  -3.3335   0.0000   0.0000   0.0000   0.3006
  10.000   1.4564   0.02951   0.02176  -0.0873  0.3435  1.0000  -3.6298   0.0000   0.0000   0.0000   0.2957
  10.500   1.4660   0.03147   0.02392  -0.0810  0.3077  1.0000  -3.8552   0.0000   0.0000   0.0000   0.2902
  11.000   1.4776   0.03370   0.02598  -0.0755  0.2726  1.0000  -4.0920   0.0000   0.0000   0.0000   0.2852
  11.500   1.4744   0.03680   0.02916  -0.0693  0.2393  1.0000  -4.2714   0.0000   0.0000   0.0000   0.2802
  12.000   1.4701   0.04045   0.03279  -0.0640  0.2078  1.0000  -4.4472   0.0000   0.0000   0.0000   0.2758
  12.500   1.4694   0.04460   0.03671  -0.0598  0.1778  1.0000  -4.6332   0.0000   0.0000   0.0000   0.2720
  13.000   1.4643   0.04949   0.04169  -0.0560  0.1531  1.0000  -4.7837   0.0000   0.0000   0.0000   0.2686
  13.500   1.4615   0.05468   0.04690  -0.0528  0.1313  1.0000  -4.9348   0.0000   0.0000   0.0000   0.2655
  14.500   1.4486   0.06663   0.05938  -0.0481  0.1005  1.0000  -5.1719   0.0000   0.0000   0.0000   0.2607
  15.000   1.4484   0.07287   0.06569  -0.0462  0.0884  1.0000  -5.3075   0.0000   0.0000   0.0000   0.2584


