xflr5 v6.59

 Calculated polar for: revR_25_revT

 1 1 Reynolds number fixed          Mach number fixed         

 xtrf =   1.000 (top)        1.000 (bottom)
 Mach =   0.000     Re =     0.145 e 6     Ncrit =   9.000

  alpha     CL        CD       CDp       Cm    Top Xtr Bot Xtr   Cpmin    Chinge    XCp    
 ------- -------- --------- --------- -------- ------- ------- -------- --------- ---------
  -5.000  -0.2274   0.02069   0.01273  -0.0818  0.9430  0.0830  -2.5348   0.0000   0.0000   0.0000  -0.1212
  -4.500  -0.1692   0.01894   0.01090  -0.0826  0.9293  0.1044  -2.2416   0.0000   0.0000   0.0000  -0.2517
  -4.000  -0.0903   0.01732   0.00952  -0.0875  0.9219  0.1689  -1.8607   0.0000   0.0000   0.0000  -0.7410
  -3.500  -0.0349   0.01615   0.00887  -0.0882  0.9070  0.2775  -1.5571   0.0000   0.0000   0.0000  -2.3282
  -3.000   0.0330   0.01496   0.00835  -0.0905  0.8974  0.4467  -1.2505   0.0000   0.0000   0.0000   3.0366
  -2.500   0.0793   0.01448   0.00853  -0.0881  0.8812  0.6231  -1.0531   0.0000   0.0000   0.0000   1.3756
  -2.000   0.1317   0.01440   0.00867  -0.0855  0.8694  0.7433  -0.8490   0.0000   0.0000   0.0000   0.9059
  -1.500   0.1755   0.01443   0.00872  -0.0811  0.8530  0.8205  -0.6692   0.0000   0.0000   0.0000   0.7157
  -1.000   0.2142   0.01451   0.00880  -0.0757  0.8369  0.8805  -0.5430   0.0000   0.0000   0.0000   0.6053
  -0.500   0.2726   0.01424   0.00838  -0.0738  0.8253  0.9354  -0.5896   0.0000   0.0000   0.0000   0.5209
   0.000   0.3672   0.01401   0.00801  -0.0809  0.8090  0.9791  -0.6565   0.0000   0.0000   0.0000   0.4694
   0.500   0.4544   0.01373   0.00756  -0.0873  0.7927  1.0000  -0.7256   0.0000   0.0000   0.0000   0.4406
   1.000   0.4970   0.01368   0.00736  -0.0850  0.7757  1.0000  -0.7718   0.0000   0.0000   0.0000   0.4189
   1.500   0.5401   0.01369   0.00725  -0.0827  0.7557  1.0000  -0.8219   0.0000   0.0000   0.0000   0.4004
   2.000   0.5886   0.01377   0.00723  -0.0813  0.7347  1.0000  -0.8783   0.0000   0.0000   0.0000   0.3849
   2.500   0.6407   0.01384   0.00722  -0.0803  0.7133  1.0000  -0.9434   0.0000   0.0000   0.0000   0.3717
   3.000   0.6942   0.01388   0.00719  -0.0794  0.6909  1.0000  -1.0157   0.0000   0.0000   0.0000   0.3603
   3.500   0.7479   0.01393   0.00719  -0.0786  0.6670  1.0000  -1.0978   0.0000   0.0000   0.0000   0.3505
   4.000   0.8016   0.01401   0.00722  -0.0777  0.6415  1.0000  -1.1979   0.0000   0.0000   0.0000   0.3418
   4.500   0.8551   0.01413   0.00727  -0.0768  0.6141  1.0000  -1.3118   0.0000   0.0000   0.0000   0.3342
   5.000   0.9068   0.01440   0.00750  -0.0757  0.5831  1.0000  -1.4572   0.0000   0.0000   0.0000   0.3273
   5.500   0.9571   0.01475   0.00783  -0.0744  0.5488  1.0000  -1.6472   0.0000   0.0000   0.0000   0.3210
   6.000   1.0070   0.01522   0.00822  -0.0731  0.5130  1.0000  -1.9644   0.0000   0.0000   0.0000   0.3153
   6.500   1.0541   0.01581   0.00875  -0.0715  0.4733  1.0000  -2.2880   0.0000   0.0000   0.0000   0.3098
   7.000   1.0996   0.01654   0.00950  -0.0697  0.4327  1.0000  -2.6196   0.0000   0.0000   0.0000   0.3048
   7.500   1.1421   0.01739   0.01028  -0.0676  0.3887  1.0000  -2.9552   0.0000   0.0000   0.0000   0.2999
   8.000   1.1821   0.01844   0.01125  -0.0652  0.3447  1.0000  -3.2919   0.0000   0.0000   0.0000   0.2953
   8.500   1.2177   0.01967   0.01240  -0.0624  0.2975  1.0000  -3.6264   0.0000   0.0000   0.0000   0.2906
   9.000   1.2479   0.02119   0.01383  -0.0590  0.2472  1.0000  -3.9575   0.0000   0.0000   0.0000   0.2860
   9.500   1.2697   0.02316   0.01570  -0.0548  0.1953  1.0000  -4.2564   0.0000   0.0000   0.0000   0.2811
  10.000   1.2819   0.02575   0.01810  -0.0497  0.1502  1.0000  -4.5079   0.0000   0.0000   0.0000   0.2760
  10.500   1.2883   0.02908   0.02125  -0.0449  0.1148  1.0000  -4.7243   0.0000   0.0000   0.0000   0.2713
  11.000   1.2971   0.03253   0.02470  -0.0413  0.0886  1.0000  -4.9448   0.0000   0.0000   0.0000   0.2674
  11.500   1.3019   0.03664   0.02885  -0.0379  0.0709  1.0000  -5.1294   0.0000   0.0000   0.0000   0.2639
  12.000   1.3008   0.04168   0.03388  -0.0346  0.0572  1.0000  -5.2582   0.0000   0.0000   0.0000   0.2606
  12.500   1.3103   0.04601   0.03852  -0.0323  0.0494  1.0000  -5.4005   0.0000   0.0000   0.0000   0.2577
  13.000   1.3138   0.05108   0.04379  -0.0302  0.0435  1.0000  -5.5226   0.0000   0.0000   0.0000   0.2552
  13.500   1.3195   0.05766   0.05065  -0.0266  0.0391  1.0000  -5.5475   0.0000   0.0000   0.0000   0.2516
  14.000   1.3191   0.06383   0.05726  -0.0254  0.0379  1.0000  -5.6176   0.0000   0.0000   0.0000   0.2498
  14.500   1.3073   0.07156   0.06546  -0.0250  0.0370  1.0000  -5.6247   0.0000   0.0000   0.0000   0.2487
  15.000   1.2842   0.08111   0.07549  -0.0262  0.0366  1.0000  -5.5690   0.0000   0.0000   0.0000   0.2491


