xflr5 v6.59

 Calculated polar for: revR_80_revT

 1 1 Reynolds number fixed          Mach number fixed         

 xtrf =   1.000 (top)        1.000 (bottom)
 Mach =   0.000     Re =     0.470 e 6     Ncrit =   9.000

  alpha     CL        CD       CDp       Cm    Top Xtr Bot Xtr   Cpmin    Chinge    XCp    
 ------- -------- --------- --------- -------- ------- ------- -------- --------- ---------
  -5.000   0.0587   0.01231   0.00586  -0.1358  0.7858  0.0435  -2.3245   0.0000   0.0000   0.0000   2.6186
  -4.500   0.1147   0.01124   0.00469  -0.1361  0.7782  0.0558  -2.0661   0.0000   0.0000   0.0000   1.4623
  -4.000   0.1717   0.01072   0.00413  -0.1365  0.7699  0.0768  -1.8040   0.0000   0.0000   0.0000   1.0597
  -3.500   0.2281   0.01018   0.00371  -0.1368  0.7617  0.1148  -1.5484   0.0000   0.0000   0.0000   0.8590
  -3.000   0.2852   0.00978   0.00344  -0.1371  0.7539  0.1679  -1.2967   0.0000   0.0000   0.0000   0.7371
  -2.500   0.3426   0.00952   0.00331  -0.1376  0.7454  0.2344  -1.0643   0.0000   0.0000   0.0000   0.6557
  -2.000   0.3991   0.00916   0.00317  -0.1379  0.7364  0.3090  -0.8450   0.0000   0.0000   0.0000   0.5979
  -1.500   0.4562   0.00884   0.00305  -0.1383  0.7275  0.4003  -0.7681   0.0000   0.0000   0.0000   0.5542
  -1.000   0.5132   0.00862   0.00306  -0.1386  0.7182  0.4982  -0.8109   0.0000   0.0000   0.0000   0.5202
  -0.500   0.5689   0.00831   0.00310  -0.1386  0.7084  0.6210  -0.8546   0.0000   0.0000   0.0000   0.4928
   0.000   0.6244   0.00823   0.00314  -0.1382  0.6968  0.7135  -0.8987   0.0000   0.0000   0.0000   0.4698
   0.500   0.6780   0.00814   0.00325  -0.1374  0.6870  0.7857  -0.9437   0.0000   0.0000   0.0000   0.4504
   1.000   0.7317   0.00812   0.00326  -0.1366  0.6756  0.8320  -0.9939   0.0000   0.0000   0.0000   0.4338
   1.500   0.7812   0.00807   0.00331  -0.1349  0.6623  0.8843  -1.0458   0.0000   0.0000   0.0000   0.4191
   2.500   0.8906   0.00804   0.00326  -0.1340  0.6336  1.0000  -1.1691   0.0000   0.0000   0.0000   0.3957
   3.000   0.9475   0.00824   0.00335  -0.1344  0.6169  1.0000  -1.2368   0.0000   0.0000   0.0000   0.3864
   3.500   1.0028   0.00849   0.00348  -0.1345  0.5973  1.0000  -1.3041   0.0000   0.0000   0.0000   0.3780
   4.000   1.0579   0.00873   0.00369  -0.1345  0.5786  1.0000  -1.3819   0.0000   0.0000   0.0000   0.3705
   4.500   1.1118   0.00904   0.00395  -0.1343  0.5578  1.0000  -1.4631   0.0000   0.0000   0.0000   0.3635
   5.000   1.1638   0.00943   0.00426  -0.1338  0.5327  1.0000  -1.5533   0.0000   0.0000   0.0000   0.3570
   5.500   1.2150   0.00988   0.00464  -0.1332  0.5088  1.0000  -1.6548   0.0000   0.0000   0.0000   0.3510
   6.000   1.2642   0.01041   0.00508  -0.1322  0.4813  1.0000  -1.7708   0.0000   0.0000   0.0000   0.3453
   6.500   1.3114   0.01104   0.00561  -0.1310  0.4527  1.0000  -1.8989   0.0000   0.0000   0.0000   0.3399
   7.000   1.3566   0.01174   0.00623  -0.1295  0.4231  1.0000  -2.0436   0.0000   0.0000   0.0000   0.3347
   7.500   1.4003   0.01249   0.00692  -0.1278  0.3923  1.0000  -2.2092   0.0000   0.0000   0.0000   0.3297
   8.000   1.4410   0.01334   0.00771  -0.1256  0.3633  1.0000  -2.3937   0.0000   0.0000   0.0000   0.3249
   8.500   1.4742   0.01440   0.00864  -0.1222  0.3309  1.0000  -2.6235   0.0000   0.0000   0.0000   0.3199
   9.000   1.5036   0.01565   0.00981  -0.1184  0.3009  1.0000  -2.9070   0.0000   0.0000   0.0000   0.3149
   9.500   1.5329   0.01697   0.01109  -0.1149  0.2734  1.0000  -3.1997   0.0000   0.0000   0.0000   0.3103
  10.000   1.5574   0.01866   0.01270  -0.1111  0.2433  1.0000  -3.4845   0.0000   0.0000   0.0000   0.3059
  10.500   1.5781   0.02074   0.01468  -0.1073  0.2136  1.0000  -3.7641   0.0000   0.0000   0.0000   0.3016
  11.000   1.5940   0.02329   0.01714  -0.1034  0.1840  1.0000  -4.0396   0.0000   0.0000   0.0000   0.2976
  11.500   1.6106   0.02598   0.01977  -0.1000  0.1572  1.0000  -4.3233   0.0000   0.0000   0.0000   0.2938
  12.000   1.6230   0.02908   0.02281  -0.0965  0.1323  1.0000  -4.5957   0.0000   0.0000   0.0000   0.2902
  12.500   1.6328   0.03255   0.02623  -0.0931  0.1108  1.0000  -4.8606   0.0000   0.0000   0.0000   0.2868
  13.000   1.6396   0.03637   0.03004  -0.0899  0.0936  1.0000  -5.1156   0.0000   0.0000   0.0000   0.2836
  13.500   1.6442   0.04060   0.03430  -0.0870  0.0788  1.0000  -5.3630   0.0000   0.0000   0.0000   0.2807
  14.000   1.6510   0.04481   0.03858  -0.0846  0.0675  1.0000  -5.6233   0.0000   0.0000   0.0000   0.2779
  14.500   1.6513   0.04995   0.04378  -0.0824  0.0569  1.0000  -5.8512   0.0000   0.0000   0.0000   0.2755
  15.000   1.6514   0.05535   0.04925  -0.0806  0.0487  1.0000  -6.0792   0.0000   0.0000   0.0000   0.2733


