xflr5 v6.59

 Calculated polar for: revR_55_revT

 1 1 Reynolds number fixed          Mach number fixed         

 xtrf =   1.000 (top)        1.000 (bottom)
 Mach =   0.000     Re =     0.265 e 6     Ncrit =   9.000

  alpha     CL        CD       CDp       Cm    Top Xtr Bot Xtr   Cpmin    Chinge    XCp    
 ------- -------- --------- --------- -------- ------- ------- -------- --------- ---------
  -5.000  -0.0405   0.01511   0.00811  -0.1159  0.8526  0.0626  -2.3427   0.0000   0.0000   0.0000  -2.6861
  -4.500   0.0117   0.01388   0.00680  -0.1155  0.8426  0.0789  -2.0500   0.0000   0.0000   0.0000  10.3275
  -4.000   0.0659   0.01307   0.00599  -0.1152  0.8317  0.1138  -1.7450   0.0000   0.0000   0.0000   2.0322
  -3.500   0.1205   0.01241   0.00552  -0.1152  0.8218  0.1785  -1.5039   0.0000   0.0000   0.0000   1.2215
  -3.000   0.1746   0.01187   0.00523  -0.1151  0.8106  0.2595  -1.2700   0.0000   0.0000   0.0000   0.9183
  -2.500   0.2304   0.01139   0.00500  -0.1152  0.8011  0.3629  -1.0384   0.0000   0.0000   0.0000   0.7551
  -2.000   0.2832   0.01093   0.00496  -0.1148  0.7894  0.4868  -0.8331   0.0000   0.0000   0.0000   0.6584
  -1.500   0.3375   0.01052   0.00485  -0.1140  0.7785  0.6129  -0.6539   0.0000   0.0000   0.0000   0.5894
  -1.000   0.3880   0.01042   0.00505  -0.1124  0.7668  0.7275  -0.6928   0.0000   0.0000   0.0000   0.5401
  -0.500   0.4400   0.01033   0.00500  -0.1107  0.7557  0.7940  -0.7333   0.0000   0.0000   0.0000   0.5011
   0.000   0.4881   0.01033   0.00505  -0.1083  0.7426  0.8499  -0.7745   0.0000   0.0000   0.0000   0.4708
   0.500   0.5341   0.01017   0.00487  -0.1052  0.7303  0.9009  -0.8185   0.0000   0.0000   0.0000   0.4450
   1.000   0.5868   0.01003   0.00477  -0.1038  0.7164  0.9588  -0.8672   0.0000   0.0000   0.0000   0.4243
   1.500   0.6594   0.00998   0.00455  -0.1073  0.7026  1.0000  -0.9348   0.0000   0.0000   0.0000   0.4096
   2.000   0.7159   0.01003   0.00452  -0.1077  0.6859  1.0000  -0.9949   0.0000   0.0000   0.0000   0.3968
   2.500   0.7724   0.01017   0.00458  -0.1080  0.6693  1.0000  -1.0594   0.0000   0.0000   0.0000   0.3856
   3.000   0.8286   0.01028   0.00458  -0.1081  0.6511  1.0000  -1.1282   0.0000   0.0000   0.0000   0.3756
   3.500   0.8844   0.01044   0.00463  -0.1080  0.6318  1.0000  -1.2037   0.0000   0.0000   0.0000   0.3668
   4.000   0.9385   0.01064   0.00477  -0.1077  0.6098  1.0000  -1.2856   0.0000   0.0000   0.0000   0.3588
   4.500   0.9917   0.01091   0.00498  -0.1072  0.5859  1.0000  -1.3754   0.0000   0.0000   0.0000   0.3516
   5.000   1.0437   0.01126   0.00527  -0.1066  0.5597  1.0000  -1.4860   0.0000   0.0000   0.0000   0.3450
   5.500   1.0945   0.01167   0.00566  -0.1057  0.5311  1.0000  -1.6011   0.0000   0.0000   0.0000   0.3388
   6.000   1.1440   0.01217   0.00612  -0.1047  0.5006  1.0000  -1.7516   0.0000   0.0000   0.0000   0.3331
   6.500   1.1910   0.01281   0.00664  -0.1033  0.4672  1.0000  -1.9082   0.0000   0.0000   0.0000   0.3277
   7.000   1.2371   0.01350   0.00730  -0.1019  0.4345  1.0000  -2.1185   0.0000   0.0000   0.0000   0.3226
   7.500   1.2806   0.01431   0.00804  -0.1001  0.3997  1.0000  -2.4156   0.0000   0.0000   0.0000   0.3177
   8.000   1.3204   0.01527   0.00891  -0.0978  0.3624  1.0000  -2.7190   0.0000   0.0000   0.0000   0.3129
   8.500   1.3583   0.01632   0.00994  -0.0952  0.3284  1.0000  -3.0339   0.0000   0.0000   0.0000   0.3082
   9.000   1.3896   0.01757   0.01110  -0.0918  0.2928  1.0000  -3.3370   0.0000   0.0000   0.0000   0.3034
   9.500   1.4145   0.01908   0.01250  -0.0876  0.2552  1.0000  -3.6263   0.0000   0.0000   0.0000   0.2985
  10.000   1.4375   0.02085   0.01421  -0.0836  0.2222  1.0000  -3.9134   0.0000   0.0000   0.0000   0.2940
  10.500   1.4559   0.02305   0.01637  -0.0797  0.1876  1.0000  -4.1886   0.0000   0.0000   0.0000   0.2897
  11.000   1.4696   0.02581   0.01903  -0.0758  0.1532  1.0000  -4.4476   0.0000   0.0000   0.0000   0.2857
  11.500   1.4805   0.02901   0.02213  -0.0723  0.1223  1.0000  -4.6973   0.0000   0.0000   0.0000   0.2820
  12.000   1.4869   0.03279   0.02582  -0.0689  0.0974  1.0000  -4.9273   0.0000   0.0000   0.0000   0.2786
  12.500   1.4929   0.03682   0.02987  -0.0660  0.0790  1.0000  -5.1556   0.0000   0.0000   0.0000   0.2755
  13.000   1.4968   0.04123   0.03440  -0.0634  0.0654  1.0000  -5.3768   0.0000   0.0000   0.0000   0.2727
  13.500   1.4868   0.04724   0.04044  -0.0607  0.0540  1.0000  -5.5199   0.0000   0.0000   0.0000   0.2702
  14.000   1.4913   0.05216   0.04561  -0.0592  0.0469  1.0000  -5.7345   0.0000   0.0000   0.0000   0.2680
  14.500   1.4734   0.05986   0.05341  -0.0579  0.0400  1.0000  -5.8135   0.0000   0.0000   0.0000   0.2665
  15.000   1.4695   0.06633   0.06013  -0.0571  0.0363  1.0000  -5.9545   0.0000   0.0000   0.0000   0.2651


