xflr5 v6.59

 Calculated polar for: revR_70_revT

 1 1 Reynolds number fixed          Mach number fixed         

 xtrf =   1.000 (top)        1.000 (bottom)
 Mach =   0.000     Re =     0.435 e 6     Ncrit =   9.000

  alpha     CL        CD       CDp       Cm    Top Xtr Bot Xtr   Cpmin    Chinge    XCp    
 ------- -------- --------- --------- -------- ------- ------- -------- --------- ---------
  -5.000   0.0167   0.01223   0.00566  -0.1268  0.7989  0.0468  -2.3497   0.0000   0.0000   0.0000   8.0193
  -4.500   0.0722   0.01148   0.00482  -0.1268  0.7913  0.0567  -2.0508   0.0000   0.0000   0.0000   2.0440
  -4.000   0.1283   0.01079   0.00416  -0.1270  0.7821  0.0832  -1.7929   0.0000   0.0000   0.0000   1.2584
  -3.500   0.1850   0.01036   0.00379  -0.1273  0.7734  0.1263  -1.5347   0.0000   0.0000   0.0000   0.9491
  -3.000   0.2411   0.00992   0.00355  -0.1276  0.7650  0.1840  -1.2895   0.0000   0.0000   0.0000   0.7860
  -2.500   0.2978   0.00953   0.00333  -0.1279  0.7560  0.2559  -1.0557   0.0000   0.0000   0.0000   0.6837
  -2.000   0.3544   0.00925   0.00322  -0.1282  0.7465  0.3372  -0.8324   0.0000   0.0000   0.0000   0.6142
  -1.500   0.4106   0.00886   0.00313  -0.1284  0.7363  0.4397  -0.7235   0.0000   0.0000   0.0000   0.5638
  -1.000   0.4671   0.00858   0.00310  -0.1285  0.7271  0.5568  -0.7653   0.0000   0.0000   0.0000   0.5253
  -0.500   0.5217   0.00833   0.00319  -0.1281  0.7164  0.6740  -0.8069   0.0000   0.0000   0.0000   0.4948
   0.000   0.5760   0.00823   0.00322  -0.1274  0.7052  0.7541  -0.8512   0.0000   0.0000   0.0000   0.4696
   0.500   0.6295   0.00823   0.00331  -0.1265  0.6941  0.8084  -0.8999   0.0000   0.0000   0.0000   0.4488
   1.000   0.6815   0.00818   0.00330  -0.1253  0.6815  0.8554  -0.9502   0.0000   0.0000   0.0000   0.4310
   1.500   0.7299   0.00812   0.00332  -0.1232  0.6675  0.9039  -1.0005   0.0000   0.0000   0.0000   0.4153
   2.000   0.7850   0.00803   0.00319  -0.1225  0.6532  0.9794  -1.0623   0.0000   0.0000   0.0000   0.4021
   2.500   0.8447   0.00812   0.00325  -0.1236  0.6370  1.0000  -1.1274   0.0000   0.0000   0.0000   0.3917
   3.000   0.9014   0.00830   0.00334  -0.1239  0.6183  1.0000  -1.1914   0.0000   0.0000   0.0000   0.3823
   3.500   0.9571   0.00854   0.00348  -0.1241  0.6003  1.0000  -1.2669   0.0000   0.0000   0.0000   0.3738
   4.000   1.0116   0.00883   0.00367  -0.1239  0.5794  1.0000  -1.3430   0.0000   0.0000   0.0000   0.3661
   4.500   1.0648   0.00916   0.00392  -0.1236  0.5548  1.0000  -1.4307   0.0000   0.0000   0.0000   0.3591
   5.000   1.1172   0.00956   0.00425  -0.1231  0.5309  1.0000  -1.5249   0.0000   0.0000   0.0000   0.3526
   5.500   1.1683   0.01000   0.00463  -0.1225  0.5032  1.0000  -1.6399   0.0000   0.0000   0.0000   0.3466
   6.000   1.2182   0.01051   0.00508  -0.1217  0.4754  1.0000  -1.7621   0.0000   0.0000   0.0000   0.3409
   6.500   1.2659   0.01113   0.00561  -0.1205  0.4435  1.0000  -1.9061   0.0000   0.0000   0.0000   0.3356
   7.000   1.3110   0.01187   0.00623  -0.1190  0.4115  1.0000  -2.0665   0.0000   0.0000   0.0000   0.3304
   7.500   1.3555   0.01263   0.00694  -0.1174  0.3821  1.0000  -2.2550   0.0000   0.0000   0.0000   0.3255
   8.000   1.3959   0.01354   0.00775  -0.1152  0.3457  1.0000  -2.4754   0.0000   0.0000   0.0000   0.3207
   8.500   1.4318   0.01459   0.00869  -0.1123  0.3147  1.0000  -2.7475   0.0000   0.0000   0.0000   0.3159
   9.000   1.4646   0.01571   0.00974  -0.1090  0.2847  1.0000  -3.0566   0.0000   0.0000   0.0000   0.3111
   9.500   1.4922   0.01713   0.01108  -0.1053  0.2508  1.0000  -3.3574   0.0000   0.0000   0.0000   0.3064
  10.000   1.5160   0.01885   0.01271  -0.1014  0.2207  1.0000  -3.6528   0.0000   0.0000   0.0000   0.3019
  10.500   1.5380   0.02085   0.01462  -0.0977  0.1911  1.0000  -3.9487   0.0000   0.0000   0.0000   0.2977
  11.000   1.5576   0.02316   0.01686  -0.0941  0.1622  1.0000  -4.2419   0.0000   0.0000   0.0000   0.2937
  11.500   1.5720   0.02600   0.01961  -0.0905  0.1346  1.0000  -4.5190   0.0000   0.0000   0.0000   0.2899
  12.000   1.5827   0.02926   0.02282  -0.0870  0.1101  1.0000  -4.7844   0.0000   0.0000   0.0000   0.2863
  12.500   1.5931   0.03272   0.02625  -0.0838  0.0905  1.0000  -5.0520   0.0000   0.0000   0.0000   0.2830
  13.000   1.6018   0.03643   0.02999  -0.0809  0.0755  1.0000  -5.3146   0.0000   0.0000   0.0000   0.2799
  13.500   1.6071   0.04065   0.03427  -0.0781  0.0630  1.0000  -5.5710   0.0000   0.0000   0.0000   0.2770
  14.000   1.6056   0.04572   0.03935  -0.0756  0.0512  1.0000  -5.7942   0.0000   0.0000   0.0000   0.2744
  14.500   1.6101   0.05053   0.04430  -0.0738  0.0440  1.0000  -6.0471   0.0000   0.0000   0.0000   0.2721
  15.000   1.5987   0.05736   0.05119  -0.0721  0.0361  1.0000  -6.2074   0.0000   0.0000   0.0000   0.2703


