xflr5 v6.59

 Calculated polar for: revR_60_revT

 1 1 Reynolds number fixed          Mach number fixed         

 xtrf =   1.000 (top)        1.000 (bottom)
 Mach =   0.000     Re =     0.195 e 6     Ncrit =   9.000

  alpha     CL        CD       CDp       Cm    Top Xtr Bot Xtr   Cpmin    Chinge    XCp    
 ------- -------- --------- --------- -------- ------- ------- -------- --------- ---------
  -5.000  -0.0201   0.01797   0.01060  -0.1234  0.8736  0.0722  -2.2786   0.0000   0.0000   0.0000  -6.0509
  -4.500   0.0281   0.01683   0.00937  -0.1223  0.8611  0.0888  -2.0046   0.0000   0.0000   0.0000   4.6924
  -4.000   0.0845   0.01576   0.00832  -0.1223  0.8521  0.1243  -1.7366   0.0000   0.0000   0.0000   1.7260
  -3.500   0.1363   0.01504   0.00784  -0.1219  0.8405  0.1898  -1.5123   0.0000   0.0000   0.0000   1.1600
  -3.000   0.1912   0.01436   0.00742  -0.1219  0.8299  0.2815  -1.2775   0.0000   0.0000   0.0000   0.8963
  -2.500   0.2455   0.01390   0.00728  -0.1217  0.8200  0.3893  -1.0544   0.0000   0.0000   0.0000   0.7515
  -2.000   0.2978   0.01343   0.00723  -0.1210  0.8081  0.5200  -0.8488   0.0000   0.0000   0.0000   0.6597
  -1.500   0.3502   0.01309   0.00728  -0.1194  0.7986  0.6629  -0.6637   0.0000   0.0000   0.0000   0.5928
  -1.000   0.3969   0.01305   0.00742  -0.1167  0.7847  0.7590  -0.7009   0.0000   0.0000   0.0000   0.5447
  -0.500   0.4452   0.01298   0.00736  -0.1136  0.7754  0.8320  -0.7401   0.0000   0.0000   0.0000   0.5051
   0.000   0.4835   0.01294   0.00740  -0.1091  0.7610  0.8964  -0.7743   0.0000   0.0000   0.0000   0.4746
   0.500   0.5437   0.01260   0.00695  -0.1085  0.7505  0.9659  -0.8271   0.0000   0.0000   0.0000   0.4478
   1.000   0.6120   0.01255   0.00678  -0.1116  0.7352  1.0000  -0.8835   0.0000   0.0000   0.0000   0.4299
   1.500   0.6705   0.01264   0.00672  -0.1124  0.7222  1.0000  -0.9421   0.0000   0.0000   0.0000   0.4145
   2.000   0.7292   0.01261   0.00654  -0.1129  0.7073  1.0000  -1.0033   0.0000   0.0000   0.0000   0.4011
   2.500   0.7844   0.01274   0.00661  -0.1128  0.6903  1.0000  -1.0659   0.0000   0.0000   0.0000   0.3896
   3.000   0.8420   0.01281   0.00657  -0.1129  0.6749  1.0000  -1.1349   0.0000   0.0000   0.0000   0.3793
   3.500   0.8988   0.01280   0.00646  -0.1129  0.6567  1.0000  -1.2090   0.0000   0.0000   0.0000   0.3702
   4.000   0.9523   0.01294   0.00659  -0.1124  0.6364  1.0000  -1.2879   0.0000   0.0000   0.0000   0.3620
   4.500   1.0059   0.01311   0.00674  -0.1118  0.6146  1.0000  -1.3775   0.0000   0.0000   0.0000   0.3546
   5.000   1.0588   0.01333   0.00693  -0.1112  0.5911  1.0000  -1.4805   0.0000   0.0000   0.0000   0.3478
   5.500   1.1107   0.01364   0.00719  -0.1104  0.5655  1.0000  -1.5979   0.0000   0.0000   0.0000   0.3415
   6.000   1.1612   0.01405   0.00752  -0.1094  0.5375  1.0000  -1.7308   0.0000   0.0000   0.0000   0.3357
   6.500   1.2091   0.01460   0.00804  -0.1080  0.5076  1.0000  -1.8884   0.0000   0.0000   0.0000   0.3302
   7.000   1.2544   0.01523   0.00867  -0.1063  0.4743  1.0000  -2.0669   0.0000   0.0000   0.0000   0.3249
   7.500   1.2976   0.01603   0.00935  -0.1043  0.4409  1.0000  -2.2877   0.0000   0.0000   0.0000   0.3198
   8.000   1.3385   0.01691   0.01028  -0.1021  0.4080  1.0000  -2.5792   0.0000   0.0000   0.0000   0.3150
   8.500   1.3735   0.01799   0.01126  -0.0990  0.3709  1.0000  -2.8730   0.0000   0.0000   0.0000   0.3100
   9.000   1.4055   0.01920   0.01245  -0.0956  0.3369  1.0000  -3.1681   0.0000   0.0000   0.0000   0.3052
   9.500   1.4305   0.02058   0.01382  -0.0912  0.3044  1.0000  -3.4476   0.0000   0.0000   0.0000   0.3002
  10.000   1.4475   0.02245   0.01558  -0.0863  0.2702  1.0000  -3.7051   0.0000   0.0000   0.0000   0.2952
  10.500   1.4639   0.02459   0.01777  -0.0820  0.2356  1.0000  -3.9635   0.0000   0.0000   0.0000   0.2907
  11.000   1.4742   0.02740   0.02050  -0.0776  0.2038  1.0000  -4.2046   0.0000   0.0000   0.0000   0.2865
  11.500   1.4839   0.03059   0.02368  -0.0739  0.1725  1.0000  -4.4496   0.0000   0.0000   0.0000   0.2828
  12.000   1.4887   0.03441   0.02747  -0.0704  0.1432  1.0000  -4.6744   0.0000   0.0000   0.0000   0.2793
  12.500   1.4890   0.03888   0.03189  -0.0672  0.1189  1.0000  -4.8771   0.0000   0.0000   0.0000   0.2761
  13.000   1.4875   0.04379   0.03683  -0.0644  0.0988  1.0000  -5.0675   0.0000   0.0000   0.0000   0.2733
  13.500   1.4841   0.04914   0.04226  -0.0620  0.0828  1.0000  -5.2434   0.0000   0.0000   0.0000   0.2708
  14.000   1.4728   0.05565   0.04883  -0.0600  0.0701  1.0000  -5.3722   0.0000   0.0000   0.0000   0.2687
  14.500   1.4717   0.06155   0.05494  -0.0591  0.0604  1.0000  -5.5576   0.0000   0.0000   0.0000   0.2671
  15.000   1.4579   0.06897   0.06242  -0.0578  0.0524  1.0000  -5.6557   0.0000   0.0000   0.0000   0.2656


