xflr5 v6.59

 Calculated polar for: revR_50_revT

 1 1 Reynolds number fixed          Mach number fixed         

 xtrf =   1.000 (top)        1.000 (bottom)
 Mach =   0.000     Re =     0.040 e 6     Ncrit =   9.000

  alpha     CL        CD       CDp       Cm    Top Xtr Bot Xtr   Cpmin    Chinge    XCp    
 ------- -------- --------- --------- -------- ------- ------- -------- --------- ---------
  -5.000  -0.4610   0.06655   0.05988  -0.0337  1.0000  0.2020  -2.0929   0.0000   0.0000   0.0000   0.1716
  -4.500  -0.4069   0.05243   0.04431  -0.0500  1.0000  0.1840  -2.2471   0.0000   0.0000   0.0000   0.1212
  -4.000  -0.3588   0.04579   0.03722  -0.0534  1.0000  0.1925  -2.1551   0.0000   0.0000   0.0000   0.0950
  -3.500  -0.2969   0.04028   0.03057  -0.0582  1.0000  0.2073  -2.0675   0.0000   0.0000   0.0000   0.0470
  -3.000  -0.2460   0.03727   0.02729  -0.0595  1.0000  0.2442  -1.8937   0.0000   0.0000   0.0000   0.0006
  -2.500  -0.1925   0.03507   0.02479  -0.0606  1.0000  0.3083  -1.7232   0.0000   0.0000   0.0000  -0.0736
  -2.000  -0.1420   0.03350   0.02366  -0.0604  1.0000  0.4263  -1.5419   0.0000   0.0000   0.0000  -0.1854
  -1.500  -0.1024   0.03247   0.02374  -0.0560  1.0000  0.6326  -1.3877   0.0000   0.0000   0.0000  -0.3091
  -1.000  -0.1105   0.03096   0.02326  -0.0400  1.0000  0.9411  -1.3153   0.0000   0.0000   0.0000  -0.1217
  -0.500  -0.0491   0.03183   0.02290  -0.0486  1.0000  1.0000  -1.1200   0.0000   0.0000   0.0000  -0.7569
   0.000  -0.0009   0.03362   0.02396  -0.0516  1.0000  1.0000  -0.9410   0.0000   0.0000   0.0000  -60.4903
   0.500   0.0429   0.03561   0.02543  -0.0536  1.0000  1.0000  -0.7758   0.0000   0.0000   0.0000   1.5062
   1.000   0.1033   0.03844   0.02780  -0.0588  0.9913  1.0000  -0.5921   0.0000   0.0000   0.0000   0.8189
   1.500   0.1887   0.04221   0.03114  -0.0684  0.9618  1.0000  -0.5303   0.0000   0.0000   0.0000   0.6098
   2.000   0.2567   0.04548   0.03413  -0.0744  0.9340  1.0000  -0.5769   0.0000   0.0000   0.0000   0.5366
   2.500   0.3213   0.04879   0.03725  -0.0796  0.9058  1.0000  -0.6233   0.0000   0.0000   0.0000   0.4937
   3.000   0.3855   0.05222   0.04055  -0.0843  0.8774  1.0000  -0.6740   0.0000   0.0000   0.0000   0.4641
   3.500   0.4475   0.05567   0.04393  -0.0881  0.8464  1.0000  -0.7261   0.0000   0.0000   0.0000   0.4419
   4.000   0.4868   0.05877   0.04702  -0.0888  0.8176  1.0000  -0.7627   0.0000   0.0000   0.0000   0.4268
   4.500   0.5297   0.06215   0.05042  -0.0899  0.7889  1.0000  -0.8071   0.0000   0.0000   0.0000   0.4137
   5.000   0.5852   0.06552   0.05386  -0.0920  0.7574  1.0000  -0.8665   0.0000   0.0000   0.0000   0.4007
   5.500   0.6375   0.06902   0.05745  -0.0934  0.7268  1.0000  -0.9307   0.0000   0.0000   0.0000   0.3895
   6.000   0.6609   0.07284   0.06139  -0.0923  0.6985  1.0000  -0.9677   0.0000   0.0000   0.0000   0.3822
   6.500   0.6909   0.07678   0.06548  -0.0919  0.6695  1.0000  -1.0155   0.0000   0.0000   0.0000   0.3749
   7.000   0.7231   0.08102   0.06988  -0.0918  0.6423  1.0000  -1.0752   0.0000   0.0000   0.0000   0.3683
   7.500   0.7928   0.08364   0.07274  -0.0926  0.6090  1.0000  -1.1978   0.0000   0.0000   0.0000   0.3577
   8.000   0.8041   0.08892   0.07819  -0.0914  0.5833  1.0000  -1.2373   0.0000   0.0000   0.0000   0.3539
   8.500   0.8143   0.09435   0.08380  -0.0902  0.5563  1.0000  -1.2835   0.0000   0.0000   0.0000   0.3504
   9.000   0.8295   0.10010   0.08975  -0.0896  0.5313  1.0000  -1.3377   0.0000   0.0000   0.0000   0.3471
   9.500   0.8427   0.10604   0.09590  -0.0890  0.5053  1.0000  -1.3890   0.0000   0.0000   0.0000   0.3441
  10.000   0.8552   0.11240   0.10247  -0.0886  0.4805  1.0000  -1.4471   0.0000   0.0000   0.0000   0.3416
  10.500   0.8662   0.11900   0.10928  -0.0884  0.4557  1.0000  -1.5119   0.0000   0.0000   0.0000   0.3394
  11.000   0.8754   0.12623   0.11671  -0.0886  0.4334  1.0000  -1.5650   0.0000   0.0000   0.0000   0.3379
  11.500   0.8839   0.13321   0.12388  -0.0886  0.4085  1.0000  -1.6365   0.0000   0.0000   0.0000   0.3364
  12.000   0.8826   0.14514   0.13599  -0.0924  0.4153  1.0000  -1.6445   0.0000   0.0000   0.0000   0.3403
  12.500   0.8905   0.15293   0.14399  -0.0935  0.3970  1.0000  -1.7094   0.0000   0.0000   0.0000   0.3400


