xflr5 v6.59

 Calculated polar for: revR_55_revT

 1 1 Reynolds number fixed          Mach number fixed         

 xtrf =   1.000 (top)        1.000 (bottom)
 Mach =   0.000     Re =     0.250 e 6     Ncrit =   9.000

  alpha     CL        CD       CDp       Cm    Top Xtr Bot Xtr   Cpmin    Chinge    XCp    
 ------- -------- --------- --------- -------- ------- ------- -------- --------- ---------
  -5.000  -0.0403   0.01571   0.00865  -0.1164  0.8570  0.0640  -2.3311   0.0000   0.0000   0.0000  -2.7107
  -4.500   0.0132   0.01432   0.00715  -0.1161  0.8480  0.0812  -2.0389   0.0000   0.0000   0.0000   9.2540
  -4.000   0.0654   0.01346   0.00636  -0.1156  0.8362  0.1173  -1.7433   0.0000   0.0000   0.0000   2.0517
  -3.500   0.1210   0.01276   0.00578  -0.1156  0.8265  0.1827  -1.5007   0.0000   0.0000   0.0000   1.2211
  -3.000   0.1741   0.01224   0.00557  -0.1155  0.8152  0.2659  -1.2700   0.0000   0.0000   0.0000   0.9225
  -2.500   0.2294   0.01170   0.00530  -0.1154  0.8049  0.3718  -1.0399   0.0000   0.0000   0.0000   0.7587
  -2.000   0.2827   0.01130   0.00529  -0.1150  0.7942  0.4993  -0.8339   0.0000   0.0000   0.0000   0.6602
  -1.500   0.3357   0.01088   0.00521  -0.1140  0.7821  0.6271  -0.6522   0.0000   0.0000   0.0000   0.5913
  -1.000   0.3863   0.01080   0.00539  -0.1122  0.7714  0.7366  -0.6913   0.0000   0.0000   0.0000   0.5410
  -0.500   0.4370   0.01074   0.00538  -0.1104  0.7592  0.8027  -0.7308   0.0000   0.0000   0.0000   0.5021
   0.000   0.4840   0.01070   0.00538  -0.1075  0.7472  0.8582  -0.7717   0.0000   0.0000   0.0000   0.4710
   0.500   0.5284   0.01052   0.00520  -0.1040  0.7337  0.9121  -0.8145   0.0000   0.0000   0.0000   0.4450
   1.000   0.5902   0.01038   0.00503  -0.1046  0.7206  0.9724  -0.8687   0.0000   0.0000   0.0000   0.4247
   1.500   0.6586   0.01033   0.00481  -0.1074  0.7066  1.0000  -0.9336   0.0000   0.0000   0.0000   0.4100
   2.000   0.7145   0.01042   0.00482  -0.1077  0.6896  1.0000  -0.9932   0.0000   0.0000   0.0000   0.3971
   2.500   0.7716   0.01055   0.00484  -0.1081  0.6739  1.0000  -1.0581   0.0000   0.0000   0.0000   0.3858
   3.000   0.8285   0.01064   0.00479  -0.1082  0.6560  1.0000  -1.1276   0.0000   0.0000   0.0000   0.3757
   3.500   0.8830   0.01077   0.00489  -0.1079  0.6359  1.0000  -1.2018   0.0000   0.0000   0.0000   0.3668
   4.000   0.9370   0.01096   0.00504  -0.1076  0.6139  1.0000  -1.2835   0.0000   0.0000   0.0000   0.3589
   4.500   0.9905   0.01121   0.00524  -0.1071  0.5905  1.0000  -1.3734   0.0000   0.0000   0.0000   0.3516
   5.000   1.0428   0.01154   0.00550  -0.1065  0.5646  1.0000  -1.4841   0.0000   0.0000   0.0000   0.3450
   5.500   1.0938   0.01198   0.00584  -0.1056  0.5368  1.0000  -1.5996   0.0000   0.0000   0.0000   0.3388
   6.000   1.1432   0.01246   0.00632  -0.1046  0.5065  1.0000  -1.7494   0.0000   0.0000   0.0000   0.3331
   6.500   1.1906   0.01306   0.00685  -0.1032  0.4732  1.0000  -1.9062   0.0000   0.0000   0.0000   0.3277
   7.000   1.2359   0.01380   0.00749  -0.1016  0.4400  1.0000  -2.1144   0.0000   0.0000   0.0000   0.3225
   7.500   1.2800   0.01456   0.00825  -0.0999  0.4063  1.0000  -2.4107   0.0000   0.0000   0.0000   0.3176
   8.000   1.3186   0.01559   0.00912  -0.0974  0.3684  1.0000  -2.7090   0.0000   0.0000   0.0000   0.3127
   8.500   1.3571   0.01658   0.01015  -0.0950  0.3341  1.0000  -3.0255   0.0000   0.0000   0.0000   0.3081
   9.000   1.3876   0.01788   0.01133  -0.0914  0.2990  1.0000  -3.3254   0.0000   0.0000   0.0000   0.3032
   9.500   1.4137   0.01931   0.01270  -0.0874  0.2613  1.0000  -3.6180   0.0000   0.0000   0.0000   0.2984
  10.000   1.4335   0.02122   0.01450  -0.0830  0.2275  1.0000  -3.8929   0.0000   0.0000   0.0000   0.2937
  10.500   1.4538   0.02331   0.01661  -0.0792  0.1940  1.0000  -4.1742   0.0000   0.0000   0.0000   0.2895
  11.000   1.4649   0.02622   0.01938  -0.0752  0.1594  1.0000  -4.4224   0.0000   0.0000   0.0000   0.2854
  11.500   1.4771   0.02934   0.02246  -0.0717  0.1283  1.0000  -4.6753   0.0000   0.0000   0.0000   0.2818
  12.000   1.4840   0.03307   0.02612  -0.0684  0.1025  1.0000  -4.9067   0.0000   0.0000   0.0000   0.2784
  12.500   1.4888   0.03721   0.03026  -0.0655  0.0829  1.0000  -5.1280   0.0000   0.0000   0.0000   0.2753
  13.000   1.4894   0.04195   0.03507  -0.0628  0.0685  1.0000  -5.3321   0.0000   0.0000   0.0000   0.2725
  13.500   1.4819   0.04774   0.04090  -0.0603  0.0566  1.0000  -5.4894   0.0000   0.0000   0.0000   0.2700
  14.000   1.4828   0.05304   0.04642  -0.0587  0.0492  1.0000  -5.6786   0.0000   0.0000   0.0000   0.2679
  14.500   1.4738   0.05979   0.05332  -0.0576  0.0426  1.0000  -5.8137   0.0000   0.0000   0.0000   0.2663
  15.000   1.4585   0.06750   0.06123  -0.0565  0.0377  1.0000  -5.8800   0.0000   0.0000   0.0000   0.2649


