xflr5 v6.59

 Calculated polar for: revR_95_revT

 1 1 Reynolds number fixed          Mach number fixed         

 xtrf =   1.000 (top)        1.000 (bottom)
 Mach =   0.000     Re =     0.085 e 6     Ncrit =   9.000

  alpha     CL        CD       CDp       Cm    Top Xtr Bot Xtr   Cpmin    Chinge    XCp    
 ------- -------- --------- --------- -------- ------- ------- -------- --------- ---------
  -5.000  -0.2327   0.07912   0.07463  -0.0686  0.9010  0.2025  -1.5316   0.0000   0.0000   0.0000  -0.0590
  -4.500  -0.2174   0.07283   0.06821  -0.0763  0.8870  0.2249  -1.5454   0.0000   0.0000   0.0000  -0.1148
  -4.000  -0.1706   0.06646   0.06170  -0.0811  0.8771  0.2346  -1.4676   0.0000   0.0000   0.0000  -0.2417
  -3.500   0.0307   0.03779   0.02922  -0.1285  0.8745  0.1246  -1.9046   0.0000   0.0000   0.0000   4.5398
  -3.000   0.0843   0.03681   0.02805  -0.1294  0.8617  0.1512  -1.7400   0.0000   0.0000   0.0000   1.8189
  -2.500   0.1525   0.03590   0.02713  -0.1326  0.8511  0.2040  -1.5418   0.0000   0.0000   0.0000   1.1347
  -2.000   0.2257   0.03552   0.02700  -0.1362  0.8407  0.3046  -1.3114   0.0000   0.0000   0.0000   0.8623
  -1.500   0.2724   0.03566   0.02758  -0.1359  0.8260  0.4152  -1.1255   0.0000   0.0000   0.0000   0.7549
  -1.000   0.3573   0.03516   0.02780  -0.1393  0.8183  0.6079  -0.8613   0.0000   0.0000   0.0000   0.6431
  -0.500   0.3650   0.03622   0.02934  -0.1313  0.7991  0.7528  -0.7557   0.0000   0.0000   0.0000   0.6119
   3.500   0.7568   0.04535   0.03705  -0.1282  0.6721  1.0000  -1.0366   0.0000   0.0000   0.0000   0.4138
   4.000   0.8427   0.04391   0.03554  -0.1301  0.6639  1.0000  -1.1292   0.0000   0.0000   0.0000   0.3980
   5.000   0.9531   0.04433   0.03598  -0.1286  0.6346  1.0000  -1.2706   0.0000   0.0000   0.0000   0.3772
   6.000   1.0927   0.04110   0.03287  -0.1279  0.6111  1.0000  -1.4718   0.0000   0.0000   0.0000   0.3578
   7.000   1.1393   0.04533   0.03732  -0.1211  0.5657  1.0000  -1.5941   0.0000   0.0000   0.0000   0.3455
   7.500   1.2165   0.04254   0.03468  -0.1206  0.5547  1.0000  -1.7502   0.0000   0.0000   0.0000   0.3376
   8.000   1.3074   0.03862   0.03090  -0.1214  0.5405  1.0000  -1.9387   0.0000   0.0000   0.0000   0.3306
   8.500   1.3626   0.03792   0.03034  -0.1199  0.5199  1.0000  -2.1024   0.0000   0.0000   0.0000   0.3249
   9.000   1.4409   0.03577   0.02830  -0.1206  0.4980  1.0000  -2.3183   0.0000   0.0000   0.0000   0.3197
   9.500   1.4991   0.03510   0.02768  -0.1195  0.4719  1.0000  -2.5425   0.0000   0.0000   0.0000   0.3148
  10.000   1.5449   0.03527   0.02788  -0.1172  0.4440  1.0000  -2.7884   0.0000   0.0000   0.0000   0.3101
  10.500   1.5834   0.03576   0.02839  -0.1141  0.4144  1.0000  -3.0580   0.0000   0.0000   0.0000   0.3054
  11.000   1.6155   0.03681   0.02940  -0.1105  0.3855  1.0000  -3.3445   0.0000   0.0000   0.0000   0.3008
  11.500   1.6457   0.03826   0.03076  -0.1070  0.3559  1.0000  -3.6319   0.0000   0.0000   0.0000   0.2964
  12.000   1.6450   0.04098   0.03361  -0.1006  0.3289  1.0000  -3.8137   0.0000   0.0000   0.0000   0.2916
  12.500   1.6440   0.04412   0.03684  -0.0949  0.3022  1.0000  -3.9951   0.0000   0.0000   0.0000   0.2872
  13.000   1.6420   0.04774   0.04054  -0.0899  0.2764  1.0000  -4.1766   0.0000   0.0000   0.0000   0.2831
  13.500   1.6395   0.05175   0.04461  -0.0854  0.2515  1.0000  -4.3562   0.0000   0.0000   0.0000   0.2794
  14.000   1.6340   0.05625   0.04916  -0.0812  0.2277  1.0000  -4.5229   0.0000   0.0000   0.0000   0.2760
  14.500   1.6281   0.06107   0.05400  -0.0777  0.2054  1.0000  -4.6865   0.0000   0.0000   0.0000   0.2729
  15.000   1.6232   0.06604   0.05898  -0.0746  0.1839  1.0000  -4.8532   0.0000   0.0000   0.0000   0.2700


