xflr5 v6.59

 Calculated polar for: revR_80_revT

 1 1 Reynolds number fixed          Mach number fixed         

 xtrf =   1.000 (top)        1.000 (bottom)
 Mach =   0.000     Re =     0.310 e 6     Ncrit =   9.000

  alpha     CL        CD       CDp       Cm    Top Xtr Bot Xtr   Cpmin    Chinge    XCp    
 ------- -------- --------- --------- -------- ------- ------- -------- --------- ---------
  -5.000   0.0580   0.01473   0.00792  -0.1372  0.8139  0.0547  -2.2804   0.0000   0.0000   0.0000   2.6740
  -4.500   0.1130   0.01354   0.00660  -0.1372  0.8051  0.0666  -2.0353   0.0000   0.0000   0.0000   1.4910
  -4.000   0.1698   0.01285   0.00588  -0.1375  0.7974  0.0912  -1.7853   0.0000   0.0000   0.0000   1.0752
  -3.500   0.2248   0.01227   0.00541  -0.1376  0.7884  0.1339  -1.5425   0.0000   0.0000   0.0000   0.8723
  -3.000   0.2813   0.01179   0.00509  -0.1380  0.7793  0.2011  -1.2960   0.0000   0.0000   0.0000   0.7470
  -2.500   0.3390   0.01149   0.00493  -0.1385  0.7713  0.2765  -1.0660   0.0000   0.0000   0.0000   0.6628
  -2.000   0.3940   0.01111   0.00485  -0.1386  0.7621  0.3661  -0.8517   0.0000   0.0000   0.0000   0.6044
  -1.500   0.4508   0.01070   0.00467  -0.1388  0.7523  0.4690  -0.7612   0.0000   0.0000   0.0000   0.5591
  -1.000   0.5062   0.01044   0.00475  -0.1386  0.7432  0.5965  -0.8034   0.0000   0.0000   0.0000   0.5241
  -0.500   0.5593   0.01023   0.00483  -0.1377  0.7325  0.7037  -0.8455   0.0000   0.0000   0.0000   0.4956
   0.000   0.6125   0.01016   0.00484  -0.1364  0.7230  0.7867  -0.8883   0.0000   0.0000   0.0000   0.4713
   0.500   0.6617   0.01011   0.00489  -0.1345  0.7109  0.8451  -0.9311   0.0000   0.0000   0.0000   0.4512
   1.000   0.7079   0.00996   0.00476  -0.1317  0.7002  0.9035  -0.9768   0.0000   0.0000   0.0000   0.4332
   1.500   0.7655   0.00984   0.00466  -0.1317  0.6884  1.0000  -1.0328   0.0000   0.0000   0.0000   0.4186
   2.000   0.8258   0.00987   0.00453  -0.1327  0.6745  1.0000  -1.0934   0.0000   0.0000   0.0000   0.4067
   2.500   0.8829   0.01002   0.00463  -0.1332  0.6602  1.0000  -1.1600   0.0000   0.0000   0.0000   0.3962
   3.000   0.9407   0.01015   0.00461  -0.1336  0.6456  1.0000  -1.2284   0.0000   0.0000   0.0000   0.3867
   3.500   0.9956   0.01028   0.00472  -0.1335  0.6281  1.0000  -1.2952   0.0000   0.0000   0.0000   0.3782
   4.000   1.0499   0.01048   0.00488  -0.1334  0.6089  1.0000  -1.3720   0.0000   0.0000   0.0000   0.3704
   4.500   1.1039   0.01076   0.00510  -0.1331  0.5902  1.0000  -1.4532   0.0000   0.0000   0.0000   0.3634
   5.000   1.1566   0.01109   0.00537  -0.1326  0.5691  1.0000  -1.5427   0.0000   0.0000   0.0000   0.3568
   5.500   1.2072   0.01148   0.00570  -0.1318  0.5442  1.0000  -1.6426   0.0000   0.0000   0.0000   0.3506
   6.000   1.2567   0.01197   0.00614  -0.1309  0.5195  1.0000  -1.7571   0.0000   0.0000   0.0000   0.3449
   6.500   1.3038   0.01253   0.00666  -0.1295  0.4918  1.0000  -1.8849   0.0000   0.0000   0.0000   0.3394
   7.000   1.3488   0.01319   0.00727  -0.1279  0.4629  1.0000  -2.0248   0.0000   0.0000   0.0000   0.3341
   7.500   1.3908   0.01397   0.00799  -0.1258  0.4329  1.0000  -2.1869   0.0000   0.0000   0.0000   0.3290
   8.000   1.4285   0.01492   0.00884  -0.1231  0.4021  1.0000  -2.3608   0.0000   0.0000   0.0000   0.3240
   8.500   1.4623   0.01594   0.00981  -0.1198  0.3733  1.0000  -2.5726   0.0000   0.0000   0.0000   0.3189
   9.000   1.4915   0.01711   0.01098  -0.1160  0.3428  1.0000  -2.8462   0.0000   0.0000   0.0000   0.3139
   9.500   1.5160   0.01859   0.01240  -0.1117  0.3126  1.0000  -3.1190   0.0000   0.0000   0.0000   0.3091
  10.000   1.5384   0.02035   0.01413  -0.1077  0.2849  1.0000  -3.3917   0.0000   0.0000   0.0000   0.3045
  10.500   1.5554   0.02261   0.01631  -0.1035  0.2561  1.0000  -3.6518   0.0000   0.0000   0.0000   0.3002
  11.000   1.5713   0.02515   0.01884  -0.0997  0.2271  1.0000  -3.9131   0.0000   0.0000   0.0000   0.2962
  11.500   1.5862   0.02795   0.02162  -0.0962  0.2002  1.0000  -4.1825   0.0000   0.0000   0.0000   0.2924
  12.000   1.5971   0.03121   0.02486  -0.0928  0.1737  1.0000  -4.4422   0.0000   0.0000   0.0000   0.2889
  12.500   1.6038   0.03496   0.02858  -0.0894  0.1494  1.0000  -4.6875   0.0000   0.0000   0.0000   0.2855
  13.000   1.6076   0.03915   0.03276  -0.0862  0.1273  1.0000  -4.9220   0.0000   0.0000   0.0000   0.2824
  13.500   1.6089   0.04378   0.03739  -0.0834  0.1080  1.0000  -5.1471   0.0000   0.0000   0.0000   0.2796
  14.000   1.6080   0.04894   0.04260  -0.0810  0.0918  1.0000  -5.3610   0.0000   0.0000   0.0000   0.2770
  14.500   1.6021   0.05492   0.04860  -0.0790  0.0775  1.0000  -5.5494   0.0000   0.0000   0.0000   0.2749
  15.000   1.6033   0.06040   0.05422  -0.0776  0.0670  1.0000  -5.7718   0.0000   0.0000   0.0000   0.2729


