xflr5 v6.59

 Calculated polar for: revR_55_revT

 1 1 Reynolds number fixed          Mach number fixed         

 xtrf =   1.000 (top)        1.000 (bottom)
 Mach =   0.000     Re =     0.170 e 6     Ncrit =   9.000

  alpha     CL        CD       CDp       Cm    Top Xtr Bot Xtr   Cpmin    Chinge    XCp    
 ------- -------- --------- --------- -------- ------- ------- -------- --------- ---------
  -5.000  -0.0551   0.01979   0.01227  -0.1182  0.8885  0.0776  -2.3144   0.0000   0.0000   0.0000  -1.9486
  -4.500   0.0024   0.01815   0.01051  -0.1185  0.8786  0.0966  -2.0253   0.0000   0.0000   0.0000  51.3927
  -4.000   0.0586   0.01719   0.00952  -0.1185  0.8691  0.1335  -1.7336   0.0000   0.0000   0.0000   2.3124
  -3.500   0.1110   0.01624   0.00885  -0.1182  0.8565  0.2065  -1.5091   0.0000   0.0000   0.0000   1.3333
  -3.000   0.1688   0.01543   0.00839  -0.1186  0.8476  0.3094  -1.2732   0.0000   0.0000   0.0000   0.9627
  -2.500   0.2184   0.01497   0.00835  -0.1178  0.8339  0.4303  -1.0586   0.0000   0.0000   0.0000   0.7957
  -2.000   0.2742   0.01437   0.00817  -0.1170  0.8252  0.5757  -0.8476   0.0000   0.0000   0.0000   0.6803
  -1.500   0.3183   0.01433   0.00855  -0.1140  0.8106  0.7073  -0.6674   0.0000   0.0000   0.0000   0.6104
  -1.000   0.3684   0.01416   0.00840  -0.1109  0.8009  0.7961  -0.6754   0.0000   0.0000   0.0000   0.5519
  -0.500   0.4050   0.01427   0.00861  -0.1060  0.7857  0.8645  -0.7061   0.0000   0.0000   0.0000   0.5117
   0.000   0.4522   0.01395   0.00820  -0.1022  0.7760  0.9328  -0.7477   0.0000   0.0000   0.0000   0.4750
   0.500   0.5329   0.01375   0.00792  -0.1072  0.7606  1.0000  -0.8098   0.0000   0.0000   0.0000   0.4495
   1.000   0.5884   0.01378   0.00775  -0.1075  0.7473  1.0000  -0.8602   0.0000   0.0000   0.0000   0.4304
   1.500   0.6461   0.01378   0.00760  -0.1080  0.7328  1.0000  -0.9180   0.0000   0.0000   0.0000   0.4141
   2.000   0.7013   0.01392   0.00764  -0.1079  0.7164  1.0000  -0.9765   0.0000   0.0000   0.0000   0.4004
   2.500   0.7608   0.01384   0.00742  -0.1082  0.7016  1.0000  -1.0435   0.0000   0.0000   0.0000   0.3881
   3.000   0.8167   0.01387   0.00738  -0.1080  0.6840  1.0000  -1.1115   0.0000   0.0000   0.0000   0.3776
   3.500   0.8709   0.01396   0.00744  -0.1076  0.6642  1.0000  -1.1847   0.0000   0.0000   0.0000   0.3683
   4.000   0.9257   0.01405   0.00750  -0.1071  0.6442  1.0000  -1.2661   0.0000   0.0000   0.0000   0.3599
   4.500   0.9802   0.01414   0.00756  -0.1066  0.6226  1.0000  -1.3562   0.0000   0.0000   0.0000   0.3524
   5.000   1.0335   0.01432   0.00770  -0.1059  0.5990  1.0000  -1.4658   0.0000   0.0000   0.0000   0.3455
   5.500   1.0854   0.01457   0.00793  -0.1050  0.5725  1.0000  -1.5816   0.0000   0.0000   0.0000   0.3391
   6.000   1.1360   0.01492   0.00823  -0.1039  0.5438  1.0000  -1.7289   0.0000   0.0000   0.0000   0.3332
   6.500   1.1858   0.01543   0.00862  -0.1028  0.5138  1.0000  -1.8893   0.0000   0.0000   0.0000   0.3277
   7.000   1.2307   0.01605   0.00930  -0.1009  0.4796  1.0000  -2.0903   0.0000   0.0000   0.0000   0.3224
   7.500   1.2745   0.01681   0.00997  -0.0990  0.4451  1.0000  -2.3713   0.0000   0.0000   0.0000   0.3173
   8.000   1.3154   0.01773   0.01087  -0.0967  0.4106  1.0000  -2.6699   0.0000   0.0000   0.0000   0.3124
   8.500   1.3510   0.01879   0.01187  -0.0937  0.3726  1.0000  -2.9711   0.0000   0.0000   0.0000   0.3075
   9.000   1.3835   0.02001   0.01310  -0.0904  0.3370  1.0000  -3.2739   0.0000   0.0000   0.0000   0.3027
   9.500   1.4083   0.02145   0.01449  -0.0860  0.3024  1.0000  -3.5582   0.0000   0.0000   0.0000   0.2977
  10.000   1.4260   0.02322   0.01623  -0.0811  0.2661  1.0000  -3.8228   0.0000   0.0000   0.0000   0.2927
  10.500   1.4382   0.02553   0.01851  -0.0762  0.2306  1.0000  -4.0695   0.0000   0.0000   0.0000   0.2880
  11.000   1.4490   0.02831   0.02127  -0.0719  0.1971  1.0000  -4.3101   0.0000   0.0000   0.0000   0.2838
  11.500   1.4547   0.03176   0.02467  -0.0680  0.1647  1.0000  -4.5300   0.0000   0.0000   0.0000   0.2799
  12.000   1.4533   0.03612   0.02891  -0.0642  0.1363  1.0000  -4.7165   0.0000   0.0000   0.0000   0.2764
  12.500   1.4530   0.04073   0.03352  -0.0610  0.1125  1.0000  -4.9007   0.0000   0.0000   0.0000   0.2733
  13.000   1.4468   0.04613   0.03888  -0.0581  0.0930  1.0000  -5.0584   0.0000   0.0000   0.0000   0.2705
  13.500   1.4469   0.05130   0.04422  -0.0563  0.0784  1.0000  -5.2459   0.0000   0.0000   0.0000   0.2683
  14.000   1.4423   0.05720   0.05028  -0.0545  0.0670  1.0000  -5.3919   0.0000   0.0000   0.0000   0.2661
  14.500   1.4340   0.06388   0.05704  -0.0535  0.0578  1.0000  -5.5216   0.0000   0.0000   0.0000   0.2646
  15.000   1.4304   0.07018   0.06361  -0.0522  0.0512  1.0000  -5.6412   0.0000   0.0000   0.0000   0.2628


