xflr5 v6.59

 Calculated polar for: revR_30_revT

 1 1 Reynolds number fixed          Mach number fixed         

 xtrf =   1.000 (top)        1.000 (bottom)
 Mach =   0.000     Re =     0.070 e 6     Ncrit =   9.000

  alpha     CL        CD       CDp       Cm    Top Xtr Bot Xtr   Cpmin    Chinge    XCp    
 ------- -------- --------- --------- -------- ------- ------- -------- --------- ---------
  -5.000  -0.4425   0.03772   0.03013  -0.0477  1.0000  0.1125  -2.6656   0.0000   0.0000   0.0000   0.1360
  -4.500  -0.3915   0.03322   0.02456  -0.0491  1.0000  0.1213  -2.5668   0.0000   0.0000   0.0000   0.1183
  -4.000  -0.3404   0.02940   0.02030  -0.0499  1.0000  0.1337  -2.3955   0.0000   0.0000   0.0000   0.0967
  -3.500  -0.2750   0.02744   0.01797  -0.0530  0.9948  0.1674  -2.1388   0.0000   0.0000   0.0000   0.0500
  -3.000  -0.1908   0.02554   0.01638  -0.0593  0.9826  0.2493  -1.8251   0.0000   0.0000   0.0000  -0.0701
  -2.500  -0.1062   0.02409   0.01604  -0.0657  0.9695  0.4599  -1.4826   0.0000   0.0000   0.0000  -0.3824
  -2.000  -0.0555   0.02389   0.01699  -0.0629  0.9532  0.7286  -1.2463   0.0000   0.0000   0.0000  -0.9054
  -1.500  -0.0265   0.02425   0.01756  -0.0543  0.9357  0.9128  -1.0826   0.0000   0.0000   0.0000  -1.8405
  -1.000   0.0728   0.02485   0.01755  -0.0648  0.9164  1.0000  -0.8049   0.0000   0.0000   0.0000   1.1491
  -0.500   0.1577   0.02571   0.01791  -0.0721  0.8975  1.0000  -0.5772   0.0000   0.0000   0.0000   0.7095
   0.000   0.2224   0.02658   0.01843  -0.0754  0.8761  1.0000  -0.5454   0.0000   0.0000   0.0000   0.5894
   0.500   0.2875   0.02751   0.01910  -0.0784  0.8543  1.0000  -0.5938   0.0000   0.0000   0.0000   0.5215
   1.000   0.3518   0.02841   0.01981  -0.0807  0.8322  1.0000  -0.6456   0.0000   0.0000   0.0000   0.4776
   1.500   0.4157   0.02925   0.02052  -0.0826  0.8099  1.0000  -0.7016   0.0000   0.0000   0.0000   0.4463
   2.000   0.4780   0.03005   0.02124  -0.0840  0.7876  1.0000  -0.7601   0.0000   0.0000   0.0000   0.4227
   2.500   0.5411   0.03063   0.02179  -0.0849  0.7650  1.0000  -0.8244   0.0000   0.0000   0.0000   0.4034
   3.000   0.6015   0.03106   0.02223  -0.0851  0.7422  1.0000  -0.8941   0.0000   0.0000   0.0000   0.3874
   3.500   0.6614   0.03131   0.02253  -0.0847  0.7195  1.0000  -0.9695   0.0000   0.0000   0.0000   0.3735
   4.000   0.7213   0.03131   0.02260  -0.0839  0.6965  1.0000  -1.0560   0.0000   0.0000   0.0000   0.3613
   4.500   0.7816   0.03104   0.02243  -0.0828  0.6731  1.0000  -1.1584   0.0000   0.0000   0.0000   0.3504
   5.000   0.8417   0.03059   0.02212  -0.0815  0.6491  1.0000  -1.2776   0.0000   0.0000   0.0000   0.3407
   5.500   0.9023   0.02997   0.02164  -0.0799  0.6239  1.0000  -1.4287   0.0000   0.0000   0.0000   0.3320
   6.000   0.9648   0.02902   0.02083  -0.0783  0.5966  1.0000  -1.6161   0.0000   0.0000   0.0000   0.3241
   6.500   1.0314   0.02781   0.01969  -0.0770  0.5676  1.0000  -1.9360   0.0000   0.0000   0.0000   0.3170
   7.000   1.0828   0.02779   0.01980  -0.0747  0.5313  1.0000  -2.2635   0.0000   0.0000   0.0000   0.3107
   7.500   1.1450   0.02712   0.01901  -0.0732  0.4931  1.0000  -2.6498   0.0000   0.0000   0.0000   0.3049
   8.000   1.1879   0.02769   0.01967  -0.0702  0.4487  1.0000  -2.9772   0.0000   0.0000   0.0000   0.2994
   8.500   1.2291   0.02840   0.02034  -0.0670  0.4013  1.0000  -3.3102   0.0000   0.0000   0.0000   0.2940
   9.000   1.2655   0.02945   0.02120  -0.0634  0.3506  1.0000  -3.6346   0.0000   0.0000   0.0000   0.2889
   9.500   1.2882   0.03128   0.02310  -0.0586  0.2984  1.0000  -3.9049   0.0000   0.0000   0.0000   0.2835
  10.000   1.3023   0.03361   0.02530  -0.0530  0.2459  1.0000  -4.1480   0.0000   0.0000   0.0000   0.2779
  10.500   1.3115   0.03670   0.02821  -0.0474  0.2002  1.0000  -4.3549   0.0000   0.0000   0.0000   0.2726
  11.000   1.3202   0.04032   0.03151  -0.0423  0.1626  1.0000  -4.5509   0.0000   0.0000   0.0000   0.2677
  11.500   1.3310   0.04487   0.03625  -0.0379  0.1354  1.0000  -4.7014   0.0000   0.0000   0.0000   0.2633
  12.000   1.3379   0.04962   0.04109  -0.0340  0.1143  1.0000  -4.8413   0.0000   0.0000   0.0000   0.2595
  12.500   1.3558   0.05573   0.04735  -0.0314  0.0973  1.0000  -4.9781   0.0000   0.0000   0.0000   0.2565
  13.000   1.3361   0.06161   0.05389  -0.0274  0.0903  1.0000  -4.9795   0.0000   0.0000   0.0000   0.2530
  13.500   1.3230   0.06833   0.06099  -0.0252  0.0834  1.0000  -5.0042   0.0000   0.0000   0.0000   0.2506
  14.000   1.3130   0.07699   0.06990  -0.0239  0.0787  1.0000  -5.0072   0.0000   0.0000   0.0000   0.2490
  14.500   1.2690   0.08861   0.08205  -0.0249  0.0780  1.0000  -4.8573   0.0000   0.0000   0.0000   0.2495
  15.000   0.9830   0.15664   0.15087  -0.0675  0.1136  1.0000  -2.9703   0.0000   0.0000   0.0000   0.2996


