xflr5 v6.59

 Calculated polar for: revR_65_revT

 1 1 Reynolds number fixed          Mach number fixed         

 xtrf =   1.000 (top)        1.000 (bottom)
 Mach =   0.000     Re =     0.310 e 6     Ncrit =   9.000

  alpha     CL        CD       CDp       Cm    Top Xtr Bot Xtr   Cpmin    Chinge    XCp    
 ------- -------- --------- --------- -------- ------- ------- -------- --------- ---------
  -5.000  -0.0019   0.01436   0.00750  -0.1237  0.8284  0.0552  -2.3188   0.0000   0.0000   0.0000  -67.5543
  -4.500   0.0519   0.01315   0.00622  -0.1236  0.8198  0.0699  -2.0232   0.0000   0.0000   0.0000   2.6839
  -4.000   0.1068   0.01245   0.00551  -0.1235  0.8097  0.0977  -1.7661   0.0000   0.0000   0.0000   1.4289
  -3.500   0.1630   0.01181   0.00495  -0.1237  0.8006  0.1512  -1.5223   0.0000   0.0000   0.0000   1.0211
  -3.000   0.2176   0.01135   0.00475  -0.1238  0.7910  0.2255  -1.2790   0.0000   0.0000   0.0000   0.8264
  -2.500   0.2737   0.01089   0.00450  -0.1240  0.7812  0.3099  -1.0520   0.0000   0.0000   0.0000   0.7077
  -2.000   0.3296   0.01056   0.00441  -0.1241  0.7719  0.4086  -0.8347   0.0000   0.0000   0.0000   0.6294
  -1.500   0.3840   0.01009   0.00434  -0.1238  0.7603  0.5393  -0.6972   0.0000   0.0000   0.0000   0.5739
  -1.000   0.4388   0.00986   0.00437  -0.1232  0.7509  0.6610  -0.7378   0.0000   0.0000   0.0000   0.5311
  -0.500   0.4908   0.00976   0.00449  -0.1220  0.7397  0.7498  -0.7792   0.0000   0.0000   0.0000   0.4980
   0.000   0.5427   0.00967   0.00443  -0.1204  0.7283  0.8135  -0.8215   0.0000   0.0000   0.0000   0.4705
   0.500   0.5916   0.00964   0.00448  -0.1184  0.7160  0.8623  -0.8681   0.0000   0.0000   0.0000   0.4481
   1.000   0.6373   0.00950   0.00433  -0.1153  0.7040  0.9194  -0.9139   0.0000   0.0000   0.0000   0.4283
   1.500   0.7015   0.00935   0.00420  -0.1167  0.6899  1.0000  -0.9747   0.0000   0.0000   0.0000   0.4131
   2.000   0.7609   0.00945   0.00413  -0.1177  0.6753  1.0000  -1.0379   0.0000   0.0000   0.0000   0.4008
   2.500   0.8180   0.00955   0.00417  -0.1181  0.6596  1.0000  -1.1001   0.0000   0.0000   0.0000   0.3900
   3.000   0.8741   0.00968   0.00423  -0.1183  0.6414  1.0000  -1.1670   0.0000   0.0000   0.0000   0.3803
   3.500   0.9298   0.00986   0.00433  -0.1183  0.6231  1.0000  -1.2417   0.0000   0.0000   0.0000   0.3716
   4.000   0.9846   0.01011   0.00448  -0.1182  0.6035  1.0000  -1.3192   0.0000   0.0000   0.0000   0.3638
   4.500   1.0378   0.01039   0.00469  -0.1177  0.5801  1.0000  -1.4092   0.0000   0.0000   0.0000   0.3566
   5.000   1.0900   0.01074   0.00499  -0.1172  0.5555  1.0000  -1.5046   0.0000   0.0000   0.0000   0.3500
   5.500   1.1410   0.01116   0.00536  -0.1164  0.5288  1.0000  -1.6239   0.0000   0.0000   0.0000   0.3439
   6.000   1.1903   0.01165   0.00581  -0.1154  0.4994  1.0000  -1.7437   0.0000   0.0000   0.0000   0.3382
   6.500   1.2381   0.01225   0.00635  -0.1142  0.4696  1.0000  -1.9009   0.0000   0.0000   0.0000   0.3328
   7.000   1.2822   0.01302   0.00698  -0.1124  0.4356  1.0000  -2.0592   0.0000   0.0000   0.0000   0.3276
   7.500   1.3267   0.01376   0.00771  -0.1108  0.4058  1.0000  -2.2696   0.0000   0.0000   0.0000   0.3227
   8.000   1.3664   0.01469   0.00857  -0.1085  0.3706  1.0000  -2.5178   0.0000   0.0000   0.0000   0.3178
   8.500   1.4019   0.01578   0.00957  -0.1056  0.3364  1.0000  -2.8103   0.0000   0.0000   0.0000   0.3130
   9.000   1.4341   0.01690   0.01066  -0.1022  0.3061  1.0000  -3.1019   0.0000   0.0000   0.0000   0.3081
   9.500   1.4590   0.01841   0.01206  -0.0980  0.2719  1.0000  -3.3862   0.0000   0.0000   0.0000   0.3033
  10.000   1.4813   0.02020   0.01381  -0.0940  0.2392  1.0000  -3.6692   0.0000   0.0000   0.0000   0.2987
  10.500   1.5024   0.02225   0.01581  -0.0902  0.2086  1.0000  -3.9541   0.0000   0.0000   0.0000   0.2945
  11.000   1.5173   0.02488   0.01835  -0.0864  0.1772  1.0000  -4.2202   0.0000   0.0000   0.0000   0.2905
  11.500   1.5307   0.02786   0.02126  -0.0829  0.1484  1.0000  -4.4902   0.0000   0.0000   0.0000   0.2868
  12.000   1.5410   0.03122   0.02458  -0.0795  0.1219  1.0000  -4.7531   0.0000   0.0000   0.0000   0.2833
  12.500   1.5477   0.03507   0.02844  -0.0764  0.0997  1.0000  -5.0021   0.0000   0.0000   0.0000   0.2801
  13.000   1.5516   0.03935   0.03273  -0.0735  0.0822  1.0000  -5.2379   0.0000   0.0000   0.0000   0.2771
  13.500   1.5475   0.04461   0.03798  -0.0707  0.0676  1.0000  -5.4320   0.0000   0.0000   0.0000   0.2744
  14.000   1.5512   0.04940   0.04291  -0.0688  0.0576  1.0000  -5.6648   0.0000   0.0000   0.0000   0.2720
  14.500   1.5426   0.05588   0.04951  -0.0671  0.0489  1.0000  -5.8220   0.0000   0.0000   0.0000   0.2701
  15.000   1.5406   0.06190   0.05570  -0.0662  0.0427  1.0000  -6.0224   0.0000   0.0000   0.0000   0.2684


