xflr5 v6.59

 Calculated polar for: revR_15_revT

 1 1 Reynolds number fixed          Mach number fixed         

 xtrf =   1.000 (top)        1.000 (bottom)
 Mach =   0.000     Re =     0.470 e 6     Ncrit =   9.000

  alpha     CL        CD       CDp       Cm    Top Xtr Bot Xtr   Cpmin    Chinge    XCp    
 ------- -------- --------- --------- -------- ------- ------- -------- --------- ---------
  -5.000  -0.2053   0.01093   0.00455  -0.0762  0.8651  0.0529  -2.5565   0.0000   0.0000   0.0000  -0.1327
  -4.500  -0.1541   0.01023   0.00377  -0.0752  0.8494  0.0748  -2.1896   0.0000   0.0000   0.0000  -0.2513
  -4.000  -0.1022   0.00962   0.00329  -0.0745  0.8354  0.1194  -1.8413   0.0000   0.0000   0.0000  -0.4956
  -3.500  -0.0493   0.00915   0.00295  -0.0740  0.8217  0.1793  -1.5044   0.0000   0.0000   0.0000  -1.2784
  -3.000   0.0031   0.00865   0.00266  -0.0734  0.8071  0.2552  -1.2281   0.0000   0.0000   0.0000  24.0461
  -2.500   0.0554   0.00809   0.00246  -0.0729  0.7939  0.3720  -1.0184   0.0000   0.0000   0.0000   1.5820
  -2.000   0.1073   0.00755   0.00230  -0.0722  0.7802  0.5064  -0.8178   0.0000   0.0000   0.0000   0.9283
  -1.500   0.1582   0.00711   0.00229  -0.0709  0.7653  0.6467  -0.6279   0.0000   0.0000   0.0000   0.7009
  -1.000   0.2113   0.00701   0.00228  -0.0699  0.7502  0.7218  -0.5384   0.0000   0.0000   0.0000   0.5815
  -0.500   0.2644   0.00695   0.00230  -0.0689  0.7349  0.7756  -0.5819   0.0000   0.0000   0.0000   0.5099
   0.000   0.3174   0.00693   0.00232  -0.0678  0.7183  0.8122  -0.6257   0.0000   0.0000   0.0000   0.4622
   0.500   0.3701   0.00697   0.00232  -0.0666  0.7003  0.8462  -0.6771   0.0000   0.0000   0.0000   0.4281
   1.000   0.4211   0.00698   0.00233  -0.0650  0.6817  0.8771  -0.7281   0.0000   0.0000   0.0000   0.4020
   1.500   0.4705   0.00698   0.00235  -0.0631  0.6593  0.9107  -0.7807   0.0000   0.0000   0.0000   0.3812
   2.000   0.5232   0.00702   0.00238  -0.0619  0.6373  0.9458  -0.8436   0.0000   0.0000   0.0000   0.3650
   2.500   0.5936   0.00716   0.00244  -0.0648  0.6103  0.9725  -0.9221   0.0000   0.0000   0.0000   0.3554
   3.000   0.6704   0.00735   0.00255  -0.0694  0.5793  0.9915  -1.0192   0.0000   0.0000   0.0000   0.3492
   3.500   0.7279   0.00760   0.00268  -0.0702  0.5474  1.0000  -1.1163   0.0000   0.0000   0.0000   0.3417
   4.000   0.7703   0.00795   0.00288  -0.0676  0.5142  1.0000  -1.2157   0.0000   0.0000   0.0000   0.3326
   4.500   0.8179   0.00831   0.00315  -0.0661  0.4800  1.0000  -1.3441   0.0000   0.0000   0.0000   0.3252
   5.000   0.8645   0.00880   0.00347  -0.0644  0.4417  1.0000  -1.5479   0.0000   0.0000   0.0000   0.3184
   5.500   0.9127   0.00926   0.00386  -0.0631  0.4061  1.0000  -1.8687   0.0000   0.0000   0.0000   0.3125
   6.000   0.9561   0.00998   0.00432  -0.0610  0.3502  1.0000  -2.1909   0.0000   0.0000   0.0000   0.3066
   6.500   0.9992   0.01074   0.00486  -0.0590  0.3001  1.0000  -2.5264   0.0000   0.0000   0.0000   0.3012
   7.000   1.0418   0.01155   0.00547  -0.0569  0.2541  1.0000  -2.8789   0.0000   0.0000   0.0000   0.2962
   7.500   1.0818   0.01247   0.00622  -0.0544  0.2072  1.0000  -3.2477   0.0000   0.0000   0.0000   0.2914
   8.000   1.1187   0.01353   0.00706  -0.0515  0.1609  1.0000  -3.6170   0.0000   0.0000   0.0000   0.2865
   8.500   1.1517   0.01471   0.00802  -0.0481  0.1175  1.0000  -3.9804   0.0000   0.0000   0.0000   0.2816
   9.000   1.1811   0.01587   0.00905  -0.0440  0.0864  1.0000  -4.3366   0.0000   0.0000   0.0000   0.2764
   9.500   1.2050   0.01704   0.01018  -0.0390  0.0653  1.0000  -4.6749   0.0000   0.0000   0.0000   0.2708
  10.000   1.2272   0.01836   0.01146  -0.0340  0.0485  1.0000  -5.0052   0.0000   0.0000   0.0000   0.2655
  10.500   1.2459   0.01994   0.01301  -0.0291  0.0336  1.0000  -5.3082   0.0000   0.0000   0.0000   0.2604
  11.000   1.2564   0.02214   0.01518  -0.0236  0.0207  1.0000  -5.5299   0.0000   0.0000   0.0000   0.2551
  11.500   1.2600   0.02501   0.01815  -0.0182  0.0159  1.0000  -5.6967   0.0000   0.0000   0.0000   0.2500
  12.000   1.2729   0.02752   0.02083  -0.0146  0.0149  1.0000  -5.9572   0.0000   0.0000   0.0000   0.2461
  12.500   1.2847   0.03034   0.02386  -0.0114  0.0141  1.0000  -6.2230   0.0000   0.0000   0.0000   0.2428
  13.000   1.2923   0.03374   0.02745  -0.0087  0.0135  1.0000  -6.4649   0.0000   0.0000   0.0000   0.2397
  13.500   1.2965   0.03774   0.03164  -0.0066  0.0130  1.0000  -6.6851   0.0000   0.0000   0.0000   0.2371
  14.000   1.2982   0.04233   0.03643  -0.0052  0.0126  1.0000  -6.8894   0.0000   0.0000   0.0000   0.2350
  14.500   1.2977   0.04753   0.04184  -0.0045  0.0123  1.0000  -7.0786   0.0000   0.0000   0.0000   0.2335
  15.000   1.2955   0.05340   0.04791  -0.0046  0.0120  1.0000  -7.2519   0.0000   0.0000   0.0000   0.2326


