xflr5 v6.59

 Calculated polar for: revR_25_revT

 1 1 Reynolds number fixed          Mach number fixed         

 xtrf =   1.000 (top)        1.000 (bottom)
 Mach =   0.000     Re =     0.215 e 6     Ncrit =   9.000

  alpha     CL        CD       CDp       Cm    Top Xtr Bot Xtr   Cpmin    Chinge    XCp    
 ------- -------- --------- --------- -------- ------- ------- -------- --------- ---------
  -5.000  -0.1616   0.01571   0.00845  -0.0905  0.9157  0.0749  -2.4135   0.0000   0.0000   0.0000  -0.3252
  -4.500  -0.1075   0.01443   0.00709  -0.0901  0.9022  0.1005  -2.1017   0.0000   0.0000   0.0000  -0.6088
  -4.000  -0.0552   0.01334   0.00626  -0.0897  0.8886  0.1626  -1.7818   0.0000   0.0000   0.0000  -1.4072
  -3.500  -0.0016   0.01249   0.00575  -0.0894  0.8753  0.2630  -1.4705   0.0000   0.0000   0.0000  -56.8976
  -3.000   0.0487   0.01183   0.00548  -0.0885  0.8608  0.3794  -1.2238   0.0000   0.0000   0.0000   2.0945
  -2.500   0.1005   0.01114   0.00530  -0.0874  0.8489  0.5381  -1.0151   0.0000   0.0000   0.0000   1.1294
  -2.000   0.1479   0.01083   0.00540  -0.0849  0.8329  0.6766  -0.8222   0.0000   0.0000   0.0000   0.8296
  -1.500   0.1973   0.01080   0.00548  -0.0825  0.8194  0.7592  -0.6337   0.0000   0.0000   0.0000   0.6706
  -1.000   0.2457   0.01078   0.00547  -0.0797  0.8051  0.8190  -0.5659   0.0000   0.0000   0.0000   0.5753
  -0.500   0.2910   0.01079   0.00549  -0.0764  0.7894  0.8669  -0.6049   0.0000   0.0000   0.0000   0.5123
   0.000   0.3370   0.01070   0.00532  -0.0729  0.7748  0.9112  -0.6458   0.0000   0.0000   0.0000   0.4651
   0.500   0.3967   0.01055   0.00511  -0.0726  0.7584  0.9532  -0.6979   0.0000   0.0000   0.0000   0.4313
   1.000   0.4811   0.01043   0.00489  -0.0781  0.7410  0.9875  -0.7689   0.0000   0.0000   0.0000   0.4101
   1.500   0.5517   0.01035   0.00469  -0.0815  0.7223  1.0000  -0.8370   0.0000   0.0000   0.0000   0.3950
   2.000   0.5980   0.01041   0.00461  -0.0799  0.7031  1.0000  -0.8925   0.0000   0.0000   0.0000   0.3804
   2.500   0.6494   0.01050   0.00457  -0.0791  0.6818  1.0000  -0.9580   0.0000   0.0000   0.0000   0.3681
   3.000   0.7023   0.01063   0.00460  -0.0785  0.6587  1.0000  -1.0304   0.0000   0.0000   0.0000   0.3575
   3.500   0.7551   0.01080   0.00471  -0.0779  0.6334  1.0000  -1.1122   0.0000   0.0000   0.0000   0.3484
   4.000   0.8075   0.01101   0.00489  -0.0771  0.6052  1.0000  -1.2125   0.0000   0.0000   0.0000   0.3403
   4.500   0.8595   0.01130   0.00512  -0.0763  0.5743  1.0000  -1.3256   0.0000   0.0000   0.0000   0.3330
   5.000   0.9110   0.01170   0.00539  -0.0754  0.5423  1.0000  -1.4734   0.0000   0.0000   0.0000   0.3265
   5.500   0.9611   0.01216   0.00582  -0.0744  0.5067  1.0000  -1.6912   0.0000   0.0000   0.0000   0.3206
   6.000   1.0096   0.01277   0.00629  -0.0731  0.4689  1.0000  -2.0082   0.0000   0.0000   0.0000   0.3150
   6.500   1.0575   0.01339   0.00690  -0.0719  0.4302  1.0000  -2.3378   0.0000   0.0000   0.0000   0.3099
   7.000   1.1029   0.01416   0.00760  -0.0703  0.3873  1.0000  -2.6742   0.0000   0.0000   0.0000   0.3051
   7.500   1.1466   0.01507   0.00842  -0.0686  0.3462  1.0000  -3.0176   0.0000   0.0000   0.0000   0.3005
   8.000   1.1873   0.01614   0.00936  -0.0665  0.3003  1.0000  -3.3724   0.0000   0.0000   0.0000   0.2961
   8.500   1.2246   0.01739   0.01047  -0.0641  0.2491  1.0000  -3.7318   0.0000   0.0000   0.0000   0.2917
   9.000   1.2570   0.01895   0.01189  -0.0613  0.1962  1.0000  -4.0801   0.0000   0.0000   0.0000   0.2874
   9.500   1.2819   0.02086   0.01356  -0.0575  0.1471  1.0000  -4.4020   0.0000   0.0000   0.0000   0.2828
  10.000   1.3014   0.02312   0.01563  -0.0534  0.1065  1.0000  -4.7013   0.0000   0.0000   0.0000   0.2782
  10.500   1.3156   0.02587   0.01827  -0.0493  0.0793  1.0000  -4.9709   0.0000   0.0000   0.0000   0.2739
  11.000   1.3294   0.02887   0.02131  -0.0458  0.0616  1.0000  -5.2261   0.0000   0.0000   0.0000   0.2700
  11.500   1.3391   0.03244   0.02505  -0.0425  0.0489  1.0000  -5.4359   0.0000   0.0000   0.0000   0.2665
  12.000   1.3306   0.03795   0.03063  -0.0388  0.0389  1.0000  -5.5115   0.0000   0.0000   0.0000   0.2630
  12.500   1.3389   0.04220   0.03519  -0.0366  0.0338  1.0000  -5.6684   0.0000   0.0000   0.0000   0.2603
  13.000   1.3408   0.04725   0.04042  -0.0347  0.0305  1.0000  -5.8052   0.0000   0.0000   0.0000   0.2580
  13.500   1.3372   0.05310   0.04644  -0.0327  0.0281  1.0000  -5.8950   0.0000   0.0000   0.0000   0.2556
  14.000   1.3314   0.05973   0.05340  -0.0298  0.0265  1.0000  -5.9070   0.0000   0.0000   0.0000   0.2527
  14.500   1.3252   0.06686   0.06092  -0.0284  0.0259  1.0000  -5.9360   0.0000   0.0000   0.0000   0.2508
  15.000   1.3156   0.07451   0.06896  -0.0287  0.0256  1.0000  -5.9760   0.0000   0.0000   0.0000   0.2502


