xflr5 v6.59

 Calculated polar for: revR_15_revT

 1 1 Reynolds number fixed          Mach number fixed         

 xtrf =   1.000 (top)        1.000 (bottom)
 Mach =   0.000     Re =     0.095 e 6     Ncrit =   9.000

  alpha     CL        CD       CDp       Cm    Top Xtr Bot Xtr   Cpmin    Chinge    XCp    
 ------- -------- --------- --------- -------- ------- ------- -------- --------- ---------
  -5.000  -0.4834   0.02962   0.02157  -0.0346  0.9920  0.0854  -2.9782   0.0000   0.0000   0.0000   0.1727
  -4.500  -0.4124   0.02739   0.01865  -0.0380  0.9794  0.0993  -2.7044   0.0000   0.0000   0.0000   0.1518
  -4.000  -0.3384   0.02454   0.01553  -0.0420  0.9681  0.1215  -2.4071   0.0000   0.0000   0.0000   0.1196
  -3.500  -0.2767   0.02277   0.01391  -0.0439  0.9534  0.1709  -2.1044   0.0000   0.0000   0.0000   0.0846
  -3.000  -0.2047   0.02114   0.01308  -0.0479  0.9407  0.3020  -1.7638   0.0000   0.0000   0.0000   0.0085
  -2.500  -0.1536   0.01985   0.01304  -0.0473  0.9241  0.5412  -1.4666   0.0000   0.0000   0.0000  -0.0663
  -2.000  -0.1093   0.01988   0.01374  -0.0430  0.9070  0.7610  -1.2189   0.0000   0.0000   0.0000  -0.1528
  -1.500  -0.0305   0.02029   0.01415  -0.0437  0.8956  0.8994  -0.9579   0.0000   0.0000   0.0000  -1.2059
  -1.000   0.1315   0.02077   0.01422  -0.0623  0.8854  0.9737  -0.5687   0.0000   0.0000   0.0000   0.7273
  -0.500   0.2912   0.02021   0.01330  -0.0824  0.8781  1.0000  -0.5736   0.0000   0.0000   0.0000   0.5332
   0.000   0.3415   0.01998   0.01290  -0.0826  0.8568  1.0000  -0.6163   0.0000   0.0000   0.0000   0.4913
   0.500   0.3876   0.01982   0.01261  -0.0814  0.8350  1.0000  -0.6616   0.0000   0.0000   0.0000   0.4587
   1.000   0.4328   0.01974   0.01241  -0.0795  0.8136  1.0000  -0.7071   0.0000   0.0000   0.0000   0.4316
   1.500   0.4822   0.01966   0.01223  -0.0778  0.7931  1.0000  -0.7602   0.0000   0.0000   0.0000   0.4089
   2.000   0.5357   0.01944   0.01193  -0.0763  0.7722  1.0000  -0.8236   0.0000   0.0000   0.0000   0.3895
   2.500   0.5927   0.01914   0.01155  -0.0752  0.7518  1.0000  -0.8937   0.0000   0.0000   0.0000   0.3734
   3.000   0.6431   0.01905   0.01142  -0.0731  0.7282  1.0000  -0.9675   0.0000   0.0000   0.0000   0.3598
   3.500   0.6894   0.01913   0.01150  -0.0705  0.7012  1.0000  -1.0432   0.0000   0.0000   0.0000   0.3479
   4.000   0.7385   0.01919   0.01159  -0.0684  0.6738  1.0000  -1.1475   0.0000   0.0000   0.0000   0.3378
   4.500   0.7899   0.01912   0.01154  -0.0665  0.6445  1.0000  -1.2639   0.0000   0.0000   0.0000   0.3288
   5.000   0.8443   0.01898   0.01139  -0.0649  0.6144  1.0000  -1.4297   0.0000   0.0000   0.0000   0.3211
   5.500   0.8964   0.01905   0.01142  -0.0631  0.5815  1.0000  -1.6804   0.0000   0.0000   0.0000   0.3141
   6.000   0.9445   0.01929   0.01170  -0.0609  0.5440  1.0000  -1.9991   0.0000   0.0000   0.0000   0.3076
   6.500   0.9906   0.01970   0.01207  -0.0584  0.5035  1.0000  -2.3270   0.0000   0.0000   0.0000   0.3015
   7.000   1.0349   0.02024   0.01252  -0.0557  0.4608  1.0000  -2.6637   0.0000   0.0000   0.0000   0.2958
   7.500   1.0758   0.02100   0.01324  -0.0527  0.4164  1.0000  -2.9995   0.0000   0.0000   0.0000   0.2903
   8.000   1.1087   0.02189   0.01408  -0.0487  0.3674  1.0000  -3.3164   0.0000   0.0000   0.0000   0.2845
   8.500   1.1356   0.02305   0.01520  -0.0439  0.3168  1.0000  -3.6147   0.0000   0.0000   0.0000   0.2786
   9.000   1.1541   0.02457   0.01662  -0.0382  0.2635  1.0000  -3.8813   0.0000   0.0000   0.0000   0.2724
   9.500   1.1626   0.02661   0.01849  -0.0314  0.2118  1.0000  -4.1020   0.0000   0.0000   0.0000   0.2656
  10.000   1.1646   0.02920   0.02089  -0.0242  0.1682  1.0000  -4.2802   0.0000   0.0000   0.0000   0.2587
  10.500   1.1718   0.03253   0.02397  -0.0188  0.1334  1.0000  -4.4697   0.0000   0.0000   0.0000   0.2531
  11.000   1.1828   0.03606   0.02756  -0.0143  0.1077  1.0000  -4.6495   0.0000   0.0000   0.0000   0.2485
  11.500   1.1928   0.03999   0.03153  -0.0106  0.0878  1.0000  -4.8146   0.0000   0.0000   0.0000   0.2445
  12.000   1.2119   0.04516   0.03670  -0.0081  0.0711  1.0000  -4.9643   0.0000   0.0000   0.0000   0.2416
  12.500   1.2171   0.04980   0.04189  -0.0048  0.0643  1.0000  -5.0334   0.0000   0.0000   0.0000   0.2381
  13.000   1.2184   0.05492   0.04732  -0.0023  0.0585  1.0000  -5.1199   0.0000   0.0000   0.0000   0.2352
  13.500   1.2180   0.06190   0.05459  -0.0010  0.0539  1.0000  -5.1869   0.0000   0.0000   0.0000   0.2333
  14.000   1.1867   0.07232   0.06559  -0.0007  0.0525  1.0000  -5.0634   0.0000   0.0000   0.0000   0.2323


