xflr5 v6.59

 Calculated polar for: revR_95_revT

 1 1 Reynolds number fixed          Mach number fixed         

 xtrf =   1.000 (top)        1.000 (bottom)
 Mach =   0.000     Re =     0.470 e 6     Ncrit =   9.000

  alpha     CL        CD       CDp       Cm    Top Xtr Bot Xtr   Cpmin    Chinge    XCp    
 ------- -------- --------- --------- -------- ------- ------- -------- --------- ---------
  -5.000   0.1216   0.01241   0.00592  -0.1497  0.7745  0.0429  -2.3450   0.0000   0.0000   0.0000   1.5112
  -4.500   0.1788   0.01155   0.00497  -0.1502  0.7672  0.0526  -2.0832   0.0000   0.0000   0.0000   1.1086
  -4.000   0.2357   0.01097   0.00440  -0.1506  0.7601  0.0708  -1.8241   0.0000   0.0000   0.0000   0.9012
  -3.500   0.2929   0.01046   0.00395  -0.1511  0.7523  0.1024  -1.5714   0.0000   0.0000   0.0000   0.7739
  -3.000   0.3507   0.01007   0.00367  -0.1516  0.7453  0.1522  -1.3182   0.0000   0.0000   0.0000   0.6880
  -2.500   0.4084   0.00984   0.00357  -0.1522  0.7373  0.2118  -1.0833   0.0000   0.0000   0.0000   0.6264
  -2.000   0.4655   0.00954   0.00344  -0.1526  0.7295  0.2769  -0.8598   0.0000   0.0000   0.0000   0.5801
  -1.500   0.5230   0.00924   0.00331  -0.1530  0.7207  0.3573  -0.8352   0.0000   0.0000   0.0000   0.5436
  -1.000   0.5809   0.00907   0.00333  -0.1536  0.7117  0.4482  -0.8765   0.0000   0.0000   0.0000   0.5144
  -0.500   0.6375   0.00880   0.00336  -0.1538  0.7037  0.5524  -0.9212   0.0000   0.0000   0.0000   0.4905
   0.000   0.6934   0.00855   0.00338  -0.1537  0.6934  0.6689  -0.9661   0.0000   0.0000   0.0000   0.4700
   0.500   0.7482   0.00853   0.00352  -0.1532  0.6836  0.7553  -1.0104   0.0000   0.0000   0.0000   0.4524
   1.000   0.8019   0.00848   0.00359  -0.1525  0.6736  0.8118  -1.0596   0.0000   0.0000   0.0000   0.4371
   1.500   0.8530   0.00848   0.00359  -0.1511  0.6612  0.8702  -1.1132   0.0000   0.0000   0.0000   0.4234
   2.000   0.8980   0.00830   0.00357  -0.1484  0.6490  0.9392  -1.1632   0.0000   0.0000   0.0000   0.4108
   2.500   0.9583   0.00840   0.00353  -0.1494  0.6350  1.0000  -1.2312   0.0000   0.0000   0.0000   0.4008
   3.000   1.0152   0.00854   0.00366  -0.1498  0.6205  1.0000  -1.2996   0.0000   0.0000   0.0000   0.3919
   3.500   1.0707   0.00876   0.00379  -0.1499  0.6028  1.0000  -1.3678   0.0000   0.0000   0.0000   0.3836
   4.000   1.1250   0.00907   0.00398  -0.1498  0.5852  1.0000  -1.4366   0.0000   0.0000   0.0000   0.3761
   4.500   1.1791   0.00934   0.00424  -0.1497  0.5675  1.0000  -1.5184   0.0000   0.0000   0.0000   0.3692
   5.000   1.2314   0.00970   0.00455  -0.1493  0.5463  1.0000  -1.5996   0.0000   0.0000   0.0000   0.3628
   5.500   1.2818   0.01014   0.00492  -0.1485  0.5229  1.0000  -1.6956   0.0000   0.0000   0.0000   0.3567
   6.000   1.3311   0.01064   0.00536  -0.1476  0.5006  1.0000  -1.7960   0.0000   0.0000   0.0000   0.3511
   6.500   1.3776   0.01124   0.00588  -0.1463  0.4731  1.0000  -1.9179   0.0000   0.0000   0.0000   0.3456
   7.000   1.4225   0.01190   0.00648  -0.1447  0.4477  1.0000  -2.0399   0.0000   0.0000   0.0000   0.3404
   7.500   1.4630   0.01270   0.00719  -0.1424  0.4174  1.0000  -2.1800   0.0000   0.0000   0.0000   0.3352
   8.000   1.4995   0.01358   0.00801  -0.1394  0.3900  1.0000  -2.3238   0.0000   0.0000   0.0000   0.3301
   8.500   1.5314   0.01463   0.00898  -0.1358  0.3631  1.0000  -2.4667   0.0000   0.0000   0.0000   0.3250
   9.000   1.5583   0.01595   0.01022  -0.1318  0.3339  1.0000  -2.6467   0.0000   0.0000   0.0000   0.3200
   9.500   1.5834   0.01750   0.01170  -0.1278  0.3077  1.0000  -2.8446   0.0000   0.0000   0.0000   0.3153
  10.000   1.6081   0.01922   0.01341  -0.1242  0.2830  1.0000  -3.1024   0.0000   0.0000   0.0000   0.3109
  10.500   1.6281   0.02138   0.01551  -0.1203  0.2571  1.0000  -3.3519   0.0000   0.0000   0.0000   0.3067
  11.000   1.6466   0.02379   0.01787  -0.1167  0.2310  1.0000  -3.6026   0.0000   0.0000   0.0000   0.3027
  11.500   1.6623   0.02651   0.02057  -0.1131  0.2054  1.0000  -3.8554   0.0000   0.0000   0.0000   0.2989
  12.000   1.6750   0.02959   0.02361  -0.1096  0.1821  1.0000  -4.1036   0.0000   0.0000   0.0000   0.2953
  12.500   1.6847   0.03300   0.02699  -0.1061  0.1599  1.0000  -4.3447   0.0000   0.0000   0.0000   0.2918
  13.000   1.6903   0.03691   0.03087  -0.1027  0.1385  1.0000  -4.5728   0.0000   0.0000   0.0000   0.2885
  13.500   1.6931   0.04128   0.03520  -0.0995  0.1183  1.0000  -4.7922   0.0000   0.0000   0.0000   0.2855
  14.000   1.6963   0.04583   0.03978  -0.0967  0.1025  1.0000  -5.0159   0.0000   0.0000   0.0000   0.2827
  14.500   1.7004   0.05054   0.04455  -0.0944  0.0890  1.0000  -5.2443   0.0000   0.0000   0.0000   0.2801
  15.000   1.6990   0.05600   0.05006  -0.0923  0.0772  1.0000  -5.4493   0.0000   0.0000   0.0000   0.2777
  15.500   1.6959   0.06190   0.05602  -0.0906  0.0674  1.0000  -5.6467   0.0000   0.0000   0.0000   0.2757
  16.000   1.6940   0.06789   0.06214  -0.0894  0.0593  1.0000  -5.8482   0.0000   0.0000   0.0000   0.2738
  16.500   1.6844   0.07499   0.06931  -0.0885  0.0514  1.0000  -6.0159   0.0000   0.0000   0.0000   0.2724
  17.000   1.6766   0.08211   0.07660  -0.0881  0.0454  1.0000  -6.1909   0.0000   0.0000   0.0000   0.2712
  17.500   1.6620   0.09037   0.08497  -0.0883  0.0398  1.0000  -6.3516   0.0000   0.0000   0.0000   0.2705
  18.000   1.6454   0.09909   0.09387  -0.0889  0.0354  1.0000  -6.4951   0.0000   0.0000   0.0000   0.2702
  18.500   1.6336   0.10734   0.10229  -0.0901  0.0320  1.0000  -6.6709   0.0000   0.0000   0.0000   0.2700
  19.000   1.6104   0.11757   0.11266  -0.0923  0.0287  1.0000  -6.7596   0.0000   0.0000   0.0000   0.2709
  19.500   1.5918   0.12729   0.12259  -0.0949  0.0264  1.0000  -6.8639   0.0000   0.0000   0.0000   0.2720
  20.000   1.5813   0.13584   0.13134  -0.0976  0.0245  1.0000  -7.0217   0.0000   0.0000   0.0000   0.2728
  20.500   1.5664   0.14537   0.14101  -0.1013  0.0227  1.0000  -7.1367   0.0000   0.0000   0.0000   0.2744
  21.000   1.5457   0.15615   0.15193  -0.1062  0.0208  1.0000  -7.1808   0.0000   0.0000   0.0000   0.2771
  21.500   1.5359   0.16506   0.16102  -0.1105  0.0195  1.0000  -7.2970   0.0000   0.0000   0.0000   0.2790
  22.000   1.5293   0.17364   0.16980  -0.1151  0.0185  1.0000  -7.4332   0.0000   0.0000   0.0000   0.2809
  22.500   1.5223   0.18241   0.17872  -0.1202  0.0175  1.0000  -7.5569   0.0000   0.0000   0.0000   0.2832
  23.000   1.5167   0.19104   0.18752  -0.1256  0.0165  1.0000  -7.6924   0.0000   0.0000   0.0000   0.2856
  23.500   1.5109   0.19982   0.19640  -0.1314  0.0156  1.0000  -7.8089   0.0000   0.0000   0.0000   0.2883
  24.000   1.5070   0.20773   0.20444  -0.1367  0.0144  1.0000  -7.9150   0.0000   0.0000   0.0000   0.2905
  24.500   1.5036   0.21658   0.21348  -0.1431  0.0140  1.0000  -8.0292   0.0000   0.0000   0.0000   0.2934
  25.000   1.4985   0.22600   0.22310  -0.1501  0.0136  1.0000  -8.1015   0.0000   0.0000   0.0000   0.2970
  25.500   1.4939   0.23541   0.23271  -0.1573  0.0131  1.0000  -8.1604   0.0000   0.0000   0.0000   0.3006
  26.000   1.4854   0.24624   0.24374  -0.1658  0.0126  1.0000  -8.1345   0.0000   0.0000   0.0000   0.3054
  26.500   1.4739   0.25842   0.25614  -0.1754  0.0122  1.0000  -8.0197   0.0000   0.0000   0.0000   0.3114
  27.000   1.4540   0.27429   0.27226  -0.1877  0.0119  1.0000  -7.6726   0.0000   0.0000   0.0000   0.3205


