xflr5 v6.59

 Calculated polar for: revR_20_revT

 1 1 Reynolds number fixed          Mach number fixed         

 xtrf =   1.000 (top)        1.000 (bottom)
 Mach =   0.000     Re =     0.450 e 6     Ncrit =   9.000

  alpha     CL        CD       CDp       Cm    Top Xtr Bot Xtr   Cpmin    Chinge    XCp    
 ------- -------- --------- --------- -------- ------- ------- -------- --------- ---------
  -5.000  -0.1844   0.01116   0.00473  -0.0812  0.8595  0.0529  -2.5195   0.0000   0.0000   0.0000  -0.2029
  -4.500  -0.1328   0.01043   0.00392  -0.0802  0.8452  0.0746  -2.1762   0.0000   0.0000   0.0000  -0.3695
  -4.000  -0.0809   0.00981   0.00342  -0.0795  0.8315  0.1175  -1.8326   0.0000   0.0000   0.0000  -0.7540
  -3.500  -0.0279   0.00935   0.00309  -0.0790  0.8188  0.1762  -1.4974   0.0000   0.0000   0.0000  -2.6389
  -3.000   0.0250   0.00886   0.00279  -0.0785  0.8051  0.2515  -1.2327   0.0000   0.0000   0.0000   3.4427
  -2.500   0.0773   0.00831   0.00259  -0.0780  0.7918  0.3650  -1.0222   0.0000   0.0000   0.0000   1.2710
  -2.000   0.1296   0.00779   0.00244  -0.0774  0.7789  0.4963  -0.8205   0.0000   0.0000   0.0000   0.8521
  -1.500   0.1805   0.00733   0.00243  -0.0762  0.7648  0.6395  -0.6301   0.0000   0.0000   0.0000   0.6744
  -1.000   0.2334   0.00721   0.00243  -0.0751  0.7503  0.7196  -0.5566   0.0000   0.0000   0.0000   0.5723
   0.000   0.3392   0.00714   0.00247  -0.0729  0.7200  0.8137  -0.6440   0.0000   0.0000   0.0000   0.4635
   0.500   0.3917   0.00717   0.00246  -0.0717  0.7026  0.8483  -0.6942   0.0000   0.0000   0.0000   0.4310
   1.000   0.4421   0.00715   0.00248  -0.0699  0.6847  0.8810  -0.7448   0.0000   0.0000   0.0000   0.4057
   1.500   0.4913   0.00715   0.00249  -0.0680  0.6640  0.9164  -0.7984   0.0000   0.0000   0.0000   0.3854
   2.000   0.5476   0.00718   0.00251  -0.0675  0.6424  0.9523  -0.8616   0.0000   0.0000   0.0000   0.3699
   2.500   0.6219   0.00730   0.00255  -0.0713  0.6168  0.9780  -0.9429   0.0000   0.0000   0.0000   0.3609
   3.000   0.7000   0.00752   0.00263  -0.0762  0.5870  0.9985  -1.0387   0.0000   0.0000   0.0000   0.3546
   3.500   0.7429   0.00774   0.00277  -0.0739  0.5587  1.0000  -1.1155   0.0000   0.0000   0.0000   0.3447
   4.000   0.7894   0.00805   0.00297  -0.0722  0.5271  1.0000  -1.2175   0.0000   0.0000   0.0000   0.3362
   4.500   0.8372   0.00845   0.00324  -0.0707  0.4946  1.0000  -1.3336   0.0000   0.0000   0.0000   0.3287
   5.000   0.8849   0.00889   0.00356  -0.0692  0.4561  1.0000  -1.4863   0.0000   0.0000   0.0000   0.3219
   5.500   0.9322   0.00939   0.00396  -0.0677  0.4227  1.0000  -1.7840   0.0000   0.0000   0.0000   0.3158
   6.000   0.9765   0.01004   0.00440  -0.0657  0.3743  1.0000  -2.1000   0.0000   0.0000   0.0000   0.3100
   6.500   1.0193   0.01079   0.00494  -0.0636  0.3245  1.0000  -2.4258   0.0000   0.0000   0.0000   0.3045
   7.000   1.0610   0.01160   0.00555  -0.0614  0.2771  1.0000  -2.7699   0.0000   0.0000   0.0000   0.2993
   7.500   1.1003   0.01251   0.00629  -0.0588  0.2307  1.0000  -3.1268   0.0000   0.0000   0.0000   0.2943
   8.000   1.1381   0.01346   0.00708  -0.0560  0.1891  1.0000  -3.4906   0.0000   0.0000   0.0000   0.2895
   8.500   1.1706   0.01460   0.00802  -0.0524  0.1451  1.0000  -3.8438   0.0000   0.0000   0.0000   0.2844
   9.000   1.1964   0.01580   0.00905  -0.0477  0.1092  1.0000  -4.1781   0.0000   0.0000   0.0000   0.2788
   9.500   1.2177   0.01711   0.01026  -0.0424  0.0815  1.0000  -4.4990   0.0000   0.0000   0.0000   0.2731
  10.000   1.2396   0.01847   0.01157  -0.0375  0.0620  1.0000  -4.8251   0.0000   0.0000   0.0000   0.2679
  10.500   1.2599   0.02000   0.01309  -0.0329  0.0470  1.0000  -5.1427   0.0000   0.0000   0.0000   0.2630
  11.000   1.2762   0.02189   0.01497  -0.0283  0.0332  1.0000  -5.4276   0.0000   0.0000   0.0000   0.2583
  11.500   1.2837   0.02452   0.01761  -0.0233  0.0217  1.0000  -5.6252   0.0000   0.0000   0.0000   0.2534
  12.000   1.2871   0.02773   0.02091  -0.0187  0.0173  1.0000  -5.7971   0.0000   0.0000   0.0000   0.2490
  12.500   1.2872   0.03150   0.02495  -0.0148  0.0158  1.0000  -5.9507   0.0000   0.0000   0.0000   0.2451
  13.000   1.2974   0.03481   0.02844  -0.0124  0.0152  1.0000  -6.2001   0.0000   0.0000   0.0000   0.2422
  13.500   1.3029   0.03876   0.03259  -0.0104  0.0145  1.0000  -6.4229   0.0000   0.0000   0.0000   0.2397
  14.000   1.3060   0.04330   0.03732  -0.0090  0.0139  1.0000  -6.6299   0.0000   0.0000   0.0000   0.2377
  14.500   1.3061   0.04850   0.04273  -0.0083  0.0135  1.0000  -6.8156   0.0000   0.0000   0.0000   0.2362
  15.000   1.3044   0.05438   0.04883  -0.0084  0.0132  1.0000  -6.9818   0.0000   0.0000   0.0000   0.2352


