xflr5 v6.59

 Calculated polar for: revR_75_revT

 1 1 Reynolds number fixed          Mach number fixed         

 xtrf =   1.000 (top)        1.000 (bottom)
 Mach =   0.000     Re =     0.495 e 6     Ncrit =   9.000

  alpha     CL        CD       CDp       Cm    Top Xtr Bot Xtr   Cpmin    Chinge    XCp    
 ------- -------- --------- --------- -------- ------- ------- -------- --------- ---------
  -5.000   0.0371   0.01164   0.00525  -0.1311  0.7867  0.0449  -2.3463   0.0000   0.0000   0.0000   3.8694
  -4.500   0.0934   0.01087   0.00435  -0.1313  0.7790  0.0562  -2.0715   0.0000   0.0000   0.0000   1.6849
  -4.000   0.1501   0.01039   0.00386  -0.1316  0.7703  0.0776  -1.8047   0.0000   0.0000   0.0000   1.1425
  -3.500   0.2067   0.00992   0.00348  -0.1318  0.7620  0.1137  -1.5414   0.0000   0.0000   0.0000   0.8978
  -3.000   0.2637   0.00951   0.00322  -0.1322  0.7541  0.1693  -1.2936   0.0000   0.0000   0.0000   0.7578
  -2.500   0.3207   0.00923   0.00308  -0.1326  0.7454  0.2335  -1.0572   0.0000   0.0000   0.0000   0.6676
  -2.000   0.3773   0.00888   0.00293  -0.1329  0.7359  0.3081  -0.8407   0.0000   0.0000   0.0000   0.6046
  -1.500   0.4344   0.00858   0.00282  -0.1332  0.7263  0.3999  -0.7467   0.0000   0.0000   0.0000   0.5579
  -1.000   0.4910   0.00830   0.00284  -0.1335  0.7177  0.5050  -0.7893   0.0000   0.0000   0.0000   0.5221
  -0.500   0.5469   0.00801   0.00283  -0.1335  0.7069  0.6197  -0.8321   0.0000   0.0000   0.0000   0.4933
   0.000   0.6020   0.00792   0.00293  -0.1331  0.6962  0.7187  -0.8747   0.0000   0.0000   0.0000   0.4695
   0.500   0.6563   0.00784   0.00301  -0.1325  0.6855  0.7829  -0.9227   0.0000   0.0000   0.0000   0.4496
   1.000   0.7096   0.00786   0.00305  -0.1315  0.6730  0.8332  -0.9750   0.0000   0.0000   0.0000   0.4325
   1.500   0.7606   0.00779   0.00307  -0.1302  0.6592  0.8787  -1.0262   0.0000   0.0000   0.0000   0.4176
   2.000   0.8072   0.00773   0.00306  -0.1277  0.6453  0.9377  -1.0828   0.0000   0.0000   0.0000   0.4041
   2.500   0.8687   0.00777   0.00303  -0.1289  0.6292  1.0000  -1.1510   0.0000   0.0000   0.0000   0.3937
   3.000   0.9256   0.00795   0.00314  -0.1293  0.6101  1.0000  -1.2166   0.0000   0.0000   0.0000   0.3844
   3.500   0.9816   0.00819   0.00331  -0.1295  0.5925  1.0000  -1.2871   0.0000   0.0000   0.0000   0.3761
   4.000   1.0363   0.00848   0.00351  -0.1295  0.5730  1.0000  -1.3654   0.0000   0.0000   0.0000   0.3684
   4.500   1.0895   0.00882   0.00376  -0.1292  0.5484  1.0000  -1.4462   0.0000   0.0000   0.0000   0.3614
   5.000   1.1420   0.00921   0.00408  -0.1288  0.5247  1.0000  -1.5431   0.0000   0.0000   0.0000   0.3550
   5.500   1.1932   0.00967   0.00446  -0.1282  0.4983  1.0000  -1.6470   0.0000   0.0000   0.0000   0.3489
   6.000   1.2429   0.01019   0.00491  -0.1273  0.4694  1.0000  -1.7722   0.0000   0.0000   0.0000   0.3433
   6.500   1.2911   0.01079   0.00543  -0.1263  0.4407  1.0000  -1.8999   0.0000   0.0000   0.0000   0.3380
   7.000   1.3355   0.01157   0.00606  -0.1246  0.4066  1.0000  -2.0610   0.0000   0.0000   0.0000   0.3328
   7.500   1.3801   0.01230   0.00674  -0.1230  0.3788  1.0000  -2.2270   0.0000   0.0000   0.0000   0.3279
   8.000   1.4214   0.01316   0.00752  -0.1210  0.3456  1.0000  -2.4434   0.0000   0.0000   0.0000   0.3231
   8.500   1.4563   0.01421   0.00844  -0.1179  0.3129  1.0000  -2.7025   0.0000   0.0000   0.0000   0.3182
   9.500   1.5171   0.01671   0.01080  -0.1109  0.2530  1.0000  -3.3022   0.0000   0.0000   0.0000   0.3087
  10.000   1.5422   0.01836   0.01237  -0.1071  0.2230  1.0000  -3.5970   0.0000   0.0000   0.0000   0.3042
  10.500   1.5628   0.02043   0.01431  -0.1033  0.1936  1.0000  -3.8827   0.0000   0.0000   0.0000   0.2999
  11.000   1.5819   0.02276   0.01657  -0.0996  0.1656  1.0000  -4.1687   0.0000   0.0000   0.0000   0.2960
  11.500   1.5984   0.02543   0.01919  -0.0961  0.1391  1.0000  -4.4528   0.0000   0.0000   0.0000   0.2922
  12.000   1.6108   0.02852   0.02221  -0.0926  0.1147  1.0000  -4.7320   0.0000   0.0000   0.0000   0.2886
  12.500   1.6218   0.03188   0.02554  -0.0894  0.0952  1.0000  -5.0090   0.0000   0.0000   0.0000   0.2852
  13.000   1.6290   0.03566   0.02930  -0.0862  0.0785  1.0000  -5.2726   0.0000   0.0000   0.0000   0.2820
  13.500   1.6329   0.03994   0.03358  -0.0832  0.0648  1.0000  -5.5223   0.0000   0.0000   0.0000   0.2790
  14.000   1.6412   0.04400   0.03773  -0.0809  0.0557  1.0000  -5.7958   0.0000   0.0000   0.0000   0.2763
  14.500   1.6393   0.04936   0.04317  -0.0786  0.0458  1.0000  -6.0157   0.0000   0.0000   0.0000   0.2739
  15.000   1.6417   0.05453   0.04845  -0.0770  0.0398  1.0000  -6.2606   0.0000   0.0000   0.0000   0.2718


