xflr5 v6.59

 Calculated polar for: revR_60_revT

 1 1 Reynolds number fixed          Mach number fixed         

 xtrf =   1.000 (top)        1.000 (bottom)
 Mach =   0.000     Re =     0.280 e 6     Ncrit =   9.000

  alpha     CL        CD       CDp       Cm    Top Xtr Bot Xtr   Cpmin    Chinge    XCp    
 ------- -------- --------- --------- -------- ------- ------- -------- --------- ---------
  -5.000  -0.0217   0.01495   0.00801  -0.1199  0.8420  0.0595  -2.3320   0.0000   0.0000   0.0000  -5.4193
  -4.500   0.0316   0.01362   0.00660  -0.1196  0.8322  0.0750  -2.0336   0.0000   0.0000   0.0000   4.1135
  -4.000   0.0870   0.01299   0.00591  -0.1195  0.8230  0.1056  -1.7512   0.0000   0.0000   0.0000   1.6502
  -3.500   0.1406   0.01222   0.00537  -0.1194  0.8119  0.1655  -1.5162   0.0000   0.0000   0.0000   1.1130
  -3.000   0.1967   0.01170   0.00504  -0.1196  0.8028  0.2463  -1.2729   0.0000   0.0000   0.0000   0.8661
  -2.500   0.2510   0.01129   0.00492  -0.1196  0.7922  0.3378  -1.0471   0.0000   0.0000   0.0000   0.7315
  -1.500   0.3603   0.01047   0.00473  -0.1190  0.7710  0.5782  -0.6742   0.0000   0.0000   0.0000   0.5818
  -1.000   0.4125   0.01022   0.00482  -0.1177  0.7599  0.7023  -0.7149   0.0000   0.0000   0.0000   0.5359
  -0.500   0.4653   0.01021   0.00487  -0.1164  0.7496  0.7757  -0.7562   0.0000   0.0000   0.0000   0.4997
   0.000   0.5139   0.01011   0.00487  -0.1141  0.7366  0.8351  -0.7969   0.0000   0.0000   0.0000   0.4708
   0.500   0.5615   0.01005   0.00480  -0.1115  0.7248  0.8854  -0.8423   0.0000   0.0000   0.0000   0.4466
   1.500   0.6797   0.00981   0.00449  -0.1120  0.6978  1.0000  -0.9539   0.0000   0.0000   0.0000   0.4116
   2.000   0.7381   0.00985   0.00439  -0.1127  0.6822  1.0000  -1.0151   0.0000   0.0000   0.0000   0.3989
   2.500   0.7946   0.00999   0.00448  -0.1130  0.6659  1.0000  -1.0788   0.0000   0.0000   0.0000   0.3879
   3.000   0.8508   0.01011   0.00450  -0.1131  0.6480  1.0000  -1.1472   0.0000   0.0000   0.0000   0.3780
   3.500   0.9067   0.01028   0.00456  -0.1131  0.6295  1.0000  -1.2204   0.0000   0.0000   0.0000   0.3693
   4.000   0.9612   0.01048   0.00469  -0.1129  0.6083  1.0000  -1.3015   0.0000   0.0000   0.0000   0.3613
   4.500   1.0144   0.01075   0.00491  -0.1124  0.5850  1.0000  -1.3909   0.0000   0.0000   0.0000   0.3542
   5.000   1.0666   0.01111   0.00519  -0.1118  0.5598  1.0000  -1.4957   0.0000   0.0000   0.0000   0.3475
   5.500   1.1173   0.01152   0.00557  -0.1110  0.5321  1.0000  -1.6119   0.0000   0.0000   0.0000   0.3414
   6.000   1.1668   0.01201   0.00603  -0.1100  0.5026  1.0000  -1.7469   0.0000   0.0000   0.0000   0.3357
   6.500   1.2142   0.01261   0.00656  -0.1087  0.4706  1.0000  -1.9044   0.0000   0.0000   0.0000   0.3303
   7.000   1.2592   0.01336   0.00720  -0.1071  0.4375  1.0000  -2.0873   0.0000   0.0000   0.0000   0.3251
   7.500   1.3036   0.01411   0.00795  -0.1054  0.4060  1.0000  -2.3211   0.0000   0.0000   0.0000   0.3202
   8.000   1.3419   0.01513   0.00883  -0.1029  0.3683  1.0000  -2.6105   0.0000   0.0000   0.0000   0.3153
   8.500   1.3800   0.01612   0.00981  -0.1004  0.3351  1.0000  -2.9184   0.0000   0.0000   0.0000   0.3106
   9.000   1.4115   0.01732   0.01094  -0.0969  0.3024  1.0000  -3.2146   0.0000   0.0000   0.0000   0.3058
   9.500   1.4362   0.01883   0.01235  -0.0927  0.2664  1.0000  -3.4962   0.0000   0.0000   0.0000   0.3009
  10.000   1.4591   0.02058   0.01408  -0.0887  0.2330  1.0000  -3.7772   0.0000   0.0000   0.0000   0.2963
  10.500   1.4760   0.02287   0.01626  -0.0845  0.2013  1.0000  -4.0409   0.0000   0.0000   0.0000   0.2920
  11.000   1.4938   0.02533   0.01869  -0.0810  0.1687  1.0000  -4.3206   0.0000   0.0000   0.0000   0.2881
  11.500   1.5039   0.02856   0.02181  -0.0773  0.1381  1.0000  -4.5734   0.0000   0.0000   0.0000   0.2843
  12.000   1.5105   0.03228   0.02545  -0.0739  0.1115  1.0000  -4.8123   0.0000   0.0000   0.0000   0.2809
  12.500   1.5161   0.03630   0.02945  -0.0708  0.0902  1.0000  -5.0466   0.0000   0.0000   0.0000   0.2777
  13.000   1.5179   0.04086   0.03402  -0.0680  0.0739  1.0000  -5.2620   0.0000   0.0000   0.0000   0.2749
  13.500   1.5224   0.04536   0.03871  -0.0658  0.0623  1.0000  -5.4858   0.0000   0.0000   0.0000   0.2722
  14.000   1.5122   0.05170   0.04513  -0.0636  0.0522  1.0000  -5.6331   0.0000   0.0000   0.0000   0.2700
  14.500   1.5137   0.05717   0.05079  -0.0624  0.0455  1.0000  -5.8433   0.0000   0.0000   0.0000   0.2682
  15.000   1.4944   0.06538   0.05910  -0.0615  0.0391  1.0000  -5.9243   0.0000   0.0000   0.0000   0.2670


