xflr5 v6.59

 Calculated polar for: revR_20_revT

 1 1 Reynolds number fixed          Mach number fixed         

 xtrf =   1.000 (top)        1.000 (bottom)
 Mach =   0.000     Re =     0.305 e 6     Ncrit =   9.000

  alpha     CL        CD       CDp       Cm    Top Xtr Bot Xtr   Cpmin    Chinge    XCp    
 ------- -------- --------- --------- -------- ------- ------- -------- --------- ---------
  -5.000  -0.1766   0.01287   0.00605  -0.0843  0.8943  0.0648  -2.4591   0.0000   0.0000   0.0000  -0.2410
  -4.500  -0.1274   0.01197   0.00514  -0.0830  0.8789  0.0903  -2.1385   0.0000   0.0000   0.0000  -0.4176
  -4.000  -0.0763   0.01125   0.00454  -0.0820  0.8644  0.1434  -1.8067   0.0000   0.0000   0.0000  -0.8483
  -3.500  -0.0244   0.01063   0.00413  -0.0813  0.8508  0.2208  -1.4827   0.0000   0.0000   0.0000  -3.1452
  -3.000   0.0258   0.00999   0.00387  -0.0805  0.8366  0.3305  -1.2258   0.0000   0.0000   0.0000   3.4219
  -2.500   0.0772   0.00940   0.00363  -0.0796  0.8231  0.4613  -1.0183   0.0000   0.0000   0.0000   1.2936
  -2.000   0.1255   0.00885   0.00359  -0.0778  0.8082  0.6147  -0.8239   0.0000   0.0000   0.0000   0.8755
  -1.500   0.1766   0.00870   0.00365  -0.0762  0.7951  0.7124  -0.6331   0.0000   0.0000   0.0000   0.6839
  -1.000   0.2279   0.00865   0.00364  -0.0744  0.7801  0.7773  -0.5521   0.0000   0.0000   0.0000   0.5774
  -0.500   0.2784   0.00864   0.00365  -0.0726  0.7641  0.8232  -0.5943   0.0000   0.0000   0.0000   0.5104
   0.000   0.3283   0.00863   0.00362  -0.0704  0.7494  0.8616  -0.6366   0.0000   0.0000   0.0000   0.4634
   0.500   0.3768   0.00858   0.00356  -0.0680  0.7327  0.8996  -0.6841   0.0000   0.0000   0.0000   0.4287
   1.000   0.4293   0.00853   0.00351  -0.0665  0.7141  0.9360  -0.7359   0.0000   0.0000   0.0000   0.4025
   1.500   0.4999   0.00856   0.00348  -0.0691  0.6953  0.9667  -0.8026   0.0000   0.0000   0.0000   0.3853
   2.000   0.5855   0.00860   0.00342  -0.0752  0.6725  0.9844  -0.8863   0.0000   0.0000   0.0000   0.3750
   2.500   0.6659   0.00865   0.00338  -0.0805  0.6479  1.0000  -0.9743   0.0000   0.0000   0.0000   0.3671
   3.000   0.6988   0.00876   0.00340  -0.0763  0.6228  1.0000  -1.0354   0.0000   0.0000   0.0000   0.3550
   3.500   0.7415   0.00898   0.00351  -0.0738  0.5951  1.0000  -1.1114   0.0000   0.0000   0.0000   0.3448
   4.000   0.7883   0.00929   0.00369  -0.0720  0.5655  1.0000  -1.2138   0.0000   0.0000   0.0000   0.3361
   4.500   0.8361   0.00964   0.00397  -0.0704  0.5333  1.0000  -1.3287   0.0000   0.0000   0.0000   0.3285
   5.000   0.8835   0.01006   0.00429  -0.0688  0.4991  1.0000  -1.4804   0.0000   0.0000   0.0000   0.3217
   5.500   0.9295   0.01057   0.00470  -0.0670  0.4609  1.0000  -1.7581   0.0000   0.0000   0.0000   0.3153
   6.000   0.9752   0.01113   0.00517  -0.0652  0.4259  1.0000  -2.0754   0.0000   0.0000   0.0000   0.3095
   6.500   1.0183   0.01178   0.00570  -0.0630  0.3835  1.0000  -2.3994   0.0000   0.0000   0.0000   0.3040
   7.000   1.0594   0.01253   0.00632  -0.0606  0.3410  1.0000  -2.7300   0.0000   0.0000   0.0000   0.2987
   7.500   1.0967   0.01344   0.00707  -0.0576  0.2906  1.0000  -3.0635   0.0000   0.0000   0.0000   0.2934
   8.000   1.1306   0.01450   0.00792  -0.0542  0.2404  1.0000  -3.4075   0.0000   0.0000   0.0000   0.2882
   8.500   1.1616   0.01564   0.00889  -0.0504  0.1960  1.0000  -3.7500   0.0000   0.0000   0.0000   0.2830
   9.000   1.1844   0.01693   0.01001  -0.0452  0.1544  1.0000  -4.0663   0.0000   0.0000   0.0000   0.2772
   9.500   1.2013   0.01850   0.01142  -0.0395  0.1153  1.0000  -4.3625   0.0000   0.0000   0.0000   0.2712
  10.000   1.2195   0.02015   0.01297  -0.0345  0.0868  1.0000  -4.6654   0.0000   0.0000   0.0000   0.2659
  10.500   1.2361   0.02202   0.01482  -0.0297  0.0668  1.0000  -4.9588   0.0000   0.0000   0.0000   0.2609
  11.000   1.2494   0.02425   0.01707  -0.0252  0.0511  1.0000  -5.2283   0.0000   0.0000   0.0000   0.2563
  11.500   1.2527   0.02738   0.02020  -0.0204  0.0372  1.0000  -5.4198   0.0000   0.0000   0.0000   0.2516
  12.000   1.2593   0.03062   0.02352  -0.0167  0.0285  1.0000  -5.6021   0.0000   0.0000   0.0000   0.2477
  12.500   1.2485   0.03563   0.02876  -0.0127  0.0243  1.0000  -5.6494   0.0000   0.0000   0.0000   0.2437
  13.000   1.2535   0.03972   0.03311  -0.0105  0.0226  1.0000  -5.8156   0.0000   0.0000   0.0000   0.2410
  13.500   1.2555   0.04442   0.03804  -0.0088  0.0214  1.0000  -5.9640   0.0000   0.0000   0.0000   0.2387
  14.000   1.2571   0.04951   0.04336  -0.0077  0.0206  1.0000  -6.1084   0.0000   0.0000   0.0000   0.2369
  14.500   1.2582   0.05506   0.04913  -0.0073  0.0199  1.0000  -6.2457   0.0000   0.0000   0.0000   0.2356
  15.000   1.2585   0.06107   0.05537  -0.0075  0.0194  1.0000  -6.3767   0.0000   0.0000   0.0000   0.2348


