xflr5 v6.59

 Calculated polar for: revR_25_revT

 1 1 Reynolds number fixed          Mach number fixed         

 xtrf =   1.000 (top)        1.000 (bottom)
 Mach =   0.000     Re =     0.355 e 6     Ncrit =   9.000

  alpha     CL        CD       CDp       Cm    Top Xtr Bot Xtr   Cpmin    Chinge    XCp    
 ------- -------- --------- --------- -------- ------- ------- -------- --------- ---------
  -5.000  -0.1658   0.01254   0.00584  -0.0860  0.8712  0.0565  -2.4824   0.0000   0.0000   0.0000  -0.2838
  -4.500  -0.1139   0.01153   0.00476  -0.0853  0.8570  0.0779  -2.1570   0.0000   0.0000   0.0000  -0.5174
  -4.000  -0.0607   0.01079   0.00413  -0.0849  0.8441  0.1243  -1.8175   0.0000   0.0000   0.0000  -1.1785
  -3.500  -0.0072   0.01019   0.00374  -0.0846  0.8309  0.1922  -1.4947   0.0000   0.0000   0.0000  -11.7587
  -3.000   0.0465   0.00964   0.00347  -0.0844  0.8187  0.2873  -1.2345   0.0000   0.0000   0.0000   2.0912
  -2.500   0.0997   0.00905   0.00322  -0.0840  0.8050  0.4066  -1.0220   0.0000   0.0000   0.0000   1.1019
  -2.000   0.1523   0.00853   0.00314  -0.0834  0.7921  0.5465  -0.8194   0.0000   0.0000   0.0000   0.8022
  -1.500   0.2045   0.00822   0.00314  -0.0822  0.7791  0.6742  -0.6258   0.0000   0.0000   0.0000   0.6539
  -1.000   0.2571   0.00812   0.00318  -0.0810  0.7646  0.7481  -0.5753   0.0000   0.0000   0.0000   0.5655
  -0.500   0.3100   0.00811   0.00317  -0.0797  0.7503  0.7990  -0.6187   0.0000   0.0000   0.0000   0.5066
   0.000   0.3616   0.00807   0.00317  -0.0781  0.7354  0.8387  -0.6626   0.0000   0.0000   0.0000   0.4648
   0.500   0.4120   0.00806   0.00317  -0.0763  0.7190  0.8759  -0.7099   0.0000   0.0000   0.0000   0.4334
   1.000   0.4607   0.00804   0.00312  -0.0740  0.7022  0.9122  -0.7596   0.0000   0.0000   0.0000   0.4083
   1.500   0.5137   0.00799   0.00304  -0.0727  0.6838  0.9511  -0.8168   0.0000   0.0000   0.0000   0.3886
   2.000   0.5877   0.00797   0.00297  -0.0764  0.6622  0.9865  -0.8899   0.0000   0.0000   0.0000   0.3765
   2.500   0.6511   0.00806   0.00297  -0.0783  0.6389  1.0000  -0.9637   0.0000   0.0000   0.0000   0.3664
   3.000   0.7037   0.00826   0.00305  -0.0779  0.6144  1.0000  -1.0360   0.0000   0.0000   0.0000   0.3564
   3.500   0.7571   0.00852   0.00320  -0.0776  0.5869  1.0000  -1.1184   0.0000   0.0000   0.0000   0.3476
   4.000   0.8102   0.00880   0.00341  -0.0771  0.5568  1.0000  -1.2206   0.0000   0.0000   0.0000   0.3399
   4.500   0.8626   0.00918   0.00369  -0.0766  0.5246  1.0000  -1.3348   0.0000   0.0000   0.0000   0.3329
   5.000   0.9139   0.00965   0.00403  -0.0759  0.4907  1.0000  -1.4844   0.0000   0.0000   0.0000   0.3266
   5.500   0.9647   0.01014   0.00444  -0.0751  0.4529  1.0000  -1.7296   0.0000   0.0000   0.0000   0.3209
   6.000   1.0147   0.01073   0.00494  -0.0743  0.4169  1.0000  -2.0544   0.0000   0.0000   0.0000   0.3157
   6.500   1.0623   0.01147   0.00550  -0.0731  0.3715  1.0000  -2.3883   0.0000   0.0000   0.0000   0.3107
   7.000   1.1087   0.01230   0.00618  -0.0719  0.3238  1.0000  -2.7369   0.0000   0.0000   0.0000   0.3061
   7.500   1.1527   0.01331   0.00697  -0.0704  0.2691  1.0000  -3.1043   0.0000   0.0000   0.0000   0.3018
   8.000   1.1955   0.01441   0.00788  -0.0688  0.2223  1.0000  -3.4803   0.0000   0.0000   0.0000   0.2976
   8.500   1.2362   0.01563   0.00894  -0.0670  0.1788  1.0000  -3.8597   0.0000   0.0000   0.0000   0.2935
   9.000   1.2721   0.01714   0.01025  -0.0646  0.1320  1.0000  -4.2301   0.0000   0.0000   0.0000   0.2894
   9.500   1.3030   0.01881   0.01173  -0.0616  0.0946  1.0000  -4.5867   0.0000   0.0000   0.0000   0.2852
  10.000   1.3312   0.02048   0.01334  -0.0582  0.0705  1.0000  -4.9350   0.0000   0.0000   0.0000   0.2809
  10.500   1.3553   0.02243   0.01527  -0.0547  0.0525  1.0000  -5.2624   0.0000   0.0000   0.0000   0.2768
  11.000   1.3730   0.02495   0.01780  -0.0510  0.0377  1.0000  -5.5410   0.0000   0.0000   0.0000   0.2727
  11.500   1.3765   0.02883   0.02174  -0.0467  0.0257  1.0000  -5.6878   0.0000   0.0000   0.0000   0.2687
  12.000   1.3905   0.03209   0.02524  -0.0439  0.0224  1.0000  -5.9090   0.0000   0.0000   0.0000   0.2655
  12.500   1.3976   0.03616   0.02950  -0.0415  0.0204  1.0000  -6.1078   0.0000   0.0000   0.0000   0.2626
  13.000   1.3983   0.04112   0.03466  -0.0393  0.0191  1.0000  -6.2695   0.0000   0.0000   0.0000   0.2602
  13.500   1.3921   0.04702   0.04079  -0.0375  0.0182  1.0000  -6.3819   0.0000   0.0000   0.0000   0.2580
  14.000   1.3811   0.05372   0.04776  -0.0361  0.0174  1.0000  -6.4515   0.0000   0.0000   0.0000   0.2562
  14.500   1.3672   0.06109   0.05545  -0.0348  0.0168  1.0000  -6.4789   0.0000   0.0000   0.0000   0.2546
  15.000   1.3618   0.06795   0.06258  -0.0347  0.0165  1.0000  -6.5852   0.0000   0.0000   0.0000   0.2536


