xflr5 v6.59

 Calculated polar for: revR_60_revT

 1 1 Reynolds number fixed          Mach number fixed         

 xtrf =   1.000 (top)        1.000 (bottom)
 Mach =   0.000     Re =     0.185 e 6     Ncrit =   9.000

  alpha     CL        CD       CDp       Cm    Top Xtr Bot Xtr   Cpmin    Chinge    XCp    
 ------- -------- --------- --------- -------- ------- ------- -------- --------- ---------
  -5.000  -0.0245   0.01872   0.01131  -0.1233  0.8767  0.0739  -2.2790   0.0000   0.0000   0.0000  -4.9036
  -4.500   0.0266   0.01742   0.00991  -0.1227  0.8659  0.0912  -2.0011   0.0000   0.0000   0.0000   4.9633
  -4.000   0.0809   0.01640   0.00890  -0.1224  0.8554  0.1254  -1.7412   0.0000   0.0000   0.0000   1.7933
  -3.500   0.1367   0.01552   0.00823  -0.1226  0.8460  0.1943  -1.5088   0.0000   0.0000   0.0000   1.1615
  -3.000   0.1884   0.01494   0.00795  -0.1222  0.8334  0.2851  -1.2827   0.0000   0.0000   0.0000   0.9075
  -2.500   0.2461   0.01432   0.00763  -0.1223  0.8251  0.3994  -1.0525   0.0000   0.0000   0.0000   0.7525
  -2.000   0.2952   0.01398   0.00776  -0.1212  0.8117  0.5290  -0.8536   0.0000   0.0000   0.0000   0.6641
  -1.500   0.3480   0.01357   0.00772  -0.1194  0.8023  0.6740  -0.6614   0.0000   0.0000   0.0000   0.5953
  -1.000   0.3931   0.01363   0.00797  -0.1164  0.7883  0.7673  -0.6976   0.0000   0.0000   0.0000   0.5470
  -0.500   0.4396   0.01348   0.00784  -0.1129  0.7784  0.8411  -0.7359   0.0000   0.0000   0.0000   0.5067
   0.000   0.4767   0.01349   0.00790  -0.1080  0.7645  0.9068  -0.7693   0.0000   0.0000   0.0000   0.4756
   0.500   0.5491   0.01303   0.00730  -0.1100  0.7539  0.9807  -0.8292   0.0000   0.0000   0.0000   0.4486
   1.000   0.6089   0.01314   0.00730  -0.1116  0.7384  1.0000  -0.8802   0.0000   0.0000   0.0000   0.4309
   1.500   0.6709   0.01310   0.00703  -0.1127  0.7269  1.0000  -0.9416   0.0000   0.0000   0.0000   0.4150
   2.000   0.7258   0.01320   0.00707  -0.1127  0.7102  1.0000  -0.9996   0.0000   0.0000   0.0000   0.4017
   2.500   0.7821   0.01328   0.00705  -0.1128  0.6940  1.0000  -1.0631   0.0000   0.0000   0.0000   0.3899
   3.000   0.8422   0.01325   0.00686  -0.1132  0.6796  1.0000  -1.1343   0.0000   0.0000   0.0000   0.3796
   3.500   0.8957   0.01331   0.00692  -0.1126  0.6597  1.0000  -1.2052   0.0000   0.0000   0.0000   0.3704
   4.000   0.9498   0.01344   0.00703  -0.1122  0.6398  1.0000  -1.2845   0.0000   0.0000   0.0000   0.3622
   4.500   1.0039   0.01359   0.00715  -0.1117  0.6187  1.0000  -1.3744   0.0000   0.0000   0.0000   0.3547
   5.000   1.0570   0.01378   0.00731  -0.1111  0.5955  1.0000  -1.4772   0.0000   0.0000   0.0000   0.3479
   5.500   1.1089   0.01406   0.00755  -0.1102  0.5700  1.0000  -1.5944   0.0000   0.0000   0.0000   0.3416
   6.000   1.1594   0.01443   0.00787  -0.1092  0.5421  1.0000  -1.7263   0.0000   0.0000   0.0000   0.3357
   6.500   1.2085   0.01496   0.00829  -0.1080  0.5128  1.0000  -1.8862   0.0000   0.0000   0.0000   0.3302
   7.000   1.2538   0.01559   0.00895  -0.1063  0.4803  1.0000  -2.0638   0.0000   0.0000   0.0000   0.3249
   7.500   1.2968   0.01634   0.00964  -0.1042  0.4458  1.0000  -2.2820   0.0000   0.0000   0.0000   0.3198
   8.000   1.3380   0.01728   0.01052  -0.1020  0.4137  1.0000  -2.5746   0.0000   0.0000   0.0000   0.3149
   8.500   1.3734   0.01828   0.01153  -0.0989  0.3765  1.0000  -2.8685   0.0000   0.0000   0.0000   0.3100
   9.000   1.4043   0.01957   0.01270  -0.0954  0.3419  1.0000  -3.1600   0.0000   0.0000   0.0000   0.3051
   9.500   1.4302   0.02090   0.01409  -0.0911  0.3095  1.0000  -3.4417   0.0000   0.0000   0.0000   0.3001
  10.000   1.4477   0.02271   0.01581  -0.0862  0.2752  1.0000  -3.7007   0.0000   0.0000   0.0000   0.2951
  10.500   1.4624   0.02490   0.01803  -0.0816  0.2410  1.0000  -3.9523   0.0000   0.0000   0.0000   0.2905
  11.000   1.4736   0.02762   0.02071  -0.0773  0.2082  1.0000  -4.1960   0.0000   0.0000   0.0000   0.2863
  11.500   1.4791   0.03106   0.02406  -0.0732  0.1776  1.0000  -4.4230   0.0000   0.0000   0.0000   0.2825
  12.000   1.4855   0.03476   0.02779  -0.0699  0.1480  1.0000  -4.6531   0.0000   0.0000   0.0000   0.2790
  12.500   1.4862   0.03919   0.03219  -0.0666  0.1228  1.0000  -4.8562   0.0000   0.0000   0.0000   0.2759
  13.000   1.4838   0.04416   0.03719  -0.0638  0.1026  1.0000  -5.0410   0.0000   0.0000   0.0000   0.2730
  13.500   1.4777   0.04977   0.04283  -0.0613  0.0863  1.0000  -5.2023   0.0000   0.0000   0.0000   0.2705
  14.000   1.4665   0.05628   0.04939  -0.0594  0.0726  1.0000  -5.3317   0.0000   0.0000   0.0000   0.2685
  14.500   1.4668   0.06201   0.05538  -0.0583  0.0630  1.0000  -5.5175   0.0000   0.0000   0.0000   0.2668
  15.000   1.4522   0.06951   0.06288  -0.0571  0.0539  1.0000  -5.6142   0.0000   0.0000   0.0000   0.2653


