xflr5 v6.59

 Calculated polar for: revR_45_revT

 1 1 Reynolds number fixed          Mach number fixed         

 xtrf =   1.000 (top)        1.000 (bottom)
 Mach =   0.000     Re =     0.460 e 6     Ncrit =   9.000

  alpha     CL        CD       CDp       Cm    Top Xtr Bot Xtr   Cpmin    Chinge    XCp    
 ------- -------- --------- --------- -------- ------- ------- -------- --------- ---------
  -5.000  -0.0885   0.01158   0.00512  -0.1030  0.8218  0.0493  -2.4732   0.0000   0.0000   0.0000  -0.9442
  -4.500  -0.0341   0.01073   0.00420  -0.1028  0.8108  0.0655  -2.1368   0.0000   0.0000   0.0000  -2.8326
  -4.000   0.0215   0.01024   0.00367  -0.1028  0.8004  0.0938  -1.7996   0.0000   0.0000   0.0000   5.1141
  -3.500   0.0766   0.00968   0.00331  -0.1028  0.7901  0.1477  -1.5027   0.0000   0.0000   0.0000   1.6137
  -3.000   0.1323   0.00924   0.00304  -0.1029  0.7801  0.2185  -1.2657   0.0000   0.0000   0.0000   1.0386
  -2.500   0.1876   0.00881   0.00285  -0.1030  0.7688  0.3006  -1.0386   0.0000   0.0000   0.0000   0.8048
  -2.000   0.2432   0.00840   0.00268  -0.1031  0.7581  0.3989  -0.8210   0.0000   0.0000   0.0000   0.6769
  -1.500   0.2979   0.00796   0.00264  -0.1030  0.7472  0.5355  -0.6255   0.0000   0.0000   0.0000   0.5970
  -1.000   0.3526   0.00767   0.00261  -0.1025  0.7351  0.6411  -0.6610   0.0000   0.0000   0.0000   0.5410
  -0.500   0.4063   0.00754   0.00269  -0.1017  0.7223  0.7343  -0.7012   0.0000   0.0000   0.0000   0.4996
   0.000   0.4606   0.00751   0.00270  -0.1009  0.7098  0.7858  -0.7477   0.0000   0.0000   0.0000   0.4677
   0.500   0.5144   0.00751   0.00274  -0.1001  0.6960  0.8268  -0.7953   0.0000   0.0000   0.0000   0.4426
   1.000   0.5658   0.00752   0.00275  -0.0986  0.6806  0.8678  -0.8459   0.0000   0.0000   0.0000   0.4217
   1.500   0.6157   0.00746   0.00276  -0.0969  0.6646  0.9056  -0.9000   0.0000   0.0000   0.0000   0.4042
   2.000   0.6667   0.00742   0.00274  -0.0953  0.6468  0.9545  -0.9590   0.0000   0.0000   0.0000   0.3893
   2.500   0.7346   0.00748   0.00273  -0.0980  0.6264  1.0000  -1.0302   0.0000   0.0000   0.0000   0.3792
   3.000   0.7908   0.00769   0.00282  -0.0983  0.6044  1.0000  -1.1020   0.0000   0.0000   0.0000   0.3695
   3.500   0.8460   0.00794   0.00298  -0.0983  0.5812  1.0000  -1.1787   0.0000   0.0000   0.0000   0.3609
   4.000   0.9002   0.00824   0.00319  -0.0981  0.5540  1.0000  -1.2643   0.0000   0.0000   0.0000   0.3532
   4.500   0.9536   0.00860   0.00346  -0.0978  0.5258  1.0000  -1.3671   0.0000   0.0000   0.0000   0.3462
   5.000   1.0056   0.00905   0.00379  -0.0973  0.4953  1.0000  -1.4792   0.0000   0.0000   0.0000   0.3398
   5.500   1.0569   0.00954   0.00419  -0.0966  0.4623  1.0000  -1.6244   0.0000   0.0000   0.0000   0.3339
   6.000   1.1073   0.01009   0.00465  -0.0959  0.4287  1.0000  -1.7861   0.0000   0.0000   0.0000   0.3285
   6.500   1.1558   0.01076   0.00519  -0.0949  0.3927  1.0000  -2.0475   0.0000   0.0000   0.0000   0.3234
   7.000   1.2031   0.01150   0.00580  -0.0938  0.3540  1.0000  -2.3661   0.0000   0.0000   0.0000   0.3186
   7.500   1.2488   0.01233   0.00652  -0.0925  0.3157  1.0000  -2.7050   0.0000   0.0000   0.0000   0.3140
   8.000   1.2898   0.01343   0.00738  -0.0905  0.2651  1.0000  -3.0423   0.0000   0.0000   0.0000   0.3094
   8.500   1.3295   0.01456   0.00836  -0.0885  0.2250  1.0000  -3.3875   0.0000   0.0000   0.0000   0.3050
   9.000   1.3659   0.01582   0.00946  -0.0859  0.1876  1.0000  -3.7314   0.0000   0.0000   0.0000   0.3007
   9.500   1.3961   0.01724   0.01072  -0.0825  0.1499  1.0000  -4.0614   0.0000   0.0000   0.0000   0.2961
  10.000   1.4205   0.01902   0.01233  -0.0786  0.1155  1.0000  -4.3750   0.0000   0.0000   0.0000   0.2916
  10.500   1.4443   0.02090   0.01414  -0.0750  0.0904  1.0000  -4.6916   0.0000   0.0000   0.0000   0.2874
  11.000   1.4655   0.02309   0.01632  -0.0716  0.0706  1.0000  -5.0008   0.0000   0.0000   0.0000   0.2835
  11.500   1.4837   0.02565   0.01887  -0.0683  0.0546  1.0000  -5.2969   0.0000   0.0000   0.0000   0.2798
  12.000   1.4968   0.02878   0.02198  -0.0650  0.0415  1.0000  -5.5663   0.0000   0.0000   0.0000   0.2763
  12.500   1.5126   0.03182   0.02514  -0.0624  0.0342  1.0000  -5.8448   0.0000   0.0000   0.0000   0.2732
  13.000   1.5118   0.03656   0.02997  -0.0592  0.0259  1.0000  -6.0082   0.0000   0.0000   0.0000   0.2701
  13.500   1.5200   0.04064   0.03422  -0.0571  0.0226  1.0000  -6.2293   0.0000   0.0000   0.0000   0.2675
  14.000   1.5170   0.04607   0.03978  -0.0551  0.0198  1.0000  -6.3848   0.0000   0.0000   0.0000   0.2652
  14.500   1.4987   0.05363   0.04761  -0.0535  0.0178  1.0000  -6.4404   0.0000   0.0000   0.0000   0.2635
  15.000   1.4783   0.06199   0.05632  -0.0527  0.0169  1.0000  -6.4803   0.0000   0.0000   0.0000   0.2625


