xflr5 v6.59

 Calculated polar for: revR_70_revT

 1 1 Reynolds number fixed          Mach number fixed         

 xtrf =   1.000 (top)        1.000 (bottom)
 Mach =   0.000     Re =     0.080 e 6     Ncrit =   9.000

  alpha     CL        CD       CDp       Cm    Top Xtr Bot Xtr   Cpmin    Chinge    XCp    
 ------- -------- --------- --------- -------- ------- ------- -------- --------- ---------
  -5.000  -0.2789   0.04711   0.04074  -0.0884  0.9437  0.1062  -2.3991   0.0000   0.0000   0.0000  -0.0785
  -4.500  -0.2122   0.03993   0.03240  -0.0952  0.9339  0.1085  -2.3205   0.0000   0.0000   0.0000  -0.2133
  -4.000  -0.1194   0.03544   0.02666  -0.1035  0.9250  0.1194  -2.1228   0.0000   0.0000   0.0000  -0.6408
  -3.500  -0.0604   0.03352   0.02441  -0.1054  0.9126  0.1411  -1.9063   0.0000   0.0000   0.0000  -1.5365
  -3.000   0.0192   0.03183   0.02278  -0.1106  0.9016  0.1951  -1.6673   0.0000   0.0000   0.0000   6.1339
  -2.500   0.0778   0.03104   0.02234  -0.1123  0.8886  0.2792  -1.4718   0.0000   0.0000   0.0000   1.7181
  -2.000   0.1520   0.03040   0.02236  -0.1161  0.8767  0.4380  -1.2251   0.0000   0.0000   0.0000   1.0246
  -1.500   0.1964   0.03048   0.02319  -0.1142  0.8614  0.6107  -1.0348   0.0000   0.0000   0.0000   0.8377
  -1.000   0.2439   0.03055   0.02375  -0.1091  0.8496  0.8138  -0.8385   0.0000   0.0000   0.0000   0.7011
  -0.500   0.2677   0.03084   0.02400  -0.1034  0.8301  1.0000  -0.7117   0.0000   0.0000   0.0000   0.6385
   0.000   0.3326   0.03199   0.02466  -0.1071  0.8133  1.0000  -0.6487   0.0000   0.0000   0.0000   0.5726
   0.500   0.4148   0.03260   0.02487  -0.1120  0.8010  1.0000  -0.7097   0.0000   0.0000   0.0000   0.5192
   1.000   0.4593   0.03396   0.02600  -0.1117  0.7808  1.0000  -0.7460   0.0000   0.0000   0.0000   0.4915
   2.000   0.5957   0.03504   0.02670  -0.1155  0.7514  1.0000  -0.8659   0.0000   0.0000   0.0000   0.4407
   2.500   0.6356   0.03649   0.02808  -0.1142  0.7299  1.0000  -0.9085   0.0000   0.0000   0.0000   0.4257
   3.500   0.7759   0.03608   0.02756  -0.1161  0.7019  1.0000  -1.0555   0.0000   0.0000   0.0000   0.3945
   5.000   0.9572   0.03510   0.02670  -0.1143  0.6525  1.0000  -1.3039   0.0000   0.0000   0.0000   0.3624
   5.500   1.0024   0.03544   0.02714  -0.1122  0.6305  1.0000  -1.3865   0.0000   0.0000   0.0000   0.3542
   6.000   1.0477   0.03589   0.02771  -0.1102  0.6090  1.0000  -1.4786   0.0000   0.0000   0.0000   0.3468
   6.500   1.1020   0.03548   0.02745  -0.1085  0.5885  1.0000  -1.6030   0.0000   0.0000   0.0000   0.3394
   7.000   1.1716   0.03384   0.02594  -0.1080  0.5692  1.0000  -1.7587   0.0000   0.0000   0.0000   0.3324
   7.500   1.2458   0.03205   0.02426  -0.1081  0.5480  1.0000  -1.9665   0.0000   0.0000   0.0000   0.3263
   8.000   1.3061   0.03120   0.02350  -0.1069  0.5207  1.0000  -2.1790   0.0000   0.0000   0.0000   0.3206
   8.500   1.3639   0.03072   0.02309  -0.1057  0.4908  1.0000  -2.4366   0.0000   0.0000   0.0000   0.3154
   9.000   1.4274   0.03019   0.02239  -0.1052  0.4580  1.0000  -2.7806   0.0000   0.0000   0.0000   0.3108
   9.500   1.4523   0.03155   0.02394  -0.1005  0.4232  1.0000  -3.0357   0.0000   0.0000   0.0000   0.3055
  10.000   1.4925   0.03236   0.02473  -0.0976  0.3882  1.0000  -3.3604   0.0000   0.0000   0.0000   0.3008
  10.500   1.5112   0.03407   0.02650  -0.0923  0.3532  1.0000  -3.6266   0.0000   0.0000   0.0000   0.2957
  11.000   1.5227   0.03587   0.02827  -0.0863  0.3189  1.0000  -3.8724   0.0000   0.0000   0.0000   0.2903
  11.500   1.5330   0.03823   0.03052  -0.0808  0.2856  1.0000  -4.1148   0.0000   0.0000   0.0000   0.2854
  12.000   1.5295   0.04156   0.03397  -0.0747  0.2552  1.0000  -4.2950   0.0000   0.0000   0.0000   0.2807
  12.500   1.5258   0.04526   0.03772  -0.0695  0.2255  1.0000  -4.4748   0.0000   0.0000   0.0000   0.2764
  13.000   1.5209   0.04942   0.04182  -0.0650  0.1981  1.0000  -4.6486   0.0000   0.0000   0.0000   0.2727
  13.500   1.5215   0.05393   0.04614  -0.0614  0.1713  1.0000  -4.8378   0.0000   0.0000   0.0000   0.2692
  14.000   1.5072   0.05964   0.05211  -0.0580  0.1522  1.0000  -4.9478   0.0000   0.0000   0.0000   0.2664
  14.500   1.4963   0.06596   0.05868  -0.0554  0.1346  1.0000  -5.0538   0.0000   0.0000   0.0000   0.2639
  15.000   1.4852   0.07268   0.06558  -0.0534  0.1196  1.0000  -5.1531   0.0000   0.0000   0.0000   0.2618


