xflr5 v6.59

 Calculated polar for: revR_75_revT

 1 1 Reynolds number fixed          Mach number fixed         

 xtrf =   1.000 (top)        1.000 (bottom)
 Mach =   0.000     Re =     0.435 e 6     Ncrit =   9.000

  alpha     CL        CD       CDp       Cm    Top Xtr Bot Xtr   Cpmin    Chinge    XCp    
 ------- -------- --------- --------- -------- ------- ------- -------- --------- ---------
  -5.000   0.0378   0.01247   0.00594  -0.1314  0.7949  0.0470  -2.3248   0.0000   0.0000   0.0000   3.8154
  -4.500   0.0932   0.01149   0.00489  -0.1316  0.7870  0.0593  -2.0598   0.0000   0.0000   0.0000   1.6919
  -4.000   0.1498   0.01088   0.00425  -0.1318  0.7784  0.0815  -1.7987   0.0000   0.0000   0.0000   1.1463
  -3.500   0.2064   0.01044   0.00388  -0.1321  0.7699  0.1220  -1.5387   0.0000   0.0000   0.0000   0.9002
  -3.000   0.2629   0.01002   0.00363  -0.1324  0.7617  0.1792  -1.2931   0.0000   0.0000   0.0000   0.7603
  -2.500   0.3198   0.00964   0.00342  -0.1328  0.7531  0.2493  -1.0573   0.0000   0.0000   0.0000   0.6693
  -2.000   0.3766   0.00937   0.00332  -0.1331  0.7439  0.3243  -0.8412   0.0000   0.0000   0.0000   0.6060
  -1.500   0.4330   0.00899   0.00321  -0.1334  0.7339  0.4265  -0.7451   0.0000   0.0000   0.0000   0.5592
  -1.000   0.4900   0.00876   0.00319  -0.1336  0.7245  0.5318  -0.7881   0.0000   0.0000   0.0000   0.5228
  -0.500   0.5448   0.00847   0.00327  -0.1333  0.7147  0.6528  -0.8301   0.0000   0.0000   0.0000   0.4940
   0.000   0.5994   0.00834   0.00329  -0.1327  0.7033  0.7408  -0.8726   0.0000   0.0000   0.0000   0.4698
   0.500   0.6532   0.00836   0.00340  -0.1319  0.6931  0.8016  -0.9202   0.0000   0.0000   0.0000   0.4497
   1.000   0.7050   0.00829   0.00341  -0.1306  0.6809  0.8521  -0.9715   0.0000   0.0000   0.0000   0.4324
   1.500   0.7538   0.00825   0.00342  -0.1287  0.6676  0.9004  -1.0214   0.0000   0.0000   0.0000   0.4172
   2.000   0.8086   0.00809   0.00326  -0.1279  0.6531  0.9963  -1.0831   0.0000   0.0000   0.0000   0.4041
   2.500   0.8671   0.00823   0.00336  -0.1288  0.6382  1.0000  -1.1489   0.0000   0.0000   0.0000   0.3938
   3.000   0.9237   0.00841   0.00342  -0.1291  0.6200  1.0000  -1.2145   0.0000   0.0000   0.0000   0.3844
   4.000   1.0343   0.00890   0.00377  -0.1292  0.5823  1.0000  -1.3630   0.0000   0.0000   0.0000   0.3683
   4.500   1.0877   0.00922   0.00402  -0.1288  0.5593  1.0000  -1.4436   0.0000   0.0000   0.0000   0.3613
   5.000   1.1399   0.00960   0.00433  -0.1284  0.5348  1.0000  -1.5403   0.0000   0.0000   0.0000   0.3548
   5.500   1.1911   0.01005   0.00471  -0.1277  0.5100  1.0000  -1.6435   0.0000   0.0000   0.0000   0.3488
   6.000   1.2396   0.01063   0.00516  -0.1267  0.4807  1.0000  -1.7671   0.0000   0.0000   0.0000   0.3430
   6.500   1.2877   0.01122   0.00570  -0.1256  0.4536  1.0000  -1.8930   0.0000   0.0000   0.0000   0.3377
   7.000   1.3335   0.01189   0.00630  -0.1241  0.4202  1.0000  -2.0562   0.0000   0.0000   0.0000   0.3325
   7.500   1.3772   0.01266   0.00700  -0.1224  0.3907  1.0000  -2.2198   0.0000   0.0000   0.0000   0.3276
   8.000   1.4168   0.01359   0.00783  -0.1201  0.3598  1.0000  -2.4302   0.0000   0.0000   0.0000   0.3227
   8.500   1.4518   0.01461   0.00876  -0.1170  0.3258  1.0000  -2.6823   0.0000   0.0000   0.0000   0.3178
   9.000   1.4843   0.01572   0.00984  -0.1137  0.2976  1.0000  -2.9832   0.0000   0.0000   0.0000   0.3130
   9.500   1.5108   0.01718   0.01119  -0.1098  0.2665  1.0000  -3.2734   0.0000   0.0000   0.0000   0.3082
  10.000   1.5330   0.01900   0.01290  -0.1057  0.2352  1.0000  -3.5560   0.0000   0.0000   0.0000   0.3037
  10.500   1.5565   0.02091   0.01477  -0.1022  0.2070  1.0000  -3.8507   0.0000   0.0000   0.0000   0.2995
  11.000   1.5756   0.02325   0.01704  -0.0986  0.1787  1.0000  -4.1354   0.0000   0.0000   0.0000   0.2956
  11.500   1.5903   0.02607   0.01980  -0.0950  0.1518  1.0000  -4.4079   0.0000   0.0000   0.0000   0.2918
  12.000   1.6008   0.02933   0.02298  -0.0914  0.1261  1.0000  -4.6755   0.0000   0.0000   0.0000   0.2882
  12.500   1.6096   0.03291   0.02651  -0.0881  0.1045  1.0000  -4.9403   0.0000   0.0000   0.0000   0.2848
  13.000   1.6174   0.03668   0.03028  -0.0850  0.0872  1.0000  -5.2041   0.0000   0.0000   0.0000   0.2817
  13.500   1.6233   0.04082   0.03446  -0.0823  0.0729  1.0000  -5.4614   0.0000   0.0000   0.0000   0.2788
  14.000   1.6248   0.04560   0.03928  -0.0798  0.0609  1.0000  -5.6972   0.0000   0.0000   0.0000   0.2761
  14.500   1.6259   0.05072   0.04448  -0.0778  0.0515  1.0000  -5.9320   0.0000   0.0000   0.0000   0.2738
  15.000   1.6245   0.05637   0.05028  -0.0762  0.0439  1.0000  -6.1494   0.0000   0.0000   0.0000   0.2717


