xflr5 v6.59

 Calculated polar for: revR_65_revT

 1 1 Reynolds number fixed          Mach number fixed         

 xtrf =   1.000 (top)        1.000 (bottom)
 Mach =   0.000     Re =     0.265 e 6     Ncrit =   9.000

  alpha     CL        CD       CDp       Cm    Top Xtr Bot Xtr   Cpmin    Chinge    XCp    
 ------- -------- --------- --------- -------- ------- ------- -------- --------- ---------
  -5.000  -0.0015   0.01560   0.00856  -0.1247  0.8407  0.0586  -2.2982   0.0000   0.0000   0.0000  -87.5717
  -4.500   0.0522   0.01434   0.00723  -0.1245  0.8311  0.0747  -2.0037   0.0000   0.0000   0.0000   2.6894
  -4.000   0.1073   0.01344   0.00631  -0.1245  0.8225  0.1050  -1.7574   0.0000   0.0000   0.0000   1.4323
  -3.500   0.1609   0.01274   0.00581  -0.1244  0.8115  0.1611  -1.5220   0.0000   0.0000   0.0000   1.0356
  -3.000   0.2173   0.01221   0.00547  -0.1246  0.8025  0.2429  -1.2762   0.0000   0.0000   0.0000   0.8311
  -2.500   0.2717   0.01184   0.00535  -0.1246  0.7925  0.3281  -1.0543   0.0000   0.0000   0.0000   0.7135
  -2.000   0.3271   0.01138   0.00520  -0.1246  0.7821  0.4393  -0.8383   0.0000   0.0000   0.0000   0.6339
  -1.500   0.3816   0.01101   0.00518  -0.1242  0.7721  0.5732  -0.6942   0.0000   0.0000   0.0000   0.5769
  -1.000   0.4334   0.01075   0.00526  -0.1228  0.7603  0.6918  -0.7329   0.0000   0.0000   0.0000   0.5339
  -0.500   0.4865   0.01073   0.00529  -0.1215  0.7510  0.7750  -0.7754   0.0000   0.0000   0.0000   0.4992
   0.000   0.5336   0.01065   0.00535  -0.1189  0.7380  0.8363  -0.8144   0.0000   0.0000   0.0000   0.4717
   0.500   0.5814   0.01054   0.00518  -0.1162  0.7270  0.8893  -0.8609   0.0000   0.0000   0.0000   0.4479
   1.000   0.6300   0.01035   0.00507  -0.1140  0.7135  0.9568  -0.9077   0.0000   0.0000   0.0000   0.4283
   1.500   0.7007   0.01033   0.00486  -0.1171  0.7013  1.0000  -0.9726   0.0000   0.0000   0.0000   0.4139
   2.000   0.7575   0.01037   0.00484  -0.1176  0.6850  1.0000  -1.0337   0.0000   0.0000   0.0000   0.4014
   2.500   0.8149   0.01051   0.00488  -0.1180  0.6702  1.0000  -1.0960   0.0000   0.0000   0.0000   0.3904
   3.000   0.8726   0.01060   0.00483  -0.1183  0.6539  1.0000  -1.1643   0.0000   0.0000   0.0000   0.3806
   3.500   0.9268   0.01071   0.00492  -0.1180  0.6343  1.0000  -1.2378   0.0000   0.0000   0.0000   0.3718
   4.000   0.9813   0.01093   0.00512  -0.1178  0.6150  1.0000  -1.3146   0.0000   0.0000   0.0000   0.3639
   4.500   1.0349   0.01118   0.00531  -0.1174  0.5929  1.0000  -1.4045   0.0000   0.0000   0.0000   0.3567
   5.000   1.0873   0.01148   0.00556  -0.1168  0.5684  1.0000  -1.4992   0.0000   0.0000   0.0000   0.3500
   5.500   1.1385   0.01188   0.00590  -0.1161  0.5429  1.0000  -1.6188   0.0000   0.0000   0.0000   0.3439
   6.000   1.1877   0.01237   0.00631  -0.1150  0.5140  1.0000  -1.7386   0.0000   0.0000   0.0000   0.3381
   6.500   1.2355   0.01299   0.00684  -0.1137  0.4854  1.0000  -1.8941   0.0000   0.0000   0.0000   0.3327
   7.000   1.2805   0.01364   0.00748  -0.1121  0.4517  1.0000  -2.0536   0.0000   0.0000   0.0000   0.3274
   7.500   1.3237   0.01444   0.00821  -0.1102  0.4198  1.0000  -2.2596   0.0000   0.0000   0.0000   0.3224
   8.000   1.3631   0.01541   0.00909  -0.1078  0.3879  1.0000  -2.5012   0.0000   0.0000   0.0000   0.3175
   8.500   1.3991   0.01642   0.01007  -0.1049  0.3517  1.0000  -2.7943   0.0000   0.0000   0.0000   0.3127
   9.000   1.4291   0.01763   0.01122  -0.1012  0.3203  1.0000  -3.0776   0.0000   0.0000   0.0000   0.3077
   9.500   1.4541   0.01911   0.01263  -0.0970  0.2894  1.0000  -3.3586   0.0000   0.0000   0.0000   0.3028
  10.000   1.4761   0.02085   0.01437  -0.0929  0.2548  1.0000  -3.6395   0.0000   0.0000   0.0000   0.2982
  10.500   1.4933   0.02309   0.01652  -0.0887  0.2234  1.0000  -3.9080   0.0000   0.0000   0.0000   0.2939
  11.000   1.5091   0.02565   0.01904  -0.0850  0.1933  1.0000  -4.1752   0.0000   0.0000   0.0000   0.2899
  11.500   1.5219   0.02864   0.02199  -0.0815  0.1626  1.0000  -4.4384   0.0000   0.0000   0.0000   0.2862
  12.000   1.5289   0.03228   0.02557  -0.0780  0.1353  1.0000  -4.6840   0.0000   0.0000   0.0000   0.2827
  12.500   1.5324   0.03644   0.02971  -0.0747  0.1117  1.0000  -4.9145   0.0000   0.0000   0.0000   0.2795
  13.000   1.5351   0.04087   0.03415  -0.0719  0.0922  1.0000  -5.1415   0.0000   0.0000   0.0000   0.2766
  13.500   1.5363   0.04566   0.03902  -0.0694  0.0772  1.0000  -5.3591   0.0000   0.0000   0.0000   0.2739
  14.000   1.5308   0.05147   0.04491  -0.0673  0.0651  1.0000  -5.5380   0.0000   0.0000   0.0000   0.2716
  14.500   1.5260   0.05758   0.05111  -0.0659  0.0553  1.0000  -5.7178   0.0000   0.0000   0.0000   0.2698
  15.000   1.5155   0.06467   0.05838  -0.0648  0.0482  1.0000  -5.8515   0.0000   0.0000   0.0000   0.2683


