xflr5 v6.59

 Calculated polar for: revR_90_revT

 1 1 Reynolds number fixed          Mach number fixed         

 xtrf =   1.000 (top)        1.000 (bottom)
 Mach =   0.000     Re =     0.155 e 6     Ncrit =   9.000

  alpha     CL        CD       CDp       Cm    Top Xtr Bot Xtr   Cpmin    Chinge    XCp    
 ------- -------- --------- --------- -------- ------- ------- -------- --------- ---------
  -5.000   0.0563   0.02533   0.01788  -0.1458  0.8523  0.0745  -2.2162   0.0000   0.0000   0.0000   2.9057
  -4.500   0.1206   0.02248   0.01477  -0.1475  0.8462  0.0857  -2.0064   0.0000   0.0000   0.0000   1.5018
  -4.000   0.1689   0.02163   0.01388  -0.1468  0.8362  0.1062  -1.8135   0.0000   0.0000   0.0000   1.1372
  -3.500   0.2244   0.02083   0.01302  -0.1469  0.8259  0.1433  -1.6018   0.0000   0.0000   0.0000   0.9166
  -3.000   0.2892   0.01965   0.01209  -0.1484  0.8194  0.2171  -1.3649   0.0000   0.0000   0.0000   0.7712
  -2.500   0.3374   0.01960   0.01230  -0.1478  0.8073  0.3003  -1.1576   0.0000   0.0000   0.0000   0.6937
  -2.000   0.3949   0.01913   0.01215  -0.1482  0.7981  0.4040  -0.9412   0.0000   0.0000   0.0000   0.6290
  -1.500   0.4574   0.01840   0.01179  -0.1486  0.7916  0.5348  -0.7661   0.0000   0.0000   0.0000   0.5769
  -1.000   0.4980   0.01872   0.01255  -0.1458  0.7774  0.6643  -0.7981   0.0000   0.0000   0.0000   0.5439
  -0.500   0.5471   0.01830   0.01232  -0.1425  0.7688  0.7860  -0.8390   0.0000   0.0000   0.0000   0.5106
   0.000   0.5787   0.01844   0.01257  -0.1366  0.7567  0.8806  -0.8680   0.0000   0.0000   0.0000   0.4852
   0.500   0.6357   0.01811   0.01215  -0.1361  0.7458  1.0000  -0.9132   0.0000   0.0000   0.0000   0.4624
   1.000   0.7086   0.01774   0.01149  -0.1388  0.7390  1.0000  -0.9755   0.0000   0.0000   0.0000   0.4435
   1.500   0.7589   0.01823   0.01189  -0.1386  0.7226  1.0000  -1.0243   0.0000   0.0000   0.0000   0.4295
   2.000   0.8269   0.01783   0.01129  -0.1402  0.7145  1.0000  -1.0892   0.0000   0.0000   0.0000   0.4156
   2.500   0.8765   0.01838   0.01182  -0.1396  0.6990  1.0000  -1.1457   0.0000   0.0000   0.0000   0.4047
   3.000   0.9441   0.01777   0.01103  -0.1407  0.6887  1.0000  -1.2230   0.0000   0.0000   0.0000   0.3938
   3.500   0.9933   0.01814   0.01143  -0.1398  0.6719  1.0000  -1.2844   0.0000   0.0000   0.0000   0.3848
   4.000   1.0611   0.01763   0.01075  -0.1411  0.6610  1.0000  -1.3648   0.0000   0.0000   0.0000   0.3764
   4.500   1.1093   0.01786   0.01106  -0.1398  0.6425  1.0000  -1.4400   0.0000   0.0000   0.0000   0.3688
   5.000   1.1634   0.01785   0.01105  -0.1392  0.6247  1.0000  -1.5226   0.0000   0.0000   0.0000   0.3617
   5.500   1.2230   0.01769   0.01080  -0.1394  0.6082  1.0000  -1.6255   0.0000   0.0000   0.0000   0.3553
   6.000   1.2744   0.01786   0.01099  -0.1385  0.5881  1.0000  -1.7270   0.0000   0.0000   0.0000   0.3493
   6.500   1.3232   0.01810   0.01126  -0.1371  0.5648  1.0000  -1.8485   0.0000   0.0000   0.0000   0.3435
   7.000   1.3708   0.01849   0.01166  -0.1356  0.5405  1.0000  -1.9748   0.0000   0.0000   0.0000   0.3380
   7.500   1.4165   0.01900   0.01216  -0.1339  0.5147  1.0000  -2.1244   0.0000   0.0000   0.0000   0.3328
   8.000   1.4593   0.01965   0.01275  -0.1317  0.4868  1.0000  -2.2798   0.0000   0.0000   0.0000   0.3277
   8.500   1.4987   0.02051   0.01357  -0.1291  0.4586  1.0000  -2.4430   0.0000   0.0000   0.0000   0.3228
   9.000   1.5290   0.02158   0.01465  -0.1252  0.4288  1.0000  -2.6426   0.0000   0.0000   0.0000   0.3177
   9.500   1.5521   0.02284   0.01595  -0.1203  0.4001  1.0000  -2.8636   0.0000   0.0000   0.0000   0.3125
  10.000   1.5721   0.02438   0.01754  -0.1153  0.3728  1.0000  -3.1096   0.0000   0.0000   0.0000   0.3075
  10.500   1.5854   0.02631   0.01948  -0.1099  0.3444  1.0000  -3.3394   0.0000   0.0000   0.0000   0.3026
  11.000   1.5961   0.02863   0.02181  -0.1048  0.3167  1.0000  -3.5644   0.0000   0.0000   0.0000   0.2980
  11.500   1.6058   0.03134   0.02455  -0.1002  0.2909  1.0000  -3.7884   0.0000   0.0000   0.0000   0.2938
  12.000   1.6120   0.03450   0.02774  -0.0959  0.2655  1.0000  -4.0066   0.0000   0.0000   0.0000   0.2898
  12.500   1.6135   0.03822   0.03151  -0.0917  0.2398  1.0000  -4.2125   0.0000   0.0000   0.0000   0.2862
  13.000   1.6115   0.04249   0.03581  -0.0878  0.2149  1.0000  -4.4053   0.0000   0.0000   0.0000   0.2828
  13.500   1.6073   0.04728   0.04063  -0.0845  0.1915  1.0000  -4.5885   0.0000   0.0000   0.0000   0.2798
  14.000   1.6022   0.05257   0.04598  -0.0817  0.1698  1.0000  -4.7656   0.0000   0.0000   0.0000   0.2771
  14.500   1.5957   0.05835   0.05182  -0.0794  0.1503  1.0000  -4.9343   0.0000   0.0000   0.0000   0.2748
  15.000   1.5875   0.06465   0.05814  -0.0776  0.1329  1.0000  -5.0919   0.0000   0.0000   0.0000   0.2728


