xflr5 v6.59

 Calculated polar for: revR_95_revT

 1 1 Reynolds number fixed          Mach number fixed         

 xtrf =   1.000 (top)        1.000 (bottom)
 Mach =   0.000     Re =     0.435 e 6     Ncrit =   9.000

  alpha     CL        CD       CDp       Cm    Top Xtr Bot Xtr   Cpmin    Chinge    XCp    
 ------- -------- --------- --------- -------- ------- ------- -------- --------- ---------
  -5.000   0.1213   0.01303   0.00648  -0.1497  0.7790  0.0435  -2.3291   0.0000   0.0000   0.0000   1.5147
  -4.500   0.1779   0.01194   0.00532  -0.1502  0.7722  0.0539  -2.0753   0.0000   0.0000   0.0000   1.1128
  -4.000   0.2355   0.01142   0.00472  -0.1507  0.7642  0.0721  -1.8188   0.0000   0.0000   0.0000   0.9023
  -3.500   0.2921   0.01082   0.00425  -0.1511  0.7569  0.1061  -1.5704   0.0000   0.0000   0.0000   0.7756
  -3.000   0.3497   0.01041   0.00397  -0.1517  0.7494  0.1570  -1.3187   0.0000   0.0000   0.0000   0.6894
  -2.500   0.4076   0.01012   0.00378  -0.1522  0.7417  0.2182  -1.0836   0.0000   0.0000   0.0000   0.6272
  -2.000   0.4647   0.00987   0.00372  -0.1527  0.7339  0.2857  -0.8605   0.0000   0.0000   0.0000   0.5808
  -1.500   0.5219   0.00956   0.00361  -0.1531  0.7249  0.3694  -0.8338   0.0000   0.0000   0.0000   0.5444
  -1.000   0.5798   0.00932   0.00353  -0.1535  0.7161  0.4623  -0.8754   0.0000   0.0000   0.0000   0.5149
  -0.500   0.6364   0.00912   0.00364  -0.1538  0.7079  0.5704  -0.9199   0.0000   0.0000   0.0000   0.4909
   0.000   0.6917   0.00888   0.00368  -0.1535  0.6977  0.6855  -0.9644   0.0000   0.0000   0.0000   0.4703
   0.500   0.7468   0.00890   0.00376  -0.1530  0.6869  0.7678  -1.0091   0.0000   0.0000   0.0000   0.4525
   1.000   0.7994   0.00883   0.00386  -0.1521  0.6778  0.8232  -1.0575   0.0000   0.0000   0.0000   0.4372
   1.500   0.8480   0.00872   0.00382  -0.1500  0.6663  0.8845  -1.1095   0.0000   0.0000   0.0000   0.4232
   2.000   0.8980   0.00856   0.00374  -0.1484  0.6535  0.9854  -1.1627   0.0000   0.0000   0.0000   0.4108
   2.500   0.9567   0.00868   0.00373  -0.1492  0.6398  1.0000  -1.2296   0.0000   0.0000   0.0000   0.4009
   3.000   1.0137   0.00886   0.00388  -0.1496  0.6258  1.0000  -1.2979   0.0000   0.0000   0.0000   0.3919
   3.500   1.0691   0.00909   0.00397  -0.1497  0.6084  1.0000  -1.3661   0.0000   0.0000   0.0000   0.3836
   4.000   1.1237   0.00932   0.00416  -0.1496  0.5907  1.0000  -1.4350   0.0000   0.0000   0.0000   0.3761
   4.500   1.1776   0.00962   0.00443  -0.1495  0.5732  1.0000  -1.5165   0.0000   0.0000   0.0000   0.3692
   5.000   1.2298   0.00999   0.00474  -0.1490  0.5531  1.0000  -1.5977   0.0000   0.0000   0.0000   0.3627
   5.500   1.2799   0.01042   0.00509  -0.1482  0.5292  1.0000  -1.6931   0.0000   0.0000   0.0000   0.3567
   6.000   1.3289   0.01094   0.00554  -0.1472  0.5069  1.0000  -1.7925   0.0000   0.0000   0.0000   0.3509
   6.500   1.3753   0.01152   0.00606  -0.1458  0.4803  1.0000  -1.9143   0.0000   0.0000   0.0000   0.3454
   7.000   1.4199   0.01218   0.00667  -0.1442  0.4544  1.0000  -2.0359   0.0000   0.0000   0.0000   0.3402
   7.500   1.4610   0.01295   0.00737  -0.1420  0.4258  1.0000  -2.1760   0.0000   0.0000   0.0000   0.3351
   8.000   1.4974   0.01383   0.00819  -0.1390  0.3973  1.0000  -2.3195   0.0000   0.0000   0.0000   0.3299
   8.500   1.5298   0.01485   0.00916  -0.1355  0.3712  1.0000  -2.4627   0.0000   0.0000   0.0000   0.3248
   9.000   1.5573   0.01613   0.01037  -0.1315  0.3422  1.0000  -2.6429   0.0000   0.0000   0.0000   0.3199
   9.500   1.5819   0.01769   0.01186  -0.1274  0.3150  1.0000  -2.8383   0.0000   0.0000   0.0000   0.3151
  10.000   1.6061   0.01942   0.01359  -0.1237  0.2905  1.0000  -3.0933   0.0000   0.0000   0.0000   0.3107
  10.500   1.6263   0.02154   0.01567  -0.1199  0.2651  1.0000  -3.3432   0.0000   0.0000   0.0000   0.3065
  11.000   1.6433   0.02405   0.01811  -0.1161  0.2387  1.0000  -3.5878   0.0000   0.0000   0.0000   0.3025
  11.500   1.6566   0.02694   0.02095  -0.1124  0.2122  1.0000  -3.8302   0.0000   0.0000   0.0000   0.2987
  12.000   1.6684   0.03010   0.02407  -0.1088  0.1885  1.0000  -4.0740   0.0000   0.0000   0.0000   0.2950
  12.500   1.6787   0.03348   0.02744  -0.1054  0.1664  1.0000  -4.3163   0.0000   0.0000   0.0000   0.2916
  13.000   1.6849   0.03736   0.03130  -0.1020  0.1454  1.0000  -4.5462   0.0000   0.0000   0.0000   0.2883
  13.500   1.6893   0.04159   0.03552  -0.0989  0.1257  1.0000  -4.7717   0.0000   0.0000   0.0000   0.2853
  14.000   1.6922   0.04620   0.04016  -0.0962  0.1086  1.0000  -4.9923   0.0000   0.0000   0.0000   0.2825
  14.500   1.6927   0.05128   0.04528  -0.0938  0.0938  1.0000  -5.2044   0.0000   0.0000   0.0000   0.2799
  15.000   1.6875   0.05718   0.05119  -0.0917  0.0802  1.0000  -5.3908   0.0000   0.0000   0.0000   0.2777
  15.500   1.6896   0.06254   0.05667  -0.0902  0.0712  1.0000  -5.6106   0.0000   0.0000   0.0000   0.2756
  16.000   1.6811   0.06936   0.06357  -0.0889  0.0618  1.0000  -5.7783   0.0000   0.0000   0.0000   0.2739
  16.500   1.6776   0.07573   0.07007  -0.0881  0.0547  1.0000  -5.9744   0.0000   0.0000   0.0000   0.2724
  17.000   1.6629   0.08380   0.07825  -0.0878  0.0475  1.0000  -6.1106   0.0000   0.0000   0.0000   0.2715
  17.500   1.6544   0.09129   0.08590  -0.0880  0.0423  1.0000  -6.2997   0.0000   0.0000   0.0000   0.2706
  18.000   1.6282   0.10143   0.09617  -0.0890  0.0369  1.0000  -6.3781   0.0000   0.0000   0.0000   0.2708
  18.500   1.6208   0.10910   0.10406  -0.0901  0.0339  1.0000  -6.5763   0.0000   0.0000   0.0000   0.2705
  19.000   1.6046   0.11829   0.11340  -0.0921  0.0307  1.0000  -6.7117   0.0000   0.0000   0.0000   0.2711
  19.500   1.5770   0.12945   0.12470  -0.0953  0.0276  1.0000  -6.7477   0.0000   0.0000   0.0000   0.2728
  20.000   1.5677   0.13788   0.13335  -0.0981  0.0258  1.0000  -6.9071   0.0000   0.0000   0.0000   0.2737
  20.500   1.5578   0.14662   0.14227  -0.1016  0.0239  1.0000  -7.0538   0.0000   0.0000   0.0000   0.2750
  21.000   1.5442   0.15618   0.15196  -0.1059  0.0222  1.0000  -7.1606   0.0000   0.0000   0.0000   0.2770
  21.500   1.5276   0.16621   0.16210  -0.1108  0.0201  1.0000  -7.2103   0.0000   0.0000   0.0000   0.2796
  22.000   1.5225   0.17450   0.17059  -0.1153  0.0193  1.0000  -7.3559   0.0000   0.0000   0.0000   0.2814
  22.500   1.5173   0.18296   0.17925  -0.1202  0.0183  1.0000  -7.4886   0.0000   0.0000   0.0000   0.2835
  23.000   1.5139   0.19114   0.18760  -0.1253  0.0173  1.0000  -7.6390   0.0000   0.0000   0.0000   0.2856
  23.500   1.5090   0.19987   0.19647  -0.1311  0.0164  1.0000  -7.7640   0.0000   0.0000   0.0000   0.2882
  24.000   1.5051   0.20835   0.20506  -0.1370  0.0156  1.0000  -7.8872   0.0000   0.0000   0.0000   0.2909
  24.500   1.4999   0.21669   0.21354  -0.1429  0.0144  1.0000  -7.9558   0.0000   0.0000   0.0000   0.2936
  25.000   1.4949   0.22623   0.22330  -0.1501  0.0141  1.0000  -8.0252   0.0000   0.0000   0.0000   0.2972
  25.500   1.4882   0.23637   0.23367  -0.1579  0.0137  1.0000  -8.0462   0.0000   0.0000   0.0000   0.3014
  26.000   1.4761   0.24848   0.24601  -0.1673  0.0133  1.0000  -7.9496   0.0000   0.0000   0.0000   0.3073
  26.500   1.4543   0.26452   0.26235  -0.1796  0.0130  1.0000  -7.6162   0.0000   0.0000   0.0000   0.3164


