xflr5 v6.59

 Calculated polar for: revR_40_revT

 1 1 Reynolds number fixed          Mach number fixed         

 xtrf =   1.000 (top)        1.000 (bottom)
 Mach =   0.000     Re =     0.150 e 6     Ncrit =   9.000

  alpha     CL        CD       CDp       Cm    Top Xtr Bot Xtr   Cpmin    Chinge    XCp    
 ------- -------- --------- --------- -------- ------- ------- -------- --------- ---------
  -5.000  -0.1317   0.02068   0.01291  -0.1028  0.9211  0.0853  -2.3878   0.0000   0.0000   0.0000  -0.5515
  -4.500  -0.0832   0.01916   0.01126  -0.1016  0.9065  0.1035  -2.1291   0.0000   0.0000   0.0000  -1.0004
  -4.000  -0.0127   0.01766   0.00992  -0.1046  0.8988  0.1550  -1.7940   0.0000   0.0000   0.0000  -8.1581
  -3.500   0.0376   0.01680   0.00937  -0.1040  0.8841  0.2422  -1.5099   0.0000   0.0000   0.0000   3.0673
  -3.000   0.1008   0.01572   0.00879  -0.1054  0.8748  0.3712  -1.2598   0.0000   0.0000   0.0000   1.3110
  -2.500   0.1479   0.01521   0.00888  -0.1038  0.8598  0.5294  -1.0576   0.0000   0.0000   0.0000   0.9604
  -2.000   0.2024   0.01478   0.00886  -0.1019  0.8502  0.6807  -0.8452   0.0000   0.0000   0.0000   0.7584
  -1.500   0.2434   0.01493   0.00916  -0.0977  0.8337  0.7781  -0.6752   0.0000   0.0000   0.0000   0.6542
  -1.000   0.2862   0.01490   0.00915  -0.0930  0.8214  0.8505  -0.6040   0.0000   0.0000   0.0000   0.5763
  -0.500   0.3263   0.01477   0.00899  -0.0879  0.8068  0.9135  -0.6380   0.0000   0.0000   0.0000   0.5197
   0.000   0.4052   0.01455   0.00864  -0.0914  0.7938  0.9736  -0.6968   0.0000   0.0000   0.0000   0.4747
   0.500   0.4914   0.01416   0.00804  -0.0973  0.7804  1.0000  -0.7641   0.0000   0.0000   0.0000   0.4464
   1.000   0.5320   0.01435   0.00810  -0.0952  0.7622  1.0000  -0.8062   0.0000   0.0000   0.0000   0.4267
   1.500   0.5853   0.01443   0.00805  -0.0948  0.7463  1.0000  -0.8627   0.0000   0.0000   0.0000   0.4091
   2.000   0.6445   0.01426   0.00770  -0.0948  0.7309  1.0000  -0.9261   0.0000   0.0000   0.0000   0.3937
   2.500   0.6973   0.01435   0.00774  -0.0941  0.7109  1.0000  -0.9870   0.0000   0.0000   0.0000   0.3811
   3.000   0.7514   0.01443   0.00777  -0.0936  0.6907  1.0000  -1.0580   0.0000   0.0000   0.0000   0.3701
   3.500   0.8062   0.01448   0.00776  -0.0930  0.6697  1.0000  -1.1342   0.0000   0.0000   0.0000   0.3604
   4.000   0.8608   0.01451   0.00776  -0.0923  0.6471  1.0000  -1.2225   0.0000   0.0000   0.0000   0.3518
   4.500   0.9149   0.01463   0.00785  -0.0916  0.6233  1.0000  -1.3238   0.0000   0.0000   0.0000   0.3442
   5.000   0.9680   0.01476   0.00794  -0.0907  0.5961  1.0000  -1.4429   0.0000   0.0000   0.0000   0.3372
   5.500   1.0207   0.01500   0.00811  -0.0898  0.5675  1.0000  -1.5887   0.0000   0.0000   0.0000   0.3308
   6.000   1.0706   0.01543   0.00851  -0.0886  0.5354  1.0000  -1.7560   0.0000   0.0000   0.0000   0.3249
   6.500   1.1185   0.01594   0.00900  -0.0870  0.5001  1.0000  -2.0268   0.0000   0.0000   0.0000   0.3194
   7.000   1.1649   0.01662   0.00962  -0.0854  0.4639  1.0000  -2.3390   0.0000   0.0000   0.0000   0.3142
   7.500   1.2083   0.01741   0.01036  -0.0833  0.4254  1.0000  -2.6551   0.0000   0.0000   0.0000   0.3092
   8.000   1.2483   0.01834   0.01129  -0.0809  0.3847  1.0000  -2.9713   0.0000   0.0000   0.0000   0.3043
   8.500   1.2852   0.01949   0.01237  -0.0781  0.3452  1.0000  -3.2955   0.0000   0.0000   0.0000   0.2996
   9.000   1.3161   0.02086   0.01367  -0.0746  0.3038  1.0000  -3.6128   0.0000   0.0000   0.0000   0.2948
   9.500   1.3401   0.02241   0.01519  -0.0704  0.2605  1.0000  -3.9104   0.0000   0.0000   0.0000   0.2899
  10.000   1.3561   0.02439   0.01711  -0.0654  0.2186  1.0000  -4.1797   0.0000   0.0000   0.0000   0.2848
  10.500   1.3665   0.02704   0.01967  -0.0606  0.1797  1.0000  -4.4230   0.0000   0.0000   0.0000   0.2801
  11.000   1.3698   0.03054   0.02299  -0.0560  0.1443  1.0000  -4.6325   0.0000   0.0000   0.0000   0.2758
  11.500   1.3735   0.03447   0.02690  -0.0522  0.1145  1.0000  -4.8328   0.0000   0.0000   0.0000   0.2721
  12.000   1.3750   0.03891   0.03140  -0.0490  0.0923  1.0000  -5.0147   0.0000   0.0000   0.0000   0.2688
  12.500   1.3725   0.04396   0.03645  -0.0462  0.0757  1.0000  -5.1700   0.0000   0.0000   0.0000   0.2658
  13.000   1.3736   0.04896   0.04161  -0.0443  0.0637  1.0000  -5.3330   0.0000   0.0000   0.0000   0.2635
  13.500   1.3718   0.05454   0.04736  -0.0418  0.0548  1.0000  -5.4402   0.0000   0.0000   0.0000   0.2608
  14.000   1.3724   0.06009   0.05313  -0.0403  0.0484  1.0000  -5.5567   0.0000   0.0000   0.0000   0.2588
  14.500   1.3703   0.06624   0.05938  -0.0384  0.0430  1.0000  -5.6358   0.0000   0.0000   0.0000   0.2564
  15.000   1.3681   0.07315   0.06668  -0.0365  0.0402  1.0000  -5.6686   0.0000   0.0000   0.0000   0.2542


