xflr5 v6.59

 Calculated polar for: revR_70_revT

 1 1 Reynolds number fixed          Mach number fixed         

 xtrf =   1.000 (top)        1.000 (bottom)
 Mach =   0.000     Re =     0.045 e 6     Ncrit =   9.000

  alpha     CL        CD       CDp       Cm    Top Xtr Bot Xtr   Cpmin    Chinge    XCp    
 ------- -------- --------- --------- -------- ------- ------- -------- --------- ---------
  -5.000  -0.4816   0.09806   0.09271   0.0084  1.0000  0.3940  -1.5427   0.0000   0.0000   0.0000   0.2622
  -4.500  -0.4549   0.09085   0.08552   0.0170  1.0000  0.4308  -1.4448   0.0000   0.0000   0.0000   0.2822
  -4.000  -0.4696   0.08690   0.08170   0.0217  1.0000  0.4737  -1.4422   0.0000   0.0000   0.0000   0.2916
  -3.500  -0.4623   0.08163   0.07645   0.0268  1.0000  0.5088  -1.4020   0.0000   0.0000   0.0000   0.3037
  -3.000  -0.2430   0.04298   0.03373  -0.0693  1.0000  0.1895  -1.9692   0.0000   0.0000   0.0000  -0.0439
  -2.500  -0.1848   0.04009   0.03021  -0.0723  1.0000  0.2172  -1.8267   0.0000   0.0000   0.0000  -0.1519
  -2.000  -0.1325   0.03859   0.02859  -0.0738  1.0000  0.2683  -1.6798   0.0000   0.0000   0.0000  -0.3201
  -1.500  -0.0801   0.03786   0.02815  -0.0750  1.0000  0.3639  -1.5225   0.0000   0.0000   0.0000  -0.7044
  -1.000  -0.0277   0.03758   0.02865  -0.0751  1.0000  0.5399  -1.3484   0.0000   0.0000   0.0000  -2.5029
  -0.500  -0.0103   0.03721   0.02956  -0.0651  1.0000  0.8139  -1.2255   0.0000   0.0000   0.0000  -6.1948
   0.000   0.0492   0.03833   0.02988  -0.0710  0.9859  1.0000  -1.0322   0.0000   0.0000   0.0000   1.7091
   0.500   0.1346   0.04165   0.03236  -0.0804  0.9596  1.0000  -0.7914   0.0000   0.0000   0.0000   0.8500
   1.000   0.2037   0.04474   0.03491  -0.0865  0.9376  1.0000  -0.5943   0.0000   0.0000   0.0000   0.6742
   1.500   0.2681   0.04776   0.03754  -0.0914  0.9126  1.0000  -0.5869   0.0000   0.0000   0.0000   0.5889
   2.000   0.3269   0.05076   0.04024  -0.0950  0.8876  1.0000  -0.6272   0.0000   0.0000   0.0000   0.5379
   2.500   0.3809   0.05384   0.04310  -0.0979  0.8634  1.0000  -0.6694   0.0000   0.0000   0.0000   0.5032
   3.000   0.4327   0.05686   0.04597  -0.1000  0.8368  1.0000  -0.7105   0.0000   0.0000   0.0000   0.4769
   3.500   0.4813   0.06000   0.04901  -0.1017  0.8109  1.0000  -0.7496   0.0000   0.0000   0.0000   0.4564
   4.000   0.5316   0.06309   0.05203  -0.1033  0.7829  1.0000  -0.7952   0.0000   0.0000   0.0000   0.4387
   4.500   0.5845   0.06617   0.05509  -0.1048  0.7550  1.0000  -0.8490   0.0000   0.0000   0.0000   0.4232
   5.000   0.6322   0.06941   0.05834  -0.1058  0.7289  1.0000  -0.8986   0.0000   0.0000   0.0000   0.4105
   5.500   0.6966   0.07226   0.06123  -0.1075  0.7009  1.0000  -0.9735   0.0000   0.0000   0.0000   0.3970
   6.000   0.7214   0.07581   0.06487  -0.1062  0.6748  1.0000  -1.0099   0.0000   0.0000   0.0000   0.3892
   6.500   0.7444   0.07956   0.06872  -0.1048  0.6482  1.0000  -1.0474   0.0000   0.0000   0.0000   0.3822
   7.000   0.7763   0.08359   0.07288  -0.1044  0.6246  1.0000  -1.0957   0.0000   0.0000   0.0000   0.3753
   7.500   0.7996   0.08777   0.07720  -0.1033  0.5986  1.0000  -1.1403   0.0000   0.0000   0.0000   0.3694
   8.000   0.8254   0.09226   0.08184  -0.1025  0.5744  1.0000  -1.1977   0.0000   0.0000   0.0000   0.3639
   8.500   0.8478   0.09692   0.08667  -0.1016  0.5495  1.0000  -1.2493   0.0000   0.0000   0.0000   0.3589
   9.000   0.8719   0.10190   0.09184  -0.1010  0.5264  1.0000  -1.3045   0.0000   0.0000   0.0000   0.3542
   9.500   0.8905   0.10707   0.09720  -0.1001  0.5017  1.0000  -1.3596   0.0000   0.0000   0.0000   0.3501
  10.000   0.9109   0.11246   0.10278  -0.0994  0.4783  1.0000  -1.4297   0.0000   0.0000   0.0000   0.3462
  10.500   0.9265   0.11812   0.10865  -0.0987  0.4540  1.0000  -1.4891   0.0000   0.0000   0.0000   0.3428
  11.000   0.9498   0.12372   0.11448  -0.0981  0.4315  1.0000  -1.5661   0.0000   0.0000   0.0000   0.3389
  11.500   0.9585   0.12990   0.12084  -0.0975  0.4065  1.0000  -1.6307   0.0000   0.0000   0.0000   0.3366
  12.000   0.9270   0.14208   0.13313  -0.1009  0.4027  1.0000  -1.5520   0.0000   0.0000   0.0000   0.3432
  12.500   0.9108   0.15420   0.14541  -0.1054  0.4147  1.0000  -1.4981   0.0000   0.0000   0.0000   0.3496
  13.000   0.9653   0.15537   0.14682  -0.1012  0.3584  1.0000  -1.7249   0.0000   0.0000   0.0000   0.3377
  13.500   0.9728   0.16768   0.15938  -0.1050  0.3615  1.0000  -1.7395   0.0000   0.0000   0.0000   0.3403


