xflr5 v6.59

 Calculated polar for: revR_85_revT

 1 1 Reynolds number fixed          Mach number fixed         

 xtrf =   1.000 (top)        1.000 (bottom)
 Mach =   0.000     Re =     0.330 e 6     Ncrit =   9.000

  alpha     CL        CD       CDp       Cm    Top Xtr Bot Xtr   Cpmin    Chinge    XCp    
 ------- -------- --------- --------- -------- ------- ------- -------- --------- ---------
  -5.000   0.0791   0.01472   0.00793  -0.1414  0.8047  0.0511  -2.2812   0.0000   0.0000   0.0000   2.0809
  -4.500   0.1346   0.01337   0.00648  -0.1416  0.7972  0.0635  -2.0384   0.0000   0.0000   0.0000   1.3250
  -4.000   0.1903   0.01268   0.00577  -0.1418  0.7891  0.0851  -1.7945   0.0000   0.0000   0.0000   1.0096
  -3.500   0.2464   0.01203   0.00522  -0.1421  0.7802  0.1258  -1.5489   0.0000   0.0000   0.0000   0.8363
  -3.000   0.3038   0.01157   0.00488  -0.1426  0.7723  0.1884  -1.3048   0.0000   0.0000   0.0000   0.7255
  -2.500   0.3602   0.01127   0.00477  -0.1429  0.7639  0.2613  -1.0724   0.0000   0.0000   0.0000   0.6510
  -2.000   0.4166   0.01094   0.00465  -0.1432  0.7551  0.3386  -0.8584   0.0000   0.0000   0.0000   0.5964
  -1.500   0.4742   0.01055   0.00448  -0.1436  0.7459  0.4421  -0.7834   0.0000   0.0000   0.0000   0.5541
  -1.000   0.5297   0.01032   0.00454  -0.1436  0.7366  0.5497  -0.8239   0.0000   0.0000   0.0000   0.5213
  -0.500   0.5841   0.01005   0.00462  -0.1430  0.7270  0.6758  -0.8670   0.0000   0.0000   0.0000   0.4943
   0.000   0.6385   0.01002   0.00467  -0.1422  0.7170  0.7634  -0.9121   0.0000   0.0000   0.0000   0.4712
   0.500   0.6883   0.00992   0.00473  -0.1405  0.7060  0.8272  -0.9549   0.0000   0.0000   0.0000   0.4519
   1.000   0.7360   0.00979   0.00462  -0.1380  0.6952  0.8875  -1.0035   0.0000   0.0000   0.0000   0.4346
   1.500   0.7859   0.00965   0.00456  -0.1362  0.6837  0.9693  -1.0534   0.0000   0.0000   0.0000   0.4198
   2.000   0.8487   0.00966   0.00442  -0.1378  0.6704  1.0000  -1.1168   0.0000   0.0000   0.0000   0.4082
   2.500   0.9061   0.00980   0.00450  -0.1383  0.6562  1.0000  -1.1813   0.0000   0.0000   0.0000   0.3979
   3.000   0.9642   0.00995   0.00449  -0.1388  0.6422  1.0000  -1.2474   0.0000   0.0000   0.0000   0.3886
   3.500   1.0187   0.01008   0.00462  -0.1387  0.6244  1.0000  -1.3152   0.0000   0.0000   0.0000   0.3801
   4.000   1.0735   0.01031   0.00480  -0.1386  0.6073  1.0000  -1.3921   0.0000   0.0000   0.0000   0.3724
   4.500   1.1276   0.01059   0.00500  -0.1384  0.5888  1.0000  -1.4706   0.0000   0.0000   0.0000   0.3654
   5.500   1.2304   0.01133   0.00561  -0.1371  0.5437  1.0000  -1.6560   0.0000   0.0000   0.0000   0.3527
   6.000   1.2795   0.01181   0.00605  -0.1361  0.5192  1.0000  -1.7722   0.0000   0.0000   0.0000   0.3469
   6.500   1.3261   0.01241   0.00657  -0.1347  0.4919  1.0000  -1.8902   0.0000   0.0000   0.0000   0.3414
   7.000   1.3712   0.01306   0.00719  -0.1331  0.4655  1.0000  -2.0277   0.0000   0.0000   0.0000   0.3361
   7.500   1.4127   0.01381   0.00790  -0.1309  0.4344  1.0000  -2.1751   0.0000   0.0000   0.0000   0.3310
   8.000   1.4517   0.01468   0.00873  -0.1284  0.4063  1.0000  -2.3307   0.0000   0.0000   0.0000   0.3260
   8.500   1.4847   0.01568   0.00970  -0.1250  0.3780  1.0000  -2.5282   0.0000   0.0000   0.0000   0.3209
   9.000   1.5105   0.01699   0.01092  -0.1206  0.3465  1.0000  -2.7640   0.0000   0.0000   0.0000   0.3158
   9.500   1.5350   0.01851   0.01238  -0.1165  0.3193  1.0000  -3.0291   0.0000   0.0000   0.0000   0.3110
  10.000   1.5566   0.02034   0.01417  -0.1124  0.2923  1.0000  -3.2916   0.0000   0.0000   0.0000   0.3064
  10.500   1.5768   0.02243   0.01626  -0.1086  0.2648  1.0000  -3.5559   0.0000   0.0000   0.0000   0.3022
  11.000   1.5939   0.02490   0.01870  -0.1049  0.2366  1.0000  -3.8239   0.0000   0.0000   0.0000   0.2982
  11.500   1.6080   0.02774   0.02151  -0.1013  0.2096  1.0000  -4.0862   0.0000   0.0000   0.0000   0.2944
  12.000   1.6189   0.03098   0.02472  -0.0977  0.1835  1.0000  -4.3401   0.0000   0.0000   0.0000   0.2909
  12.500   1.6253   0.03473   0.02842  -0.0943  0.1586  1.0000  -4.5796   0.0000   0.0000   0.0000   0.2875
  13.000   1.6295   0.03885   0.03256  -0.0910  0.1364  1.0000  -4.8115   0.0000   0.0000   0.0000   0.2843
  13.500   1.6313   0.04341   0.03711  -0.0881  0.1165  1.0000  -5.0352   0.0000   0.0000   0.0000   0.2814
  14.000   1.6321   0.04836   0.04209  -0.0857  0.0997  1.0000  -5.2544   0.0000   0.0000   0.0000   0.2788
  14.500   1.6281   0.05409   0.04785  -0.0835  0.0852  1.0000  -5.4500   0.0000   0.0000   0.0000   0.2765
  15.000   1.6268   0.05977   0.05360  -0.0820  0.0740  1.0000  -5.6590   0.0000   0.0000   0.0000   0.2745


