xflr5 v6.59

 Calculated polar for: revR_80_revT

 1 1 Reynolds number fixed          Mach number fixed         

 xtrf =   1.000 (top)        1.000 (bottom)
 Mach =   0.000     Re =     0.455 e 6     Ncrit =   9.000

  alpha     CL        CD       CDp       Cm    Top Xtr Bot Xtr   Cpmin    Chinge    XCp    
 ------- -------- --------- --------- -------- ------- ------- -------- --------- ---------
  -5.000   0.0589   0.01255   0.00607  -0.1359  0.7879  0.0438  -2.3183   0.0000   0.0000   0.0000   2.6149
  -4.500   0.1146   0.01141   0.00484  -0.1362  0.7801  0.0563  -2.0626   0.0000   0.0000   0.0000   1.4638
  -4.000   0.1717   0.01089   0.00425  -0.1365  0.7715  0.0774  -1.8017   0.0000   0.0000   0.0000   1.0598
  -3.500   0.2279   0.01032   0.00382  -0.1368  0.7638  0.1163  -1.5478   0.0000   0.0000   0.0000   0.8596
  -3.000   0.2849   0.00991   0.00355  -0.1372  0.7557  0.1702  -1.2966   0.0000   0.0000   0.0000   0.7377
  -2.500   0.3424   0.00963   0.00339  -0.1377  0.7473  0.2382  -1.0642   0.0000   0.0000   0.0000   0.6561
  -2.000   0.3988   0.00929   0.00327  -0.1380  0.7384  0.3135  -0.8453   0.0000   0.0000   0.0000   0.5983
  -1.500   0.4558   0.00896   0.00316  -0.1383  0.7293  0.4054  -0.7676   0.0000   0.0000   0.0000   0.5545
  -1.000   0.5130   0.00875   0.00315  -0.1386  0.7198  0.5058  -0.8106   0.0000   0.0000   0.0000   0.5203
  -0.500   0.5684   0.00843   0.00321  -0.1385  0.7103  0.6281  -0.8540   0.0000   0.0000   0.0000   0.4929
   0.000   0.6237   0.00832   0.00322  -0.1381  0.6991  0.7196  -0.8981   0.0000   0.0000   0.0000   0.4699
   0.500   0.6773   0.00828   0.00335  -0.1373  0.6889  0.7905  -0.9431   0.0000   0.0000   0.0000   0.4505
   1.000   0.7304   0.00824   0.00336  -0.1364  0.6776  0.8368  -0.9930   0.0000   0.0000   0.0000   0.4338
   1.500   0.7794   0.00819   0.00339  -0.1345  0.6644  0.8904  -1.0445   0.0000   0.0000   0.0000   0.4190
   2.000   0.8286   0.00807   0.00329  -0.1326  0.6509  0.9609  -1.0986   0.0000   0.0000   0.0000   0.4058
   2.500   0.8901   0.00816   0.00334  -0.1340  0.6358  1.0000  -1.1686   0.0000   0.0000   0.0000   0.3957
   3.000   0.9470   0.00836   0.00342  -0.1343  0.6192  1.0000  -1.2362   0.0000   0.0000   0.0000   0.3864
   3.500   1.0024   0.00859   0.00354  -0.1344  0.5996  1.0000  -1.3036   0.0000   0.0000   0.0000   0.3780
   4.000   1.0575   0.00883   0.00376  -0.1344  0.5810  1.0000  -1.3813   0.0000   0.0000   0.0000   0.3705
   4.500   1.1113   0.00915   0.00402  -0.1342  0.5606  1.0000  -1.4625   0.0000   0.0000   0.0000   0.3635
   5.000   1.1633   0.00953   0.00433  -0.1337  0.5356  1.0000  -1.5526   0.0000   0.0000   0.0000   0.3570
   5.500   1.2145   0.00998   0.00470  -0.1331  0.5117  1.0000  -1.6540   0.0000   0.0000   0.0000   0.3510
   6.000   1.2637   0.01050   0.00515  -0.1321  0.4845  1.0000  -1.7699   0.0000   0.0000   0.0000   0.3453
   6.500   1.3110   0.01112   0.00567  -0.1309  0.4557  1.0000  -1.8982   0.0000   0.0000   0.0000   0.3398
   7.000   1.3557   0.01185   0.00630  -0.1293  0.4260  1.0000  -2.0417   0.0000   0.0000   0.0000   0.3346
   7.500   1.3991   0.01260   0.00699  -0.1275  0.3955  1.0000  -2.2068   0.0000   0.0000   0.0000   0.3297
   8.000   1.4398   0.01345   0.00779  -0.1254  0.3666  1.0000  -2.3908   0.0000   0.0000   0.0000   0.3248
   8.500   1.4738   0.01448   0.00871  -0.1221  0.3345  1.0000  -2.6207   0.0000   0.0000   0.0000   0.3198
   9.000   1.5023   0.01575   0.00989  -0.1182  0.3039  1.0000  -2.9015   0.0000   0.0000   0.0000   0.3148
   9.500   1.5304   0.01714   0.01122  -0.1145  0.2763  1.0000  -3.1894   0.0000   0.0000   0.0000   0.3102
  10.000   1.5555   0.01880   0.01282  -0.1108  0.2468  1.0000  -3.4757   0.0000   0.0000   0.0000   0.3057
  10.500   1.5769   0.02083   0.01478  -0.1071  0.2173  1.0000  -3.7570   0.0000   0.0000   0.0000   0.3015
  11.000   1.5934   0.02335   0.01721  -0.1032  0.1881  1.0000  -4.0341   0.0000   0.0000   0.0000   0.2975
  11.500   1.6074   0.02623   0.01999  -0.0996  0.1600  1.0000  -4.3071   0.0000   0.0000   0.0000   0.2937
  12.000   1.6201   0.02932   0.02303  -0.0961  0.1352  1.0000  -4.5800   0.0000   0.0000   0.0000   0.2901
  12.500   1.6296   0.03281   0.02648  -0.0928  0.1132  1.0000  -4.8430   0.0000   0.0000   0.0000   0.2867
  13.000   1.6353   0.03674   0.03039  -0.0895  0.0950  1.0000  -5.0924   0.0000   0.0000   0.0000   0.2835
  13.500   1.6421   0.04079   0.03449  -0.0868  0.0812  1.0000  -5.3498   0.0000   0.0000   0.0000   0.2806
  14.000   1.6478   0.04512   0.03889  -0.0843  0.0692  1.0000  -5.6036   0.0000   0.0000   0.0000   0.2779
  14.500   1.6459   0.05051   0.04432  -0.0821  0.0578  1.0000  -5.8198   0.0000   0.0000   0.0000   0.2755
  15.000   1.6483   0.05567   0.04958  -0.0804  0.0501  1.0000  -6.0590   0.0000   0.0000   0.0000   0.2733


