xflr5 v6.59

 Calculated polar for: revR_35_revT

 1 1 Reynolds number fixed          Mach number fixed         

 xtrf =   1.000 (top)        1.000 (bottom)
 Mach =   0.000     Re =     0.255 e 6     Ncrit =   9.000

  alpha     CL        CD       CDp       Cm    Top Xtr Bot Xtr   Cpmin    Chinge    XCp    
 ------- -------- --------- --------- -------- ------- ------- -------- --------- ---------
  -5.000  -0.1203   0.01452   0.00753  -0.0983  0.8833  0.0687  -2.4128   0.0000   0.0000   0.0000  -0.5889
  -4.500  -0.0666   0.01345   0.00636  -0.0978  0.8724  0.0906  -2.0872   0.0000   0.0000   0.0000  -1.2523
  -4.000  -0.0154   0.01258   0.00562  -0.0971  0.8585  0.1372  -1.7830   0.0000   0.0000   0.0000  -6.1804
  -3.500   0.0383   0.01192   0.00519  -0.0968  0.8471  0.2197  -1.4696   0.0000   0.0000   0.0000   2.8204
  -3.000   0.0907   0.01132   0.00487  -0.0964  0.8338  0.3157  -1.2363   0.0000   0.0000   0.0000   1.3274
  -2.500   0.1440   0.01076   0.00468  -0.0960  0.8228  0.4400  -1.0215   0.0000   0.0000   0.0000   0.9238
  -2.000   0.1946   0.01019   0.00463  -0.0947  0.8087  0.5953  -0.8193   0.0000   0.0000   0.0000   0.7406
  -1.500   0.2460   0.01004   0.00471  -0.0931  0.7966  0.7044  -0.6313   0.0000   0.0000   0.0000   0.6304
  -1.000   0.2966   0.00998   0.00473  -0.0911  0.7831  0.7781  -0.6102   0.0000   0.0000   0.0000   0.5577
  -0.500   0.3455   0.00998   0.00478  -0.0887  0.7695  0.8307  -0.6497   0.0000   0.0000   0.0000   0.5065
   0.000   0.3940   0.00990   0.00464  -0.0861  0.7555  0.8756  -0.6923   0.0000   0.0000   0.0000   0.4674
   0.500   0.4387   0.00982   0.00460  -0.0828  0.7402  0.9223  -0.7356   0.0000   0.0000   0.0000   0.4370
   1.000   0.5016   0.00971   0.00440  -0.0835  0.7254  0.9664  -0.7926   0.0000   0.0000   0.0000   0.4140
   1.500   0.5869   0.00958   0.00413  -0.0895  0.7081  1.0000  -0.8705   0.0000   0.0000   0.0000   0.3995
   2.000   0.6351   0.00966   0.00414  -0.0885  0.6890  1.0000  -0.9254   0.0000   0.0000   0.0000   0.3859
   2.500   0.6889   0.00978   0.00417  -0.0883  0.6689  1.0000  -0.9890   0.0000   0.0000   0.0000   0.3741
   3.000   0.7434   0.00991   0.00422  -0.0880  0.6471  1.0000  -1.0622   0.0000   0.0000   0.0000   0.3639
   3.500   0.7976   0.01009   0.00432  -0.0877  0.6239  1.0000  -1.1406   0.0000   0.0000   0.0000   0.3550
   4.000   0.8512   0.01033   0.00448  -0.0872  0.5981  1.0000  -1.2315   0.0000   0.0000   0.0000   0.3470
   4.500   0.9038   0.01063   0.00468  -0.0866  0.5693  1.0000  -1.3380   0.0000   0.0000   0.0000   0.3397
   5.000   0.9556   0.01104   0.00499  -0.0858  0.5396  1.0000  -1.4655   0.0000   0.0000   0.0000   0.3332
   5.500   1.0060   0.01148   0.00540  -0.0849  0.5057  1.0000  -1.6180   0.0000   0.0000   0.0000   0.3272
   6.000   1.0549   0.01208   0.00587  -0.0838  0.4704  1.0000  -1.8593   0.0000   0.0000   0.0000   0.3217
   6.500   1.1031   0.01269   0.00646  -0.0826  0.4341  1.0000  -2.1749   0.0000   0.0000   0.0000   0.3165
   7.000   1.1486   0.01347   0.00713  -0.0811  0.3943  1.0000  -2.4970   0.0000   0.0000   0.0000   0.3116
   7.500   1.1928   0.01433   0.00792  -0.0794  0.3552  1.0000  -2.8303   0.0000   0.0000   0.0000   0.3069
   8.000   1.2346   0.01531   0.00882  -0.0775  0.3135  1.0000  -3.1806   0.0000   0.0000   0.0000   0.3024
   8.500   1.2716   0.01654   0.00988  -0.0751  0.2656  1.0000  -3.5262   0.0000   0.0000   0.0000   0.2980
   9.000   1.3048   0.01797   0.01117  -0.0722  0.2189  1.0000  -3.8663   0.0000   0.0000   0.0000   0.2935
   9.500   1.3315   0.01961   0.01266  -0.0684  0.1754  1.0000  -4.1881   0.0000   0.0000   0.0000   0.2889
  10.000   1.3524   0.02167   0.01454  -0.0644  0.1344  1.0000  -4.4905   0.0000   0.0000   0.0000   0.2843
  10.500   1.3680   0.02424   0.01693  -0.0603  0.1003  1.0000  -4.7706   0.0000   0.0000   0.0000   0.2800
  11.000   1.3823   0.02711   0.01976  -0.0567  0.0769  1.0000  -5.0397   0.0000   0.0000   0.0000   0.2761
  11.500   1.3924   0.03053   0.02320  -0.0533  0.0597  1.0000  -5.2821   0.0000   0.0000   0.0000   0.2725
  12.000   1.4047   0.03398   0.02684  -0.0506  0.0486  1.0000  -5.5245   0.0000   0.0000   0.0000   0.2694
  12.500   1.4000   0.03921   0.03220  -0.0474  0.0393  1.0000  -5.6494   0.0000   0.0000   0.0000   0.2663
  13.000   1.4051   0.04379   0.03698  -0.0455  0.0334  1.0000  -5.8193   0.0000   0.0000   0.0000   0.2638
  13.500   1.3935   0.05030   0.04363  -0.0435  0.0292  1.0000  -5.8863   0.0000   0.0000   0.0000   0.2617
  14.000   1.3783   0.05744   0.05104  -0.0411  0.0267  1.0000  -5.8857   0.0000   0.0000   0.0000   0.2594
  14.500   1.3806   0.06305   0.05691  -0.0402  0.0258  1.0000  -6.0201   0.0000   0.0000   0.0000   0.2577
  15.000   1.3797   0.06931   0.06346  -0.0397  0.0249  1.0000  -6.1259   0.0000   0.0000   0.0000   0.2563


