xflr5 v6.59

 Calculated polar for: revR_45_revT

 1 1 Reynolds number fixed          Mach number fixed         

 xtrf =   1.000 (top)        1.000 (bottom)
 Mach =   0.000     Re =     0.390 e 6     Ncrit =   9.000

  alpha     CL        CD       CDp       Cm    Top Xtr Bot Xtr   Cpmin    Chinge    XCp    
 ------- -------- --------- --------- -------- ------- ------- -------- --------- ---------
  -5.000  -0.0860   0.01257   0.00597  -0.1039  0.8338  0.0513  -2.4363   0.0000   0.0000   0.0000  -0.9887
  -4.500  -0.0322   0.01153   0.00481  -0.1036  0.8234  0.0692  -2.1173   0.0000   0.0000   0.0000  -3.0410
  -4.000   0.0221   0.01077   0.00413  -0.1034  0.8122  0.1038  -1.7936   0.0000   0.0000   0.0000   5.0198
  -3.500   0.0776   0.01029   0.00375  -0.1035  0.8019  0.1611  -1.4963   0.0000   0.0000   0.0000   1.6058
  -3.000   0.1323   0.00979   0.00351  -0.1035  0.7914  0.2386  -1.2627   0.0000   0.0000   0.0000   1.0429
  -2.500   0.1877   0.00934   0.00326  -0.1035  0.7804  0.3241  -1.0361   0.0000   0.0000   0.0000   0.8073
  -2.000   0.2424   0.00889   0.00315  -0.1035  0.7689  0.4401  -0.8209   0.0000   0.0000   0.0000   0.6801
  -1.500   0.2968   0.00844   0.00307  -0.1031  0.7580  0.5732  -0.6268   0.0000   0.0000   0.0000   0.5991
  -1.000   0.3506   0.00824   0.00313  -0.1024  0.7462  0.6790  -0.6591   0.0000   0.0000   0.0000   0.5425
  -0.500   0.4039   0.00812   0.00314  -0.1013  0.7333  0.7577  -0.6991   0.0000   0.0000   0.0000   0.5003
   0.000   0.4569   0.00811   0.00319  -0.1003  0.7203  0.8074  -0.7449   0.0000   0.0000   0.0000   0.4681
   0.500   0.5097   0.00812   0.00317  -0.0991  0.7074  0.8493  -0.7921   0.0000   0.0000   0.0000   0.4424
   1.000   0.5584   0.00804   0.00318  -0.0969  0.6916  0.8904  -0.8407   0.0000   0.0000   0.0000   0.4210
   1.500   0.6066   0.00799   0.00314  -0.0947  0.6767  0.9351  -0.8935   0.0000   0.0000   0.0000   0.4029
   2.000   0.6754   0.00795   0.00301  -0.0971  0.6587  0.9912  -0.9641   0.0000   0.0000   0.0000   0.3901
   2.500   0.7337   0.00805   0.00305  -0.0979  0.6388  1.0000  -1.0287   0.0000   0.0000   0.0000   0.3793
   3.000   0.7895   0.00823   0.00314  -0.0981  0.6171  1.0000  -1.1002   0.0000   0.0000   0.0000   0.3695
   3.500   0.8447   0.00847   0.00330  -0.0981  0.5946  1.0000  -1.1767   0.0000   0.0000   0.0000   0.3609
   4.000   0.8986   0.00876   0.00349  -0.0978  0.5686  1.0000  -1.2619   0.0000   0.0000   0.0000   0.3531
   4.500   0.9514   0.00913   0.00375  -0.0974  0.5407  1.0000  -1.3638   0.0000   0.0000   0.0000   0.3460
   5.000   1.0038   0.00954   0.00409  -0.0969  0.5115  1.0000  -1.4760   0.0000   0.0000   0.0000   0.3396
   5.500   1.0550   0.01001   0.00449  -0.0962  0.4793  1.0000  -1.6200   0.0000   0.0000   0.0000   0.3337
   6.000   1.1040   0.01062   0.00496  -0.0952  0.4443  1.0000  -1.7769   0.0000   0.0000   0.0000   0.3281
   6.500   1.1535   0.01121   0.00550  -0.0943  0.4115  1.0000  -2.0350   0.0000   0.0000   0.0000   0.3231
   7.000   1.1990   0.01202   0.00615  -0.0929  0.3712  1.0000  -2.3443   0.0000   0.0000   0.0000   0.3181
   7.500   1.2454   0.01278   0.00686  -0.0917  0.3364  1.0000  -2.6819   0.0000   0.0000   0.0000   0.3135
   8.000   1.2869   0.01380   0.00771  -0.0898  0.2924  1.0000  -3.0191   0.0000   0.0000   0.0000   0.3090
   8.500   1.3248   0.01501   0.00874  -0.0874  0.2463  1.0000  -3.3562   0.0000   0.0000   0.0000   0.3045
   9.000   1.3589   0.01634   0.00990  -0.0846  0.2062  1.0000  -3.6897   0.0000   0.0000   0.0000   0.3000
   9.500   1.3891   0.01775   0.01118  -0.0812  0.1690  1.0000  -4.0174   0.0000   0.0000   0.0000   0.2955
  10.000   1.4131   0.01957   0.01284  -0.0773  0.1326  1.0000  -4.3274   0.0000   0.0000   0.0000   0.2910
  10.500   1.4338   0.02169   0.01483  -0.0735  0.1025  1.0000  -4.6287   0.0000   0.0000   0.0000   0.2867
  11.000   1.4523   0.02412   0.01722  -0.0699  0.0795  1.0000  -4.9228   0.0000   0.0000   0.0000   0.2828
  11.500   1.4698   0.02679   0.01989  -0.0667  0.0625  1.0000  -5.2132   0.0000   0.0000   0.0000   0.2791
  12.000   1.4853   0.02978   0.02295  -0.0638  0.0498  1.0000  -5.4914   0.0000   0.0000   0.0000   0.2758
  12.500   1.4914   0.03373   0.02694  -0.0606  0.0387  1.0000  -5.7131   0.0000   0.0000   0.0000   0.2726
  13.000   1.5000   0.03766   0.03098  -0.0582  0.0319  1.0000  -5.9438   0.0000   0.0000   0.0000   0.2698
  13.500   1.4885   0.04380   0.03730  -0.0554  0.0259  1.0000  -6.0279   0.0000   0.0000   0.0000   0.2671
  14.000   1.4917   0.04873   0.04245  -0.0538  0.0235  1.0000  -6.2097   0.0000   0.0000   0.0000   0.2650
  14.500   1.4897   0.05460   0.04850  -0.0527  0.0215  1.0000  -6.3773   0.0000   0.0000   0.0000   0.2633
  15.000   1.4817   0.06153   0.05567  -0.0523  0.0200  1.0000  -6.5174   0.0000   0.0000   0.0000   0.2621


