xflr5 v6.59

 Calculated polar for: revR_70_revT

 1 1 Reynolds number fixed          Mach number fixed         

 xtrf =   1.000 (top)        1.000 (bottom)
 Mach =   0.000     Re =     0.470 e 6     Ncrit =   9.000

  alpha     CL        CD       CDp       Cm    Top Xtr Bot Xtr   Cpmin    Chinge    XCp    
 ------- -------- --------- --------- -------- ------- ------- -------- --------- ---------
  -5.000   0.0161   0.01176   0.00528  -0.1265  0.7946  0.0452  -2.3633   0.0000   0.0000   0.0000   8.3106
  -4.500   0.0723   0.01124   0.00467  -0.1266  0.7861  0.0534  -2.0480   0.0000   0.0000   0.0000   2.0386
  -4.000   0.1286   0.01051   0.00390  -0.1268  0.7771  0.0798  -1.7957   0.0000   0.0000   0.0000   1.2545
  -3.500   0.1849   0.01005   0.00357  -0.1271  0.7689  0.1208  -1.5369   0.0000   0.0000   0.0000   0.9481
  -3.000   0.2415   0.00961   0.00330  -0.1274  0.7602  0.1777  -1.2901   0.0000   0.0000   0.0000   0.7845
  -2.500   0.2985   0.00932   0.00312  -0.1278  0.7510  0.2454  -1.0551   0.0000   0.0000   0.0000   0.6823
  -2.000   0.3547   0.00895   0.00300  -0.1280  0.7415  0.3263  -0.8326   0.0000   0.0000   0.0000   0.6134
  -1.500   0.4114   0.00861   0.00288  -0.1283  0.7319  0.4218  -0.7244   0.0000   0.0000   0.0000   0.5630
  -1.000   0.4678   0.00833   0.00291  -0.1285  0.7228  0.5403  -0.7660   0.0000   0.0000   0.0000   0.5248
  -0.500   0.5228   0.00803   0.00293  -0.1282  0.7115  0.6548  -0.8080   0.0000   0.0000   0.0000   0.4944
   0.000   0.5778   0.00800   0.00301  -0.1277  0.7005  0.7425  -0.8525   0.0000   0.0000   0.0000   0.4694
   0.500   0.6318   0.00793   0.00307  -0.1270  0.6893  0.7989  -0.9017   0.0000   0.0000   0.0000   0.4488
   1.000   0.6848   0.00796   0.00309  -0.1259  0.6765  0.8440  -0.9525   0.0000   0.0000   0.0000   0.4311
   1.500   0.7341   0.00785   0.00311  -0.1241  0.6623  0.8912  -1.0038   0.0000   0.0000   0.0000   0.4156
   2.000   0.7825   0.00779   0.00307  -0.1221  0.6487  0.9509  -1.0610   0.0000   0.0000   0.0000   0.4019
   2.500   0.8455   0.00785   0.00305  -0.1237  0.6314  1.0000  -1.1285   0.0000   0.0000   0.0000   0.3916
   3.000   0.9024   0.00803   0.00316  -0.1241  0.6126  1.0000  -1.1926   0.0000   0.0000   0.0000   0.3823
   3.500   0.9584   0.00826   0.00333  -0.1243  0.5946  1.0000  -1.2683   0.0000   0.0000   0.0000   0.3739
   4.000   1.0130   0.00855   0.00353  -0.1242  0.5733  1.0000  -1.3445   0.0000   0.0000   0.0000   0.3662
   4.500   1.0663   0.00889   0.00378  -0.1239  0.5486  1.0000  -1.4326   0.0000   0.0000   0.0000   0.3592
   5.000   1.1189   0.00928   0.00410  -0.1235  0.5247  1.0000  -1.5270   0.0000   0.0000   0.0000   0.3527
   5.500   1.1698   0.00974   0.00448  -0.1228  0.4958  1.0000  -1.6424   0.0000   0.0000   0.0000   0.3467
   6.000   1.2198   0.01027   0.00493  -0.1220  0.4682  1.0000  -1.7647   0.0000   0.0000   0.0000   0.3411
   6.500   1.2663   0.01096   0.00548  -0.1207  0.4347  1.0000  -1.9077   0.0000   0.0000   0.0000   0.3356
   7.000   1.3134   0.01161   0.00607  -0.1195  0.4049  1.0000  -2.0713   0.0000   0.0000   0.0000   0.3306
   7.500   1.3580   0.01237   0.00676  -0.1179  0.3739  1.0000  -2.2614   0.0000   0.0000   0.0000   0.3257
   8.500   1.4358   0.01430   0.00848  -0.1131  0.3080  1.0000  -2.7644   0.0000   0.0000   0.0000   0.3162
   9.000   1.4684   0.01542   0.00952  -0.1097  0.2760  1.0000  -3.0736   0.0000   0.0000   0.0000   0.3114
   9.500   1.4942   0.01694   0.01090  -0.1057  0.2423  1.0000  -3.3687   0.0000   0.0000   0.0000   0.3066
  10.000   1.5209   0.01850   0.01241  -0.1021  0.2134  1.0000  -3.6758   0.0000   0.0000   0.0000   0.3022
  10.500   1.5435   0.02045   0.01427  -0.0985  0.1834  1.0000  -3.9752   0.0000   0.0000   0.0000   0.2980
  11.000   1.5613   0.02286   0.01658  -0.0947  0.1545  1.0000  -4.2622   0.0000   0.0000   0.0000   0.2939
  11.500   1.5755   0.02571   0.01933  -0.0911  0.1266  1.0000  -4.5389   0.0000   0.0000   0.0000   0.2901
  12.000   1.5887   0.02877   0.02235  -0.0877  0.1041  1.0000  -4.8168   0.0000   0.0000   0.0000   0.2866
  12.500   1.5988   0.03223   0.02578  -0.0844  0.0848  1.0000  -5.0841   0.0000   0.0000   0.0000   0.2832
  13.000   1.6072   0.03595   0.02951  -0.0814  0.0707  1.0000  -5.3485   0.0000   0.0000   0.0000   0.2801
  13.500   1.6160   0.03981   0.03345  -0.0788  0.0594  1.0000  -5.6249   0.0000   0.0000   0.0000   0.2772
  14.000   1.6158   0.04472   0.03841  -0.0762  0.0483  1.0000  -5.8556   0.0000   0.0000   0.0000   0.2745
  14.500   1.6185   0.04965   0.04341  -0.0743  0.0412  1.0000  -6.1036   0.0000   0.0000   0.0000   0.2722
  15.000   1.6110   0.05601   0.04989  -0.0726  0.0343  1.0000  -6.2857   0.0000   0.0000   0.0000   0.2703


