xflr5 v6.59

 Calculated polar for: revR_15_revT

 1 1 Reynolds number fixed          Mach number fixed         

 xtrf =   1.000 (top)        1.000 (bottom)
 Mach =   0.000     Re =     0.305 e 6     Ncrit =   9.000

  alpha     CL        CD       CDp       Cm    Top Xtr Bot Xtr   Cpmin    Chinge    XCp    
 ------- -------- --------- --------- -------- ------- ------- -------- --------- ---------
  -5.000  -0.1993   0.01278   0.00601  -0.0792  0.9026  0.0664  -2.4971   0.0000   0.0000   0.0000  -0.1594
  -4.500  -0.1475   0.01189   0.00508  -0.0784  0.8880  0.0936  -2.1439   0.0000   0.0000   0.0000  -0.2952
  -4.000  -0.0958   0.01111   0.00443  -0.0775  0.8728  0.1505  -1.8100   0.0000   0.0000   0.0000  -0.5770
  -3.500  -0.0459   0.01048   0.00408  -0.0766  0.8576  0.2321  -1.4870   0.0000   0.0000   0.0000  -1.4515
  -3.000   0.0051   0.00982   0.00377  -0.0757  0.8438  0.3482  -1.2187   0.0000   0.0000   0.0000  15.3947
  -2.500   0.0547   0.00918   0.00354  -0.0745  0.8282  0.4848  -1.0152   0.0000   0.0000   0.0000   1.6289
  -2.000   0.1031   0.00869   0.00355  -0.0726  0.8135  0.6376  -0.8210   0.0000   0.0000   0.0000   0.9610
  -1.500   0.1553   0.00860   0.00355  -0.0711  0.8000  0.7246  -0.6288   0.0000   0.0000   0.0000   0.7107
  -1.000   0.2050   0.00853   0.00359  -0.0690  0.7835  0.7849  -0.5335   0.0000   0.0000   0.0000   0.5877
  -0.500   0.2560   0.00853   0.00358  -0.0672  0.7676  0.8271  -0.5758   0.0000   0.0000   0.0000   0.5124
   0.000   0.3066   0.00854   0.00353  -0.0652  0.7522  0.8652  -0.6184   0.0000   0.0000   0.0000   0.4617
   0.500   0.3546   0.00848   0.00350  -0.0628  0.7342  0.9010  -0.6666   0.0000   0.0000   0.0000   0.4252
   1.000   0.4076   0.00845   0.00345  -0.0613  0.7151  0.9363  -0.7186   0.0000   0.0000   0.0000   0.3981
   1.500   0.4772   0.00850   0.00342  -0.0637  0.6955  0.9656  -0.7838   0.0000   0.0000   0.0000   0.3805
   2.000   0.5635   0.00855   0.00337  -0.0699  0.6711  0.9814  -0.8699   0.0000   0.0000   0.0000   0.3707
   2.500   0.6460   0.00860   0.00335  -0.0756  0.6455  0.9977  -0.9600   0.0000   0.0000   0.0000   0.3633
   3.000   0.6860   0.00870   0.00335  -0.0729  0.6180  1.0000  -1.0299   0.0000   0.0000   0.0000   0.3520
   3.500   0.7249   0.00892   0.00345  -0.0696  0.5898  1.0000  -1.1101   0.0000   0.0000   0.0000   0.3414
   4.000   0.7698   0.00924   0.00364  -0.0675  0.5592  1.0000  -1.2122   0.0000   0.0000   0.0000   0.3326
   4.500   0.8166   0.00959   0.00392  -0.0657  0.5248  1.0000  -1.3388   0.0000   0.0000   0.0000   0.3249
   5.000   0.8630   0.01007   0.00424  -0.0639  0.4891  1.0000  -1.5252   0.0000   0.0000   0.0000   0.3180
   5.500   0.9094   0.01054   0.00466  -0.0622  0.4504  1.0000  -1.8374   0.0000   0.0000   0.0000   0.3118
   6.000   0.9549   0.01112   0.00514  -0.0604  0.4145  1.0000  -2.1624   0.0000   0.0000   0.0000   0.3061
   6.500   0.9972   0.01183   0.00567  -0.0581  0.3700  1.0000  -2.4924   0.0000   0.0000   0.0000   0.3005
   7.000   1.0381   0.01261   0.00630  -0.0556  0.3234  1.0000  -2.8303   0.0000   0.0000   0.0000   0.2953
   7.500   1.0762   0.01352   0.00707  -0.0528  0.2717  1.0000  -3.1706   0.0000   0.0000   0.0000   0.2902
   8.000   1.1111   0.01459   0.00794  -0.0496  0.2208  1.0000  -3.5233   0.0000   0.0000   0.0000   0.2851
   8.500   1.1423   0.01580   0.00895  -0.0459  0.1734  1.0000  -3.8731   0.0000   0.0000   0.0000   0.2800
   9.000   1.1654   0.01718   0.01013  -0.0409  0.1291  1.0000  -4.1969   0.0000   0.0000   0.0000   0.2743
   9.500   1.1830   0.01875   0.01154  -0.0353  0.0943  1.0000  -4.5000   0.0000   0.0000   0.0000   0.2683
  10.000   1.2006   0.02043   0.01315  -0.0301  0.0708  1.0000  -4.8016   0.0000   0.0000   0.0000   0.2629
  10.500   1.2158   0.02237   0.01508  -0.0252  0.0532  1.0000  -5.0861   0.0000   0.0000   0.0000   0.2578
  11.000   1.2296   0.02457   0.01731  -0.0207  0.0402  1.0000  -5.3493   0.0000   0.0000   0.0000   0.2531
  11.500   1.2350   0.02757   0.02041  -0.0160  0.0293  1.0000  -5.5194   0.0000   0.0000   0.0000   0.2485
  12.000   1.2216   0.03237   0.02538  -0.0109  0.0237  1.0000  -5.5506   0.0000   0.0000   0.0000   0.2436
  12.500   1.2298   0.03591   0.02914  -0.0083  0.0223  1.0000  -5.7398   0.0000   0.0000   0.0000   0.2405
  13.000   1.2338   0.04014   0.03363  -0.0061  0.0211  1.0000  -5.9018   0.0000   0.0000   0.0000   0.2378
  13.500   1.2366   0.04480   0.03852  -0.0045  0.0202  1.0000  -6.0560   0.0000   0.0000   0.0000   0.2356
  14.000   1.2393   0.04983   0.04378  -0.0035  0.0196  1.0000  -6.2070   0.0000   0.0000   0.0000   0.2338
  14.500   1.2412   0.05531   0.04948  -0.0032  0.0190  1.0000  -6.3548   0.0000   0.0000   0.0000   0.2326
  15.000   1.2411   0.06137   0.05579  -0.0036  0.0185  1.0000  -6.4902   0.0000   0.0000   0.0000   0.2320


