xflr5 v6.59

 Calculated polar for: revR_80_revT

 1 1 Reynolds number fixed          Mach number fixed         

 xtrf =   1.000 (top)        1.000 (bottom)
 Mach =   0.000     Re =     0.165 e 6     Ncrit =   9.000

  alpha     CL        CD       CDp       Cm    Top Xtr Bot Xtr   Cpmin    Chinge    XCp    
 ------- -------- --------- --------- -------- ------- ------- -------- --------- ---------
  -5.000   0.0334   0.02263   0.01519  -0.1391  0.8599  0.0747  -2.2142   0.0000   0.0000   0.0000   4.5215
  -4.500   0.0925   0.02044   0.01279  -0.1397  0.8519  0.0878  -1.9936   0.0000   0.0000   0.0000   1.7948
  -4.000   0.1486   0.01931   0.01163  -0.1399  0.8436  0.1132  -1.7764   0.0000   0.0000   0.0000   1.2102
  -3.500   0.1992   0.01862   0.01106  -0.1394  0.8320  0.1597  -1.5643   0.0000   0.0000   0.0000   0.9623
  -3.000   0.2606   0.01768   0.01032  -0.1403  0.8244  0.2409  -1.3243   0.0000   0.0000   0.0000   0.7965
  -2.500   0.3114   0.01747   0.01039  -0.1399  0.8128  0.3324  -1.1136   0.0000   0.0000   0.0000   0.7049
  -2.000   0.3677   0.01697   0.01024  -0.1400  0.8032  0.4448  -0.8974   0.0000   0.0000   0.0000   0.6343
  -1.500   0.4258   0.01646   0.01012  -0.1395  0.7961  0.5868  -0.7342   0.0000   0.0000   0.0000   0.5798
  -1.000   0.4681   0.01654   0.01058  -0.1366  0.7815  0.7100  -0.7684   0.0000   0.0000   0.0000   0.5427
  -0.500   0.5162   0.01622   0.01035  -0.1330  0.7733  0.8111  -0.8086   0.0000   0.0000   0.0000   0.5076
   0.000   0.5471   0.01640   0.01064  -0.1272  0.7592  0.8956  -0.8367   0.0000   0.0000   0.0000   0.4816
   0.500   0.6142   0.01584   0.00995  -0.1283  0.7502  1.0000  -0.8906   0.0000   0.0000   0.0000   0.4572
   1.000   0.6727   0.01612   0.01006  -0.1295  0.7369  1.0000  -0.9413   0.0000   0.0000   0.0000   0.4401
   1.500   0.7364   0.01590   0.00963  -0.1307  0.7256  1.0000  -1.0013   0.0000   0.0000   0.0000   0.4244
   2.000   0.7923   0.01621   0.00985  -0.1310  0.7124  1.0000  -1.0566   0.0000   0.0000   0.0000   0.4116
   2.500   0.8542   0.01597   0.00947  -0.1317  0.7001  1.0000  -1.1267   0.0000   0.0000   0.0000   0.3997
   3.000   0.9079   0.01616   0.00962  -0.1313  0.6840  1.0000  -1.1909   0.0000   0.0000   0.0000   0.3895
   3.500   0.9719   0.01587   0.00917  -0.1321  0.6719  1.0000  -1.2651   0.0000   0.0000   0.0000   0.3802
   4.000   1.0229   0.01604   0.00939  -0.1313  0.6536  1.0000  -1.3369   0.0000   0.0000   0.0000   0.3720
   4.500   1.0773   0.01609   0.00942  -0.1308  0.6357  1.0000  -1.4181   0.0000   0.0000   0.0000   0.3644
   5.000   1.1340   0.01605   0.00933  -0.1306  0.6176  1.0000  -1.5088   0.0000   0.0000   0.0000   0.3575
   5.500   1.1899   0.01613   0.00934  -0.1304  0.5984  1.0000  -1.6135   0.0000   0.0000   0.0000   0.3512
   6.000   1.2402   0.01637   0.00958  -0.1293  0.5750  1.0000  -1.7251   0.0000   0.0000   0.0000   0.3451
   6.500   1.2899   0.01671   0.00990  -0.1281  0.5499  1.0000  -1.8540   0.0000   0.0000   0.0000   0.3395
   7.000   1.3378   0.01722   0.01036  -0.1267  0.5235  1.0000  -1.9942   0.0000   0.0000   0.0000   0.3341
   7.500   1.3799   0.01787   0.01106  -0.1244  0.4942  1.0000  -2.1516   0.0000   0.0000   0.0000   0.3288
   8.000   1.4197   0.01866   0.01188  -0.1219  0.4640  1.0000  -2.3231   0.0000   0.0000   0.0000   0.3237
   8.500   1.4563   0.01958   0.01277  -0.1189  0.4329  1.0000  -2.5345   0.0000   0.0000   0.0000   0.3187
   9.000   1.4886   0.02071   0.01382  -0.1153  0.4022  1.0000  -2.7897   0.0000   0.0000   0.0000   0.3138
   9.500   1.5133   0.02203   0.01513  -0.1107  0.3728  1.0000  -3.0595   0.0000   0.0000   0.0000   0.3086
  10.000   1.5310   0.02363   0.01678  -0.1055  0.3429  1.0000  -3.3125   0.0000   0.0000   0.0000   0.3035
  10.500   1.5452   0.02562   0.01878  -0.1004  0.3135  1.0000  -3.5585   0.0000   0.0000   0.0000   0.2987
  11.000   1.5564   0.02804   0.02124  -0.0956  0.2852  1.0000  -3.7978   0.0000   0.0000   0.0000   0.2943
  11.500   1.5644   0.03095   0.02413  -0.0911  0.2579  1.0000  -4.0279   0.0000   0.0000   0.0000   0.2901
  12.000   1.5672   0.03450   0.02762  -0.0868  0.2301  1.0000  -4.2401   0.0000   0.0000   0.0000   0.2863
  12.500   1.5686   0.03845   0.03162  -0.0830  0.2033  1.0000  -4.4514   0.0000   0.0000   0.0000   0.2828
  13.000   1.5676   0.04290   0.03612  -0.0796  0.1784  1.0000  -4.6548   0.0000   0.0000   0.0000   0.2797
  13.500   1.5634   0.04795   0.04119  -0.0766  0.1559  1.0000  -4.8434   0.0000   0.0000   0.0000   0.2769
  14.000   1.5564   0.05363   0.04686  -0.0741  0.1357  1.0000  -5.0165   0.0000   0.0000   0.0000   0.2744
  14.500   1.5486   0.05981   0.05313  -0.0722  0.1179  1.0000  -5.1815   0.0000   0.0000   0.0000   0.2723
  15.000   1.5438   0.06608   0.05958  -0.0710  0.1030  1.0000  -5.3542   0.0000   0.0000   0.0000   0.2706


