xflr5 v6.59

 Calculated polar for: revR_40_revT

 1 1 Reynolds number fixed          Mach number fixed         

 xtrf =   1.000 (top)        1.000 (bottom)
 Mach =   0.000     Re =     0.230 e 6     Ncrit =   9.000

  alpha     CL        CD       CDp       Cm    Top Xtr Bot Xtr   Cpmin    Chinge    XCp    
 ------- -------- --------- --------- -------- ------- ------- -------- --------- ---------
  -5.000  -0.0996   0.01565   0.00853  -0.1039  0.8847  0.0712  -2.3712   0.0000   0.0000   0.0000  -0.8201
  -4.500  -0.0453   0.01436   0.00712  -0.1035  0.8744  0.0921  -2.0653   0.0000   0.0000   0.0000  -2.0869
  -4.000   0.0053   0.01346   0.00636  -0.1027  0.8610  0.1375  -1.7699   0.0000   0.0000   0.0000  20.0377
  -3.500   0.0600   0.01269   0.00581  -0.1025  0.8502  0.2204  -1.4674   0.0000   0.0000   0.0000   1.9888
  -3.000   0.1115   0.01214   0.00556  -0.1020  0.8369  0.3147  -1.2440   0.0000   0.0000   0.0000   1.1780
  -2.500   0.1656   0.01152   0.00531  -0.1016  0.8263  0.4432  -1.0258   0.0000   0.0000   0.0000   0.8706
  -2.000   0.2151   0.01104   0.00537  -0.1002  0.8125  0.5952  -0.8244   0.0000   0.0000   0.0000   0.7198
  -1.500   0.2671   0.01085   0.00537  -0.0984  0.8012  0.7071  -0.6349   0.0000   0.0000   0.0000   0.6205
  -1.000   0.3153   0.01083   0.00549  -0.0960  0.7871  0.7834  -0.6271   0.0000   0.0000   0.0000   0.5553
  -0.500   0.3638   0.01081   0.00547  -0.0933  0.7750  0.8394  -0.6658   0.0000   0.0000   0.0000   0.5063
   0.000   0.4089   0.01070   0.00537  -0.0900  0.7601  0.8875  -0.7066   0.0000   0.0000   0.0000   0.4691
   0.500   0.4565   0.01059   0.00523  -0.0872  0.7458  0.9390  -0.7514   0.0000   0.0000   0.0000   0.4392
   1.000   0.5362   0.01040   0.00490  -0.0915  0.7322  0.9830  -0.8179   0.0000   0.0000   0.0000   0.4183
   1.500   0.5997   0.01038   0.00479  -0.0936  0.7141  1.0000  -0.8814   0.0000   0.0000   0.0000   0.4031
   2.000   0.6529   0.01048   0.00478  -0.0934  0.6968  1.0000  -0.9401   0.0000   0.0000   0.0000   0.3895
   2.500   0.7086   0.01057   0.00475  -0.0933  0.6787  1.0000  -1.0036   0.0000   0.0000   0.0000   0.3777
   3.000   0.7641   0.01068   0.00473  -0.0932  0.6585  1.0000  -1.0768   0.0000   0.0000   0.0000   0.3674
   3.500   0.8183   0.01082   0.00479  -0.0928  0.6360  1.0000  -1.1533   0.0000   0.0000   0.0000   0.3583
   4.000   0.8721   0.01103   0.00495  -0.0924  0.6125  1.0000  -1.2420   0.0000   0.0000   0.0000   0.3503
   4.500   0.9245   0.01129   0.00518  -0.0917  0.5850  1.0000  -1.3433   0.0000   0.0000   0.0000   0.3430
   5.000   0.9763   0.01163   0.00549  -0.0909  0.5557  1.0000  -1.4626   0.0000   0.0000   0.0000   0.3364
   5.500   1.0269   0.01207   0.00585  -0.0900  0.5239  1.0000  -1.6087   0.0000   0.0000   0.0000   0.3303
   6.000   1.0761   0.01263   0.00630  -0.0888  0.4906  1.0000  -1.7836   0.0000   0.0000   0.0000   0.3247
   6.500   1.1238   0.01323   0.00688  -0.0875  0.4546  1.0000  -2.0755   0.0000   0.0000   0.0000   0.3194
   7.000   1.1694   0.01399   0.00754  -0.0860  0.4176  1.0000  -2.3890   0.0000   0.0000   0.0000   0.3144
   7.500   1.2125   0.01485   0.00833  -0.0841  0.3779  1.0000  -2.7077   0.0000   0.0000   0.0000   0.3095
   8.000   1.2545   0.01579   0.00924  -0.0822  0.3404  1.0000  -3.0442   0.0000   0.0000   0.0000   0.3050
   8.500   1.2912   0.01697   0.01029  -0.0796  0.2986  1.0000  -3.3788   0.0000   0.0000   0.0000   0.3004
   9.000   1.3229   0.01837   0.01158  -0.0764  0.2555  1.0000  -3.7044   0.0000   0.0000   0.0000   0.2958
   9.500   1.3491   0.01992   0.01303  -0.0725  0.2135  1.0000  -4.0165   0.0000   0.0000   0.0000   0.2910
  10.000   1.3698   0.02190   0.01488  -0.0683  0.1715  1.0000  -4.3112   0.0000   0.0000   0.0000   0.2864
  10.500   1.3851   0.02441   0.01723  -0.0642  0.1320  1.0000  -4.5860   0.0000   0.0000   0.0000   0.2821
  11.000   1.3953   0.02755   0.02022  -0.0603  0.1008  1.0000  -4.8369   0.0000   0.0000   0.0000   0.2781
  11.500   1.4031   0.03116   0.02379  -0.0568  0.0784  1.0000  -5.0696   0.0000   0.0000   0.0000   0.2745
  12.000   1.4125   0.03485   0.02761  -0.0540  0.0633  1.0000  -5.3040   0.0000   0.0000   0.0000   0.2713
  12.500   1.4169   0.03922   0.03215  -0.0512  0.0523  1.0000  -5.4963   0.0000   0.0000   0.0000   0.2683
  13.000   1.4076   0.04516   0.03816  -0.0486  0.0430  1.0000  -5.6056   0.0000   0.0000   0.0000   0.2657
  13.500   1.4068   0.05052   0.04377  -0.0467  0.0379  1.0000  -5.7336   0.0000   0.0000   0.0000   0.2634
  14.000   1.4056   0.05625   0.04971  -0.0455  0.0336  1.0000  -5.8598   0.0000   0.0000   0.0000   0.2616
  14.500   1.3979   0.06299   0.05662  -0.0447  0.0306  1.0000  -5.9485   0.0000   0.0000   0.0000   0.2602
  15.000   1.3851   0.07033   0.06418  -0.0427  0.0280  1.0000  -5.9487   0.0000   0.0000   0.0000   0.2581


