xflr5 v6.59

 Calculated polar for: revR_100_revT

 1 1 Reynolds number fixed          Mach number fixed         

 xtrf =   1.000 (top)        1.000 (bottom)
 Mach =   0.000     Re =     0.375 e 6     Ncrit =   9.000

  alpha     CL        CD       CDp       Cm    Top Xtr Bot Xtr   Cpmin    Chinge    XCp    
 ------- -------- --------- --------- -------- ------- ------- -------- --------- ---------
  -5.000   0.1404   0.01381   0.00716  -0.1546  0.7845  0.0475  -2.3262   0.0000   0.0000   0.0000   1.3784
  -4.500   0.1970   0.01295   0.00618  -0.1549  0.7774  0.0554  -2.0772   0.0000   0.0000   0.0000   1.0536
  -4.000   0.2548   0.01219   0.00538  -0.1555  0.7703  0.0752  -1.8283   0.0000   0.0000   0.0000   0.8719
  -3.500   0.3121   0.01178   0.00502  -0.1560  0.7626  0.1078  -1.5729   0.0000   0.0000   0.0000   0.7580
  -3.000   0.3689   0.01132   0.00472  -0.1564  0.7550  0.1579  -1.3295   0.0000   0.0000   0.0000   0.6798
  -2.500   0.4267   0.01095   0.00450  -0.1570  0.7476  0.2229  -1.0902   0.0000   0.0000   0.0000   0.6218
  -2.000   0.4852   0.01075   0.00440  -0.1577  0.7394  0.2951  -0.8673   0.0000   0.0000   0.0000   0.5773
  -1.500   0.5416   0.01047   0.00436  -0.1580  0.7314  0.3771  -0.8532   0.0000   0.0000   0.0000   0.5429
  -1.000   0.5990   0.01017   0.00427  -0.1584  0.7223  0.4678  -0.8941   0.0000   0.0000   0.0000   0.5145
  -0.500   0.6568   0.00997   0.00429  -0.1587  0.7136  0.5785  -0.9403   0.0000   0.0000   0.0000   0.4909
   0.000   0.7109   0.00981   0.00447  -0.1582  0.7050  0.6934  -0.9842   0.0000   0.0000   0.0000   0.4711
   0.500   0.7642   0.00965   0.00446  -0.1573  0.6942  0.7784  -1.0285   0.0000   0.0000   0.0000   0.4535
   1.000   0.8160   0.00968   0.00453  -0.1560  0.6846  0.8438  -1.0752   0.0000   0.0000   0.0000   0.4381
   1.500   0.8604   0.00954   0.00454  -0.1531  0.6742  0.9110  -1.1230   0.0000   0.0000   0.0000   0.4242
   2.000   0.9182   0.00942   0.00432  -0.1533  0.6621  1.0000  -1.1820   0.0000   0.0000   0.0000   0.4125
   2.500   0.9755   0.00954   0.00442  -0.1538  0.6491  1.0000  -1.2453   0.0000   0.0000   0.0000   0.4026
   3.000   1.0335   0.00971   0.00441  -0.1543  0.6353  1.0000  -1.3154   0.0000   0.0000   0.0000   0.3936
   3.500   1.0883   0.00987   0.00460  -0.1543  0.6205  1.0000  -1.3835   0.0000   0.0000   0.0000   0.3854
   4.000   1.1427   0.01009   0.00474  -0.1542  0.6030  1.0000  -1.4523   0.0000   0.0000   0.0000   0.3778
   4.500   1.1964   0.01039   0.00493  -0.1540  0.5857  1.0000  -1.5307   0.0000   0.0000   0.0000   0.3709
   5.000   1.2488   0.01070   0.00526  -0.1536  0.5676  1.0000  -1.6123   0.0000   0.0000   0.0000   0.3644
   5.500   1.2992   0.01110   0.00562  -0.1528  0.5460  1.0000  -1.7026   0.0000   0.0000   0.0000   0.3583
   6.000   1.3478   0.01158   0.00604  -0.1517  0.5233  1.0000  -1.8010   0.0000   0.0000   0.0000   0.3526
   6.500   1.3946   0.01215   0.00655  -0.1504  0.5006  1.0000  -1.9156   0.0000   0.0000   0.0000   0.3471
   7.000   1.4379   0.01281   0.00716  -0.1485  0.4737  1.0000  -2.0348   0.0000   0.0000   0.0000   0.3417
   7.500   1.4789   0.01356   0.00786  -0.1462  0.4487  1.0000  -2.1590   0.0000   0.0000   0.0000   0.3366
   8.000   1.5131   0.01446   0.00870  -0.1429  0.4198  1.0000  -2.2972   0.0000   0.0000   0.0000   0.3313
   8.500   1.5437   0.01551   0.00971  -0.1391  0.3935  1.0000  -2.4372   0.0000   0.0000   0.0000   0.3261
   9.000   1.5713   0.01677   0.01093  -0.1351  0.3685  1.0000  -2.5831   0.0000   0.0000   0.0000   0.3211
   9.500   1.5941   0.01837   0.01250  -0.1308  0.3405  1.0000  -2.7589   0.0000   0.0000   0.0000   0.3163
  10.000   1.6150   0.02028   0.01436  -0.1267  0.3141  1.0000  -2.9584   0.0000   0.0000   0.0000   0.3118
  10.500   1.6353   0.02239   0.01646  -0.1229  0.2899  1.0000  -3.1843   0.0000   0.0000   0.0000   0.3076
  11.000   1.6516   0.02491   0.01895  -0.1191  0.2652  1.0000  -3.4034   0.0000   0.0000   0.0000   0.3036
  11.500   1.6662   0.02771   0.02176  -0.1154  0.2416  1.0000  -3.6210   0.0000   0.0000   0.0000   0.2998
  12.000   1.6767   0.03094   0.02495  -0.1117  0.2169  1.0000  -3.8353   0.0000   0.0000   0.0000   0.2961
  12.500   1.6843   0.03453   0.02851  -0.1081  0.1936  1.0000  -4.0574   0.0000   0.0000   0.0000   0.2927
  13.000   1.6911   0.03838   0.03237  -0.1048  0.1720  1.0000  -4.2790   0.0000   0.0000   0.0000   0.2894
  13.500   1.6943   0.04274   0.03674  -0.1017  0.1514  1.0000  -4.4976   0.0000   0.0000   0.0000   0.2864
  14.000   1.6955   0.04756   0.04156  -0.0989  0.1326  1.0000  -4.7159   0.0000   0.0000   0.0000   0.2836
  14.500   1.6931   0.05294   0.04695  -0.0964  0.1157  1.0000  -4.9204   0.0000   0.0000   0.0000   0.2811
  15.000   1.6895   0.05873   0.05276  -0.0943  0.1011  1.0000  -5.1199   0.0000   0.0000   0.0000   0.2788


