xflr5 v6.59

 Calculated polar for: revR_90_revT

 1 1 Reynolds number fixed          Mach number fixed         

 xtrf =   1.000 (top)        1.000 (bottom)
 Mach =   0.000     Re =     0.265 e 6     Ncrit =   9.000

  alpha     CL        CD       CDp       Cm    Top Xtr Bot Xtr   Cpmin    Chinge    XCp    
 ------- -------- --------- --------- -------- ------- ------- -------- --------- ---------
  -5.000   0.0985   0.01668   0.00963  -0.1468  0.8162  0.0573  -2.2543   0.0000   0.0000   0.0000   1.7775
  -4.500   0.1508   0.01530   0.00823  -0.1467  0.8078  0.0685  -2.0282   0.0000   0.0000   0.0000   1.2442
  -4.000   0.2069   0.01440   0.00729  -0.1469  0.7995  0.0901  -1.7953   0.0000   0.0000   0.0000   0.9742
  -3.500   0.2650   0.01370   0.00662  -0.1475  0.7919  0.1315  -1.5522   0.0000   0.0000   0.0000   0.8158
  -3.000   0.3194   0.01332   0.00642  -0.1476  0.7828  0.1952  -1.3186   0.0000   0.0000   0.0000   0.7185
  -2.500   0.3760   0.01288   0.00619  -0.1480  0.7741  0.2684  -1.0890   0.0000   0.0000   0.0000   0.6479
  -1.500   0.4891   0.01229   0.00606  -0.1485  0.7569  0.4563  -0.7990   0.0000   0.0000   0.0000   0.5551
  -1.000   0.5448   0.01190   0.00600  -0.1483  0.7470  0.5797  -0.8406   0.0000   0.0000   0.0000   0.5226
  -0.500   0.6000   0.01173   0.00606  -0.1476  0.7382  0.6992  -0.8847   0.0000   0.0000   0.0000   0.4954
   0.000   0.6486   0.01170   0.00626  -0.1456  0.7279  0.7889  -0.9242   0.0000   0.0000   0.0000   0.4732
   0.500   0.6978   0.01151   0.00610  -0.1434  0.7177  0.8532  -0.9658   0.0000   0.0000   0.0000   0.4534
   1.000   0.7386   0.01135   0.00601  -0.1394  0.7066  0.9319  -1.0084   0.0000   0.0000   0.0000   0.4359
   1.500   0.8034   0.01127   0.00584  -0.1413  0.6952  1.0000  -1.0686   0.0000   0.0000   0.0000   0.4224
   2.000   0.8644   0.01140   0.00579  -0.1425  0.6841  1.0000  -1.1282   0.0000   0.0000   0.0000   0.4106
   2.500   0.9211   0.01143   0.00577  -0.1427  0.6695  1.0000  -1.1935   0.0000   0.0000   0.0000   0.4002
   3.000   0.9788   0.01155   0.00579  -0.1432  0.6564  1.0000  -1.2623   0.0000   0.0000   0.0000   0.3908
   3.500   1.0346   0.01164   0.00582  -0.1432  0.6412  1.0000  -1.3305   0.0000   0.0000   0.0000   0.3823
   4.000   1.0890   0.01181   0.00596  -0.1430  0.6240  1.0000  -1.4006   0.0000   0.0000   0.0000   0.3745
   4.500   1.1437   0.01200   0.00606  -0.1428  0.6063  1.0000  -1.4832   0.0000   0.0000   0.0000   0.3674
   5.000   1.1967   0.01227   0.00628  -0.1423  0.5878  1.0000  -1.5662   0.0000   0.0000   0.0000   0.3608
   5.500   1.2473   0.01261   0.00664  -0.1415  0.5666  1.0000  -1.6627   0.0000   0.0000   0.0000   0.3546
   6.000   1.2964   0.01303   0.00701  -0.1405  0.5423  1.0000  -1.7642   0.0000   0.0000   0.0000   0.3488
   6.500   1.3441   0.01355   0.00751  -0.1392  0.5186  1.0000  -1.8890   0.0000   0.0000   0.0000   0.3433
   7.000   1.3887   0.01418   0.00808  -0.1375  0.4916  1.0000  -2.0124   0.0000   0.0000   0.0000   0.3379
   7.500   1.4305   0.01492   0.00878  -0.1353  0.4643  1.0000  -2.1635   0.0000   0.0000   0.0000   0.3327
   8.000   1.4680   0.01581   0.00960  -0.1325  0.4357  1.0000  -2.3109   0.0000   0.0000   0.0000   0.3276
   8.500   1.4989   0.01687   0.01059  -0.1287  0.4063  1.0000  -2.4617   0.0000   0.0000   0.0000   0.3224
   9.000   1.5265   0.01806   0.01177  -0.1245  0.3797  1.0000  -2.6588   0.0000   0.0000   0.0000   0.3173
   9.500   1.5492   0.01954   0.01324  -0.1200  0.3513  1.0000  -2.8947   0.0000   0.0000   0.0000   0.3123
  10.000   1.5691   0.02134   0.01506  -0.1156  0.3228  1.0000  -3.1422   0.0000   0.0000   0.0000   0.3077
  10.500   1.5878   0.02345   0.01716  -0.1115  0.2976  1.0000  -3.3916   0.0000   0.0000   0.0000   0.3033
  11.000   1.6036   0.02591   0.01963  -0.1076  0.2722  1.0000  -3.6361   0.0000   0.0000   0.0000   0.2992
  11.500   1.6151   0.02884   0.02254  -0.1036  0.2453  1.0000  -3.8781   0.0000   0.0000   0.0000   0.2954
  12.000   1.6239   0.03219   0.02589  -0.0999  0.2189  1.0000  -4.1139   0.0000   0.0000   0.0000   0.2917
  12.500   1.6297   0.03592   0.02962  -0.0964  0.1943  1.0000  -4.3412   0.0000   0.0000   0.0000   0.2883
  13.000   1.6333   0.04007   0.03378  -0.0931  0.1712  1.0000  -4.5616   0.0000   0.0000   0.0000   0.2852
  13.500   1.6341   0.04471   0.03843  -0.0902  0.1499  1.0000  -4.7713   0.0000   0.0000   0.0000   0.2823
  14.000   1.6332   0.04983   0.04358  -0.0876  0.1310  1.0000  -4.9736   0.0000   0.0000   0.0000   0.2796
  14.500   1.6278   0.05569   0.04945  -0.0854  0.1139  1.0000  -5.1553   0.0000   0.0000   0.0000   0.2774
  15.000   1.6206   0.06207   0.05589  -0.0838  0.0988  1.0000  -5.3279   0.0000   0.0000   0.0000   0.2755


