xflr5 v6.59

 Calculated polar for: revR_25_revT

 1 1 Reynolds number fixed          Mach number fixed         

 xtrf =   1.000 (top)        1.000 (bottom)
 Mach =   0.000     Re =     0.470 e 6     Ncrit =   9.000

  alpha     CL        CD       CDp       Cm    Top Xtr Bot Xtr   Cpmin    Chinge    XCp    
 ------- -------- --------- --------- -------- ------- ------- -------- --------- ---------
  -5.000  -0.1723   0.01109   0.00465  -0.0838  0.8473  0.0504  -2.5444   0.0000   0.0000   0.0000  -0.2506
  -4.500  -0.1187   0.01035   0.00387  -0.0834  0.8337  0.0707  -2.1924   0.0000   0.0000   0.0000  -0.4706
  -4.000  -0.0642   0.00982   0.00338  -0.0832  0.8216  0.1086  -1.8378   0.0000   0.0000   0.0000  -1.0754
  -3.500  -0.0097   0.00930   0.00304  -0.0831  0.8092  0.1660  -1.5057   0.0000   0.0000   0.0000  -8.4876
  -3.000   0.0451   0.00887   0.00277  -0.0830  0.7968  0.2369  -1.2414   0.0000   0.0000   0.0000   2.1193
  -2.500   0.0993   0.00833   0.00255  -0.0829  0.7838  0.3415  -1.0260   0.0000   0.0000   0.0000   1.0944
  -2.000   0.1534   0.00784   0.00241  -0.0827  0.7717  0.4647  -0.8199   0.0000   0.0000   0.0000   0.7934
  -1.500   0.2063   0.00735   0.00235  -0.0820  0.7583  0.6111  -0.6251   0.0000   0.0000   0.0000   0.6494
  -0.500   0.3140   0.00715   0.00240  -0.0803  0.7300  0.7628  -0.6219   0.0000   0.0000   0.0000   0.5053
   0.000   0.3680   0.00710   0.00242  -0.0795  0.7149  0.8047  -0.6670   0.0000   0.0000   0.0000   0.4648
   0.500   0.4212   0.00710   0.00244  -0.0785  0.6983  0.8395  -0.7162   0.0000   0.0000   0.0000   0.4344
   1.000   0.4734   0.00715   0.00245  -0.0772  0.6811  0.8737  -0.7683   0.0000   0.0000   0.0000   0.4106
   1.500   0.5232   0.00712   0.00246  -0.0754  0.6614  0.9078  -0.8236   0.0000   0.0000   0.0000   0.3911
   2.000   0.5737   0.00712   0.00247  -0.0737  0.6403  0.9471  -0.8812   0.0000   0.0000   0.0000   0.3750
   2.500   0.6430   0.00719   0.00247  -0.0764  0.6157  0.9859  -0.9589   0.0000   0.0000   0.0000   0.3649
   3.000   0.7043   0.00739   0.00255  -0.0779  0.5893  1.0000  -1.0378   0.0000   0.0000   0.0000   0.3562
   3.500   0.7581   0.00766   0.00272  -0.0777  0.5606  1.0000  -1.1207   0.0000   0.0000   0.0000   0.3476
   4.000   0.8118   0.00798   0.00294  -0.0775  0.5299  1.0000  -1.2239   0.0000   0.0000   0.0000   0.3401
   4.500   0.8643   0.00839   0.00321  -0.0770  0.4969  1.0000  -1.3386   0.0000   0.0000   0.0000   0.3332
   5.000   0.9164   0.00883   0.00355  -0.0765  0.4602  1.0000  -1.4905   0.0000   0.0000   0.0000   0.3270
   5.500   0.9678   0.00935   0.00395  -0.0759  0.4254  1.0000  -1.7496   0.0000   0.0000   0.0000   0.3215
   6.000   1.0167   0.01004   0.00444  -0.0749  0.3759  1.0000  -2.0739   0.0000   0.0000   0.0000   0.3162
   6.500   1.0649   0.01082   0.00500  -0.0740  0.3262  1.0000  -2.4124   0.0000   0.0000   0.0000   0.3114
   7.000   1.1121   0.01168   0.00568  -0.0729  0.2774  1.0000  -2.7787   0.0000   0.0000   0.0000   0.3069
   7.500   1.1577   0.01265   0.00644  -0.0717  0.2298  1.0000  -3.1549   0.0000   0.0000   0.0000   0.3026
   8.000   1.2017   0.01371   0.00732  -0.0703  0.1869  1.0000  -3.5393   0.0000   0.0000   0.0000   0.2985
   8.500   1.2425   0.01499   0.00836  -0.0685  0.1409  1.0000  -3.9233   0.0000   0.0000   0.0000   0.2945
   9.000   1.2804   0.01639   0.00958  -0.0664  0.1012  1.0000  -4.3062   0.0000   0.0000   0.0000   0.2905
   9.500   1.3165   0.01779   0.01088  -0.0640  0.0739  1.0000  -4.6888   0.0000   0.0000   0.0000   0.2865
  10.000   1.3475   0.01926   0.01230  -0.0608  0.0543  1.0000  -5.0541   0.0000   0.0000   0.0000   0.2823
  10.500   1.3737   0.02102   0.01402  -0.0573  0.0387  1.0000  -5.3930   0.0000   0.0000   0.0000   0.2782
  11.000   1.3925   0.02336   0.01635  -0.0534  0.0248  1.0000  -5.6641   0.0000   0.0000   0.0000   0.2740
  11.500   1.4041   0.02644   0.01952  -0.0494  0.0181  1.0000  -5.8702   0.0000   0.0000   0.0000   0.2700
  12.000   1.4130   0.02998   0.02331  -0.0460  0.0162  1.0000  -6.0669   0.0000   0.0000   0.0000   0.2665
  12.500   1.4281   0.03323   0.02674  -0.0437  0.0153  1.0000  -6.3430   0.0000   0.0000   0.0000   0.2636
  13.000   1.4382   0.03707   0.03078  -0.0417  0.0145  1.0000  -6.5969   0.0000   0.0000   0.0000   0.2611
  13.500   1.4446   0.04151   0.03541  -0.0401  0.0138  1.0000  -6.8338   0.0000   0.0000   0.0000   0.2588
  14.000   1.4461   0.04666   0.04077  -0.0388  0.0133  1.0000  -7.0411   0.0000   0.0000   0.0000   0.2570
  14.500   1.4435   0.05259   0.04693  -0.0382  0.0130  1.0000  -7.2152   0.0000   0.0000   0.0000   0.2555
  15.000   1.4375   0.05928   0.05385  -0.0382  0.0128  1.0000  -7.3632   0.0000   0.0000   0.0000   0.2546


