xflr5 v6.59

 Calculated polar for: revR_60_revT

 1 1 Reynolds number fixed          Mach number fixed         

 xtrf =   1.000 (top)        1.000 (bottom)
 Mach =   0.000     Re =     0.085 e 6     Ncrit =   9.000

  alpha     CL        CD       CDp       Cm    Top Xtr Bot Xtr   Cpmin    Chinge    XCp    
 ------- -------- --------- --------- -------- ------- ------- -------- --------- ---------
  -5.000  -0.2705   0.03985   0.03266  -0.0886  0.9475  0.1010  -2.5100   0.0000   0.0000   0.0000  -0.0891
  -4.500  -0.2080   0.03518   0.02687  -0.0921  0.9372  0.1050  -2.3828   0.0000   0.0000   0.0000  -0.2067
  -4.000  -0.1305   0.03180   0.02308  -0.0976  0.9270  0.1236  -2.1133   0.0000   0.0000   0.0000  -0.5176
  -3.500  -0.0598   0.02990   0.02081  -0.1010  0.9161  0.1545  -1.8627   0.0000   0.0000   0.0000  -1.4799
  -3.000   0.0102   0.02849   0.01967  -0.1045  0.9036  0.2222  -1.6145   0.0000   0.0000   0.0000  10.6896
  -2.500   0.0779   0.02761   0.01933  -0.1076  0.8920  0.3467  -1.3865   0.0000   0.0000   0.0000   1.6536
  -2.000   0.1420   0.02696   0.01948  -0.1094  0.8783  0.5257  -1.1509   0.0000   0.0000   0.0000   1.0304
  -1.500   0.1817   0.02724   0.02045  -0.1051  0.8636  0.7142  -0.9705   0.0000   0.0000   0.0000   0.8351
  -1.000   0.2191   0.02721   0.02061  -0.0980  0.8506  0.8777  -0.7957   0.0000   0.0000   0.0000   0.7010
  -0.500   0.2727   0.02761   0.02074  -0.0989  0.8315  1.0000  -0.6139   0.0000   0.0000   0.0000   0.6142
   0.000   0.3375   0.02853   0.02125  -0.1022  0.8156  1.0000  -0.6476   0.0000   0.0000   0.0000   0.5529
   0.500   0.4189   0.02879   0.02118  -0.1066  0.8028  1.0000  -0.7092   0.0000   0.0000   0.0000   0.5035
   1.000   0.4668   0.02986   0.02205  -0.1065  0.7828  1.0000  -0.7479   0.0000   0.0000   0.0000   0.4763
   2.000   0.6062   0.03017   0.02205  -0.1100  0.7540  1.0000  -0.8755   0.0000   0.0000   0.0000   0.4282
   2.500   0.6508   0.03126   0.02308  -0.1089  0.7331  1.0000  -0.9228   0.0000   0.0000   0.0000   0.4135
   3.500   0.7880   0.03024   0.02198  -0.1098  0.7048  1.0000  -1.0778   0.0000   0.0000   0.0000   0.3843
   4.000   0.8346   0.03088   0.02266  -0.1083  0.6834  1.0000  -1.1421   0.0000   0.0000   0.0000   0.3741
   4.500   0.8859   0.03109   0.02292  -0.1069  0.6628  1.0000  -1.2188   0.0000   0.0000   0.0000   0.3644
   5.500   1.0298   0.02831   0.02026  -0.1071  0.6324  1.0000  -1.4602   0.0000   0.0000   0.0000   0.3465
   6.000   1.0857   0.02789   0.01994  -0.1058  0.6097  1.0000  -1.5823   0.0000   0.0000   0.0000   0.3393
   6.500   1.1448   0.02728   0.01942  -0.1048  0.5861  1.0000  -1.7386   0.0000   0.0000   0.0000   0.3327
   7.000   1.2073   0.02656   0.01873  -0.1041  0.5607  1.0000  -1.9224   0.0000   0.0000   0.0000   0.3268
   7.500   1.2537   0.02685   0.01915  -0.1019  0.5300  1.0000  -2.1229   0.0000   0.0000   0.0000   0.3211
   8.000   1.3022   0.02705   0.01941  -0.0998  0.4972  1.0000  -2.3820   0.0000   0.0000   0.0000   0.3157
   8.500   1.3576   0.02702   0.01926  -0.0985  0.4626  1.0000  -2.7259   0.0000   0.0000   0.0000   0.3108
   9.000   1.3900   0.02815   0.02054  -0.0947  0.4258  1.0000  -3.0064   0.0000   0.0000   0.0000   0.3056
   9.500   1.4298   0.02907   0.02134  -0.0919  0.3886  1.0000  -3.3310   0.0000   0.0000   0.0000   0.3009
  10.000   1.4508   0.03055   0.02289  -0.0868  0.3500  1.0000  -3.5953   0.0000   0.0000   0.0000   0.2957
  10.500   1.4684   0.03234   0.02469  -0.0815  0.3130  1.0000  -3.8517   0.0000   0.0000   0.0000   0.2905
  11.000   1.4752   0.03463   0.02698  -0.0753  0.2781  1.0000  -4.0668   0.0000   0.0000   0.0000   0.2851
  11.500   1.4785   0.03752   0.02975  -0.0695  0.2437  1.0000  -4.2732   0.0000   0.0000   0.0000   0.2803
  12.000   1.4720   0.04120   0.03350  -0.0639  0.2120  1.0000  -4.4371   0.0000   0.0000   0.0000   0.2757
  12.500   1.4672   0.04538   0.03762  -0.0594  0.1833  1.0000  -4.6037   0.0000   0.0000   0.0000   0.2718
  13.000   1.4698   0.04991   0.04191  -0.0557  0.1556  1.0000  -4.7902   0.0000   0.0000   0.0000   0.2683
  13.500   1.4684   0.05504   0.04707  -0.0524  0.1334  1.0000  -4.9435   0.0000   0.0000   0.0000   0.2652
  14.000   1.4536   0.06108   0.05349  -0.0498  0.1182  1.0000  -5.0319   0.0000   0.0000   0.0000   0.2627
  14.500   1.4504   0.06744   0.06016  -0.0475  0.1039  1.0000  -5.1479   0.0000   0.0000   0.0000   0.2602
  15.000   1.4552   0.07345   0.06613  -0.0454  0.0904  1.0000  -5.3054   0.0000   0.0000   0.0000   0.2578


