xflr5 v6.59

 Calculated polar for: revR_45_revT

 1 1 Reynolds number fixed          Mach number fixed         

 xtrf =   1.000 (top)        1.000 (bottom)
 Mach =   0.000     Re =     0.340 e 6     Ncrit =   9.000

  alpha     CL        CD       CDp       Cm    Top Xtr Bot Xtr   Cpmin    Chinge    XCp    
 ------- -------- --------- --------- -------- ------- ------- -------- --------- ---------
  -5.000  -0.0848   0.01299   0.00622  -0.1047  0.8450  0.0563  -2.4311   0.0000   0.0000   0.0000  -1.0170
  -4.500  -0.0307   0.01228   0.00543  -0.1044  0.8337  0.0714  -2.0991   0.0000   0.0000   0.0000  -3.2297
  -4.000   0.0234   0.01139   0.00461  -0.1042  0.8231  0.1106  -1.7844   0.0000   0.0000   0.0000   4.7938
  -3.500   0.0777   0.01080   0.00422  -0.1041  0.8118  0.1733  -1.4926   0.0000   0.0000   0.0000   1.6131
  -3.000   0.1331   0.01034   0.00393  -0.1042  0.8014  0.2551  -1.2585   0.0000   0.0000   0.0000   1.0435
  -2.500   0.1874   0.00986   0.00374  -0.1041  0.7903  0.3451  -1.0353   0.0000   0.0000   0.0000   0.8115
  -2.000   0.2420   0.00935   0.00357  -0.1039  0.7787  0.4774  -0.8201   0.0000   0.0000   0.0000   0.6826
  -1.500   0.2953   0.00897   0.00358  -0.1033  0.7673  0.6039  -0.6289   0.0000   0.0000   0.0000   0.6015
  -1.000   0.3487   0.00877   0.00359  -0.1022  0.7558  0.7080  -0.6573   0.0000   0.0000   0.0000   0.5437
  -0.500   0.4012   0.00873   0.00366  -0.1010  0.7427  0.7765  -0.6967   0.0000   0.0000   0.0000   0.5013
   0.000   0.4537   0.00872   0.00362  -0.0996  0.7298  0.8256  -0.7426   0.0000   0.0000   0.0000   0.4683
   0.500   0.5031   0.00865   0.00366  -0.0977  0.7163  0.8692  -0.7874   0.0000   0.0000   0.0000   0.4422
   1.000   0.5508   0.00860   0.00359  -0.0952  0.7020  0.9116  -0.8354   0.0000   0.0000   0.0000   0.4202
   1.500   0.6059   0.00847   0.00345  -0.0943  0.6859  0.9623  -0.8924   0.0000   0.0000   0.0000   0.4026
   2.000   0.6766   0.00847   0.00340  -0.0976  0.6682  1.0000  -0.9638   0.0000   0.0000   0.0000   0.3907
   2.500   0.7328   0.00861   0.00342  -0.0980  0.6493  1.0000  -1.0271   0.0000   0.0000   0.0000   0.3795
   3.000   0.7885   0.00878   0.00349  -0.0980  0.6286  1.0000  -1.0985   0.0000   0.0000   0.0000   0.3697
   3.500   0.8434   0.00899   0.00362  -0.0979  0.6064  1.0000  -1.1749   0.0000   0.0000   0.0000   0.3609
   4.000   0.8974   0.00926   0.00381  -0.0977  0.5814  1.0000  -1.2599   0.0000   0.0000   0.0000   0.3531
   4.500   0.9504   0.00958   0.00406  -0.0972  0.5534  1.0000  -1.3616   0.0000   0.0000   0.0000   0.3460
   5.000   1.0024   0.00998   0.00438  -0.0966  0.5243  1.0000  -1.4735   0.0000   0.0000   0.0000   0.3395
   5.500   1.0529   0.01050   0.00478  -0.0958  0.4929  1.0000  -1.6154   0.0000   0.0000   0.0000   0.3335
   6.000   1.1027   0.01103   0.00525  -0.0949  0.4586  1.0000  -1.7719   0.0000   0.0000   0.0000   0.3280
   6.500   1.1510   0.01167   0.00581  -0.0938  0.4251  1.0000  -2.0224   0.0000   0.0000   0.0000   0.3228
   7.000   1.1972   0.01241   0.00645  -0.0924  0.3864  1.0000  -2.3331   0.0000   0.0000   0.0000   0.3178
   7.500   1.2412   0.01330   0.00721  -0.0908  0.3496  1.0000  -2.6574   0.0000   0.0000   0.0000   0.3131
   8.000   1.2844   0.01420   0.00804  -0.0891  0.3121  1.0000  -2.9984   0.0000   0.0000   0.0000   0.3086
   8.500   1.3217   0.01539   0.00908  -0.0867  0.2659  1.0000  -3.3320   0.0000   0.0000   0.0000   0.3041
   9.000   1.3552   0.01673   0.01025  -0.0837  0.2245  1.0000  -3.6620   0.0000   0.0000   0.0000   0.2996
   9.500   1.3821   0.01830   0.01165  -0.0799  0.1849  1.0000  -3.9752   0.0000   0.0000   0.0000   0.2948
  10.000   1.4065   0.02010   0.01331  -0.0761  0.1472  1.0000  -4.2849   0.0000   0.0000   0.0000   0.2904
  10.500   1.4259   0.02233   0.01541  -0.0723  0.1144  1.0000  -4.5782   0.0000   0.0000   0.0000   0.2861
  11.000   1.4443   0.02479   0.01786  -0.0688  0.0894  1.0000  -4.8698   0.0000   0.0000   0.0000   0.2822
  11.500   1.4598   0.02765   0.02071  -0.0655  0.0702  1.0000  -5.1480   0.0000   0.0000   0.0000   0.2786
  12.000   1.4702   0.03111   0.02417  -0.0623  0.0549  1.0000  -5.3981   0.0000   0.0000   0.0000   0.2752
  12.500   1.4777   0.03500   0.02811  -0.0595  0.0439  1.0000  -5.6303   0.0000   0.0000   0.0000   0.2721
  13.000   1.4827   0.03932   0.03261  -0.0569  0.0364  1.0000  -5.8307   0.0000   0.0000   0.0000   0.2693
  13.500   1.4810   0.04455   0.03794  -0.0547  0.0303  1.0000  -5.9922   0.0000   0.0000   0.0000   0.2669
  14.000   1.4604   0.05209   0.04572  -0.0525  0.0261  1.0000  -6.0082   0.0000   0.0000   0.0000   0.2648
  14.500   1.4616   0.05776   0.05163  -0.0517  0.0244  1.0000  -6.1736   0.0000   0.0000   0.0000   0.2632
  15.000   1.4575   0.06428   0.05838  -0.0513  0.0228  1.0000  -6.3223   0.0000   0.0000   0.0000   0.2620


