xflr5 v6.59

 Calculated polar for: revR_30_revT

 1 1 Reynolds number fixed          Mach number fixed         

 xtrf =   1.000 (top)        1.000 (bottom)
 Mach =   0.000     Re =     0.115 e 6     Ncrit =   9.000

  alpha     CL        CD       CDp       Cm    Top Xtr Bot Xtr   Cpmin    Chinge    XCp    
 ------- -------- --------- --------- -------- ------- ------- -------- --------- ---------
  -5.000  -0.2874   0.02563   0.01756  -0.0745  0.9516  0.0882  -2.6498   0.0000   0.0000   0.0000  -0.0188
  -4.500  -0.2032   0.02287   0.01447  -0.0802  0.9445  0.1077  -2.3279   0.0000   0.0000   0.0000  -0.1565
  -4.000  -0.1464   0.02150   0.01309  -0.0810  0.9303  0.1424  -2.0320   0.0000   0.0000   0.0000  -0.3180
  -3.000  -0.0057   0.01864   0.01133  -0.0881  0.9068  0.3873  -1.3786   0.0000   0.0000   0.0000  -15.5048
  -2.500   0.0682   0.01767   0.01132  -0.0906  0.8978  0.6143  -1.1153   0.0000   0.0000   0.0000   1.5973
  -2.000   0.1094   0.01787   0.01179  -0.0863  0.8807  0.7502  -0.9302   0.0000   0.0000   0.0000   1.0478
  -1.500   0.1524   0.01804   0.01201  -0.0812  0.8664  0.8429  -0.7494   0.0000   0.0000   0.0000   0.7876
  -1.000   0.2013   0.01786   0.01175  -0.0770  0.8523  0.9216  -0.5738   0.0000   0.0000   0.0000   0.6345
  -0.500   0.3161   0.01757   0.01122  -0.0872  0.8416  0.9839  -0.6120   0.0000   0.0000   0.0000   0.5262
   0.000   0.4030   0.01712   0.01055  -0.0934  0.8277  1.0000  -0.6757   0.0000   0.0000   0.0000   0.4811
   0.500   0.4349   0.01734   0.01062  -0.0898  0.8068  1.0000  -0.7097   0.0000   0.0000   0.0000   0.4550
   1.000   0.4803   0.01752   0.01066  -0.0880  0.7873  1.0000  -0.7556   0.0000   0.0000   0.0000   0.4313
   1.500   0.5346   0.01757   0.01059  -0.0874  0.7699  1.0000  -0.8127   0.0000   0.0000   0.0000   0.4109
   2.000   0.5959   0.01724   0.01010  -0.0872  0.7542  1.0000  -0.8772   0.0000   0.0000   0.0000   0.3932
   2.500   0.6480   0.01730   0.01012  -0.0862  0.7327  1.0000  -0.9405   0.0000   0.0000   0.0000   0.3793
   3.000   0.7014   0.01734   0.01012  -0.0851  0.7109  1.0000  -1.0117   0.0000   0.0000   0.0000   0.3672
   3.500   0.7557   0.01732   0.01007  -0.0841  0.6884  1.0000  -1.0909   0.0000   0.0000   0.0000   0.3567
   4.000   0.8106   0.01725   0.00999  -0.0832  0.6647  1.0000  -1.1830   0.0000   0.0000   0.0000   0.3474
   4.500   0.8656   0.01721   0.00993  -0.0822  0.6397  1.0000  -1.2935   0.0000   0.0000   0.0000   0.3393
   5.000   0.9209   0.01718   0.00983  -0.0812  0.6128  1.0000  -1.4297   0.0000   0.0000   0.0000   0.3320
   5.500   0.9711   0.01744   0.01014  -0.0798  0.5809  1.0000  -1.5852   0.0000   0.0000   0.0000   0.3253
   6.000   1.0222   0.01769   0.01038  -0.0784  0.5472  1.0000  -1.8378   0.0000   0.0000   0.0000   0.3193
   6.500   1.0716   0.01813   0.01077  -0.0768  0.5109  1.0000  -2.1576   0.0000   0.0000   0.0000   0.3136
   7.000   1.1187   0.01871   0.01128  -0.0749  0.4718  1.0000  -2.4851   0.0000   0.0000   0.0000   0.3083
   7.500   1.1617   0.01950   0.01210  -0.0727  0.4301  1.0000  -2.8103   0.0000   0.0000   0.0000   0.3032
   8.000   1.2016   0.02043   0.01301  -0.0700  0.3860  1.0000  -3.1376   0.0000   0.0000   0.0000   0.2983
   8.500   1.2377   0.02159   0.01412  -0.0671  0.3412  1.0000  -3.4601   0.0000   0.0000   0.0000   0.2935
   9.000   1.2678   0.02301   0.01553  -0.0635  0.2942  1.0000  -3.7777   0.0000   0.0000   0.0000   0.2886
   9.500   1.2896   0.02482   0.01724  -0.0590  0.2449  1.0000  -4.0699   0.0000   0.0000   0.0000   0.2836
  10.000   1.3003   0.02717   0.01944  -0.0535  0.1978  1.0000  -4.3152   0.0000   0.0000   0.0000   0.2782
  10.500   1.3057   0.03036   0.02245  -0.0482  0.1572  1.0000  -4.5247   0.0000   0.0000   0.0000   0.2731
  11.000   1.3096   0.03411   0.02609  -0.0437  0.1254  1.0000  -4.7136   0.0000   0.0000   0.0000   0.2688
  11.500   1.3128   0.03832   0.03022  -0.0399  0.1012  1.0000  -4.8893   0.0000   0.0000   0.0000   0.2650
  12.000   1.3179   0.04266   0.03470  -0.0369  0.0832  1.0000  -5.0553   0.0000   0.0000   0.0000   0.2617
  12.500   1.3241   0.04749   0.03968  -0.0340  0.0695  1.0000  -5.1928   0.0000   0.0000   0.0000   0.2585
  13.000   1.3320   0.05310   0.04533  -0.0310  0.0576  1.0000  -5.3117   0.0000   0.0000   0.0000   0.2554
  13.500   1.3347   0.05834   0.05105  -0.0292  0.0530  1.0000  -5.4057   0.0000   0.0000   0.0000   0.2531
  14.000   1.3343   0.06467   0.05778  -0.0276  0.0491  1.0000  -5.4610   0.0000   0.0000   0.0000   0.2510
  14.500   1.3262   0.07195   0.06545  -0.0269  0.0467  1.0000  -5.4904   0.0000   0.0000   0.0000   0.2496
  15.000   1.3076   0.08070   0.07461  -0.0274  0.0454  1.0000  -5.4689   0.0000   0.0000   0.0000   0.2494


