xflr5 v6.59

 Calculated polar for: revR_40_revT

 1 1 Reynolds number fixed          Mach number fixed         

 xtrf =   1.000 (top)        1.000 (bottom)
 Mach =   0.000     Re =     0.220 e 6     Ncrit =   9.000

  alpha     CL        CD       CDp       Cm    Top Xtr Bot Xtr   Cpmin    Chinge    XCp    
 ------- -------- --------- --------- -------- ------- ------- -------- --------- ---------
  -5.000  -0.0994   0.01612   0.00892  -0.1043  0.8890  0.0727  -2.3620   0.0000   0.0000   0.0000  -0.8269
  -4.500  -0.0460   0.01474   0.00745  -0.1038  0.8776  0.0936  -2.0633   0.0000   0.0000   0.0000  -2.0576
  -4.000   0.0056   0.01381   0.00665  -0.1032  0.8652  0.1402  -1.7666   0.0000   0.0000   0.0000  19.1552
  -3.500   0.0593   0.01298   0.00608  -0.1029  0.8533  0.2241  -1.4681   0.0000   0.0000   0.0000   2.0160
  -3.000   0.1114   0.01242   0.00583  -0.1024  0.8409  0.3205  -1.2436   0.0000   0.0000   0.0000   1.1827
  -2.500   0.1646   0.01178   0.00559  -0.1019  0.8293  0.4533  -1.0274   0.0000   0.0000   0.0000   0.8760
  -2.000   0.2145   0.01135   0.00565  -0.1005  0.8164  0.6054  -0.8252   0.0000   0.0000   0.0000   0.7223
  -1.500   0.2656   0.01112   0.00564  -0.0984  0.8042  0.7148  -0.6374   0.0000   0.0000   0.0000   0.6225
  -1.000   0.3133   0.01116   0.00580  -0.0958  0.7906  0.7900  -0.6254   0.0000   0.0000   0.0000   0.5567
  -0.500   0.3623   0.01111   0.00570  -0.0931  0.7787  0.8468  -0.6647   0.0000   0.0000   0.0000   0.5067
   0.000   0.4053   0.01104   0.00567  -0.0894  0.7632  0.8960  -0.7039   0.0000   0.0000   0.0000   0.4696
   0.500   0.4566   0.01087   0.00544  -0.0872  0.7497  0.9471  -0.7511   0.0000   0.0000   0.0000   0.4393
   1.000   0.5419   0.01068   0.00513  -0.0929  0.7349  0.9908  -0.8207   0.0000   0.0000   0.0000   0.4191
   1.500   0.5984   0.01071   0.00505  -0.0936  0.7173  1.0000  -0.8799   0.0000   0.0000   0.0000   0.4035
   2.000   0.6526   0.01079   0.00500  -0.0935  0.7006  1.0000  -0.9393   0.0000   0.0000   0.0000   0.3898
   2.500   0.7090   0.01086   0.00491  -0.0935  0.6827  1.0000  -1.0035   0.0000   0.0000   0.0000   0.3779
   3.000   0.7630   0.01095   0.00495  -0.0932  0.6616  1.0000  -1.0753   0.0000   0.0000   0.0000   0.3676
   3.500   0.8172   0.01109   0.00503  -0.0927  0.6391  1.0000  -1.1517   0.0000   0.0000   0.0000   0.3585
   4.000   0.8711   0.01129   0.00518  -0.0923  0.6158  1.0000  -1.2403   0.0000   0.0000   0.0000   0.3504
   4.500   0.9242   0.01155   0.00534  -0.0917  0.5892  1.0000  -1.3424   0.0000   0.0000   0.0000   0.3431
   5.000   0.9759   0.01189   0.00565  -0.0909  0.5602  1.0000  -1.4615   0.0000   0.0000   0.0000   0.3364
   5.500   1.0264   0.01230   0.00603  -0.0899  0.5285  1.0000  -1.6071   0.0000   0.0000   0.0000   0.3303
   6.000   1.0757   0.01286   0.00646  -0.0888  0.4951  1.0000  -1.7814   0.0000   0.0000   0.0000   0.3246
   6.500   1.1234   0.01346   0.00705  -0.0875  0.4594  1.0000  -2.0713   0.0000   0.0000   0.0000   0.3194
   7.000   1.1687   0.01424   0.00770  -0.0858  0.4224  1.0000  -2.3837   0.0000   0.0000   0.0000   0.3143
   7.500   1.2122   0.01504   0.00849  -0.0840  0.3826  1.0000  -2.7033   0.0000   0.0000   0.0000   0.3095
   8.000   1.2534   0.01603   0.00941  -0.0820  0.3452  1.0000  -3.0352   0.0000   0.0000   0.0000   0.3049
   8.500   1.2896   0.01723   0.01048  -0.0792  0.3037  1.0000  -3.3671   0.0000   0.0000   0.0000   0.3002
   9.000   1.3226   0.01853   0.01174  -0.0762  0.2606  1.0000  -3.6973   0.0000   0.0000   0.0000   0.2957
   9.500   1.3487   0.02009   0.01320  -0.0723  0.2190  1.0000  -4.0082   0.0000   0.0000   0.0000   0.2909
  10.000   1.3686   0.02208   0.01507  -0.0680  0.1776  1.0000  -4.2990   0.0000   0.0000   0.0000   0.2862
  10.500   1.3823   0.02468   0.01749  -0.0638  0.1376  1.0000  -4.5658   0.0000   0.0000   0.0000   0.2818
  11.000   1.3940   0.02772   0.02039  -0.0600  0.1049  1.0000  -4.8228   0.0000   0.0000   0.0000   0.2779
  11.500   1.4020   0.03130   0.02392  -0.0566  0.0818  1.0000  -5.0579   0.0000   0.0000   0.0000   0.2743
  12.000   1.4100   0.03512   0.02787  -0.0536  0.0659  1.0000  -5.2826   0.0000   0.0000   0.0000   0.2711
  12.500   1.4104   0.03986   0.03274  -0.0507  0.0544  1.0000  -5.4536   0.0000   0.0000   0.0000   0.2681
  13.000   1.4084   0.04510   0.03808  -0.0485  0.0453  1.0000  -5.6071   0.0000   0.0000   0.0000   0.2656
  13.500   1.3992   0.05130   0.04449  -0.0461  0.0394  1.0000  -5.6838   0.0000   0.0000   0.0000   0.2632
  14.000   1.3998   0.05686   0.05029  -0.0448  0.0350  1.0000  -5.8111   0.0000   0.0000   0.0000   0.2613
  14.500   1.3958   0.06318   0.05680  -0.0441  0.0320  1.0000  -5.9203   0.0000   0.0000   0.0000   0.2599
  15.000   1.3878   0.07016   0.06395  -0.0433  0.0295  1.0000  -5.9827   0.0000   0.0000   0.0000   0.2584


