xflr5 v6.59

 Calculated polar for: revR_15_revT

 1 1 Reynolds number fixed          Mach number fixed         

 xtrf =   1.000 (top)        1.000 (bottom)
 Mach =   0.000     Re =     0.255 e 6     Ncrit =   9.000

  alpha     CL        CD       CDp       Cm    Top Xtr Bot Xtr   Cpmin    Chinge    XCp    
 ------- -------- --------- --------- -------- ------- ------- -------- --------- ---------
  -5.000  -0.1987   0.01405   0.00705  -0.0804  0.9191  0.0721  -2.4682   0.0000   0.0000   0.0000  -0.1667
  -4.500  -0.1491   0.01302   0.00595  -0.0792  0.9031  0.0985  -2.1363   0.0000   0.0000   0.0000  -0.2949
  -4.000  -0.0968   0.01201   0.00519  -0.0786  0.8886  0.1636  -1.8080   0.0000   0.0000   0.0000  -0.5803
  -3.500  -0.0448   0.01122   0.00473  -0.0780  0.8741  0.2619  -1.4805   0.0000   0.0000   0.0000  -1.5219
  -3.000   0.0038   0.01054   0.00444  -0.0767  0.8587  0.3837  -1.2191   0.0000   0.0000   0.0000  20.6081
  -2.500   0.0534   0.00987   0.00426  -0.0753  0.8448  0.5375  -1.0157   0.0000   0.0000   0.0000   1.6771
  -2.000   0.1011   0.00949   0.00428  -0.0729  0.8285  0.6765  -0.8227   0.0000   0.0000   0.0000   0.9780
  -1.500   0.1510   0.00946   0.00435  -0.0708  0.8141  0.7523  -0.6347   0.0000   0.0000   0.0000   0.7221
  -1.000   0.2019   0.00946   0.00434  -0.0686  0.7997  0.8082  -0.5308   0.0000   0.0000   0.0000   0.5908
  -0.500   0.2497   0.00942   0.00432  -0.0660  0.7822  0.8509  -0.5714   0.0000   0.0000   0.0000   0.5142
   0.000   0.2972   0.00941   0.00429  -0.0632  0.7655  0.8906  -0.6122   0.0000   0.0000   0.0000   0.4616
   0.500   0.3509   0.00939   0.00419  -0.0617  0.7498  0.9263  -0.6635   0.0000   0.0000   0.0000   0.4240
   1.000   0.4220   0.00936   0.00407  -0.0640  0.7303  0.9562  -0.7264   0.0000   0.0000   0.0000   0.3993
   1.500   0.5085   0.00937   0.00401  -0.0701  0.7096  0.9755  -0.8037   0.0000   0.0000   0.0000   0.3850
   2.000   0.5943   0.00934   0.00388  -0.0762  0.6854  0.9932  -0.8903   0.0000   0.0000   0.0000   0.3751
   2.500   0.6498   0.00935   0.00381  -0.0767  0.6613  1.0000  -0.9614   0.0000   0.0000   0.0000   0.3644
   3.000   0.6833   0.00946   0.00382  -0.0726  0.6357  1.0000  -1.0260   0.0000   0.0000   0.0000   0.3521
   3.500   0.7242   0.00967   0.00391  -0.0697  0.6076  1.0000  -1.1077   0.0000   0.0000   0.0000   0.3416
   4.000   0.7697   0.00994   0.00412  -0.0676  0.5770  1.0000  -1.2102   0.0000   0.0000   0.0000   0.3328
   4.500   0.8164   0.01029   0.00436  -0.0658  0.5432  1.0000  -1.3364   0.0000   0.0000   0.0000   0.3250
   5.000   0.8634   0.01073   0.00470  -0.0640  0.5090  1.0000  -1.5164   0.0000   0.0000   0.0000   0.3181
   5.500   0.9085   0.01124   0.00510  -0.0620  0.4687  1.0000  -1.8239   0.0000   0.0000   0.0000   0.3116
   6.000   0.9543   0.01179   0.00560  -0.0602  0.4331  1.0000  -2.1480   0.0000   0.0000   0.0000   0.3059
   6.500   0.9968   0.01247   0.00614  -0.0579  0.3904  1.0000  -2.4767   0.0000   0.0000   0.0000   0.3003
   7.000   1.0376   0.01324   0.00679  -0.0554  0.3482  1.0000  -2.8128   0.0000   0.0000   0.0000   0.2950
   7.500   1.0753   0.01412   0.00757  -0.0524  0.3013  1.0000  -3.1500   0.0000   0.0000   0.0000   0.2898
   8.000   1.1091   0.01518   0.00845  -0.0490  0.2512  1.0000  -3.4846   0.0000   0.0000   0.0000   0.2846
   8.500   1.1390   0.01640   0.00947  -0.0451  0.1983  1.0000  -3.8270   0.0000   0.0000   0.0000   0.2794
   9.000   1.1610   0.01781   0.01067  -0.0400  0.1506  1.0000  -4.1433   0.0000   0.0000   0.0000   0.2736
   9.500   1.1765   0.01948   0.01218  -0.0341  0.1110  1.0000  -4.4338   0.0000   0.0000   0.0000   0.2675
  10.000   1.1927   0.02127   0.01388  -0.0289  0.0828  1.0000  -4.7261   0.0000   0.0000   0.0000   0.2620
  10.500   1.2072   0.02331   0.01593  -0.0240  0.0639  1.0000  -5.0035   0.0000   0.0000   0.0000   0.2570
  11.000   1.2162   0.02589   0.01853  -0.0192  0.0490  1.0000  -5.2375   0.0000   0.0000   0.0000   0.2521
  11.500   1.2106   0.02980   0.02248  -0.0140  0.0359  1.0000  -5.3504   0.0000   0.0000   0.0000   0.2470
  12.000   1.2206   0.03296   0.02583  -0.0108  0.0298  1.0000  -5.5313   0.0000   0.0000   0.0000   0.2435
  12.500   1.2179   0.03749   0.03048  -0.0078  0.0262  1.0000  -5.6489   0.0000   0.0000   0.0000   0.2402
  13.000   1.2068   0.04357   0.03686  -0.0048  0.0239  1.0000  -5.6533   0.0000   0.0000   0.0000   0.2369
  13.500   1.2161   0.04789   0.04143  -0.0034  0.0233  1.0000  -5.8247   0.0000   0.0000   0.0000   0.2348
  14.000   1.2224   0.05289   0.04671  -0.0025  0.0227  1.0000  -5.9669   0.0000   0.0000   0.0000   0.2331
  14.500   1.2248   0.05867   0.05282  -0.0021  0.0222  1.0000  -6.0767   0.0000   0.0000   0.0000   0.2319
  15.000   1.2213   0.06561   0.06011  -0.0026  0.0220  1.0000  -6.1419   0.0000   0.0000   0.0000   0.2314


