xflr5 v6.59

 Calculated polar for: revR_100_revT

 1 1 Reynolds number fixed          Mach number fixed         

 xtrf =   1.000 (top)        1.000 (bottom)
 Mach =   0.000     Re =     0.210 e 6     Ncrit =   9.000

  alpha     CL        CD       CDp       Cm    Top Xtr Bot Xtr   Cpmin    Chinge    XCp    
 ------- -------- --------- --------- -------- ------- ------- -------- --------- ---------
  -5.000   0.1287   0.01978   0.01262  -0.1561  0.8237  0.0630  -2.2289   0.0000   0.0000   0.0000   1.4936
  -4.500   0.1847   0.01830   0.01091  -0.1562  0.8166  0.0726  -2.0236   0.0000   0.0000   0.0000   1.1155
  -4.000   0.2360   0.01750   0.01012  -0.1559  0.8073  0.0913  -1.8124   0.0000   0.0000   0.0000   0.9243
  -3.500   0.2933   0.01659   0.00926  -0.1564  0.7991  0.1279  -1.5838   0.0000   0.0000   0.0000   0.7927
  -3.000   0.3539   0.01598   0.00874  -0.1573  0.7923  0.1916  -1.3427   0.0000   0.0000   0.0000   0.7010
  -2.500   0.4057   0.01575   0.00876  -0.1572  0.7821  0.2650  -1.1232   0.0000   0.0000   0.0000   0.6420
  -2.000   0.4625   0.01540   0.00862  -0.1575  0.7736  0.3510  -0.9053   0.0000   0.0000   0.0000   0.5936
  -1.500   0.5232   0.01494   0.00837  -0.1582  0.7665  0.4530  -0.8326   0.0000   0.0000   0.0000   0.5540
  -1.000   0.5741   0.01487   0.00869  -0.1575  0.7558  0.5673  -0.8695   0.0000   0.0000   0.0000   0.5249
  -0.500   0.6268   0.01453   0.00868  -0.1561  0.7462  0.6962  -0.9126   0.0000   0.0000   0.0000   0.4988
   0.000   0.6800   0.01438   0.00859  -0.1543  0.7386  0.7981  -0.9569   0.0000   0.0000   0.0000   0.4758
   0.500   0.7143   0.01444   0.00886  -0.1495  0.7266  0.8806  -0.9883   0.0000   0.0000   0.0000   0.4573
   1.000   0.7714   0.01394   0.00827  -0.1488  0.7172  1.0000  -1.0389   0.0000   0.0000   0.0000   0.4401
   1.500   0.8317   0.01412   0.00830  -0.1500  0.7059  1.0000  -1.0951   0.0000   0.0000   0.0000   0.4269
   2.000   0.8908   0.01420   0.00827  -0.1508  0.6945  1.0000  -1.1538   0.0000   0.0000   0.0000   0.4151
   2.500   0.9528   0.01422   0.00811  -0.1519  0.6843  1.0000  -1.2195   0.0000   0.0000   0.0000   0.4045
   3.000   1.0069   0.01427   0.00814  -0.1516  0.6693  1.0000  -1.2859   0.0000   0.0000   0.0000   0.3950
   3.500   1.0661   0.01429   0.00805  -0.1521  0.6573  1.0000  -1.3574   0.0000   0.0000   0.0000   0.3864
   4.000   1.1202   0.01436   0.00811  -0.1518  0.6420  1.0000  -1.4254   0.0000   0.0000   0.0000   0.3786
   4.500   1.1745   0.01449   0.00821  -0.1515  0.6261  1.0000  -1.5029   0.0000   0.0000   0.0000   0.3713
   5.000   1.2322   0.01450   0.00808  -0.1517  0.6096  1.0000  -1.5898   0.0000   0.0000   0.0000   0.3647
   5.500   1.2805   0.01482   0.00848  -0.1505  0.5908  1.0000  -1.6750   0.0000   0.0000   0.0000   0.3584
   6.000   1.3303   0.01517   0.00884  -0.1495  0.5711  1.0000  -1.7740   0.0000   0.0000   0.0000   0.3525
   6.500   1.3783   0.01555   0.00919  -0.1482  0.5482  1.0000  -1.8853   0.0000   0.0000   0.0000   0.3469
   7.000   1.4248   0.01607   0.00969  -0.1467  0.5256  1.0000  -2.0078   0.0000   0.0000   0.0000   0.3415
   7.500   1.4670   0.01671   0.01030  -0.1445  0.5001  1.0000  -2.1294   0.0000   0.0000   0.0000   0.3363
   8.000   1.5053   0.01750   0.01108  -0.1418  0.4736  1.0000  -2.2733   0.0000   0.0000   0.0000   0.3311
   8.500   1.5390   0.01844   0.01200  -0.1384  0.4471  1.0000  -2.4154   0.0000   0.0000   0.0000   0.3260
   9.000   1.5634   0.01958   0.01311  -0.1335  0.4189  1.0000  -2.5556   0.0000   0.0000   0.0000   0.3207
   9.500   1.5861   0.02099   0.01453  -0.1288  0.3930  1.0000  -2.7251   0.0000   0.0000   0.0000   0.3156
  10.000   1.6055   0.02270   0.01624  -0.1241  0.3677  1.0000  -2.9134   0.0000   0.0000   0.0000   0.3108
  10.500   1.6197   0.02483   0.01836  -0.1192  0.3405  1.0000  -3.1160   0.0000   0.0000   0.0000   0.3062
  11.000   1.6322   0.02731   0.02084  -0.1147  0.3148  1.0000  -3.3206   0.0000   0.0000   0.0000   0.3019
  11.500   1.6438   0.03010   0.02368  -0.1106  0.2909  1.0000  -3.5257   0.0000   0.0000   0.0000   0.2979
  12.000   1.6516   0.03331   0.02691  -0.1065  0.2669  1.0000  -3.7218   0.0000   0.0000   0.0000   0.2941
  12.500   1.6570   0.03692   0.03055  -0.1027  0.2437  1.0000  -3.9267   0.0000   0.0000   0.0000   0.2906
  13.000   1.6587   0.04101   0.03467  -0.0990  0.2205  1.0000  -4.1247   0.0000   0.0000   0.0000   0.2872
  13.500   1.6579   0.04566   0.03934  -0.0958  0.1976  1.0000  -4.3149   0.0000   0.0000   0.0000   0.2842
  14.000   1.6554   0.05076   0.04449  -0.0930  0.1765  1.0000  -4.5066   0.0000   0.0000   0.0000   0.2815
  14.500   1.6503   0.05644   0.05020  -0.0906  0.1571  1.0000  -4.6914   0.0000   0.0000   0.0000   0.2791
  15.000   1.6408   0.06288   0.05661  -0.0886  0.1391  1.0000  -4.8563   0.0000   0.0000   0.0000   0.2771


