xflr5 v6.59

 Calculated polar for: revR_40_revT

 1 1 Reynolds number fixed          Mach number fixed         

 xtrf =   1.000 (top)        1.000 (bottom)
 Mach =   0.000     Re =     0.235 e 6     Ncrit =   9.000

  alpha     CL        CD       CDp       Cm    Top Xtr Bot Xtr   Cpmin    Chinge    XCp    
 ------- -------- --------- --------- -------- ------- ------- -------- --------- ---------
  -5.000  -0.0995   0.01544   0.00834  -0.1037  0.8829  0.0704  -2.3751   0.0000   0.0000   0.0000  -0.8185
  -4.500  -0.0454   0.01420   0.00700  -0.1033  0.8727  0.0912  -2.0678   0.0000   0.0000   0.0000  -2.0752
  -4.000   0.0053   0.01329   0.00622  -0.1025  0.8591  0.1362  -1.7709   0.0000   0.0000   0.0000  19.9264
  -3.500   0.0598   0.01259   0.00571  -0.1023  0.8484  0.2182  -1.4684   0.0000   0.0000   0.0000   1.9911
  -3.000   0.1116   0.01200   0.00543  -0.1018  0.8350  0.3121  -1.2440   0.0000   0.0000   0.0000   1.1752
  -2.500   0.1656   0.01142   0.00522  -0.1015  0.8247  0.4381  -1.0260   0.0000   0.0000   0.0000   0.8693
  -2.000   0.2156   0.01089   0.00522  -0.1001  0.8108  0.5902  -0.8237   0.0000   0.0000   0.0000   0.7184
  -1.500   0.2672   0.01072   0.00526  -0.0984  0.7992  0.7033  -0.6350   0.0000   0.0000   0.0000   0.6203
  -1.000   0.3164   0.01067   0.00534  -0.0961  0.7855  0.7804  -0.6279   0.0000   0.0000   0.0000   0.5546
  -0.500   0.3646   0.01067   0.00536  -0.0935  0.7731  0.8360  -0.6664   0.0000   0.0000   0.0000   0.5062
   0.000   0.4108   0.01055   0.00522  -0.0904  0.7587  0.8837  -0.7079   0.0000   0.0000   0.0000   0.4688
   0.500   0.4572   0.01045   0.00512  -0.0873  0.7440  0.9346  -0.7520   0.0000   0.0000   0.0000   0.4392
   1.000   0.5338   0.01029   0.00481  -0.0909  0.7308  0.9790  -0.8167   0.0000   0.0000   0.0000   0.4179
   1.500   0.6003   0.01023   0.00467  -0.0936  0.7127  1.0000  -0.8822   0.0000   0.0000   0.0000   0.4029
   2.000   0.6532   0.01034   0.00468  -0.0933  0.6951  1.0000  -0.9406   0.0000   0.0000   0.0000   0.3894
   2.500   0.7086   0.01044   0.00466  -0.0933  0.6768  1.0000  -1.0038   0.0000   0.0000   0.0000   0.3776
   3.000   0.7639   0.01054   0.00465  -0.0931  0.6565  1.0000  -1.0769   0.0000   0.0000   0.0000   0.3674
   3.500   0.8185   0.01069   0.00471  -0.0928  0.6342  1.0000  -1.1537   0.0000   0.0000   0.0000   0.3583
   4.000   0.8723   0.01091   0.00487  -0.0924  0.6106  1.0000  -1.2424   0.0000   0.0000   0.0000   0.3503
   4.500   0.9247   0.01117   0.00510  -0.0917  0.5827  1.0000  -1.3437   0.0000   0.0000   0.0000   0.3430
   5.000   0.9765   0.01152   0.00541  -0.0909  0.5535  1.0000  -1.4632   0.0000   0.0000   0.0000   0.3364
   5.500   1.0271   0.01196   0.00576  -0.0900  0.5218  1.0000  -1.6095   0.0000   0.0000   0.0000   0.3303
   6.000   1.0764   0.01251   0.00623  -0.0889  0.4883  1.0000  -1.7846   0.0000   0.0000   0.0000   0.3247
   6.500   1.1240   0.01313   0.00680  -0.0876  0.4523  1.0000  -2.0774   0.0000   0.0000   0.0000   0.3194
   7.000   1.1698   0.01387   0.00747  -0.0861  0.4152  1.0000  -2.3915   0.0000   0.0000   0.0000   0.3144
   7.500   1.2126   0.01477   0.00825  -0.0841  0.3757  1.0000  -2.7096   0.0000   0.0000   0.0000   0.3096
   8.000   1.2549   0.01569   0.00916  -0.0823  0.3381  1.0000  -3.0481   0.0000   0.0000   0.0000   0.3050
   8.500   1.2919   0.01685   0.01021  -0.0797  0.2960  1.0000  -3.3842   0.0000   0.0000   0.0000   0.3004
   9.000   1.3240   0.01823   0.01148  -0.0766  0.2528  1.0000  -3.7118   0.0000   0.0000   0.0000   0.2959
   9.500   1.3489   0.01986   0.01296  -0.0725  0.2109  1.0000  -4.0192   0.0000   0.0000   0.0000   0.2910
  10.000   1.3700   0.02183   0.01480  -0.0684  0.1687  1.0000  -4.3158   0.0000   0.0000   0.0000   0.2865
  10.500   1.3860   0.02430   0.01713  -0.0644  0.1295  1.0000  -4.5937   0.0000   0.0000   0.0000   0.2822
  11.000   1.3958   0.02748   0.02015  -0.0605  0.0988  1.0000  -4.8427   0.0000   0.0000   0.0000   0.2782
  11.500   1.4056   0.03092   0.02357  -0.0571  0.0773  1.0000  -5.0852   0.0000   0.0000   0.0000   0.2746
  12.000   1.4133   0.03477   0.02752  -0.0541  0.0619  1.0000  -5.3112   0.0000   0.0000   0.0000   0.2714
  12.500   1.4198   0.03894   0.03189  -0.0515  0.0513  1.0000  -5.5157   0.0000   0.0000   0.0000   0.2684
  13.000   1.4059   0.04531   0.03833  -0.0486  0.0418  1.0000  -5.5955   0.0000   0.0000   0.0000   0.2658
  13.500   1.4103   0.05015   0.04343  -0.0469  0.0371  1.0000  -5.7571   0.0000   0.0000   0.0000   0.2635
  14.000   1.4083   0.05597   0.04944  -0.0457  0.0330  1.0000  -5.8832   0.0000   0.0000   0.0000   0.2617
  14.500   1.3979   0.06299   0.05662  -0.0448  0.0299  1.0000  -5.9513   0.0000   0.0000   0.0000   0.2603
  15.000   1.3820   0.07062   0.06453  -0.0422  0.0273  1.0000  -5.9110   0.0000   0.0000   0.0000   0.2578


