xflr5 v6.59

 Calculated polar for: revR_50_revT

 1 1 Reynolds number fixed          Mach number fixed         

 xtrf =   1.000 (top)        1.000 (bottom)
 Mach =   0.000     Re =     0.105 e 6     Ncrit =   9.000

  alpha     CL        CD       CDp       Cm    Top Xtr Bot Xtr   Cpmin    Chinge    XCp    
 ------- -------- --------- --------- -------- ------- ------- -------- --------- ---------
  -5.000  -0.2286   0.03143   0.02349  -0.0915  0.9302  0.0901  -2.5474   0.0000   0.0000   0.0000  -0.1633
  -4.500  -0.1475   0.02708   0.01871  -0.0973  0.9236  0.1032  -2.2838   0.0000   0.0000   0.0000  -0.4283
  -4.000  -0.0921   0.02548   0.01694  -0.0980  0.9110  0.1268  -2.0296   0.0000   0.0000   0.0000  -0.8406
  -3.000   0.0466   0.02275   0.01476  -0.1043  0.8889  0.2881  -1.4659   0.0000   0.0000   0.0000   2.5273
  -2.500   0.1181   0.02175   0.01447  -0.1075  0.8781  0.4565  -1.2136   0.0000   0.0000   0.0000   1.1737
  -2.000   0.1692   0.02150   0.01492  -0.1060  0.8646  0.6364  -1.0016   0.0000   0.0000   0.0000   0.8835
  -1.500   0.2187   0.02149   0.01521  -0.1021  0.8527  0.7859  -0.8065   0.0000   0.0000   0.0000   0.7209
  -1.000   0.2423   0.02179   0.01556  -0.0939  0.8351  0.8878  -0.6670   0.0000   0.0000   0.0000   0.6401
  -0.500   0.3462   0.02107   0.01460  -0.1009  0.8273  1.0000  -0.6477   0.0000   0.0000   0.0000   0.5420
   0.000   0.3906   0.02167   0.01493  -0.1007  0.8085  1.0000  -0.6841   0.0000   0.0000   0.0000   0.5075
   0.500   0.4528   0.02188   0.01491  -0.1022  0.7939  1.0000  -0.7336   0.0000   0.0000   0.0000   0.4744
   1.000   0.5201   0.02169   0.01451  -0.1037  0.7804  1.0000  -0.7919   0.0000   0.0000   0.0000   0.4473
   1.500   0.5724   0.02212   0.01482  -0.1033  0.7618  1.0000  -0.8436   0.0000   0.0000   0.0000   0.4277
   2.500   0.6963   0.02174   0.01424  -0.1036  0.7322  1.0000  -0.9742   0.0000   0.0000   0.0000   0.3949
   3.000   0.7492   0.02192   0.01440  -0.1027  0.7126  1.0000  -1.0382   0.0000   0.0000   0.0000   0.3827
   3.500   0.8057   0.02188   0.01435  -0.1020  0.6945  1.0000  -1.1125   0.0000   0.0000   0.0000   0.3717
   4.000   0.8725   0.02109   0.01351  -0.1021  0.6794  1.0000  -1.2052   0.0000   0.0000   0.0000   0.3616
   4.500   0.9294   0.02084   0.01326  -0.1014  0.6586  1.0000  -1.2983   0.0000   0.0000   0.0000   0.3530
   5.000   0.9842   0.02071   0.01317  -0.1004  0.6358  1.0000  -1.4076   0.0000   0.0000   0.0000   0.3453
   5.500   1.0400   0.02056   0.01304  -0.0995  0.6119  1.0000  -1.5297   0.0000   0.0000   0.0000   0.3383
   6.000   1.0967   0.02040   0.01286  -0.0986  0.5860  1.0000  -1.6873   0.0000   0.0000   0.0000   0.3320
   6.500   1.1438   0.02076   0.01332  -0.0967  0.5549  1.0000  -1.8436   0.0000   0.0000   0.0000   0.3260
   7.000   1.1938   0.02102   0.01359  -0.0951  0.5223  1.0000  -2.0732   0.0000   0.0000   0.0000   0.3204
   7.500   1.2440   0.02141   0.01389  -0.0936  0.4883  1.0000  -2.3925   0.0000   0.0000   0.0000   0.3152
   8.000   1.2847   0.02220   0.01474  -0.0909  0.4506  1.0000  -2.6922   0.0000   0.0000   0.0000   0.3101
   8.500   1.3255   0.02313   0.01565  -0.0883  0.4133  1.0000  -3.0044   0.0000   0.0000   0.0000   0.3052
   9.000   1.3590   0.02422   0.01669  -0.0849  0.3731  1.0000  -3.3136   0.0000   0.0000   0.0000   0.3002
   9.500   1.3850   0.02567   0.01819  -0.0806  0.3332  1.0000  -3.6021   0.0000   0.0000   0.0000   0.2952
  10.000   1.4062   0.02743   0.01984  -0.0758  0.2948  1.0000  -3.8790   0.0000   0.0000   0.0000   0.2901
  10.500   1.4130   0.02955   0.02195  -0.0696  0.2569  1.0000  -4.1039   0.0000   0.0000   0.0000   0.2846
  11.000   1.4158   0.03243   0.02486  -0.0640  0.2199  1.0000  -4.3083   0.0000   0.0000   0.0000   0.2797
  11.500   1.4143   0.03602   0.02834  -0.0590  0.1861  1.0000  -4.4921   0.0000   0.0000   0.0000   0.2753
  12.000   1.4137   0.04028   0.03252  -0.0548  0.1558  1.0000  -4.6648   0.0000   0.0000   0.0000   0.2715
  12.500   1.4119   0.04499   0.03727  -0.0512  0.1305  1.0000  -4.8203   0.0000   0.0000   0.0000   0.2681
  13.000   1.4097   0.05009   0.04240  -0.0482  0.1100  1.0000  -4.9653   0.0000   0.0000   0.0000   0.2650
  13.500   1.4121   0.05532   0.04759  -0.0454  0.0929  1.0000  -5.1104   0.0000   0.0000   0.0000   0.2621
  14.000   1.4060   0.06109   0.05368  -0.0437  0.0815  1.0000  -5.2207   0.0000   0.0000   0.0000   0.2600
  14.500   1.4101   0.06701   0.05974  -0.0414  0.0713  1.0000  -5.3492   0.0000   0.0000   0.0000   0.2574
  15.000   1.4011   0.07396   0.06710  -0.0405  0.0650  1.0000  -5.4163   0.0000   0.0000   0.0000   0.2560


