xflr5 v6.59

 Calculated polar for: revR_50_revT

 1 1 Reynolds number fixed          Mach number fixed         

 xtrf =   1.000 (top)        1.000 (bottom)
 Mach =   0.000     Re =     0.065 e 6     Ncrit =   9.000

  alpha     CL        CD       CDp       Cm    Top Xtr Bot Xtr   Cpmin    Chinge    XCp    
 ------- -------- --------- --------- -------- ------- ------- -------- --------- ---------
  -5.000  -0.4499   0.05185   0.04573  -0.0487  1.0000  0.1255  -2.4638   0.0000   0.0000   0.0000   0.1358
  -4.500  -0.3942   0.04203   0.03470  -0.0560  1.0000  0.1229  -2.4910   0.0000   0.0000   0.0000   0.1013
  -4.000  -0.3167   0.03617   0.02764  -0.0631  0.9940  0.1296  -2.3602   0.0000   0.0000   0.0000   0.0430
  -3.500  -0.2299   0.03296   0.02373  -0.0704  0.9821  0.1536  -2.1190   0.0000   0.0000   0.0000  -0.0662
  -3.000  -0.1386   0.03116   0.02161  -0.0780  0.9697  0.2075  -1.8207   0.0000   0.0000   0.0000  -0.3273
  -2.500  -0.0697   0.02978   0.02068  -0.0817  0.9554  0.3097  -1.5682   0.0000   0.0000   0.0000  -0.9475
  -2.000   0.0111   0.02900   0.02097  -0.0868  0.9422  0.5257  -1.3125   0.0000   0.0000   0.0000   8.1726
  -1.500   0.0497   0.02910   0.02200  -0.0812  0.9260  0.7624  -1.1285   0.0000   0.0000   0.0000   1.9072
  -1.000   0.0788   0.02906   0.02204  -0.0748  0.9066  1.0000  -0.9725   0.0000   0.0000   0.0000   1.2110
  -0.500   0.1587   0.03034   0.02261  -0.0823  0.8877  1.0000  -0.7398   0.0000   0.0000   0.0000   0.7718
   0.000   0.2384   0.03171   0.02347  -0.0883  0.8700  1.0000  -0.5672   0.0000   0.0000   0.0000   0.6211
   0.500   0.3088   0.03293   0.02434  -0.0922  0.8506  1.0000  -0.6163   0.0000   0.0000   0.0000   0.5480
   1.000   0.3631   0.03426   0.02543  -0.0935  0.8290  1.0000  -0.6580   0.0000   0.0000   0.0000   0.5059
   1.500   0.4191   0.03563   0.02661  -0.0948  0.8069  1.0000  -0.7047   0.0000   0.0000   0.0000   0.4738
   2.000   0.4742   0.03701   0.02786  -0.0957  0.7848  1.0000  -0.7532   0.0000   0.0000   0.0000   0.4488
   2.500   0.5279   0.03845   0.02921  -0.0964  0.7630  1.0000  -0.8057   0.0000   0.0000   0.0000   0.4288
   3.000   0.5833   0.03968   0.03040  -0.0968  0.7403  1.0000  -0.8612   0.0000   0.0000   0.0000   0.4116
   3.500   0.6381   0.04084   0.03155  -0.0969  0.7176  1.0000  -0.9226   0.0000   0.0000   0.0000   0.3970
   4.000   0.6922   0.04193   0.03268  -0.0967  0.6953  1.0000  -0.9897   0.0000   0.0000   0.0000   0.3843
   4.500   0.7486   0.04265   0.03347  -0.0963  0.6729  1.0000  -1.0653   0.0000   0.0000   0.0000   0.3726
   5.000   0.8399   0.04064   0.03159  -0.0974  0.6584  1.0000  -1.1935   0.0000   0.0000   0.0000   0.3595
   5.500   0.8933   0.04078   0.03188  -0.0958  0.6354  1.0000  -1.2944   0.0000   0.0000   0.0000   0.3502
   6.000   0.9490   0.04053   0.03180  -0.0941  0.6124  1.0000  -1.4092   0.0000   0.0000   0.0000   0.3415
   6.500   1.0081   0.03982   0.03127  -0.0923  0.5894  1.0000  -1.5576   0.0000   0.0000   0.0000   0.3333
   7.000   1.0763   0.03816   0.02982  -0.0907  0.5660  1.0000  -1.7465   0.0000   0.0000   0.0000   0.3254
   7.500   1.1557   0.03561   0.02746  -0.0900  0.5410  1.0000  -2.0217   0.0000   0.0000   0.0000   0.3183
   8.000   1.2181   0.03456   0.02656  -0.0883  0.5097  1.0000  -2.3766   0.0000   0.0000   0.0000   0.3122
   8.500   1.2726   0.03402   0.02612  -0.0860  0.4729  1.0000  -2.7224   0.0000   0.0000   0.0000   0.3065
   9.000   1.3233   0.03402   0.02619  -0.0835  0.4338  1.0000  -3.0684   0.0000   0.0000   0.0000   0.3012
   9.500   1.3714   0.03426   0.02632  -0.0808  0.3911  1.0000  -3.4264   0.0000   0.0000   0.0000   0.2962
  10.000   1.4058   0.03525   0.02715  -0.0769  0.3457  1.0000  -3.7480   0.0000   0.0000   0.0000   0.2911
  10.500   1.4211   0.03721   0.02913  -0.0712  0.3024  1.0000  -3.9939   0.0000   0.0000   0.0000   0.2857
  11.000   1.4269   0.03993   0.03196  -0.0648  0.2622  1.0000  -4.1954   0.0000   0.0000   0.0000   0.2802
  11.500   1.4317   0.04292   0.03474  -0.0590  0.2243  1.0000  -4.3941   0.0000   0.0000   0.0000   0.2751
  12.000   1.4262   0.04695   0.03886  -0.0532  0.1931  1.0000  -4.5312   0.0000   0.0000   0.0000   0.2703
  12.500   1.4243   0.05123   0.04308  -0.0486  0.1655  1.0000  -4.6783   0.0000   0.0000   0.0000   0.2663
  13.500   1.4166   0.06296   0.05523  -0.0416  0.1271  1.0000  -4.8707   0.0000   0.0000   0.0000   0.2597
  14.000   1.4181   0.06953   0.06189  -0.0392  0.1129  1.0000  -4.9783   0.0000   0.0000   0.0000   0.2571
  14.500   1.3811   0.07911   0.07212  -0.0378  0.1081  1.0000  -4.8999   0.0000   0.0000   0.0000   0.2559
  15.000   1.3313   0.09122   0.08479  -0.0391  0.1056  1.0000  -4.7536   0.0000   0.0000   0.0000   0.2569


