xflr5 v6.59

 Calculated polar for: revR_35_revT

 1 1 Reynolds number fixed          Mach number fixed         

 xtrf =   1.000 (top)        1.000 (bottom)
 Mach =   0.000     Re =     0.295 e 6     Ncrit =   9.000

  alpha     CL        CD       CDp       Cm    Top Xtr Bot Xtr   Cpmin    Chinge    XCp    
 ------- -------- --------- --------- -------- ------- ------- -------- --------- ---------
  -5.000  -0.1223   0.01348   0.00660  -0.0968  0.8714  0.0635  -2.4449   0.0000   0.0000   0.0000  -0.5628
  -4.500  -0.0700   0.01261   0.00565  -0.0962  0.8584  0.0835  -2.1112   0.0000   0.0000   0.0000  -1.1558
  -4.000  -0.0166   0.01183   0.00495  -0.0958  0.8467  0.1272  -1.7919   0.0000   0.0000   0.0000  -5.6542
  -3.500   0.0365   0.01116   0.00456  -0.0955  0.8338  0.2027  -1.4782   0.0000   0.0000   0.0000   2.9150
  -3.000   0.0905   0.01063   0.00426  -0.0953  0.8226  0.2955  -1.2388   0.0000   0.0000   0.0000   1.3182
  -2.500   0.1438   0.01008   0.00405  -0.0950  0.8100  0.4057  -1.0235   0.0000   0.0000   0.0000   0.9178
  -2.000   0.1962   0.00955   0.00396  -0.0942  0.7977  0.5562  -0.8176   0.0000   0.0000   0.0000   0.7340
  -1.500   0.2481   0.00925   0.00399  -0.0929  0.7848  0.6765  -0.6283   0.0000   0.0000   0.0000   0.6265
  -1.000   0.2999   0.00920   0.00406  -0.0914  0.7723  0.7562  -0.6131   0.0000   0.0000   0.0000   0.5552
  -0.500   0.3512   0.00914   0.00403  -0.0896  0.7584  0.8104  -0.6541   0.0000   0.0000   0.0000   0.5047
   0.000   0.4010   0.00912   0.00403  -0.0876  0.7438  0.8544  -0.6970   0.0000   0.0000   0.0000   0.4672
   0.500   0.4493   0.00910   0.00396  -0.0851  0.7305  0.8977  -0.7429   0.0000   0.0000   0.0000   0.4375
   1.000   0.4974   0.00896   0.00385  -0.0826  0.7137  0.9408  -0.7911   0.0000   0.0000   0.0000   0.4136
   1.500   0.5712   0.00888   0.00371  -0.0860  0.6967  0.9822  -0.8615   0.0000   0.0000   0.0000   0.3976
   2.000   0.6366   0.00892   0.00362  -0.0883  0.6784  1.0000  -0.9279   0.0000   0.0000   0.0000   0.3852
   2.500   0.6905   0.00904   0.00361  -0.0881  0.6583  1.0000  -0.9918   0.0000   0.0000   0.0000   0.3736
   3.000   0.7449   0.00920   0.00367  -0.0880  0.6357  1.0000  -1.0650   0.0000   0.0000   0.0000   0.3636
   3.500   0.7991   0.00941   0.00380  -0.0877  0.6123  1.0000  -1.1434   0.0000   0.0000   0.0000   0.3547
   4.000   0.8524   0.00966   0.00400  -0.0872  0.5851  1.0000  -1.2342   0.0000   0.0000   0.0000   0.3468
   4.500   0.9051   0.00998   0.00426  -0.0867  0.5557  1.0000  -1.3408   0.0000   0.0000   0.0000   0.3397
   5.000   0.9568   0.01039   0.00458  -0.0860  0.5245  1.0000  -1.4692   0.0000   0.0000   0.0000   0.3333
   5.500   1.0071   0.01091   0.00498  -0.0851  0.4911  1.0000  -1.6218   0.0000   0.0000   0.0000   0.3273
   6.000   1.0567   0.01144   0.00547  -0.0841  0.4552  1.0000  -1.8721   0.0000   0.0000   0.0000   0.3218
   6.500   1.1045   0.01213   0.00604  -0.0829  0.4188  1.0000  -2.1880   0.0000   0.0000   0.0000   0.3167
   7.000   1.1505   0.01289   0.00670  -0.0815  0.3780  1.0000  -2.5128   0.0000   0.0000   0.0000   0.3119
   7.500   1.1959   0.01371   0.00748  -0.0801  0.3402  1.0000  -2.8576   0.0000   0.0000   0.0000   0.3073
   8.000   1.2366   0.01478   0.00837  -0.0781  0.2918  1.0000  -3.2066   0.0000   0.0000   0.0000   0.3028
   8.500   1.2741   0.01605   0.00943  -0.0758  0.2425  1.0000  -3.5553   0.0000   0.0000   0.0000   0.2984
   9.000   1.3088   0.01744   0.01069  -0.0731  0.1988  1.0000  -3.9032   0.0000   0.0000   0.0000   0.2941
   9.500   1.3368   0.01904   0.01214  -0.0695  0.1582  1.0000  -4.2323   0.0000   0.0000   0.0000   0.2895
  10.000   1.3581   0.02110   0.01399  -0.0655  0.1184  1.0000  -4.5389   0.0000   0.0000   0.0000   0.2849
  10.500   1.3790   0.02329   0.01611  -0.0618  0.0899  1.0000  -4.8447   0.0000   0.0000   0.0000   0.2808
  11.000   1.3965   0.02587   0.01867  -0.0584  0.0693  1.0000  -5.1336   0.0000   0.0000   0.0000   0.2769
  11.500   1.4101   0.02895   0.02184  -0.0550  0.0539  1.0000  -5.3959   0.0000   0.0000   0.0000   0.2733
  12.000   1.4101   0.03341   0.02632  -0.0514  0.0407  1.0000  -5.5688   0.0000   0.0000   0.0000   0.2698
  12.500   1.4239   0.03689   0.02999  -0.0492  0.0339  1.0000  -5.8047   0.0000   0.0000   0.0000   0.2670
  13.000   1.4067   0.04359   0.03685  -0.0461  0.0276  1.0000  -5.8316   0.0000   0.0000   0.0000   0.2643
  13.500   1.4059   0.04895   0.04246  -0.0443  0.0257  1.0000  -5.9594   0.0000   0.0000   0.0000   0.2620
  14.000   1.4052   0.05458   0.04834  -0.0430  0.0242  1.0000  -6.0903   0.0000   0.0000   0.0000   0.2601
  14.500   1.4026   0.06072   0.05472  -0.0422  0.0230  1.0000  -6.2080   0.0000   0.0000   0.0000   0.2586
  15.000   1.3992   0.06725   0.06149  -0.0419  0.0221  1.0000  -6.3220   0.0000   0.0000   0.0000   0.2575


