xflr5 v6.59

 Calculated polar for: revR_80_revT

 1 1 Reynolds number fixed          Mach number fixed         

 xtrf =   1.000 (top)        1.000 (bottom)
 Mach =   0.000     Re =     0.430 e 6     Ncrit =   9.000

  alpha     CL        CD       CDp       Cm    Top Xtr Bot Xtr   Cpmin    Chinge    XCp    
 ------- -------- --------- --------- -------- ------- ------- -------- --------- ---------
  -5.000   0.0584   0.01251   0.00594  -0.1360  0.7916  0.0462  -2.3310   0.0000   0.0000   0.0000   2.6361
  -4.500   0.1144   0.01174   0.00512  -0.1363  0.7836  0.0573  -2.0562   0.0000   0.0000   0.0000   1.4667
  -4.000   0.1712   0.01110   0.00442  -0.1366  0.7756  0.0781  -1.7990   0.0000   0.0000   0.0000   1.0623
  -3.500   0.2278   0.01058   0.00401  -0.1369  0.7673  0.1188  -1.5463   0.0000   0.0000   0.0000   0.8606
  -3.000   0.2845   0.01017   0.00375  -0.1373  0.7589  0.1737  -1.2965   0.0000   0.0000   0.0000   0.7388
  -2.500   0.3417   0.00980   0.00355  -0.1377  0.7510  0.2440  -1.0649   0.0000   0.0000   0.0000   0.6570
  -2.000   0.3985   0.00952   0.00345  -0.1381  0.7418  0.3213  -0.8455   0.0000   0.0000   0.0000   0.5988
  -1.500   0.4552   0.00918   0.00336  -0.1384  0.7324  0.4145  -0.7668   0.0000   0.0000   0.0000   0.5551
  -1.000   0.5123   0.00893   0.00330  -0.1386  0.7230  0.5183  -0.8099   0.0000   0.0000   0.0000   0.5207
  -0.500   0.5676   0.00867   0.00340  -0.1385  0.7138  0.6403  -0.8532   0.0000   0.0000   0.0000   0.4932
   0.000   0.6222   0.00850   0.00342  -0.1378  0.7025  0.7301  -0.8968   0.0000   0.0000   0.0000   0.4700
   0.500   0.6761   0.00852   0.00352  -0.1371  0.6921  0.7983  -0.9421   0.0000   0.0000   0.0000   0.4505
   1.000   0.7284   0.00847   0.00356  -0.1360  0.6808  0.8453  -0.9914   0.0000   0.0000   0.0000   0.4338
   1.500   0.7764   0.00841   0.00354  -0.1338  0.6680  0.9007  -1.0423   0.0000   0.0000   0.0000   0.4188
   2.000   0.8308   0.00823   0.00342  -0.1331  0.6542  1.0000  -1.0997   0.0000   0.0000   0.0000   0.4060
   2.500   0.8892   0.00839   0.00348  -0.1338  0.6396  1.0000  -1.1676   0.0000   0.0000   0.0000   0.3957
   3.000   0.9462   0.00859   0.00354  -0.1342  0.6230  1.0000  -1.2353   0.0000   0.0000   0.0000   0.3864
   3.500   1.0016   0.00877   0.00368  -0.1343  0.6038  1.0000  -1.3026   0.0000   0.0000   0.0000   0.3780
   4.000   1.0565   0.00903   0.00390  -0.1343  0.5852  1.0000  -1.3802   0.0000   0.0000   0.0000   0.3704
   4.500   1.1103   0.00935   0.00415  -0.1340  0.5653  1.0000  -1.4613   0.0000   0.0000   0.0000   0.3635
   5.000   1.1622   0.00973   0.00445  -0.1335  0.5407  1.0000  -1.5512   0.0000   0.0000   0.0000   0.3569
   5.500   1.2133   0.01017   0.00483  -0.1329  0.5167  1.0000  -1.6523   0.0000   0.0000   0.0000   0.3509
   6.000   1.2627   0.01068   0.00527  -0.1319  0.4900  1.0000  -1.7681   0.0000   0.0000   0.0000   0.3452
   6.500   1.3101   0.01128   0.00579  -0.1307  0.4612  1.0000  -1.8966   0.0000   0.0000   0.0000   0.3398
   7.000   1.3552   0.01198   0.00640  -0.1292  0.4317  1.0000  -2.0403   0.0000   0.0000   0.0000   0.3346
   8.000   1.4373   0.01367   0.00794  -0.1249  0.3719  1.0000  -2.3848   0.0000   0.0000   0.0000   0.3246
   8.500   1.4722   0.01465   0.00885  -0.1218  0.3409  1.0000  -2.6132   0.0000   0.0000   0.0000   0.3197
   9.000   1.5014   0.01589   0.01001  -0.1179  0.3097  1.0000  -2.8958   0.0000   0.0000   0.0000   0.3147
   9.500   1.5285   0.01731   0.01136  -0.1141  0.2819  1.0000  -3.1801   0.0000   0.0000   0.0000   0.3100
  10.000   1.5510   0.01912   0.01308  -0.1101  0.2522  1.0000  -3.4564   0.0000   0.0000   0.0000   0.3055
  10.500   1.5735   0.02109   0.01501  -0.1066  0.2233  1.0000  -3.7400   0.0000   0.0000   0.0000   0.3013
  11.000   1.5916   0.02350   0.01737  -0.1029  0.1948  1.0000  -4.0222   0.0000   0.0000   0.0000   0.2973
  11.500   1.6060   0.02634   0.02013  -0.0993  0.1669  1.0000  -4.2962   0.0000   0.0000   0.0000   0.2936
  12.000   1.6158   0.02966   0.02335  -0.0956  0.1407  1.0000  -4.5562   0.0000   0.0000   0.0000   0.2899
  12.500   1.6237   0.03330   0.02694  -0.0922  0.1174  1.0000  -4.8112   0.0000   0.0000   0.0000   0.2866
  13.000   1.6308   0.03714   0.03077  -0.0891  0.0993  1.0000  -5.0661   0.0000   0.0000   0.0000   0.2834
  13.500   1.6383   0.04113   0.03483  -0.0864  0.0850  1.0000  -5.3254   0.0000   0.0000   0.0000   0.2805
  14.000   1.6413   0.04575   0.03951  -0.0838  0.0721  1.0000  -5.5647   0.0000   0.0000   0.0000   0.2778
  14.500   1.6387   0.05125   0.04503  -0.0816  0.0601  1.0000  -5.7767   0.0000   0.0000   0.0000   0.2754
  15.000   1.6420   0.05634   0.05025  -0.0801  0.0525  1.0000  -6.0180   0.0000   0.0000   0.0000   0.2732


