xflr5 v6.59

 Calculated polar for: revR_95_revT

 1 1 Reynolds number fixed          Mach number fixed         

 xtrf =   1.000 (top)        1.000 (bottom)
 Mach =   0.000     Re =     0.430 e 6     Ncrit =   9.000

  alpha     CL        CD       CDp       Cm    Top Xtr Bot Xtr   Cpmin    Chinge    XCp    
 ------- -------- --------- --------- -------- ------- ------- -------- --------- ---------
  -5.000   0.1211   0.01300   0.00643  -0.1498  0.7797  0.0440  -2.3334   0.0000   0.0000   0.0000   1.5171
  -4.500   0.1778   0.01202   0.00538  -0.1502  0.7728  0.0541  -2.0740   0.0000   0.0000   0.0000   1.1134
  -4.000   0.2355   0.01149   0.00478  -0.1508  0.7647  0.0723  -1.8179   0.0000   0.0000   0.0000   0.9024
  -3.500   0.2920   0.01088   0.00430  -0.1511  0.7576  0.1066  -1.5702   0.0000   0.0000   0.0000   0.7759
  -3.000   0.3495   0.01046   0.00402  -0.1517  0.7501  0.1577  -1.3188   0.0000   0.0000   0.0000   0.6897
  -2.500   0.4074   0.01017   0.00381  -0.1522  0.7424  0.2190  -1.0839   0.0000   0.0000   0.0000   0.6273
  -2.000   0.4646   0.00993   0.00376  -0.1527  0.7345  0.2870  -0.8606   0.0000   0.0000   0.0000   0.5809
  -1.500   0.5217   0.00961   0.00365  -0.1531  0.7255  0.3712  -0.8336   0.0000   0.0000   0.0000   0.5445
  -1.000   0.5795   0.00936   0.00357  -0.1535  0.7168  0.4643  -0.8752   0.0000   0.0000   0.0000   0.5150
  -0.500   0.6362   0.00918   0.00368  -0.1538  0.7086  0.5730  -0.9198   0.0000   0.0000   0.0000   0.4909
   0.000   0.6914   0.00894   0.00373  -0.1535  0.6983  0.6876  -0.9642   0.0000   0.0000   0.0000   0.4704
   0.500   0.7464   0.00893   0.00379  -0.1529  0.6877  0.7695  -1.0088   0.0000   0.0000   0.0000   0.4525
   1.000   0.7989   0.00888   0.00390  -0.1520  0.6784  0.8249  -1.0571   0.0000   0.0000   0.0000   0.4372
   1.500   0.8472   0.00876   0.00386  -0.1499  0.6670  0.8869  -1.1089   0.0000   0.0000   0.0000   0.4232
   2.000   0.8979   0.00861   0.00377  -0.1484  0.6542  1.0000  -1.1626   0.0000   0.0000   0.0000   0.4109
   2.500   0.9565   0.00873   0.00377  -0.1491  0.6405  1.0000  -1.2293   0.0000   0.0000   0.0000   0.4009
   3.000   1.0134   0.00892   0.00391  -0.1496  0.6266  1.0000  -1.2976   0.0000   0.0000   0.0000   0.3919
   3.500   1.0689   0.00914   0.00400  -0.1496  0.6091  1.0000  -1.3659   0.0000   0.0000   0.0000   0.3836
   4.000   1.1235   0.00936   0.00419  -0.1496  0.5915  1.0000  -1.4347   0.0000   0.0000   0.0000   0.3761
   4.500   1.1774   0.00966   0.00446  -0.1494  0.5740  1.0000  -1.5162   0.0000   0.0000   0.0000   0.3692
   5.000   1.2295   0.01003   0.00476  -0.1489  0.5541  1.0000  -1.5974   0.0000   0.0000   0.0000   0.3627
   5.500   1.2796   0.01047   0.00512  -0.1481  0.5301  1.0000  -1.6927   0.0000   0.0000   0.0000   0.3566
   6.000   1.3285   0.01099   0.00557  -0.1471  0.5077  1.0000  -1.7920   0.0000   0.0000   0.0000   0.3509
   6.500   1.3749   0.01157   0.00609  -0.1458  0.4812  1.0000  -1.9137   0.0000   0.0000   0.0000   0.3454
   7.000   1.4195   0.01223   0.00670  -0.1441  0.4553  1.0000  -2.0352   0.0000   0.0000   0.0000   0.3402
   7.500   1.4606   0.01300   0.00740  -0.1419  0.4270  1.0000  -2.1752   0.0000   0.0000   0.0000   0.3350
   8.000   1.4970   0.01387   0.00823  -0.1389  0.3984  1.0000  -2.3187   0.0000   0.0000   0.0000   0.3299
   8.500   1.5293   0.01489   0.00919  -0.1354  0.3723  1.0000  -2.4618   0.0000   0.0000   0.0000   0.3248
   9.000   1.5569   0.01617   0.01040  -0.1314  0.3435  1.0000  -2.6419   0.0000   0.0000   0.0000   0.3198
   9.500   1.5815   0.01772   0.01189  -0.1274  0.3161  1.0000  -2.8372   0.0000   0.0000   0.0000   0.3151
  10.000   1.6057   0.01946   0.01362  -0.1236  0.2916  1.0000  -3.0914   0.0000   0.0000   0.0000   0.3107
  10.500   1.6260   0.02158   0.01570  -0.1198  0.2662  1.0000  -3.3414   0.0000   0.0000   0.0000   0.3065
  11.000   1.6429   0.02408   0.01814  -0.1161  0.2399  1.0000  -3.5862   0.0000   0.0000   0.0000   0.3025
  11.500   1.6563   0.02696   0.02098  -0.1123  0.2134  1.0000  -3.8284   0.0000   0.0000   0.0000   0.2986
  12.000   1.6680   0.03013   0.02411  -0.1087  0.1896  1.0000  -4.0718   0.0000   0.0000   0.0000   0.2950
  12.500   1.6782   0.03351   0.02748  -0.1053  0.1675  1.0000  -4.3137   0.0000   0.0000   0.0000   0.2916
  13.000   1.6844   0.03739   0.03134  -0.1019  0.1464  1.0000  -4.5436   0.0000   0.0000   0.0000   0.2883
  13.500   1.6888   0.04163   0.03557  -0.0989  0.1267  1.0000  -4.7685   0.0000   0.0000   0.0000   0.2853
  14.000   1.6913   0.04627   0.04024  -0.0961  0.1094  1.0000  -4.9879   0.0000   0.0000   0.0000   0.2825
  14.500   1.6913   0.05142   0.04541  -0.0937  0.0945  1.0000  -5.1972   0.0000   0.0000   0.0000   0.2799
  15.000   1.6868   0.05725   0.05126  -0.0916  0.0810  1.0000  -5.3867   0.0000   0.0000   0.0000   0.2777
  15.500   1.6884   0.06267   0.05679  -0.0901  0.0717  1.0000  -5.6040   0.0000   0.0000   0.0000   0.2756
  16.000   1.6788   0.06962   0.06381  -0.0888  0.0621  1.0000  -5.7662   0.0000   0.0000   0.0000   0.2740
  16.500   1.6763   0.07587   0.07021  -0.0881  0.0552  1.0000  -5.9668   0.0000   0.0000   0.0000   0.2724
  17.000   1.6605   0.08411   0.07855  -0.0878  0.0478  1.0000  -6.0968   0.0000   0.0000   0.0000   0.2715
  17.500   1.6530   0.09145   0.08608  -0.0880  0.0427  1.0000  -6.2903   0.0000   0.0000   0.0000   0.2706
  18.000   1.6281   0.10142   0.09615  -0.0890  0.0373  1.0000  -6.3776   0.0000   0.0000   0.0000   0.2708
  18.500   1.6184   0.10943   0.10439  -0.0901  0.0342  1.0000  -6.5593   0.0000   0.0000   0.0000   0.2706
  19.000   1.6033   0.11847   0.11357  -0.0921  0.0310  1.0000  -6.7010   0.0000   0.0000   0.0000   0.2711
  19.500   1.5773   0.12938   0.12463  -0.0953  0.0279  1.0000  -6.7497   0.0000   0.0000   0.0000   0.2728
  20.000   1.5658   0.13817   0.13363  -0.0982  0.0260  1.0000  -6.8904   0.0000   0.0000   0.0000   0.2738
  20.500   1.5562   0.14684   0.14249  -0.1016  0.0241  1.0000  -7.0394   0.0000   0.0000   0.0000   0.2751
  21.000   1.5436   0.15625   0.15203  -0.1059  0.0224  1.0000  -7.1532   0.0000   0.0000   0.0000   0.2770
  21.500   1.5278   0.16619   0.16208  -0.1108  0.0204  1.0000  -7.2139   0.0000   0.0000   0.0000   0.2796
  22.000   1.5216   0.17460   0.17068  -0.1153  0.0194  1.0000  -7.3451   0.0000   0.0000   0.0000   0.2815
  22.500   1.5166   0.18302   0.17930  -0.1202  0.0184  1.0000  -7.4793   0.0000   0.0000   0.0000   0.2836
  23.000   1.5133   0.19118   0.18764  -0.1253  0.0174  1.0000  -7.6298   0.0000   0.0000   0.0000   0.2856
  23.500   1.5086   0.19988   0.19648  -0.1311  0.0165  1.0000  -7.7554   0.0000   0.0000   0.0000   0.2882
  24.000   1.5048   0.20840   0.20511  -0.1370  0.0157  1.0000  -7.8794   0.0000   0.0000   0.0000   0.2909
  24.500   1.5004   0.21659   0.21343  -0.1428  0.0146  1.0000  -7.9616   0.0000   0.0000   0.0000   0.2935
  25.000   1.4943   0.22625   0.22332  -0.1500  0.0142  1.0000  -8.0130   0.0000   0.0000   0.0000   0.2972
  25.500   1.4871   0.23658   0.23387  -0.1580  0.0138  1.0000  -8.0257   0.0000   0.0000   0.0000   0.3016
  26.000   1.4743   0.24894   0.24649  -0.1676  0.0134  1.0000  -7.9150   0.0000   0.0000   0.0000   0.3076
  26.500   1.4467   0.26717   0.26505  -0.1815  0.0132  1.0000  -7.4619   0.0000   0.0000   0.0000   0.3185
  29.000   1.3974   0.37195   0.37000  -0.2513  0.0127  1.0000  -2.7582   0.0000   0.0000   0.0000   0.3717
  29.500   1.4095   0.37771   0.37578  -0.2567  0.0115  1.0000  -2.7905   0.0000   0.0000   0.0000   0.3722
  30.000   1.4211   0.38201   0.38010  -0.2614  0.0109  1.0000  -2.9115   0.0000   0.0000   0.0000   0.3721


