xflr5 v6.59

 Calculated polar for: revR_60_revT

 1 1 Reynolds number fixed          Mach number fixed         

 xtrf =   1.000 (top)        1.000 (bottom)
 Mach =   0.000     Re =     0.455 e 6     Ncrit =   9.000

  alpha     CL        CD       CDp       Cm    Top Xtr Bot Xtr   Cpmin    Chinge    XCp    
 ------- -------- --------- --------- -------- ------- ------- -------- --------- ---------
  -5.000  -0.0252   0.01204   0.00555  -0.1172  0.8061  0.0452  -2.4035   0.0000   0.0000   0.0000  -4.5112
  -4.500   0.0299   0.01112   0.00452  -0.1172  0.7971  0.0599  -2.0750   0.0000   0.0000   0.0000   4.2589
  -4.000   0.0855   0.01049   0.00390  -0.1173  0.7872  0.0849  -1.7801   0.0000   0.0000   0.0000   1.6473
  -3.500   0.1417   0.00998   0.00350  -0.1175  0.7782  0.1345  -1.5280   0.0000   0.0000   0.0000   1.0922
  -3.000   0.1977   0.00956   0.00328  -0.1177  0.7691  0.1962  -1.2812   0.0000   0.0000   0.0000   0.8534
  -2.500   0.2538   0.00914   0.00307  -0.1180  0.7594  0.2752  -1.0466   0.0000   0.0000   0.0000   0.7193
  -2.000   0.3101   0.00881   0.00293  -0.1182  0.7490  0.3620  -0.8309   0.0000   0.0000   0.0000   0.6337
  -1.500   0.3660   0.00842   0.00286  -0.1183  0.7393  0.4714  -0.6810   0.0000   0.0000   0.0000   0.5745
  -1.000   0.4218   0.00813   0.00283  -0.1182  0.7287  0.5906  -0.7237   0.0000   0.0000   0.0000   0.5305
  -0.500   0.4760   0.00791   0.00291  -0.1176  0.7173  0.6984  -0.7658   0.0000   0.0000   0.0000   0.4965
   0.000   0.5305   0.00787   0.00292  -0.1169  0.7053  0.7634  -0.8099   0.0000   0.0000   0.0000   0.4690
   0.500   0.5838   0.00783   0.00301  -0.1160  0.6935  0.8162  -0.8584   0.0000   0.0000   0.0000   0.4466
   1.000   0.6364   0.00785   0.00300  -0.1149  0.6796  0.8570  -0.9072   0.0000   0.0000   0.0000   0.4278
   1.500   0.6854   0.00776   0.00302  -0.1130  0.6650  0.9021  -0.9609   0.0000   0.0000   0.0000   0.4115
   2.000   0.7367   0.00769   0.00297  -0.1115  0.6503  0.9626  -1.0178   0.0000   0.0000   0.0000   0.3974
   2.500   0.8004   0.00780   0.00295  -0.1133  0.6313  1.0000  -1.0868   0.0000   0.0000   0.0000   0.3871
   3.000   0.8573   0.00797   0.00306  -0.1137  0.6124  1.0000  -1.1558   0.0000   0.0000   0.0000   0.3776
   3.500   0.9129   0.00820   0.00322  -0.1138  0.5910  1.0000  -1.2290   0.0000   0.0000   0.0000   0.3691
   4.000   0.9674   0.00848   0.00342  -0.1137  0.5679  1.0000  -1.3108   0.0000   0.0000   0.0000   0.3614
   4.500   1.0209   0.00883   0.00368  -0.1134  0.5428  1.0000  -1.4007   0.0000   0.0000   0.0000   0.3543
   5.000   1.0729   0.00926   0.00400  -0.1129  0.5151  1.0000  -1.5074   0.0000   0.0000   0.0000   0.3479
   5.500   1.1239   0.00975   0.00440  -0.1122  0.4866  1.0000  -1.6241   0.0000   0.0000   0.0000   0.3419
   6.000   1.1741   0.01026   0.00485  -0.1115  0.4546  1.0000  -1.7646   0.0000   0.0000   0.0000   0.3363
   6.500   1.2224   0.01090   0.00538  -0.1104  0.4220  1.0000  -1.9238   0.0000   0.0000   0.0000   0.3310
   7.000   1.2687   0.01163   0.00601  -0.1091  0.3903  1.0000  -2.1157   0.0000   0.0000   0.0000   0.3260
   7.500   1.3133   0.01243   0.00670  -0.1076  0.3521  1.0000  -2.3647   0.0000   0.0000   0.0000   0.3212
   8.000   1.3552   0.01336   0.00753  -0.1056  0.3201  1.0000  -2.6743   0.0000   0.0000   0.0000   0.3166
   8.500   1.3952   0.01433   0.00841  -0.1035  0.2852  1.0000  -2.9927   0.0000   0.0000   0.0000   0.3120
   9.500   1.4579   0.01687   0.01072  -0.0967  0.2170  1.0000  -3.6019   0.0000   0.0000   0.0000   0.3027
  10.000   1.4805   0.01867   0.01237  -0.0926  0.1804  1.0000  -3.8874   0.0000   0.0000   0.0000   0.2981
  10.500   1.5026   0.02066   0.01425  -0.0889  0.1477  1.0000  -4.1813   0.0000   0.0000   0.0000   0.2938
  11.000   1.5201   0.02312   0.01658  -0.0851  0.1185  1.0000  -4.4682   0.0000   0.0000   0.0000   0.2898
  11.500   1.5360   0.02584   0.01924  -0.0817  0.0955  1.0000  -4.7532   0.0000   0.0000   0.0000   0.2861
  12.000   1.5506   0.02882   0.02220  -0.0785  0.0776  1.0000  -5.0359   0.0000   0.0000   0.0000   0.2826
  12.500   1.5641   0.03203   0.02545  -0.0756  0.0635  1.0000  -5.3160   0.0000   0.0000   0.0000   0.2794
  13.000   1.5718   0.03588   0.02937  -0.0727  0.0512  1.0000  -5.5688   0.0000   0.0000   0.0000   0.2763
  13.500   1.5750   0.04030   0.03382  -0.0700  0.0419  1.0000  -5.8053   0.0000   0.0000   0.0000   0.2735
  14.000   1.5778   0.04502   0.03870  -0.0677  0.0355  1.0000  -6.0387   0.0000   0.0000   0.0000   0.2709
  14.500   1.5788   0.05019   0.04397  -0.0660  0.0304  1.0000  -6.2667   0.0000   0.0000   0.0000   0.2687
  15.000   1.5569   0.05840   0.05238  -0.0644  0.0253  1.0000  -6.3359   0.0000   0.0000   0.0000   0.2672


