xflr5 v6.59

 Calculated polar for: revR_85_revT

 1 1 Reynolds number fixed          Mach number fixed         

 xtrf =   1.000 (top)        1.000 (bottom)
 Mach =   0.000     Re =     0.145 e 6     Ncrit =   9.000

  alpha     CL        CD       CDp       Cm    Top Xtr Bot Xtr   Cpmin    Chinge    XCp    
 ------- -------- --------- --------- -------- ------- ------- -------- --------- ---------
  -5.000   0.0226   0.02597   0.01851  -0.1404  0.8621  0.0776  -2.2415   0.0000   0.0000   0.0000   6.6186
  -4.500   0.0818   0.02437   0.01650  -0.1411  0.8534  0.0873  -2.0262   0.0000   0.0000   0.0000   2.0161
  -4.000   0.1501   0.02224   0.01426  -0.1432  0.8474  0.1120  -1.7999   0.0000   0.0000   0.0000   1.2239
  -3.500   0.1939   0.02164   0.01383  -0.1420  0.8347  0.1495  -1.6131   0.0000   0.0000   0.0000   0.9957
  -3.000   0.2558   0.02062   0.01301  -0.1432  0.8259  0.2235  -1.3810   0.0000   0.0000   0.0000   0.8184
  -2.500   0.3225   0.01977   0.01243  -0.1448  0.8200  0.3248  -1.1370   0.0000   0.0000   0.0000   0.7047
  -2.000   0.3656   0.01993   0.01294  -0.1434  0.8051  0.4275  -0.9501   0.0000   0.0000   0.0000   0.6462
  -1.500   0.4257   0.01926   0.01270  -0.1434  0.7976  0.5631  -0.7384   0.0000   0.0000   0.0000   0.5892
  -1.000   0.4677   0.01946   0.01332  -0.1402  0.7851  0.7015  -0.7681   0.0000   0.0000   0.0000   0.5508
  -0.500   0.5114   0.01919   0.01320  -0.1359  0.7742  0.8117  -0.8057   0.0000   0.0000   0.0000   0.5159
   0.000   0.5471   0.01890   0.01295  -0.1298  0.7653  0.9150  -0.8398   0.0000   0.0000   0.0000   0.4864
   0.500   0.6084   0.01905   0.01296  -0.1315  0.7512  1.0000  -0.8860   0.0000   0.0000   0.0000   0.4646
   1.000   0.6815   0.01855   0.01217  -0.1340  0.7440  1.0000  -0.9503   0.0000   0.0000   0.0000   0.4443
   1.500   0.7313   0.01917   0.01269  -0.1338  0.7276  1.0000  -0.9968   0.0000   0.0000   0.0000   0.4299
   2.000   0.8003   0.01864   0.01196  -0.1353  0.7193  1.0000  -1.0642   0.0000   0.0000   0.0000   0.4152
   2.500   0.8498   0.01917   0.01247  -0.1346  0.7030  1.0000  -1.1208   0.0000   0.0000   0.0000   0.4039
   3.000   0.9185   0.01852   0.01165  -0.1358  0.6934  1.0000  -1.1956   0.0000   0.0000   0.0000   0.3928
   3.500   0.9675   0.01885   0.01199  -0.1348  0.6755  1.0000  -1.2570   0.0000   0.0000   0.0000   0.3835
   4.000   1.0300   0.01859   0.01165  -0.1353  0.6632  1.0000  -1.3382   0.0000   0.0000   0.0000   0.3750
   4.500   1.0858   0.01840   0.01145  -0.1349  0.6459  1.0000  -1.4171   0.0000   0.0000   0.0000   0.3671
   5.000   1.1377   0.01851   0.01160  -0.1340  0.6272  1.0000  -1.5027   0.0000   0.0000   0.0000   0.3600
   5.500   1.1940   0.01850   0.01157  -0.1337  0.6097  1.0000  -1.6019   0.0000   0.0000   0.0000   0.3535
   6.000   1.2512   0.01838   0.01138  -0.1335  0.5898  1.0000  -1.7194   0.0000   0.0000   0.0000   0.3475
   6.500   1.3045   0.01850   0.01146  -0.1327  0.5670  1.0000  -1.8451   0.0000   0.0000   0.0000   0.3418
   7.000   1.3529   0.01887   0.01183  -0.1313  0.5420  1.0000  -1.9783   0.0000   0.0000   0.0000   0.3363
   7.500   1.3964   0.01942   0.01242  -0.1292  0.5143  1.0000  -2.1277   0.0000   0.0000   0.0000   0.3310
   8.000   1.4373   0.02015   0.01318  -0.1267  0.4859  1.0000  -2.2816   0.0000   0.0000   0.0000   0.3259
   9.000   1.5061   0.02202   0.01507  -0.1200  0.4247  1.0000  -2.6889   0.0000   0.0000   0.0000   0.3158
   9.500   1.5344   0.02325   0.01627  -0.1159  0.3962  1.0000  -2.9623   0.0000   0.0000   0.0000   0.3108
  10.000   1.5558   0.02475   0.01766  -0.1110  0.3666  1.0000  -3.2219   0.0000   0.0000   0.0000   0.3057
  10.500   1.5680   0.02666   0.01965  -0.1053  0.3379  1.0000  -3.4542   0.0000   0.0000   0.0000   0.3007
  11.000   1.5788   0.02895   0.02200  -0.1002  0.3105  1.0000  -3.6850   0.0000   0.0000   0.0000   0.2961
  11.500   1.5866   0.03168   0.02479  -0.0954  0.2833  1.0000  -3.9082   0.0000   0.0000   0.0000   0.2918
  12.000   1.5905   0.03494   0.02810  -0.0908  0.2562  1.0000  -4.1217   0.0000   0.0000   0.0000   0.2878
  12.500   1.5911   0.03873   0.03191  -0.0866  0.2298  1.0000  -4.3283   0.0000   0.0000   0.0000   0.2841
  13.000   1.5880   0.04312   0.03635  -0.0828  0.2045  1.0000  -4.5198   0.0000   0.0000   0.0000   0.2808
  13.500   1.5832   0.04800   0.04127  -0.0795  0.1810  1.0000  -4.7023   0.0000   0.0000   0.0000   0.2778
  14.000   1.5771   0.05339   0.04671  -0.0768  0.1596  1.0000  -4.8768   0.0000   0.0000   0.0000   0.2752
  14.500   1.5702   0.05925   0.05262  -0.0746  0.1406  1.0000  -5.0434   0.0000   0.0000   0.0000   0.2729
  15.000   1.5615   0.06561   0.05898  -0.0728  0.1236  1.0000  -5.1979   0.0000   0.0000   0.0000   0.2709


