xflr5 v6.59

 Calculated polar for: revR_45_revT

 1 1 Reynolds number fixed          Mach number fixed         

 xtrf =   1.000 (top)        1.000 (bottom)
 Mach =   0.000     Re =     0.465 e 6     Ncrit =   9.000

  alpha     CL        CD       CDp       Cm    Top Xtr Bot Xtr   Cpmin    Chinge    XCp    
 ------- -------- --------- --------- -------- ------- ------- -------- --------- ---------
  -5.000  -0.0886   0.01152   0.00507  -0.1029  0.8210  0.0491  -2.4754   0.0000   0.0000   0.0000  -0.9414
  -4.500  -0.0342   0.01068   0.00416  -0.1027  0.8100  0.0652  -2.1379   0.0000   0.0000   0.0000  -2.8227
  -4.000   0.0214   0.01020   0.00364  -0.1027  0.7997  0.0936  -1.8004   0.0000   0.0000   0.0000   5.1370
  -3.500   0.0766   0.00964   0.00328  -0.1028  0.7893  0.1468  -1.5030   0.0000   0.0000   0.0000   1.6137
  -3.000   0.1323   0.00922   0.00301  -0.1029  0.7793  0.2170  -1.2658   0.0000   0.0000   0.0000   1.0382
  -2.500   0.1876   0.00878   0.00282  -0.1030  0.7680  0.2991  -1.0388   0.0000   0.0000   0.0000   0.8046
  -2.000   0.2432   0.00837   0.00265  -0.1030  0.7574  0.3963  -0.8210   0.0000   0.0000   0.0000   0.6767
  -1.500   0.2980   0.00793   0.00261  -0.1030  0.7465  0.5330  -0.6254   0.0000   0.0000   0.0000   0.5969
  -1.000   0.3527   0.00764   0.00258  -0.1025  0.7344  0.6385  -0.6611   0.0000   0.0000   0.0000   0.5409
  -0.500   0.4065   0.00751   0.00266  -0.1017  0.7216  0.7326  -0.7013   0.0000   0.0000   0.0000   0.4996
   0.000   0.4608   0.00748   0.00267  -0.1010  0.7092  0.7843  -0.7479   0.0000   0.0000   0.0000   0.4677
   0.500   0.5147   0.00748   0.00272  -0.1002  0.6952  0.8256  -0.7956   0.0000   0.0000   0.0000   0.4426
   1.000   0.5662   0.00748   0.00273  -0.0987  0.6800  0.8664  -0.8461   0.0000   0.0000   0.0000   0.4217
   1.500   0.6163   0.00744   0.00274  -0.0970  0.6639  0.9039  -0.9004   0.0000   0.0000   0.0000   0.4043
   2.000   0.6667   0.00739   0.00272  -0.0954  0.6460  0.9522  -0.9590   0.0000   0.0000   0.0000   0.3893
   2.500   0.7347   0.00745   0.00271  -0.0980  0.6256  1.0000  -1.0302   0.0000   0.0000   0.0000   0.3792
   3.000   0.7909   0.00766   0.00281  -0.0983  0.6036  1.0000  -1.1021   0.0000   0.0000   0.0000   0.3695
   3.500   0.8462   0.00791   0.00296  -0.0983  0.5802  1.0000  -1.1788   0.0000   0.0000   0.0000   0.3609
   4.000   0.9003   0.00821   0.00317  -0.0981  0.5530  1.0000  -1.2644   0.0000   0.0000   0.0000   0.3532
   4.500   0.9537   0.00857   0.00344  -0.0978  0.5248  1.0000  -1.3673   0.0000   0.0000   0.0000   0.3462
   5.000   1.0056   0.00903   0.00377  -0.0973  0.4942  1.0000  -1.4793   0.0000   0.0000   0.0000   0.3398
   5.500   1.0571   0.00951   0.00417  -0.0967  0.4612  1.0000  -1.6248   0.0000   0.0000   0.0000   0.3339
   6.000   1.1074   0.01007   0.00463  -0.0959  0.4276  1.0000  -1.7865   0.0000   0.0000   0.0000   0.3285
   6.500   1.1561   0.01073   0.00517  -0.0950  0.3915  1.0000  -2.0487   0.0000   0.0000   0.0000   0.3234
   7.000   1.2032   0.01148   0.00579  -0.0938  0.3528  1.0000  -2.3672   0.0000   0.0000   0.0000   0.3186
   7.500   1.2490   0.01230   0.00650  -0.0925  0.3140  1.0000  -2.7065   0.0000   0.0000   0.0000   0.3140
   8.000   1.2899   0.01341   0.00736  -0.0906  0.2633  1.0000  -3.0437   0.0000   0.0000   0.0000   0.3095
   8.500   1.3300   0.01453   0.00833  -0.0885  0.2238  1.0000  -3.3900   0.0000   0.0000   0.0000   0.3051
   9.000   1.3662   0.01580   0.00944  -0.0860  0.1863  1.0000  -3.7332   0.0000   0.0000   0.0000   0.3007
   9.500   1.3965   0.01721   0.01070  -0.0826  0.1486  1.0000  -4.0638   0.0000   0.0000   0.0000   0.2962
  10.000   1.4212   0.01897   0.01229  -0.0787  0.1147  1.0000  -4.3792   0.0000   0.0000   0.0000   0.2916
  10.500   1.4450   0.02085   0.01410  -0.0751  0.0897  1.0000  -4.6958   0.0000   0.0000   0.0000   0.2874
  11.000   1.4664   0.02302   0.01626  -0.0717  0.0700  1.0000  -5.0057   0.0000   0.0000   0.0000   0.2835
  11.500   1.4847   0.02557   0.01880  -0.0684  0.0542  1.0000  -5.3032   0.0000   0.0000   0.0000   0.2798
  12.000   1.4973   0.02873   0.02195  -0.0651  0.0409  1.0000  -5.5693   0.0000   0.0000   0.0000   0.2763
  12.500   1.5136   0.03173   0.02505  -0.0625  0.0338  1.0000  -5.8514   0.0000   0.0000   0.0000   0.2732
  13.000   1.5139   0.03636   0.02978  -0.0593  0.0258  1.0000  -6.0214   0.0000   0.0000   0.0000   0.2701
  13.500   1.5215   0.04048   0.03407  -0.0572  0.0223  1.0000  -6.2398   0.0000   0.0000   0.0000   0.2675
  14.000   1.5175   0.04603   0.03974  -0.0551  0.0195  1.0000  -6.3867   0.0000   0.0000   0.0000   0.2653
  14.500   1.4975   0.05377   0.04777  -0.0535  0.0176  1.0000  -6.4302   0.0000   0.0000   0.0000   0.2636
  15.000   1.4818   0.06159   0.05591  -0.0528  0.0169  1.0000  -6.5058   0.0000   0.0000   0.0000   0.2624


