xflr5 v6.59

 Calculated polar for: revR_60_revT

 1 1 Reynolds number fixed          Mach number fixed         

 xtrf =   1.000 (top)        1.000 (bottom)
 Mach =   0.000     Re =     0.435 e 6     Ncrit =   9.000

  alpha     CL        CD       CDp       Cm    Top Xtr Bot Xtr   Cpmin    Chinge    XCp    
 ------- -------- --------- --------- -------- ------- ------- -------- --------- ---------
  -5.000  -0.0254   0.01205   0.00550  -0.1173  0.8091  0.0473  -2.4096   0.0000   0.0000   0.0000  -4.4796
  -4.500   0.0303   0.01137   0.00470  -0.1174  0.7998  0.0606  -2.0692   0.0000   0.0000   0.0000   4.2051
  -4.000   0.0855   0.01065   0.00402  -0.1174  0.7903  0.0880  -1.7792   0.0000   0.0000   0.0000   1.6485
  -3.500   0.1415   0.01011   0.00362  -0.1176  0.7812  0.1379  -1.5272   0.0000   0.0000   0.0000   1.0941
  -3.000   0.1977   0.00974   0.00340  -0.1179  0.7720  0.2000  -1.2802   0.0000   0.0000   0.0000   0.8539
  -2.500   0.2536   0.00930   0.00321  -0.1181  0.7622  0.2810  -1.0465   0.0000   0.0000   0.0000   0.7202
  -2.000   0.3101   0.00899   0.00305  -0.1183  0.7516  0.3694  -0.8305   0.0000   0.0000   0.0000   0.6340
  -1.500   0.3657   0.00858   0.00299  -0.1184  0.7421  0.4807  -0.6805   0.0000   0.0000   0.0000   0.5750
  -1.000   0.4211   0.00824   0.00295  -0.1182  0.7317  0.6027  -0.7231   0.0000   0.0000   0.0000   0.5309
  -0.500   0.4753   0.00807   0.00305  -0.1176  0.7202  0.7056  -0.7652   0.0000   0.0000   0.0000   0.4967
   0.000   0.5295   0.00801   0.00305  -0.1168  0.7082  0.7704  -0.8092   0.0000   0.0000   0.0000   0.4691
   0.500   0.5827   0.00801   0.00314  -0.1158  0.6964  0.8221  -0.8576   0.0000   0.0000   0.0000   0.4467
   1.000   0.6344   0.00797   0.00312  -0.1144  0.6828  0.8637  -0.9058   0.0000   0.0000   0.0000   0.4277
   1.500   0.6825   0.00790   0.00313  -0.1123  0.6679  0.9098  -0.9589   0.0000   0.0000   0.0000   0.4112
   2.000   0.7389   0.00784   0.00304  -0.1119  0.6533  0.9757  -1.0190   0.0000   0.0000   0.0000   0.3976
   2.500   0.8001   0.00794   0.00304  -0.1133  0.6344  1.0000  -1.0863   0.0000   0.0000   0.0000   0.3871
   3.000   0.8569   0.00811   0.00316  -0.1137  0.6157  1.0000  -1.1552   0.0000   0.0000   0.0000   0.3776
   3.500   0.9124   0.00834   0.00331  -0.1137  0.5947  1.0000  -1.2283   0.0000   0.0000   0.0000   0.3691
   4.000   0.9669   0.00862   0.00351  -0.1136  0.5718  1.0000  -1.3101   0.0000   0.0000   0.0000   0.3614
   4.500   1.0204   0.00896   0.00377  -0.1133  0.5469  1.0000  -1.4000   0.0000   0.0000   0.0000   0.3543
   5.000   1.0725   0.00937   0.00408  -0.1128  0.5193  1.0000  -1.5067   0.0000   0.0000   0.0000   0.3478
   5.500   1.1233   0.00987   0.00447  -0.1121  0.4904  1.0000  -1.6232   0.0000   0.0000   0.0000   0.3418
   6.000   1.1732   0.01041   0.00493  -0.1113  0.4595  1.0000  -1.7627   0.0000   0.0000   0.0000   0.3362
   6.500   1.2216   0.01102   0.00546  -0.1102  0.4264  1.0000  -1.9221   0.0000   0.0000   0.0000   0.3310
   7.000   1.2682   0.01173   0.00608  -0.1090  0.3951  1.0000  -2.1140   0.0000   0.0000   0.0000   0.3260
   7.500   1.3122   0.01256   0.00679  -0.1073  0.3571  1.0000  -2.3603   0.0000   0.0000   0.0000   0.3211
   8.000   1.3544   0.01346   0.00761  -0.1054  0.3246  1.0000  -2.6702   0.0000   0.0000   0.0000   0.3165
   8.500   1.3933   0.01449   0.00853  -0.1031  0.2905  1.0000  -2.9844   0.0000   0.0000   0.0000   0.3119
   9.000   1.4252   0.01572   0.00962  -0.0997  0.2527  1.0000  -3.2861   0.0000   0.0000   0.0000   0.3071
   9.500   1.4550   0.01707   0.01088  -0.0962  0.2217  1.0000  -3.5891   0.0000   0.0000   0.0000   0.3025
  10.000   1.4798   0.01875   0.01247  -0.0924  0.1864  1.0000  -3.8822   0.0000   0.0000   0.0000   0.2980
  10.500   1.4996   0.02088   0.01445  -0.0885  0.1526  1.0000  -4.1661   0.0000   0.0000   0.0000   0.2937
  11.000   1.5181   0.02327   0.01674  -0.0848  0.1228  1.0000  -4.4569   0.0000   0.0000   0.0000   0.2897
  11.500   1.5338   0.02603   0.01942  -0.0814  0.0991  1.0000  -4.7402   0.0000   0.0000   0.0000   0.2860
  12.000   1.5478   0.02906   0.02243  -0.0782  0.0805  1.0000  -5.0196   0.0000   0.0000   0.0000   0.2825
  12.500   1.5601   0.03238   0.02579  -0.0752  0.0657  1.0000  -5.2931   0.0000   0.0000   0.0000   0.2792
  13.000   1.5652   0.03647   0.02993  -0.0721  0.0524  1.0000  -5.5324   0.0000   0.0000   0.0000   0.2761
  13.500   1.5716   0.04063   0.03415  -0.0697  0.0440  1.0000  -5.7837   0.0000   0.0000   0.0000   0.2734
  14.000   1.5694   0.04586   0.03951  -0.0672  0.0365  1.0000  -5.9877   0.0000   0.0000   0.0000   0.2708
  14.500   1.5734   0.05077   0.04456  -0.0657  0.0317  1.0000  -6.2301   0.0000   0.0000   0.0000   0.2687
  15.000   1.5580   0.05824   0.05217  -0.0643  0.0267  1.0000  -6.3464   0.0000   0.0000   0.0000   0.2671


