xflr5 v6.59

 Calculated polar for: revR_10_revT

 1 1 Reynolds number fixed          Mach number fixed         

 xtrf =   1.000 (top)        1.000 (bottom)
 Mach =   0.000     Re =     0.385 e 6     Ncrit =   9.000

  alpha     CL        CD       CDp       Cm    Top Xtr Bot Xtr   Cpmin    Chinge    XCp    
 ------- -------- --------- --------- -------- ------- ------- -------- --------- ---------
  -5.000  -0.2208   0.01159   0.00501  -0.0732  0.8931  0.0601  -2.5558   0.0000   0.0000   0.0000  -0.0919
  -4.500  -0.1713   0.01078   0.00421  -0.0719  0.8758  0.0872  -2.1974   0.0000   0.0000   0.0000  -0.1810
  -4.000  -0.1202   0.01015   0.00372  -0.0710  0.8601  0.1394  -1.8348   0.0000   0.0000   0.0000  -0.3542
  -3.500  -0.0680   0.00962   0.00335  -0.0703  0.8455  0.2087  -1.5001   0.0000   0.0000   0.0000  -0.8044
  -3.000  -0.0174   0.00899   0.00304  -0.0694  0.8297  0.3107  -1.2188   0.0000   0.0000   0.0000  -3.8142
  -2.500   0.0331   0.00835   0.00282  -0.0685  0.8145  0.4460  -1.0134   0.0000   0.0000   0.0000   2.3479
  -2.000   0.0833   0.00781   0.00273  -0.0672  0.8006  0.5973  -0.8161   0.0000   0.0000   0.0000   1.0644
  -1.500   0.1344   0.00758   0.00274  -0.0657  0.7847  0.6968  -0.6261   0.0000   0.0000   0.0000   0.7423
  -1.000   0.1864   0.00752   0.00277  -0.0643  0.7689  0.7613  -0.5180   0.0000   0.0000   0.0000   0.5958
  -0.500   0.2392   0.00752   0.00273  -0.0630  0.7526  0.8025  -0.5614   0.0000   0.0000   0.0000   0.5131
   0.000   0.2907   0.00750   0.00275  -0.0615  0.7357  0.8394  -0.6048   0.0000   0.0000   0.0000   0.4604
   0.500   0.3415   0.00750   0.00274  -0.0598  0.7165  0.8725  -0.6552   0.0000   0.0000   0.0000   0.4233
   1.000   0.3913   0.00751   0.00274  -0.0578  0.6981  0.9044  -0.7056   0.0000   0.0000   0.0000   0.3954
   1.500   0.4426   0.00753   0.00272  -0.0561  0.6759  0.9389  -0.7591   0.0000   0.0000   0.0000   0.3740
   2.000   0.5087   0.00760   0.00274  -0.0579  0.6519  0.9657  -0.8319   0.0000   0.0000   0.0000   0.3606
   2.500   0.5898   0.00774   0.00280  -0.0632  0.6243  0.9818  -0.9194   0.0000   0.0000   0.0000   0.3534
   3.000   0.6677   0.00791   0.00286  -0.0680  0.5906  0.9968  -1.0220   0.0000   0.0000   0.0000   0.3478
   3.500   0.7116   0.00814   0.00295  -0.0661  0.5606  1.0000  -1.1144   0.0000   0.0000   0.0000   0.3383
   4.000   0.7526   0.00843   0.00315  -0.0633  0.5267  1.0000  -1.2145   0.0000   0.0000   0.0000   0.3290
   4.500   0.7977   0.00884   0.00342  -0.0612  0.4915  1.0000  -1.3560   0.0000   0.0000   0.0000   0.3212
   5.000   0.8442   0.00928   0.00375  -0.0595  0.4520  1.0000  -1.6113   0.0000   0.0000   0.0000   0.3145
   5.500   0.8907   0.00981   0.00417  -0.0578  0.4171  1.0000  -1.9338   0.0000   0.0000   0.0000   0.3084
   6.000   0.9355   0.01043   0.00462  -0.0559  0.3709  1.0000  -2.2677   0.0000   0.0000   0.0000   0.3027
   6.500   0.9782   0.01118   0.00516  -0.0538  0.3182  1.0000  -2.6095   0.0000   0.0000   0.0000   0.2974
   7.000   1.0197   0.01203   0.00580  -0.0515  0.2650  1.0000  -2.9601   0.0000   0.0000   0.0000   0.2923
   7.500   1.0597   0.01295   0.00657  -0.0491  0.2186  1.0000  -3.3183   0.0000   0.0000   0.0000   0.2875
   8.000   1.0955   0.01410   0.00746  -0.0461  0.1656  1.0000  -3.6882   0.0000   0.0000   0.0000   0.2827
   8.500   1.1279   0.01536   0.00850  -0.0426  0.1199  1.0000  -4.0535   0.0000   0.0000   0.0000   0.2778
   9.000   1.1563   0.01666   0.00963  -0.0385  0.0857  1.0000  -4.4086   0.0000   0.0000   0.0000   0.2726
   9.500   1.1795   0.01791   0.01086  -0.0334  0.0645  1.0000  -4.7443   0.0000   0.0000   0.0000   0.2670
  10.000   1.2000   0.01935   0.01227  -0.0283  0.0475  1.0000  -5.0644   0.0000   0.0000   0.0000   0.2616
  10.500   1.2153   0.02118   0.01407  -0.0230  0.0322  1.0000  -5.3347   0.0000   0.0000   0.0000   0.2562
  11.000   1.2189   0.02388   0.01682  -0.0170  0.0217  1.0000  -5.4841   0.0000   0.0000   0.0000   0.2505
  11.500   1.2315   0.02628   0.01937  -0.0128  0.0191  1.0000  -5.7185   0.0000   0.0000   0.0000   0.2461
  12.000   1.2396   0.02922   0.02245  -0.0090  0.0174  1.0000  -5.9475   0.0000   0.0000   0.0000   0.2422
  12.500   1.2393   0.03313   0.02659  -0.0055  0.0161  1.0000  -6.1152   0.0000   0.0000   0.0000   0.2385
  13.000   1.2310   0.03823   0.03193  -0.0026  0.0153  1.0000  -6.2116   0.0000   0.0000   0.0000   0.2353
  13.500   1.2294   0.04320   0.03713  -0.0009  0.0149  1.0000  -6.3584   0.0000   0.0000   0.0000   0.2330
  14.000   1.2348   0.04779   0.04194  -0.0002  0.0146  1.0000  -6.5706   0.0000   0.0000   0.0000   0.2314
  14.500   1.2369   0.05310   0.04748  -0.0000  0.0143  1.0000  -6.7521   0.0000   0.0000   0.0000   0.2303
  15.000   1.2364   0.05912   0.05374  -0.0005  0.0141  1.0000  -6.9058   0.0000   0.0000   0.0000   0.2297


