xflr5 v6.59

 Calculated polar for: revR_05_revT

 1 1 Reynolds number fixed          Mach number fixed         

 xtrf =   1.000 (top)        1.000 (bottom)
 Mach =   0.000     Re =     0.175 e 6     Ncrit =   9.000

  alpha     CL        CD       CDp       Cm    Top Xtr Bot Xtr   Cpmin    Chinge    XCp    
 ------- -------- --------- --------- -------- ------- ------- -------- --------- ---------
  -5.000  -0.3339   0.01896   0.01126  -0.0548  0.9477  0.0743  -2.7475   0.0000   0.0000   0.0000   0.0786
  -4.500  -0.2545   0.01638   0.00875  -0.0598  0.9418  0.1045  -2.3657   0.0000   0.0000   0.0000   0.0066
  -4.000  -0.1988   0.01514   0.00769  -0.0602  0.9266  0.1677  -2.0167   0.0000   0.0000   0.0000  -0.0620
  -3.500  -0.1207   0.01355   0.00679  -0.0653  0.9190  0.3156  -1.5888   0.0000   0.0000   0.0000  -0.3031
  -3.000  -0.0715   0.01255   0.00649  -0.0641  0.9024  0.4908  -1.2837   0.0000   0.0000   0.0000  -0.6637
  -2.500  -0.0125   0.01192   0.00647  -0.0636  0.8906  0.6739  -1.0461   0.0000   0.0000   0.0000  -4.9264
  -2.000   0.0399   0.01180   0.00647  -0.0612  0.8743  0.7615  -0.8439   0.0000   0.0000   0.0000   1.8044
  -1.500   0.0874   0.01185   0.00653  -0.0578  0.8569  0.8250  -0.6592   0.0000   0.0000   0.0000   0.9178
  -1.000   0.1391   0.01185   0.00645  -0.0552  0.8425  0.8717  -0.4991   0.0000   0.0000   0.0000   0.6487
  -0.500   0.1938   0.01181   0.00632  -0.0531  0.8249  0.9129  -0.5258   0.0000   0.0000   0.0000   0.5240
   0.000   0.2690   0.01182   0.00622  -0.0557  0.8064  0.9443  -0.5827   0.0000   0.0000   0.0000   0.4561
   0.500   0.3672   0.01181   0.00607  -0.0634  0.7885  0.9663  -0.6609   0.0000   0.0000   0.0000   0.4210
   1.000   0.4650   0.01161   0.00574  -0.0715  0.7670  0.9848  -0.7411   0.0000   0.0000   0.0000   0.4017
   1.500   0.5498   0.01137   0.00540  -0.0776  0.7432  1.0000  -0.8260   0.0000   0.0000   0.0000   0.3887
   2.000   0.5823   0.01127   0.00522  -0.0735  0.7172  1.0000  -0.8768   0.0000   0.0000   0.0000   0.3732
   2.500   0.6150   0.01126   0.00514  -0.0692  0.6905  1.0000  -0.9373   0.0000   0.0000   0.0000   0.3591
   3.000   0.6503   0.01136   0.00516  -0.0653  0.6638  1.0000  -1.0051   0.0000   0.0000   0.0000   0.3465
   3.500   0.6906   0.01150   0.00517  -0.0621  0.6341  1.0000  -1.0998   0.0000   0.0000   0.0000   0.3355
   4.000   0.7341   0.01175   0.00533  -0.0594  0.6025  1.0000  -1.2077   0.0000   0.0000   0.0000   0.3261
   4.500   0.7790   0.01206   0.00559  -0.0571  0.5671  1.0000  -1.3685   0.0000   0.0000   0.0000   0.3180
   5.000   0.8249   0.01249   0.00589  -0.0550  0.5304  1.0000  -1.6315   0.0000   0.0000   0.0000   0.3108
   5.500   0.8698   0.01298   0.00630  -0.0527  0.4898  1.0000  -1.9505   0.0000   0.0000   0.0000   0.3043
   6.000   0.9137   0.01355   0.00681  -0.0505  0.4477  1.0000  -2.2815   0.0000   0.0000   0.0000   0.2984
   6.500   0.9562   0.01423   0.00741  -0.0480  0.4046  1.0000  -2.6221   0.0000   0.0000   0.0000   0.2928
   7.000   0.9958   0.01500   0.00808  -0.0452  0.3574  1.0000  -2.9659   0.0000   0.0000   0.0000   0.2875
   7.500   1.0330   0.01591   0.00894  -0.0422  0.3090  1.0000  -3.3109   0.0000   0.0000   0.0000   0.2823
   8.000   1.0663   0.01701   0.00991  -0.0387  0.2573  1.0000  -3.6489   0.0000   0.0000   0.0000   0.2771
   8.500   1.0926   0.01847   0.01115  -0.0342  0.2026  1.0000  -3.9624   0.0000   0.0000   0.0000   0.2715
   9.000   1.1112   0.02027   0.01270  -0.0289  0.1444  1.0000  -4.2420   0.0000   0.0000   0.0000   0.2655
   9.500   1.1198   0.02238   0.01461  -0.0222  0.1046  1.0000  -4.4740   0.0000   0.0000   0.0000   0.2587
  10.000   1.1316   0.02455   0.01674  -0.0167  0.0786  1.0000  -4.7280   0.0000   0.0000   0.0000   0.2530
  10.500   1.1387   0.02727   0.01948  -0.0114  0.0613  1.0000  -4.9382   0.0000   0.0000   0.0000   0.2475
  11.000   1.1369   0.03106   0.02327  -0.0063  0.0473  1.0000  -5.0630   0.0000   0.0000   0.0000   0.2422
  11.500   1.1482   0.03422   0.02665  -0.0029  0.0393  1.0000  -5.2231   0.0000   0.0000   0.0000   0.2384
  12.000   1.1519   0.03887   0.03138   0.0004  0.0341  1.0000  -5.3243   0.0000   0.0000   0.0000   0.2348
  12.500   1.1675   0.04363   0.03645   0.0029  0.0319  1.0000  -5.4399   0.0000   0.0000   0.0000   0.2319
  13.000   1.1783   0.04837   0.04162   0.0048  0.0306  1.0000  -5.5673   0.0000   0.0000   0.0000   0.2295
  13.500   1.1793   0.05423   0.04790   0.0061  0.0299  1.0000  -5.6403   0.0000   0.0000   0.0000   0.2276
  14.000   1.1686   0.06146   0.05557   0.0065  0.0295  1.0000  -5.6496   0.0000   0.0000   0.0000   0.2264
  14.500   1.1459   0.07044   0.06501   0.0050  0.0295  1.0000  -5.5884   0.0000   0.0000   0.0000   0.2266
  15.000   1.1123   0.08171   0.07673   0.0010  0.0296  1.0000  -5.4508   0.0000   0.0000   0.0000   0.2291


