xflr5 v6.59

 Calculated polar for: revR_65_revT

 1 1 Reynolds number fixed          Mach number fixed         

 xtrf =   1.000 (top)        1.000 (bottom)
 Mach =   0.000     Re =     0.185 e 6     Ncrit =   9.000

  alpha     CL        CD       CDp       Cm    Top Xtr Bot Xtr   Cpmin    Chinge    XCp    
 ------- -------- --------- --------- -------- ------- ------- -------- --------- ---------
  -5.000  -0.0033   0.01918   0.01175  -0.1279  0.8716  0.0727  -2.2434   0.0000   0.0000   0.0000  -38.9177
  -4.500   0.0447   0.01779   0.01029  -0.1269  0.8591  0.0889  -1.9868   0.0000   0.0000   0.0000   3.1509
  -4.000   0.1024   0.01664   0.00908  -0.1270  0.8510  0.1205  -1.7426   0.0000   0.0000   0.0000   1.5146
  -3.500   0.1534   0.01591   0.00861  -0.1266  0.8393  0.1830  -1.5234   0.0000   0.0000   0.0000   1.0898
  -3.000   0.2092   0.01521   0.00813  -0.1267  0.8291  0.2719  -1.2863   0.0000   0.0000   0.0000   0.8642
  -2.500   0.2640   0.01476   0.00800  -0.1267  0.8196  0.3753  -1.0659   0.0000   0.0000   0.0000   0.7353
  -2.000   0.3161   0.01429   0.00797  -0.1260  0.8076  0.5071  -0.8572   0.0000   0.0000   0.0000   0.6520
  -1.500   0.3707   0.01391   0.00794  -0.1247  0.7993  0.6484  -0.6824   0.0000   0.0000   0.0000   0.5883
  -1.000   0.4153   0.01391   0.00820  -0.1218  0.7848  0.7527  -0.7167   0.0000   0.0000   0.0000   0.5440
  -0.500   0.4631   0.01374   0.00804  -0.1184  0.7757  0.8315  -0.7568   0.0000   0.0000   0.0000   0.5054
   0.000   0.4994   0.01380   0.00819  -0.1136  0.7616  0.8987  -0.7888   0.0000   0.0000   0.0000   0.4764
   0.500   0.5679   0.01329   0.00755  -0.1146  0.7518  0.9798  -0.8473   0.0000   0.0000   0.0000   0.4500
   1.000   0.6271   0.01344   0.00759  -0.1161  0.7365  1.0000  -0.8988   0.0000   0.0000   0.0000   0.4327
   1.500   0.6902   0.01338   0.00730  -0.1174  0.7254  1.0000  -0.9593   0.0000   0.0000   0.0000   0.4170
   2.000   0.7450   0.01351   0.00737  -0.1175  0.7093  1.0000  -1.0184   0.0000   0.0000   0.0000   0.4040
   2.500   0.8021   0.01356   0.00732  -0.1176  0.6938  1.0000  -1.0805   0.0000   0.0000   0.0000   0.3923
   3.000   0.8616   0.01351   0.00714  -0.1179  0.6793  1.0000  -1.1496   0.0000   0.0000   0.0000   0.3820
   3.500   0.9152   0.01363   0.00725  -0.1175  0.6605  1.0000  -1.2222   0.0000   0.0000   0.0000   0.3729
   4.000   0.9699   0.01371   0.00729  -0.1171  0.6412  1.0000  -1.2989   0.0000   0.0000   0.0000   0.3647
   4.500   1.0250   0.01385   0.00739  -0.1168  0.6222  1.0000  -1.3889   0.0000   0.0000   0.0000   0.3573
   5.000   1.0787   0.01401   0.00750  -0.1162  0.6000  1.0000  -1.4826   0.0000   0.0000   0.0000   0.3504
   5.500   1.1304   0.01426   0.00773  -0.1154  0.5753  1.0000  -1.6023   0.0000   0.0000   0.0000   0.3441
   6.000   1.1806   0.01464   0.00809  -0.1143  0.5488  1.0000  -1.7228   0.0000   0.0000   0.0000   0.3382
   6.500   1.2287   0.01511   0.00853  -0.1129  0.5191  1.0000  -1.8745   0.0000   0.0000   0.0000   0.3326
   7.000   1.2755   0.01573   0.00909  -0.1114  0.4894  1.0000  -2.0364   0.0000   0.0000   0.0000   0.3273
   7.500   1.3184   0.01647   0.00977  -0.1093  0.4557  1.0000  -2.2376   0.0000   0.0000   0.0000   0.3222
   8.000   1.3587   0.01733   0.01066  -0.1070  0.4229  1.0000  -2.4719   0.0000   0.0000   0.0000   0.3172
   8.500   1.3954   0.01839   0.01162  -0.1041  0.3902  1.0000  -2.7619   0.0000   0.0000   0.0000   0.3123
   9.000   1.4258   0.01958   0.01279  -0.1004  0.3547  1.0000  -3.0448   0.0000   0.0000   0.0000   0.3074
   9.500   1.4497   0.02096   0.01415  -0.0958  0.3224  1.0000  -3.3156   0.0000   0.0000   0.0000   0.3023
  10.000   1.4685   0.02275   0.01590  -0.0910  0.2920  1.0000  -3.5821   0.0000   0.0000   0.0000   0.2973
  10.500   1.4840   0.02483   0.01802  -0.0864  0.2589  1.0000  -3.8411   0.0000   0.0000   0.0000   0.2927
  11.000   1.4944   0.02752   0.02066  -0.0820  0.2262  1.0000  -4.0842   0.0000   0.0000   0.0000   0.2885
  11.500   1.5004   0.03086   0.02391  -0.0778  0.1965  1.0000  -4.3107   0.0000   0.0000   0.0000   0.2846
  12.000   1.5078   0.03441   0.02752  -0.0744  0.1672  1.0000  -4.5487   0.0000   0.0000   0.0000   0.2811
  12.500   1.5090   0.03870   0.03179  -0.0711  0.1407  1.0000  -4.7626   0.0000   0.0000   0.0000   0.2779
  13.000   1.5072   0.04354   0.03668  -0.0681  0.1186  1.0000  -4.9598   0.0000   0.0000   0.0000   0.2750
  13.500   1.5024   0.04894   0.04213  -0.0655  0.1004  1.0000  -5.1388   0.0000   0.0000   0.0000   0.2724
  14.000   1.4930   0.05518   0.04837  -0.0634  0.0853  1.0000  -5.2891   0.0000   0.0000   0.0000   0.2702
  14.500   1.4876   0.06145   0.05476  -0.0623  0.0732  1.0000  -5.4550   0.0000   0.0000   0.0000   0.2685
  15.000   1.4805   0.06814   0.06162  -0.0611  0.0635  1.0000  -5.5932   0.0000   0.0000   0.0000   0.2669


