xflr5 v6.59

 Calculated polar for: revR_25_revT

 1 1 Reynolds number fixed          Mach number fixed         

 xtrf =   1.000 (top)        1.000 (bottom)
 Mach =   0.000     Re =     0.085 e 6     Ncrit =   9.000

  alpha     CL        CD       CDp       Cm    Top Xtr Bot Xtr   Cpmin    Chinge    XCp    
 ------- -------- --------- --------- -------- ------- ------- -------- --------- ---------
  -5.000  -0.4415   0.03291   0.02505  -0.0461  1.0000  0.0964  -2.8046   0.0000   0.0000   0.0000   0.1393
  -4.500  -0.3597   0.02802   0.01929  -0.0524  0.9910  0.1076  -2.5773   0.0000   0.0000   0.0000   0.0972
  -4.000  -0.2826   0.02537   0.01632  -0.0572  0.9804  0.1313  -2.3010   0.0000   0.0000   0.0000   0.0399
  -3.500  -0.1972   0.02382   0.01477  -0.0637  0.9687  0.1946  -1.9506   0.0000   0.0000   0.0000  -0.0829
  -3.000  -0.1267   0.02204   0.01382  -0.0677  0.9549  0.3280  -1.6395   0.0000   0.0000   0.0000  -0.2969
  -2.500  -0.0476   0.02102   0.01412  -0.0720  0.9433  0.6017  -1.2958   0.0000   0.0000   0.0000  -1.2896
  -2.000  -0.0078   0.02130   0.01483  -0.0667  0.9247  0.7810  -1.1109   0.0000   0.0000   0.0000  -8.4552
  -1.500   0.0239   0.02162   0.01519  -0.0592  0.9065  0.9056  -0.9456   0.0000   0.0000   0.0000   2.7628
  -1.000   0.1727   0.02169   0.01478  -0.0761  0.8970  1.0000  -0.5807   0.0000   0.0000   0.0000   0.6934
  -0.500   0.2221   0.02198   0.01478  -0.0771  0.8752  1.0000  -0.5409   0.0000   0.0000   0.0000   0.5979
   0.000   0.2809   0.02243   0.01496  -0.0789  0.8544  1.0000  -0.5843   0.0000   0.0000   0.0000   0.5306
   0.500   0.3429   0.02286   0.01519  -0.0807  0.8340  1.0000  -0.6340   0.0000   0.0000   0.0000   0.4839
   1.000   0.4072   0.02316   0.01533  -0.0821  0.8142  1.0000  -0.6900   0.0000   0.0000   0.0000   0.4497
   1.500   0.4758   0.02319   0.01525  -0.0836  0.7968  1.0000  -0.7546   0.0000   0.0000   0.0000   0.4232
   2.000   0.5419   0.02302   0.01501  -0.0842  0.7785  1.0000  -0.8216   0.0000   0.0000   0.0000   0.4024
   2.500   0.5971   0.02314   0.01509  -0.0833  0.7561  1.0000  -0.8858   0.0000   0.0000   0.0000   0.3860
   3.000   0.6524   0.02319   0.01513  -0.0823  0.7335  1.0000  -0.9572   0.0000   0.0000   0.0000   0.3721
   3.500   0.7085   0.02308   0.01505  -0.0810  0.7105  1.0000  -1.0379   0.0000   0.0000   0.0000   0.3599
   4.000   0.7652   0.02287   0.01488  -0.0798  0.6868  1.0000  -1.1324   0.0000   0.0000   0.0000   0.3493
   4.500   0.8226   0.02257   0.01461  -0.0785  0.6622  1.0000  -1.2455   0.0000   0.0000   0.0000   0.3399
   5.000   0.8810   0.02218   0.01426  -0.0772  0.6365  1.0000  -1.3889   0.0000   0.0000   0.0000   0.3317
   5.500   0.9320   0.02225   0.01443  -0.0754  0.6050  1.0000  -1.5506   0.0000   0.0000   0.0000   0.3243
   6.000   0.9855   0.02216   0.01440  -0.0737  0.5718  1.0000  -1.8194   0.0000   0.0000   0.0000   0.3176
   6.500   1.0401   0.02214   0.01433  -0.0721  0.5369  1.0000  -2.1592   0.0000   0.0000   0.0000   0.3116
   7.000   1.0892   0.02243   0.01459  -0.0700  0.4963  1.0000  -2.4957   0.0000   0.0000   0.0000   0.3059
   7.500   1.1337   0.02309   0.01531  -0.0675  0.4530  1.0000  -2.8284   0.0000   0.0000   0.0000   0.3005
   8.000   1.1751   0.02389   0.01608  -0.0647  0.4067  1.0000  -3.1628   0.0000   0.0000   0.0000   0.2953
   8.500   1.2112   0.02493   0.01704  -0.0613  0.3573  1.0000  -3.4871   0.0000   0.0000   0.0000   0.2902
   9.000   1.2414   0.02639   0.01836  -0.0575  0.3062  1.0000  -3.7930   0.0000   0.0000   0.0000   0.2851
   9.500   1.2612   0.02842   0.02031  -0.0526  0.2519  1.0000  -4.0632   0.0000   0.0000   0.0000   0.2798
  10.000   1.2723   0.03113   0.02287  -0.0472  0.2009  1.0000  -4.2927   0.0000   0.0000   0.0000   0.2744
  10.500   1.2780   0.03445   0.02594  -0.0416  0.1601  1.0000  -4.4891   0.0000   0.0000   0.0000   0.2691
  11.000   1.2887   0.03832   0.02985  -0.0371  0.1292  1.0000  -4.6682   0.0000   0.0000   0.0000   0.2646
  11.500   1.2973   0.04247   0.03403  -0.0332  0.1061  1.0000  -4.8337   0.0000   0.0000   0.0000   0.2606
  12.000   1.3090   0.04734   0.03906  -0.0300  0.0890  1.0000  -4.9739   0.0000   0.0000   0.0000   0.2571
  12.500   1.3244   0.05321   0.04497  -0.0273  0.0754  1.0000  -5.1055   0.0000   0.0000   0.0000   0.2541
  13.000   1.3198   0.05922   0.05168  -0.0243  0.0700  1.0000  -5.1306   0.0000   0.0000   0.0000   0.2510
  13.500   1.3074   0.06614   0.05909  -0.0223  0.0655  1.0000  -5.1409   0.0000   0.0000   0.0000   0.2488
  14.000   1.2902   0.07373   0.06702  -0.0216  0.0621  1.0000  -5.1487   0.0000   0.0000   0.0000   0.2476
  14.500   1.2662   0.08285   0.07648  -0.0222  0.0599  1.0000  -5.1142   0.0000   0.0000   0.0000   0.2475
  15.000   1.2120   0.09653   0.09075  -0.0269  0.0605  1.0000  -4.8929   0.0000   0.0000   0.0000   0.2513


