xflr5 v6.59

 Calculated polar for: revR_35_revT

 1 1 Reynolds number fixed          Mach number fixed         

 xtrf =   1.000 (top)        1.000 (bottom)
 Mach =   0.000     Re =     0.125 e 6     Ncrit =   9.000

  alpha     CL        CD       CDp       Cm    Top Xtr Bot Xtr   Cpmin    Chinge    XCp    
 ------- -------- --------- --------- -------- ------- ------- -------- --------- ---------
  -5.000  -0.2345   0.02439   0.01641  -0.0848  0.9357  0.0864  -2.5787   0.0000   0.0000   0.0000  -0.1234
  -4.500  -0.1608   0.02194   0.01366  -0.0883  0.9265  0.1045  -2.2699   0.0000   0.0000   0.0000  -0.3150
  -4.000  -0.0788   0.02023   0.01204  -0.0938  0.9197  0.1508  -1.9111   0.0000   0.0000   0.0000  -0.9674
  -3.500  -0.0228   0.01903   0.01122  -0.0946  0.9049  0.2380  -1.6212   0.0000   0.0000   0.0000  -3.9818
  -3.000   0.0547   0.01766   0.01055  -0.0989  0.8972  0.3973  -1.3002   0.0000   0.0000   0.0000   2.0881
  -2.500   0.1005   0.01712   0.01073  -0.0969  0.8808  0.5736  -1.1019   0.0000   0.0000   0.0000   1.2271
  -2.000   0.1547   0.01699   0.01097  -0.0947  0.8697  0.7249  -0.8900   0.0000   0.0000   0.0000   0.8685
  -1.500   0.1958   0.01709   0.01115  -0.0896  0.8541  0.8181  -0.7160   0.0000   0.0000   0.0000   0.7115
  -1.000   0.2309   0.01719   0.01123  -0.0834  0.8380  0.8934  -0.5641   0.0000   0.0000   0.0000   0.6131
  -0.500   0.3108   0.01673   0.01060  -0.0857  0.8280  0.9617  -0.6184   0.0000   0.0000   0.0000   0.5260
   0.000   0.4170   0.01647   0.01014  -0.0959  0.8137  1.0000  -0.6917   0.0000   0.0000   0.0000   0.4791
   0.500   0.4584   0.01643   0.00992  -0.0935  0.7975  1.0000  -0.7322   0.0000   0.0000   0.0000   0.4525
   1.000   0.5076   0.01639   0.00971  -0.0922  0.7803  1.0000  -0.7811   0.0000   0.0000   0.0000   0.4295
   1.500   0.5571   0.01662   0.00983  -0.0912  0.7611  1.0000  -0.8343   0.0000   0.0000   0.0000   0.4111
   2.000   0.6112   0.01666   0.00977  -0.0905  0.7424  1.0000  -0.8927   0.0000   0.0000   0.0000   0.3949
   2.500   0.6686   0.01655   0.00956  -0.0901  0.7250  1.0000  -0.9587   0.0000   0.0000   0.0000   0.3810
   3.000   0.7277   0.01633   0.00924  -0.0897  0.7070  1.0000  -1.0351   0.0000   0.0000   0.0000   0.3691
   3.500   0.7813   0.01635   0.00923  -0.0888  0.6847  1.0000  -1.1120   0.0000   0.0000   0.0000   0.3589
   4.000   0.8357   0.01634   0.00919  -0.0879  0.6613  1.0000  -1.2018   0.0000   0.0000   0.0000   0.3499
   4.500   0.8902   0.01636   0.00919  -0.0871  0.6370  1.0000  -1.3075   0.0000   0.0000   0.0000   0.3420
   5.000   0.9433   0.01647   0.00928  -0.0860  0.6099  1.0000  -1.4305   0.0000   0.0000   0.0000   0.3348
   5.500   0.9937   0.01671   0.00957  -0.0847  0.5787  1.0000  -1.5796   0.0000   0.0000   0.0000   0.3282
   6.000   1.0450   0.01698   0.00980  -0.0834  0.5464  1.0000  -1.7734   0.0000   0.0000   0.0000   0.3222
   6.500   1.0943   0.01745   0.01022  -0.0819  0.5113  1.0000  -2.0857   0.0000   0.0000   0.0000   0.3166
   7.000   1.1409   0.01805   0.01077  -0.0801  0.4733  1.0000  -2.4045   0.0000   0.0000   0.0000   0.3113
   7.500   1.1843   0.01884   0.01158  -0.0779  0.4334  1.0000  -2.7251   0.0000   0.0000   0.0000   0.3063
   8.000   1.2247   0.01976   0.01244  -0.0754  0.3916  1.0000  -3.0486   0.0000   0.0000   0.0000   0.3014
   8.500   1.2613   0.02092   0.01349  -0.0725  0.3493  1.0000  -3.3702   0.0000   0.0000   0.0000   0.2966
   9.000   1.2919   0.02228   0.01486  -0.0690  0.3053  1.0000  -3.6895   0.0000   0.0000   0.0000   0.2917
   9.500   1.3147   0.02396   0.01648  -0.0646  0.2592  1.0000  -3.9841   0.0000   0.0000   0.0000   0.2867
  10.000   1.3274   0.02608   0.01852  -0.0592  0.2146  1.0000  -4.2395   0.0000   0.0000   0.0000   0.2814
  10.500   1.3348   0.02894   0.02127  -0.0541  0.1730  1.0000  -4.4657   0.0000   0.0000   0.0000   0.2765
  11.000   1.3370   0.03269   0.02483  -0.0493  0.1389  1.0000  -4.6573   0.0000   0.0000   0.0000   0.2721
  11.500   1.3404   0.03672   0.02889  -0.0455  0.1112  1.0000  -4.8420   0.0000   0.0000   0.0000   0.2683
  12.000   1.3427   0.04122   0.03341  -0.0422  0.0909  1.0000  -5.0085   0.0000   0.0000   0.0000   0.2649
  12.500   1.3434   0.04617   0.03843  -0.0394  0.0752  1.0000  -5.1584   0.0000   0.0000   0.0000   0.2618
  13.000   1.3456   0.05106   0.04354  -0.0374  0.0641  1.0000  -5.3038   0.0000   0.0000   0.0000   0.2594
  13.500   1.3497   0.05659   0.04922  -0.0347  0.0553  1.0000  -5.4068   0.0000   0.0000   0.0000   0.2565
  14.000   1.3523   0.06225   0.05523  -0.0330  0.0499  1.0000  -5.4946   0.0000   0.0000   0.0000   0.2543
  14.500   1.3522   0.06836   0.06159  -0.0319  0.0461  1.0000  -5.5803   0.0000   0.0000   0.0000   0.2525
  15.000   1.3465   0.07561   0.06912  -0.0311  0.0435  1.0000  -5.6258   0.0000   0.0000   0.0000   0.2511


