xflr5 v6.59

 Calculated polar for: revR_30_revT

 1 1 Reynolds number fixed          Mach number fixed         

 xtrf =   1.000 (top)        1.000 (bottom)
 Mach =   0.000     Re =     0.165 e 6     Ncrit =   9.000

  alpha     CL        CD       CDp       Cm    Top Xtr Bot Xtr   Cpmin    Chinge    XCp    
 ------- -------- --------- --------- -------- ------- ------- -------- --------- ---------
  -5.000  -0.1718   0.01890   0.01121  -0.0921  0.9256  0.0827  -2.4527   0.0000   0.0000   0.0000  -0.3012
  -4.500  -0.1075   0.01721   0.00951  -0.0939  0.9159  0.1081  -2.1241   0.0000   0.0000   0.0000  -0.6453
  -4.000  -0.0493   0.01603   0.00851  -0.0947  0.9030  0.1654  -1.8044   0.0000   0.0000   0.0000  -1.7132
  -3.500   0.0093   0.01496   0.00785  -0.0955  0.8913  0.2699  -1.4910   0.0000   0.0000   0.0000  10.7586
  -3.000   0.0633   0.01408   0.00746  -0.0953  0.8779  0.4025  -1.2358   0.0000   0.0000   0.0000   1.7773
  -2.500   0.1131   0.01347   0.00748  -0.0938  0.8644  0.5738  -1.0300   0.0000   0.0000   0.0000   1.0891
  -2.000   0.1635   0.01320   0.00753  -0.0912  0.8519  0.7062  -0.8291   0.0000   0.0000   0.0000   0.8131
  -1.500   0.2073   0.01328   0.00771  -0.0873  0.8358  0.7888  -0.6551   0.0000   0.0000   0.0000   0.6741
  -1.000   0.2535   0.01323   0.00762  -0.0833  0.8241  0.8518  -0.5738   0.0000   0.0000   0.0000   0.5800
  -0.500   0.2935   0.01319   0.00756  -0.0786  0.8074  0.9057  -0.6093   0.0000   0.0000   0.0000   0.5178
   0.000   0.3590   0.01303   0.00730  -0.0791  0.7930  0.9571  -0.6604   0.0000   0.0000   0.0000   0.4696
   0.500   0.4605   0.01263   0.00669  -0.0876  0.7793  0.9927  -0.7371   0.0000   0.0000   0.0000   0.4386
   1.000   0.5130   0.01265   0.00662  -0.0878  0.7607  1.0000  -0.7885   0.0000   0.0000   0.0000   0.4190
   1.500   0.5570   0.01272   0.00657  -0.0858  0.7418  1.0000  -0.8394   0.0000   0.0000   0.0000   0.4014
   2.000   0.6092   0.01275   0.00646  -0.0851  0.7235  1.0000  -0.8970   0.0000   0.0000   0.0000   0.3863
   2.500   0.6643   0.01276   0.00634  -0.0846  0.7046  1.0000  -0.9642   0.0000   0.0000   0.0000   0.3736
   3.000   0.7187   0.01280   0.00628  -0.0840  0.6832  1.0000  -1.0369   0.0000   0.0000   0.0000   0.3626
   3.500   0.7723   0.01289   0.00631  -0.0833  0.6597  1.0000  -1.1168   0.0000   0.0000   0.0000   0.3531
   4.000   0.8259   0.01303   0.00639  -0.0826  0.6350  1.0000  -1.2113   0.0000   0.0000   0.0000   0.3447
   4.500   0.8776   0.01324   0.00661  -0.0816  0.6065  1.0000  -1.3186   0.0000   0.0000   0.0000   0.3372
   5.000   0.9291   0.01351   0.00686  -0.0806  0.5756  1.0000  -1.4550   0.0000   0.0000   0.0000   0.3304
   5.500   0.9804   0.01388   0.00713  -0.0795  0.5436  1.0000  -1.6171   0.0000   0.0000   0.0000   0.3242
   6.000   1.0293   0.01438   0.00761  -0.0782  0.5076  1.0000  -1.8982   0.0000   0.0000   0.0000   0.3185
   6.500   1.0771   0.01501   0.00811  -0.0767  0.4703  1.0000  -2.2178   0.0000   0.0000   0.0000   0.3131
   7.000   1.1225   0.01571   0.00884  -0.0750  0.4304  1.0000  -2.5427   0.0000   0.0000   0.0000   0.3081
   7.500   1.1654   0.01657   0.00964  -0.0730  0.3881  1.0000  -2.8730   0.0000   0.0000   0.0000   0.3032
   8.000   1.2057   0.01760   0.01059  -0.0707  0.3466  1.0000  -3.2056   0.0000   0.0000   0.0000   0.2986
   8.500   1.2416   0.01883   0.01171  -0.0680  0.3020  1.0000  -3.5459   0.0000   0.0000   0.0000   0.2939
   9.000   1.2725   0.02028   0.01311  -0.0647  0.2550  1.0000  -3.8769   0.0000   0.0000   0.0000   0.2893
   9.500   1.2960   0.02206   0.01477  -0.0606  0.2073  1.0000  -4.1830   0.0000   0.0000   0.0000   0.2845
  10.000   1.3107   0.02442   0.01695  -0.0558  0.1624  1.0000  -4.4513   0.0000   0.0000   0.0000   0.2795
  10.500   1.3203   0.02740   0.01977  -0.0513  0.1228  1.0000  -4.6935   0.0000   0.0000   0.0000   0.2750
  11.000   1.3284   0.03084   0.02315  -0.0475  0.0939  1.0000  -4.9210   0.0000   0.0000   0.0000   0.2711
  11.500   1.3335   0.03482   0.02713  -0.0441  0.0741  1.0000  -5.1234   0.0000   0.0000   0.0000   0.2676
  12.000   1.3350   0.03941   0.03178  -0.0412  0.0601  1.0000  -5.2913   0.0000   0.0000   0.0000   0.2645
  12.500   1.3393   0.04407   0.03675  -0.0385  0.0509  1.0000  -5.4334   0.0000   0.0000   0.0000   0.2615
  13.000   1.3374   0.04951   0.04230  -0.0364  0.0437  1.0000  -5.5464   0.0000   0.0000   0.0000   0.2590
  13.500   1.3383   0.05526   0.04826  -0.0332  0.0390  1.0000  -5.5991   0.0000   0.0000   0.0000   0.2558
  14.000   1.3429   0.06068   0.05402  -0.0316  0.0365  1.0000  -5.7006   0.0000   0.0000   0.0000   0.2536
  14.500   1.3421   0.06698   0.06069  -0.0305  0.0347  1.0000  -5.7714   0.0000   0.0000   0.0000   0.2519
  15.000   1.3340   0.07446   0.06857  -0.0303  0.0335  1.0000  -5.8042   0.0000   0.0000   0.0000   0.2509


