xflr5 v6.59

 Calculated polar for: revR_35_revT

 1 1 Reynolds number fixed          Mach number fixed         

 xtrf =   1.000 (top)        1.000 (bottom)
 Mach =   0.000     Re =     0.140 e 6     Ncrit =   9.000

  alpha     CL        CD       CDp       Cm    Top Xtr Bot Xtr   Cpmin    Chinge    XCp    
 ------- -------- --------- --------- -------- ------- ------- -------- --------- ---------
  -5.000  -0.1941   0.02200   0.01411  -0.0909  0.9274  0.0847  -2.5102   0.0000   0.0000   0.0000  -0.2325
  -4.500  -0.1120   0.01973   0.01171  -0.0960  0.9217  0.1083  -2.1532   0.0000   0.0000   0.0000  -0.6291
  -4.000  -0.0596   0.01860   0.01069  -0.0959  0.9074  0.1518  -1.8712   0.0000   0.0000   0.0000  -1.3957
  -3.500   0.0131   0.01713   0.00967  -0.0995  0.8988  0.2586  -1.5267   0.0000   0.0000   0.0000   7.9815
  -3.000   0.0641   0.01639   0.00942  -0.0990  0.8839  0.3876  -1.2835   0.0000   0.0000   0.0000   1.8187
  -2.500   0.1255   0.01546   0.00922  -0.0993  0.8743  0.5755  -1.0524   0.0000   0.0000   0.0000   1.0511
  -2.000   0.1681   0.01549   0.00961  -0.0957  0.8583  0.7091  -0.8654   0.0000   0.0000   0.0000   0.8248
  -1.500   0.2167   0.01545   0.00963  -0.0919  0.8465  0.8029  -0.6797   0.0000   0.0000   0.0000   0.6773
  -1.000   0.2541   0.01547   0.00965  -0.0863  0.8304  0.8720  -0.5775   0.0000   0.0000   0.0000   0.5911
  -0.500   0.3016   0.01540   0.00953  -0.0828  0.8160  0.9353  -0.6161   0.0000   0.0000   0.0000   0.5247
   0.000   0.4055   0.01489   0.00880  -0.0910  0.8051  0.9863  -0.6894   0.0000   0.0000   0.0000   0.4735
   0.500   0.4702   0.01484   0.00861  -0.0936  0.7873  1.0000  -0.7430   0.0000   0.0000   0.0000   0.4475
   1.000   0.5137   0.01490   0.00852  -0.0916  0.7706  1.0000  -0.7883   0.0000   0.0000   0.0000   0.4261
   1.500   0.5691   0.01479   0.00823  -0.0911  0.7553  1.0000  -0.8471   0.0000   0.0000   0.0000   0.4074
   2.000   0.6206   0.01487   0.00823  -0.0902  0.7352  1.0000  -0.9037   0.0000   0.0000   0.0000   0.3921
   2.500   0.6742   0.01496   0.00824  -0.0896  0.7155  1.0000  -0.9666   0.0000   0.0000   0.0000   0.3791
   3.000   0.7291   0.01498   0.00819  -0.0889  0.6953  1.0000  -1.0393   0.0000   0.0000   0.0000   0.3677
   3.500   0.7843   0.01497   0.00814  -0.0883  0.6740  1.0000  -1.1178   0.0000   0.0000   0.0000   0.3578
   4.000   0.8388   0.01500   0.00812  -0.0875  0.6506  1.0000  -1.2082   0.0000   0.0000   0.0000   0.3490
   4.500   0.8926   0.01509   0.00819  -0.0867  0.6257  1.0000  -1.3136   0.0000   0.0000   0.0000   0.3413
   5.000   0.9456   0.01521   0.00828  -0.0857  0.5974  1.0000  -1.4372   0.0000   0.0000   0.0000   0.3342
   5.500   0.9983   0.01544   0.00844  -0.0847  0.5678  1.0000  -1.5917   0.0000   0.0000   0.0000   0.3279
   6.000   1.0481   0.01586   0.00883  -0.0834  0.5344  1.0000  -1.7942   0.0000   0.0000   0.0000   0.3220
   6.500   1.0963   0.01636   0.00929  -0.0818  0.4983  1.0000  -2.1050   0.0000   0.0000   0.0000   0.3164
   7.000   1.1422   0.01704   0.00996  -0.0801  0.4603  1.0000  -2.4224   0.0000   0.0000   0.0000   0.3112
   7.500   1.1862   0.01787   0.01067  -0.0781  0.4211  1.0000  -2.7477   0.0000   0.0000   0.0000   0.3063
   8.000   1.2256   0.01880   0.01160  -0.0755  0.3786  1.0000  -3.0682   0.0000   0.0000   0.0000   0.3014
   8.500   1.2624   0.01994   0.01274  -0.0728  0.3366  1.0000  -3.3951   0.0000   0.0000   0.0000   0.2967
   9.000   1.2934   0.02131   0.01409  -0.0693  0.2923  1.0000  -3.7177   0.0000   0.0000   0.0000   0.2919
   9.500   1.3169   0.02300   0.01569  -0.0651  0.2469  1.0000  -4.0174   0.0000   0.0000   0.0000   0.2870
  10.000   1.3304   0.02516   0.01772  -0.0599  0.2031  1.0000  -4.2781   0.0000   0.0000   0.0000   0.2818
  10.500   1.3368   0.02816   0.02051  -0.0547  0.1635  1.0000  -4.5028   0.0000   0.0000   0.0000   0.2769
  11.000   1.3431   0.03160   0.02393  -0.0505  0.1285  1.0000  -4.7159   0.0000   0.0000   0.0000   0.2727
  11.500   1.3442   0.03579   0.02802  -0.0468  0.1025  1.0000  -4.9010   0.0000   0.0000   0.0000   0.2691
  12.000   1.3470   0.04020   0.03247  -0.0438  0.0829  1.0000  -5.0819   0.0000   0.0000   0.0000   0.2659
  12.500   1.3495   0.04494   0.03743  -0.0411  0.0686  1.0000  -5.2400   0.0000   0.0000   0.0000   0.2630
  13.000   1.3468   0.05052   0.04300  -0.0382  0.0574  1.0000  -5.3506   0.0000   0.0000   0.0000   0.2600
  13.500   1.3517   0.05556   0.04839  -0.0365  0.0508  1.0000  -5.4747   0.0000   0.0000   0.0000   0.2577
  14.000   1.3525   0.06114   0.05414  -0.0350  0.0456  1.0000  -5.5846   0.0000   0.0000   0.0000   0.2556
  15.000   1.3419   0.07606   0.06978  -0.0317  0.0400  1.0000  -5.6085   0.0000   0.0000   0.0000   0.2516


