xflr5 v6.59

 Calculated polar for: revR_100_revT

 1 1 Reynolds number fixed          Mach number fixed         

 xtrf =   1.000 (top)        1.000 (bottom)
 Mach =   0.000     Re =     0.465 e 6     Ncrit =   9.000

  alpha     CL        CD       CDp       Cm    Top Xtr Bot Xtr   Cpmin    Chinge    XCp    
 ------- -------- --------- --------- -------- ------- ------- -------- --------- ---------
  -5.000   0.1424   0.01241   0.00588  -0.1543  0.7716  0.0424  -2.3578   0.0000   0.0000   0.0000   1.3598
  -4.500   0.2000   0.01181   0.00521  -0.1549  0.7643  0.0511  -2.0888   0.0000   0.0000   0.0000   1.0414
  -4.000   0.2569   0.01116   0.00456  -0.1553  0.7578  0.0679  -1.8349   0.0000   0.0000   0.0000   0.8659
  -3.500   0.3145   0.01058   0.00407  -0.1558  0.7500  0.1007  -1.5766   0.0000   0.0000   0.0000   0.7535
  -3.000   0.3725   0.01022   0.00379  -0.1564  0.7430  0.1465  -1.3267   0.0000   0.0000   0.0000   0.6754
  -2.500   0.4302   0.00999   0.00370  -0.1570  0.7357  0.2045  -1.0866   0.0000   0.0000   0.0000   0.6187
  -1.500   0.5453   0.00940   0.00344  -0.1579  0.7193  0.3466  -0.8576   0.0000   0.0000   0.0000   0.5407
  -1.000   0.6032   0.00926   0.00346  -0.1585  0.7105  0.4353  -0.8985   0.0000   0.0000   0.0000   0.5128
  -0.500   0.6600   0.00901   0.00348  -0.1588  0.7025  0.5287  -0.9438   0.0000   0.0000   0.0000   0.4898
   0.000   0.7164   0.00875   0.00350  -0.1588  0.6928  0.6484  -0.9896   0.0000   0.0000   0.0000   0.4701
   0.500   0.7716   0.00872   0.00363  -0.1585  0.6828  0.7425  -1.0348   0.0000   0.0000   0.0000   0.4530
   1.000   0.8248   0.00865   0.00372  -0.1577  0.6731  0.8083  -1.0820   0.0000   0.0000   0.0000   0.4380
   1.500   0.8758   0.00862   0.00372  -0.1562  0.6618  0.8675  -1.1346   0.0000   0.0000   0.0000   0.4246
   2.000   0.9210   0.00847   0.00371  -0.1536  0.6495  0.9368  -1.1854   0.0000   0.0000   0.0000   0.4123
   2.500   0.9808   0.00855   0.00366  -0.1545  0.6360  1.0000  -1.2511   0.0000   0.0000   0.0000   0.4023
   3.000   1.0376   0.00870   0.00380  -0.1549  0.6224  1.0000  -1.3201   0.0000   0.0000   0.0000   0.3935
   3.500   1.0930   0.00893   0.00392  -0.1550  0.6056  1.0000  -1.3890   0.0000   0.0000   0.0000   0.3853
   4.000   1.1474   0.00919   0.00410  -0.1549  0.5878  1.0000  -1.4577   0.0000   0.0000   0.0000   0.3778
   4.500   1.2014   0.00948   0.00438  -0.1548  0.5708  1.0000  -1.5365   0.0000   0.0000   0.0000   0.3710
   5.000   1.2536   0.00985   0.00468  -0.1544  0.5518  1.0000  -1.6182   0.0000   0.0000   0.0000   0.3646
   5.500   1.3034   0.01029   0.00505  -0.1535  0.5281  1.0000  -1.7088   0.0000   0.0000   0.0000   0.3585
   6.000   1.3520   0.01082   0.00549  -0.1525  0.5062  1.0000  -1.8072   0.0000   0.0000   0.0000   0.3527
   6.500   1.3981   0.01141   0.00602  -0.1510  0.4806  1.0000  -1.9224   0.0000   0.0000   0.0000   0.3472
   7.000   1.4421   0.01208   0.00663  -0.1493  0.4547  1.0000  -2.0425   0.0000   0.0000   0.0000   0.3420
   7.500   1.4827   0.01284   0.00733  -0.1470  0.4278  1.0000  -2.1675   0.0000   0.0000   0.0000   0.3368
   8.000   1.5178   0.01372   0.00816  -0.1438  0.3995  1.0000  -2.3073   0.0000   0.0000   0.0000   0.3316
   8.500   1.5498   0.01475   0.00914  -0.1403  0.3749  1.0000  -2.4511   0.0000   0.0000   0.0000   0.3265
   9.000   1.5777   0.01603   0.01036  -0.1363  0.3477  1.0000  -2.5980   0.0000   0.0000   0.0000   0.3216
   9.500   1.6022   0.01760   0.01188  -0.1323  0.3198  1.0000  -2.7820   0.0000   0.0000   0.0000   0.3169
  10.000   1.6261   0.01937   0.01363  -0.1286  0.2957  1.0000  -2.9963   0.0000   0.0000   0.0000   0.3125
  10.500   1.6464   0.02150   0.01571  -0.1248  0.2702  1.0000  -3.2240   0.0000   0.0000   0.0000   0.3083
  11.000   1.6649   0.02391   0.01810  -0.1212  0.2465  1.0000  -3.4509   0.0000   0.0000   0.0000   0.3043
  11.500   1.6796   0.02669   0.02084  -0.1175  0.2216  1.0000  -3.6708   0.0000   0.0000   0.0000   0.3005
  12.000   1.6911   0.02985   0.02395  -0.1138  0.1971  1.0000  -3.8951   0.0000   0.0000   0.0000   0.2968
  12.500   1.7008   0.03324   0.02732  -0.1102  0.1755  1.0000  -4.1268   0.0000   0.0000   0.0000   0.2933
  13.000   1.7070   0.03710   0.03115  -0.1068  0.1538  1.0000  -4.3489   0.0000   0.0000   0.0000   0.2900
  13.500   1.7107   0.04137   0.03542  -0.1036  0.1341  1.0000  -4.5767   0.0000   0.0000   0.0000   0.2869
  14.000   1.7119   0.04612   0.04015  -0.1007  0.1162  1.0000  -4.7978   0.0000   0.0000   0.0000   0.2841
  14.500   1.7120   0.05121   0.04525  -0.0982  0.1012  1.0000  -5.0160   0.0000   0.0000   0.0000   0.2815
  15.000   1.7154   0.05614   0.05028  -0.0962  0.0897  1.0000  -5.2516   0.0000   0.0000   0.0000   0.2791


