xflr5 v6.59

 Calculated polar for: revR_0_revT

 1 1 Reynolds number fixed          Mach number fixed         

 xtrf =   1.000 (top)        1.000 (bottom)
 Mach =   0.000     Re =     0.340 e 6     Ncrit =   9.000

  alpha     CL        CD       CDp       Cm    Top Xtr Bot Xtr   Cpmin    Chinge    XCp    
 ------- -------- --------- --------- -------- ------- ------- -------- --------- ---------
  -5.000  -0.2637   0.01208   0.00538  -0.0639  0.9281  0.0678  -2.7338   0.0000   0.0000   0.0000  -0.0011
  -4.500  -0.2100   0.01115   0.00451  -0.0635  0.9103  0.1015  -2.3398   0.0000   0.0000   0.0000  -0.0615
  -4.000  -0.1590   0.01037   0.00394  -0.0626  0.8922  0.1662  -1.9570   0.0000   0.0000   0.0000  -0.1541
  -3.500  -0.1084   0.00970   0.00354  -0.0616  0.8750  0.2531  -1.5923   0.0000   0.0000   0.0000  -0.3314
  -3.000  -0.0592   0.00897   0.00320  -0.0604  0.8577  0.3813  -1.2642   0.0000   0.0000   0.0000  -0.7905
  -2.500  -0.0109   0.00828   0.00300  -0.0588  0.8408  0.5373  -1.0022   0.0000   0.0000   0.0000  -5.2198
  -2.000   0.0380   0.00790   0.00299  -0.0569  0.8244  0.6688  -0.7988   0.0000   0.0000   0.0000   1.7632
  -1.500   0.0892   0.00781   0.00299  -0.0552  0.8071  0.7396  -0.6211   0.0000   0.0000   0.0000   0.8740
  -1.000   0.1406   0.00781   0.00299  -0.0536  0.7889  0.7910  -0.4797   0.0000   0.0000   0.0000   0.6327
  -0.500   0.1919   0.00779   0.00299  -0.0519  0.7706  0.8279  -0.5219   0.0000   0.0000   0.0000   0.5203
   0.000   0.2427   0.00780   0.00297  -0.0501  0.7521  0.8614  -0.5670   0.0000   0.0000   0.0000   0.4552
   0.500   0.2925   0.00781   0.00293  -0.0480  0.7321  0.8930  -0.6151   0.0000   0.0000   0.0000   0.4123
   1.000   0.3427   0.00781   0.00293  -0.0460  0.7104  0.9252  -0.6662   0.0000   0.0000   0.0000   0.3818
   1.500   0.4039   0.00786   0.00291  -0.0464  0.6864  0.9528  -0.7296   0.0000   0.0000   0.0000   0.3621
   2.000   0.4791   0.00797   0.00295  -0.0503  0.6593  0.9718  -0.8073   0.0000   0.0000   0.0000   0.3516
   2.500   0.5589   0.00810   0.00298  -0.0553  0.6281  0.9845  -0.9003   0.0000   0.0000   0.0000   0.3453
   3.000   0.6376   0.00827   0.00302  -0.0603  0.5930  0.9983  -1.0168   0.0000   0.0000   0.0000   0.3406
   3.500   0.6776   0.00848   0.00311  -0.0576  0.5598  1.0000  -1.1088   0.0000   0.0000   0.0000   0.3306
   4.000   0.7163   0.00878   0.00330  -0.0544  0.5241  1.0000  -1.2315   0.0000   0.0000   0.0000   0.3211
   4.500   0.7593   0.00920   0.00358  -0.0520  0.4843  1.0000  -1.4464   0.0000   0.0000   0.0000   0.3131
   5.000   0.8052   0.00966   0.00392  -0.0502  0.4470  1.0000  -1.7662   0.0000   0.0000   0.0000   0.3065
   5.500   0.8510   0.01020   0.00435  -0.0484  0.4048  1.0000  -2.1025   0.0000   0.0000   0.0000   0.3005
   6.000   0.8964   0.01082   0.00483  -0.0466  0.3595  1.0000  -2.4540   0.0000   0.0000   0.0000   0.2951
   6.500   0.9403   0.01157   0.00542  -0.0447  0.3084  1.0000  -2.8150   0.0000   0.0000   0.0000   0.2901
   7.000   0.9821   0.01250   0.00610  -0.0425  0.2502  1.0000  -3.1831   0.0000   0.0000   0.0000   0.2853
   7.500   1.0230   0.01351   0.00692  -0.0403  0.1984  1.0000  -3.5703   0.0000   0.0000   0.0000   0.2809
   8.000   1.0595   0.01483   0.00795  -0.0376  0.1393  1.0000  -3.9494   0.0000   0.0000   0.0000   0.2764
   8.500   1.0932   0.01628   0.00915  -0.0346  0.0909  1.0000  -4.3231   0.0000   0.0000   0.0000   0.2719
   9.000   1.1258   0.01769   0.01044  -0.0313  0.0633  1.0000  -4.6929   0.0000   0.0000   0.0000   0.2674
   9.500   1.1514   0.01928   0.01196  -0.0270  0.0429  1.0000  -5.0202   0.0000   0.0000   0.0000   0.2624
  10.000   1.1689   0.02107   0.01377  -0.0215  0.0279  1.0000  -5.2643   0.0000   0.0000   0.0000   0.2566
  10.500   1.1800   0.02333   0.01612  -0.0158  0.0220  1.0000  -5.4639   0.0000   0.0000   0.0000   0.2509
  11.000   1.1950   0.02552   0.01843  -0.0115  0.0195  1.0000  -5.7253   0.0000   0.0000   0.0000   0.2464
  11.500   1.1953   0.02901   0.02208  -0.0067  0.0178  1.0000  -5.8871   0.0000   0.0000   0.0000   0.2416
  12.000   1.2048   0.03221   0.02549  -0.0036  0.0171  1.0000  -6.1101   0.0000   0.0000   0.0000   0.2382
  12.500   1.2138   0.03578   0.02927  -0.0012  0.0165  1.0000  -6.3292   0.0000   0.0000   0.0000   0.2354
  13.000   1.2200   0.03992   0.03362   0.0006  0.0160  1.0000  -6.5254   0.0000   0.0000   0.0000   0.2330
  13.500   1.2245   0.04455   0.03847   0.0018  0.0156  1.0000  -6.7048   0.0000   0.0000   0.0000   0.2311
  14.000   1.2274   0.04968   0.04384   0.0025  0.0153  1.0000  -6.8673   0.0000   0.0000   0.0000   0.2296
  14.500   1.2279   0.05542   0.04983   0.0024  0.0151  1.0000  -7.0073   0.0000   0.0000   0.0000   0.2287
  15.000   1.2253   0.06196   0.05667   0.0016  0.0150  1.0000  -7.1826   0.0000   0.0000   0.0000   0.2284


