xflr5 v6.59

 Calculated polar for: revR_100_revT

 1 1 Reynolds number fixed          Mach number fixed         

 xtrf =   1.000 (top)        1.000 (bottom)
 Mach =   0.000     Re =     0.140 e 6     Ncrit =   9.000

  alpha     CL        CD       CDp       Cm    Top Xtr Bot Xtr   Cpmin    Chinge    XCp    
 ------- -------- --------- --------- -------- ------- ------- -------- --------- ---------
  -5.000   0.0681   0.02844   0.02109  -0.1515  0.8495  0.0757  -2.2360   0.0000   0.0000   0.0000   2.5357
  -4.500   0.1215   0.02709   0.01938  -0.1517  0.8410  0.0846  -2.0445   0.0000   0.0000   0.0000   1.5300
  -4.000   0.1677   0.02558   0.01772  -0.1510  0.8294  0.0981  -1.8862   0.0000   0.0000   0.0000   1.1704
  -3.500   0.2388   0.02406   0.01609  -0.1534  0.8233  0.1316  -1.6577   0.0000   0.0000   0.0000   0.9048
  -3.000   0.3103   0.02278   0.01497  -0.1560  0.8185  0.1949  -1.4139   0.0000   0.0000   0.0000   0.7609
  -2.500   0.3451   0.02316   0.01558  -0.1538  0.8023  0.2618  -1.2403   0.0000   0.0000   0.0000   0.7017
  -2.000   0.4122   0.02239   0.01512  -0.1555  0.7961  0.3664  -0.9989   0.0000   0.0000   0.0000   0.6314
  -1.500   0.4639   0.02244   0.01549  -0.1551  0.7856  0.4718  -0.8015   0.0000   0.0000   0.0000   0.5868
  -1.000   0.5136   0.02231   0.01580  -0.1537  0.7740  0.6066  -0.8164   0.0000   0.0000   0.0000   0.5506
  -0.500   0.5695   0.02158   0.01537  -0.1514  0.7677  0.7504  -0.8625   0.0000   0.0000   0.0000   0.5160
   0.000   0.5895   0.02239   0.01639  -0.1443  0.7517  0.8604  -0.8824   0.0000   0.0000   0.0000   0.4941
   0.500   0.6484   0.02156   0.01544  -0.1433  0.7438  1.0000  -0.9297   0.0000   0.0000   0.0000   0.4693
   1.000   0.7255   0.02112   0.01468  -0.1464  0.7388  1.0000  -0.9939   0.0000   0.0000   0.0000   0.4494
   1.500   0.7682   0.02206   0.01554  -0.1455  0.7208  1.0000  -1.0349   0.0000   0.0000   0.0000   0.4362
   2.000   0.8426   0.02122   0.01448  -0.1475  0.7145  1.0000  -1.1058   0.0000   0.0000   0.0000   0.4212
   2.500   0.8846   0.02231   0.01554  -0.1462  0.6980  1.0000  -1.1512   0.0000   0.0000   0.0000   0.4106
   3.000   0.9558   0.02145   0.01454  -0.1477  0.6899  1.0000  -1.2317   0.0000   0.0000   0.0000   0.3992
   3.500   1.0046   0.02185   0.01494  -0.1466  0.6740  1.0000  -1.2931   0.0000   0.0000   0.0000   0.3899
   4.000   1.0733   0.02104   0.01403  -0.1478  0.6640  1.0000  -1.3736   0.0000   0.0000   0.0000   0.3810
   4.500   1.1217   0.02140   0.01442  -0.1466  0.6475  1.0000  -1.4416   0.0000   0.0000   0.0000   0.3732
   5.000   1.1934   0.02045   0.01335  -0.1482  0.6363  1.0000  -1.5416   0.0000   0.0000   0.0000   0.3660
   5.500   1.2393   0.02067   0.01366  -0.1465  0.6168  1.0000  -1.6192   0.0000   0.0000   0.0000   0.3592
   6.000   1.2920   0.02076   0.01378  -0.1457  0.5994  1.0000  -1.7204   0.0000   0.0000   0.0000   0.3531
   6.500   1.3539   0.02047   0.01342  -0.1462  0.5825  1.0000  -1.8408   0.0000   0.0000   0.0000   0.3475
   7.000   1.4047   0.02053   0.01346  -0.1450  0.5601  1.0000  -1.9688   0.0000   0.0000   0.0000   0.3419
   7.500   1.4486   0.02097   0.01396  -0.1429  0.5365  1.0000  -2.0892   0.0000   0.0000   0.0000   0.3366
   8.000   1.4919   0.02150   0.01450  -0.1408  0.5114  1.0000  -2.2369   0.0000   0.0000   0.0000   0.3315
   8.500   1.5323   0.02217   0.01514  -0.1382  0.4846  1.0000  -2.3875   0.0000   0.0000   0.0000   0.3265
   9.000   1.5683   0.02309   0.01603  -0.1351  0.4577  1.0000  -2.5478   0.0000   0.0000   0.0000   0.3216
   9.500   1.5939   0.02423   0.01718  -0.1305  0.4295  1.0000  -2.7257   0.0000   0.0000   0.0000   0.3164
  10.000   1.6121   0.02570   0.01867  -0.1250  0.4026  1.0000  -2.9114   0.0000   0.0000   0.0000   0.3112
  10.500   1.6295   0.02745   0.02045  -0.1200  0.3769  1.0000  -3.1196   0.0000   0.0000   0.0000   0.3064
  11.000   1.6400   0.02962   0.02265  -0.1145  0.3506  1.0000  -3.3184   0.0000   0.0000   0.0000   0.3016
  11.500   1.6464   0.03224   0.02534  -0.1093  0.3244  1.0000  -3.5072   0.0000   0.0000   0.0000   0.2972
  12.000   1.6528   0.03519   0.02833  -0.1045  0.2995  1.0000  -3.6976   0.0000   0.0000   0.0000   0.2931
  12.500   1.6561   0.03860   0.03177  -0.1001  0.2754  1.0000  -3.8905   0.0000   0.0000   0.0000   0.2892
  13.000   1.6561   0.04246   0.03565  -0.0959  0.2517  1.0000  -4.0805   0.0000   0.0000   0.0000   0.2856
  13.500   1.6533   0.04681   0.04003  -0.0920  0.2286  1.0000  -4.2607   0.0000   0.0000   0.0000   0.2823
  14.000   1.6475   0.05171   0.04496  -0.0885  0.2063  1.0000  -4.4323   0.0000   0.0000   0.0000   0.2793
  14.500   1.6386   0.05737   0.05072  -0.0858  0.1855  1.0000  -4.5983   0.0000   0.0000   0.0000   0.2768
  15.000   1.6299   0.06347   0.05699  -0.0838  0.1664  1.0000  -4.7613   0.0000   0.0000   0.0000   0.2747


