xflr5 v6.59

 Calculated polar for: revR_65_revT

 1 1 Reynolds number fixed          Mach number fixed         

 xtrf =   1.000 (top)        1.000 (bottom)
 Mach =   0.000     Re =     0.460 e 6     Ncrit =   9.000

  alpha     CL        CD       CDp       Cm    Top Xtr Bot Xtr   Cpmin    Chinge    XCp    
 ------- -------- --------- --------- -------- ------- ------- -------- --------- ---------
  -5.000  -0.0047   0.01180   0.00526  -0.1219  0.8000  0.0464  -2.3923   0.0000   0.0000   0.0000  -26.5885
  -4.500   0.0511   0.01122   0.00463  -0.1220  0.7919  0.0564  -2.0475   0.0000   0.0000   0.0000   2.6898
  -4.000   0.1069   0.01049   0.00390  -0.1221  0.7824  0.0829  -1.7888   0.0000   0.0000   0.0000   1.4129
  -3.500   0.1634   0.01006   0.00356  -0.1224  0.7737  0.1288  -1.5329   0.0000   0.0000   0.0000   1.0105
  -3.000   0.2195   0.00961   0.00331  -0.1226  0.7648  0.1867  -1.2825   0.0000   0.0000   0.0000   0.8157
  -2.500   0.2760   0.00922   0.00310  -0.1229  0.7557  0.2620  -1.0521   0.0000   0.0000   0.0000   0.6996
  -2.000   0.3324   0.00891   0.00298  -0.1231  0.7455  0.3437  -0.8325   0.0000   0.0000   0.0000   0.6229
  -1.500   0.3887   0.00854   0.00288  -0.1233  0.7358  0.4444  -0.7026   0.0000   0.0000   0.0000   0.5685
  -1.000   0.4449   0.00826   0.00289  -0.1234  0.7259  0.5695  -0.7437   0.0000   0.0000   0.0000   0.5276
  -0.500   0.4993   0.00798   0.00294  -0.1229  0.7146  0.6789  -0.7868   0.0000   0.0000   0.0000   0.4955
   0.000   0.5540   0.00794   0.00298  -0.1223  0.7034  0.7554  -0.8305   0.0000   0.0000   0.0000   0.4692
   0.500   0.6075   0.00789   0.00305  -0.1214  0.6915  0.8082  -0.8801   0.0000   0.0000   0.0000   0.4477
   1.000   0.6606   0.00792   0.00305  -0.1205  0.6785  0.8510  -0.9302   0.0000   0.0000   0.0000   0.4295
   1.500   0.7098   0.00783   0.00308  -0.1186  0.6638  0.8978  -0.9827   0.0000   0.0000   0.0000   0.4137
   2.000   0.7595   0.00776   0.00303  -0.1168  0.6501  0.9576  -1.0399   0.0000   0.0000   0.0000   0.3998
   2.500   0.8228   0.00784   0.00300  -0.1185  0.6315  1.0000  -1.1065   0.0000   0.0000   0.0000   0.3894
   3.000   0.8798   0.00801   0.00312  -0.1189  0.6129  1.0000  -1.1743   0.0000   0.0000   0.0000   0.3800
   3.500   0.9356   0.00824   0.00329  -0.1191  0.5938  1.0000  -1.2492   0.0000   0.0000   0.0000   0.3716
   4.000   0.9901   0.00853   0.00348  -0.1189  0.5707  1.0000  -1.3264   0.0000   0.0000   0.0000   0.3638
   4.500   1.0436   0.00887   0.00374  -0.1187  0.5464  1.0000  -1.4175   0.0000   0.0000   0.0000   0.3568
   5.000   1.0961   0.00926   0.00406  -0.1182  0.5206  1.0000  -1.5152   0.0000   0.0000   0.0000   0.3504
   5.500   1.1468   0.00975   0.00444  -0.1175  0.4912  1.0000  -1.6346   0.0000   0.0000   0.0000   0.3443
   6.000   1.1964   0.01031   0.00490  -0.1166  0.4624  1.0000  -1.7556   0.0000   0.0000   0.0000   0.3387
   6.500   1.2445   0.01092   0.00543  -0.1156  0.4284  1.0000  -1.9165   0.0000   0.0000   0.0000   0.3334
   7.000   1.2917   0.01159   0.00603  -0.1144  0.3989  1.0000  -2.0841   0.0000   0.0000   0.0000   0.3284
   7.500   1.3343   0.01248   0.00676  -0.1125  0.3635  1.0000  -2.2926   0.0000   0.0000   0.0000   0.3235
   8.000   1.3771   0.01332   0.00755  -0.1107  0.3296  1.0000  -2.5635   0.0000   0.0000   0.0000   0.3188
   8.500   1.4158   0.01432   0.00845  -0.1083  0.2980  1.0000  -2.8689   0.0000   0.0000   0.0000   0.3142
   9.000   1.4474   0.01552   0.00952  -0.1049  0.2628  1.0000  -3.1654   0.0000   0.0000   0.0000   0.3093
   9.500   1.4770   0.01685   0.01079  -0.1013  0.2311  1.0000  -3.4712   0.0000   0.0000   0.0000   0.3047
  10.000   1.5008   0.01858   0.01239  -0.0974  0.1995  1.0000  -3.7643   0.0000   0.0000   0.0000   0.3001
  10.500   1.5236   0.02051   0.01424  -0.0937  0.1684  1.0000  -4.0605   0.0000   0.0000   0.0000   0.2959
  11.000   1.5414   0.02294   0.01654  -0.0900  0.1377  1.0000  -4.3478   0.0000   0.0000   0.0000   0.2919
  11.500   1.5548   0.02584   0.01933  -0.0863  0.1106  1.0000  -4.6264   0.0000   0.0000   0.0000   0.2881
  12.000   1.5685   0.02888   0.02234  -0.0830  0.0902  1.0000  -4.9106   0.0000   0.0000   0.0000   0.2846
  12.500   1.5809   0.03217   0.02566  -0.0800  0.0746  1.0000  -5.1928   0.0000   0.0000   0.0000   0.2813
  13.000   1.5914   0.03573   0.02928  -0.0772  0.0617  1.0000  -5.4685   0.0000   0.0000   0.0000   0.2782
  13.500   1.5935   0.04024   0.03382  -0.0743  0.0497  1.0000  -5.7025   0.0000   0.0000   0.0000   0.2753
  14.000   1.5980   0.04472   0.03837  -0.0720  0.0422  1.0000  -5.9514   0.0000   0.0000   0.0000   0.2728
  14.500   1.5921   0.05063   0.04441  -0.0699  0.0350  1.0000  -6.1386   0.0000   0.0000   0.0000   0.2705
  15.000   1.5963   0.05575   0.04970  -0.0687  0.0311  1.0000  -6.3926   0.0000   0.0000   0.0000   0.2685


