xflr5 v6.59

 Calculated polar for: revR_65_revT

 1 1 Reynolds number fixed          Mach number fixed         

 xtrf =   1.000 (top)        1.000 (bottom)
 Mach =   0.000     Re =     0.200 e 6     Ncrit =   9.000

  alpha     CL        CD       CDp       Cm    Top Xtr Bot Xtr   Cpmin    Chinge    XCp    
 ------- -------- --------- --------- -------- ------- ------- -------- --------- ---------
  -5.000  -0.0048   0.01820   0.01091  -0.1269  0.8634  0.0696  -2.2642   0.0000   0.0000   0.0000  -26.5877
  -4.500   0.0495   0.01673   0.00932  -0.1266  0.8537  0.0863  -1.9857   0.0000   0.0000   0.0000   2.8667
  -4.000   0.1040   0.01583   0.00841  -0.1265  0.8449  0.1175  -1.7448   0.0000   0.0000   0.0000   1.4895
  -3.500   0.1563   0.01505   0.00782  -0.1261  0.8330  0.1789  -1.5208   0.0000   0.0000   0.0000   1.0707
  -3.000   0.2141   0.01438   0.00737  -0.1265  0.8246  0.2681  -1.2771   0.0000   0.0000   0.0000   0.8489
  -2.500   0.2653   0.01402   0.00734  -0.1261  0.8125  0.3641  -1.0643   0.0000   0.0000   0.0000   0.7305
  -2.000   0.3210   0.01345   0.00714  -0.1258  0.8030  0.4958  -0.8477   0.0000   0.0000   0.0000   0.6451
  -1.500   0.3714   0.01322   0.00735  -0.1244  0.7917  0.6304  -0.6838   0.0000   0.0000   0.0000   0.5869
  -1.000   0.4215   0.01300   0.00733  -0.1221  0.7801  0.7405  -0.7221   0.0000   0.0000   0.0000   0.5404
  -0.500   0.4678   0.01305   0.00747  -0.1191  0.7692  0.8190  -0.7603   0.0000   0.0000   0.0000   0.5044
   0.000   0.5098   0.01291   0.00737  -0.1151  0.7571  0.8823  -0.7967   0.0000   0.0000   0.0000   0.4746
   0.500   0.5606   0.01267   0.00709  -0.1128  0.7453  0.9564  -0.8442   0.0000   0.0000   0.0000   0.4494
   1.000   0.6322   0.01253   0.00680  -0.1162  0.7321  1.0000  -0.9041   0.0000   0.0000   0.0000   0.4313
   1.500   0.6904   0.01266   0.00679  -0.1170  0.7187  1.0000  -0.9606   0.0000   0.0000   0.0000   0.4163
   2.000   0.7504   0.01263   0.00659  -0.1177  0.7051  1.0000  -1.0243   0.0000   0.0000   0.0000   0.4031
   2.500   0.8056   0.01274   0.00665  -0.1176  0.6882  1.0000  -1.0848   0.0000   0.0000   0.0000   0.3917
   3.000   0.8636   0.01282   0.00661  -0.1179  0.6737  1.0000  -1.1526   0.0000   0.0000   0.0000   0.3816
   3.500   0.9200   0.01281   0.00652  -0.1178  0.6558  1.0000  -1.2280   0.0000   0.0000   0.0000   0.3725
   4.000   0.9736   0.01294   0.00664  -0.1173  0.6358  1.0000  -1.3038   0.0000   0.0000   0.0000   0.3644
   4.500   1.0275   0.01314   0.00683  -0.1169  0.6157  1.0000  -1.3929   0.0000   0.0000   0.0000   0.3571
   5.000   1.0804   0.01335   0.00700  -0.1163  0.5927  1.0000  -1.4861   0.0000   0.0000   0.0000   0.3503
   5.500   1.1322   0.01364   0.00726  -0.1154  0.5679  1.0000  -1.6061   0.0000   0.0000   0.0000   0.3440
   6.000   1.1825   0.01404   0.00761  -0.1144  0.5412  1.0000  -1.7269   0.0000   0.0000   0.0000   0.3381
   6.500   1.2309   0.01456   0.00803  -0.1131  0.5119  1.0000  -1.8806   0.0000   0.0000   0.0000   0.3326
   7.000   1.2771   0.01522   0.00865  -0.1116  0.4819  1.0000  -2.0414   0.0000   0.0000   0.0000   0.3273
   7.500   1.3192   0.01594   0.00937  -0.1094  0.4471  1.0000  -2.2420   0.0000   0.0000   0.0000   0.3222
   8.000   1.3598   0.01686   0.01024  -0.1071  0.4156  1.0000  -2.4793   0.0000   0.0000   0.0000   0.3173
   8.500   1.3960   0.01789   0.01124  -0.1042  0.3821  1.0000  -2.7687   0.0000   0.0000   0.0000   0.3124
   9.000   1.4258   0.01910   0.01240  -0.1004  0.3465  1.0000  -3.0504   0.0000   0.0000   0.0000   0.3074
   9.500   1.4493   0.02057   0.01378  -0.0959  0.3158  1.0000  -3.3209   0.0000   0.0000   0.0000   0.3023
  10.000   1.4704   0.02223   0.01552  -0.0914  0.2845  1.0000  -3.5959   0.0000   0.0000   0.0000   0.2975
  10.500   1.4848   0.02443   0.01767  -0.0868  0.2508  1.0000  -3.8519   0.0000   0.0000   0.0000   0.2929
  11.000   1.4951   0.02722   0.02037  -0.0824  0.2194  1.0000  -4.0949   0.0000   0.0000   0.0000   0.2887
  11.500   1.5067   0.03022   0.02341  -0.0788  0.1892  1.0000  -4.3445   0.0000   0.0000   0.0000   0.2850
  12.000   1.5119   0.03395   0.02710  -0.0752  0.1600  1.0000  -4.5769   0.0000   0.0000   0.0000   0.2815
  12.500   1.5124   0.03832   0.03142  -0.0718  0.1344  1.0000  -4.7890   0.0000   0.0000   0.0000   0.2782
  13.000   1.5109   0.04315   0.03630  -0.0689  0.1130  1.0000  -4.9896   0.0000   0.0000   0.0000   0.2754
  13.500   1.5085   0.04834   0.04156  -0.0665  0.0951  1.0000  -5.1823   0.0000   0.0000   0.0000   0.2728
  14.000   1.5035   0.05417   0.04748  -0.0645  0.0806  1.0000  -5.3558   0.0000   0.0000   0.0000   0.2706
  14.500   1.4876   0.06143   0.05472  -0.0627  0.0681  1.0000  -5.4647   0.0000   0.0000   0.0000   0.2688
  15.000   1.4893   0.06732   0.06089  -0.0623  0.0599  1.0000  -5.6602   0.0000   0.0000   0.0000   0.2674


