xflr5 v6.59

 Calculated polar for: revR_10_revT

 1 1 Reynolds number fixed          Mach number fixed         

 xtrf =   1.000 (top)        1.000 (bottom)
 Mach =   0.000     Re =     0.230 e 6     Ncrit =   9.000

  alpha     CL        CD       CDp       Cm    Top Xtr Bot Xtr   Cpmin    Chinge    XCp    
 ------- -------- --------- --------- -------- ------- ------- -------- --------- ---------
  -5.000  -0.2437   0.01527   0.00809  -0.0715  0.9299  0.0728  -2.5603   0.0000   0.0000   0.0000  -0.0530
  -4.500  -0.1768   0.01354   0.00639  -0.0739  0.9205  0.1070  -2.1820   0.0000   0.0000   0.0000  -0.1795
  -4.000  -0.1241   0.01254   0.00566  -0.0735  0.9047  0.1766  -1.8318   0.0000   0.0000   0.0000  -0.3558
  -3.500  -0.0679   0.01161   0.00514  -0.0737  0.8914  0.2903  -1.4925   0.0000   0.0000   0.0000  -0.8566
  -3.000  -0.0188   0.01080   0.00478  -0.0725  0.8755  0.4270  -1.2156   0.0000   0.0000   0.0000  -3.6762
  -2.000   0.0781   0.00992   0.00473  -0.0679  0.8445  0.7080  -0.8199   0.0000   0.0000   0.0000   1.1289
  -1.500   0.1265   0.00991   0.00478  -0.0653  0.8282  0.7780  -0.6346   0.0000   0.0000   0.0000   0.7702
  -1.000   0.1749   0.00993   0.00481  -0.0627  0.8119  0.8273  -0.5091   0.0000   0.0000   0.0000   0.6097
  -0.500   0.2236   0.00993   0.00474  -0.0599  0.7958  0.8700  -0.5505   0.0000   0.0000   0.0000   0.5179
   0.000   0.2729   0.00988   0.00465  -0.0572  0.7780  0.9072  -0.5924   0.0000   0.0000   0.0000   0.4587
   0.500   0.3310   0.00989   0.00460  -0.0567  0.7598  0.9420  -0.6466   0.0000   0.0000   0.0000   0.4197
   1.000   0.4138   0.00990   0.00451  -0.0615  0.7397  0.9659  -0.7165   0.0000   0.0000   0.0000   0.3965
   1.500   0.5079   0.00988   0.00437  -0.0692  0.7185  0.9807  -0.8010   0.0000   0.0000   0.0000   0.3835
   2.000   0.5935   0.00979   0.00418  -0.0754  0.6924  0.9975  -0.8882   0.0000   0.0000   0.0000   0.3739
   2.500   0.6354   0.00979   0.00411  -0.0732  0.6677  1.0000  -0.9529   0.0000   0.0000   0.0000   0.3616
   3.000   0.6685   0.00987   0.00411  -0.0690  0.6411  1.0000  -1.0183   0.0000   0.0000   0.0000   0.3491
   3.500   0.7078   0.01006   0.00417  -0.0657  0.6116  1.0000  -1.1054   0.0000   0.0000   0.0000   0.3383
   4.000   0.7519   0.01035   0.00435  -0.0633  0.5812  1.0000  -1.2089   0.0000   0.0000   0.0000   0.3293
   4.500   0.7975   0.01069   0.00462  -0.0612  0.5457  1.0000  -1.3483   0.0000   0.0000   0.0000   0.3213
   5.000   0.8438   0.01115   0.00494  -0.0593  0.5105  1.0000  -1.5812   0.0000   0.0000   0.0000   0.3144
   5.500   0.8887   0.01164   0.00535  -0.0572  0.4689  1.0000  -1.8951   0.0000   0.0000   0.0000   0.3079
   6.000   0.9339   0.01221   0.00587  -0.0553  0.4317  1.0000  -2.2250   0.0000   0.0000   0.0000   0.3022
   6.500   0.9762   0.01290   0.00642  -0.0529  0.3880  1.0000  -2.5604   0.0000   0.0000   0.0000   0.2967
   7.000   1.0165   0.01369   0.00709  -0.0503  0.3437  1.0000  -2.9018   0.0000   0.0000   0.0000   0.2914
   7.500   1.0545   0.01459   0.00790  -0.0475  0.2973  1.0000  -3.2461   0.0000   0.0000   0.0000   0.2862
   8.000   1.0891   0.01564   0.00880  -0.0442  0.2479  1.0000  -3.5870   0.0000   0.0000   0.0000   0.2812
   8.500   1.1185   0.01692   0.00988  -0.0402  0.1910  1.0000  -3.9161   0.0000   0.0000   0.0000   0.2760
   9.000   1.1381   0.01855   0.01121  -0.0349  0.1367  1.0000  -4.2249   0.0000   0.0000   0.0000   0.2700
   9.500   1.1538   0.02025   0.01277  -0.0291  0.0985  1.0000  -4.5168   0.0000   0.0000   0.0000   0.2639
  10.000   1.1673   0.02222   0.01465  -0.0236  0.0741  1.0000  -4.7929   0.0000   0.0000   0.0000   0.2582
  10.500   1.1811   0.02434   0.01683  -0.0187  0.0576  1.0000  -5.0579   0.0000   0.0000   0.0000   0.2531
  11.000   1.1875   0.02716   0.01973  -0.0137  0.0439  1.0000  -5.2544   0.0000   0.0000   0.0000   0.2481
  11.500   1.1780   0.03154   0.02417  -0.0084  0.0337  1.0000  -5.3144   0.0000   0.0000   0.0000   0.2429
  12.000   1.1870   0.03495   0.02780  -0.0054  0.0295  1.0000  -5.4767   0.0000   0.0000   0.0000   0.2394
  12.500   1.1928   0.03892   0.03194  -0.0029  0.0269  1.0000  -5.6394   0.0000   0.0000   0.0000   0.2364
  13.000   1.1962   0.04350   0.03673  -0.0009  0.0252  1.0000  -5.7852   0.0000   0.0000   0.0000   0.2339
  13.500   1.1997   0.04884   0.04230   0.0009  0.0239  1.0000  -5.8848   0.0000   0.0000   0.0000   0.2315
  14.000   1.2011   0.05542   0.04927   0.0022  0.0231  1.0000  -5.9275   0.0000   0.0000   0.0000   0.2297
  14.500   1.1917   0.06338   0.05769   0.0022  0.0229  1.0000  -5.9180   0.0000   0.0000   0.0000   0.2288
  15.000   1.1748   0.07217   0.06686   0.0005  0.0228  1.0000  -5.8924   0.0000   0.0000   0.0000   0.2292


