xflr5 v6.59

 Calculated polar for: revR_55_revT

 1 1 Reynolds number fixed          Mach number fixed         

 xtrf =   1.000 (top)        1.000 (bottom)
 Mach =   0.000     Re =     0.320 e 6     Ncrit =   9.000

  alpha     CL        CD       CDp       Cm    Top Xtr Bot Xtr   Cpmin    Chinge    XCp    
 ------- -------- --------- --------- -------- ------- ------- -------- --------- ---------
  -5.000  -0.0437   0.01360   0.00683  -0.1143  0.8369  0.0572  -2.3869   0.0000   0.0000   0.0000  -2.4306
  -4.500   0.0110   0.01267   0.00572  -0.1141  0.8276  0.0718  -2.0699   0.0000   0.0000   0.0000  10.8862
  -4.000   0.0651   0.01195   0.00509  -0.1140  0.8171  0.1055  -1.7569   0.0000   0.0000   0.0000   2.0345
  -3.500   0.1203   0.01133   0.00461  -0.1140  0.8068  0.1640  -1.5105   0.0000   0.0000   0.0000   1.2131
  -3.000   0.1756   0.01088   0.00437  -0.1141  0.7972  0.2411  -1.2714   0.0000   0.0000   0.0000   0.9087
  -2.500   0.2306   0.01042   0.00417  -0.1142  0.7865  0.3326  -1.0410   0.0000   0.0000   0.0000   0.7504
  -2.000   0.2862   0.01000   0.00402  -0.1142  0.7761  0.4486  -0.8285   0.0000   0.0000   0.0000   0.6518
  -1.500   0.3398   0.00958   0.00399  -0.1137  0.7645  0.5694  -0.6568   0.0000   0.0000   0.0000   0.5861
  -1.000   0.3934   0.00934   0.00402  -0.1127  0.7544  0.6924  -0.6978   0.0000   0.0000   0.0000   0.5369
  -0.500   0.4456   0.00928   0.00411  -0.1114  0.7421  0.7655  -0.7380   0.0000   0.0000   0.0000   0.4996
   0.000   0.4979   0.00923   0.00406  -0.1100  0.7301  0.8218  -0.7820   0.0000   0.0000   0.0000   0.4695
   0.500   0.5464   0.00918   0.00409  -0.1078  0.7167  0.8700  -0.8269   0.0000   0.0000   0.0000   0.4453
   1.000   0.5937   0.00913   0.00399  -0.1052  0.7046  0.9181  -0.8731   0.0000   0.0000   0.0000   0.4245
   1.500   0.6554   0.00892   0.00383  -0.1059  0.6885  0.9794  -0.9341   0.0000   0.0000   0.0000   0.4084
   2.000   0.7182   0.00902   0.00381  -0.1076  0.6734  1.0000  -0.9983   0.0000   0.0000   0.0000   0.3961
   2.500   0.7757   0.00914   0.00378  -0.1081  0.6563  1.0000  -1.0639   0.0000   0.0000   0.0000   0.3850
   3.000   0.8313   0.00926   0.00385  -0.1082  0.6368  1.0000  -1.1321   0.0000   0.0000   0.0000   0.3753
   3.500   0.8864   0.00945   0.00399  -0.1081  0.6161  1.0000  -1.2070   0.0000   0.0000   0.0000   0.3665
   4.000   0.9407   0.00970   0.00417  -0.1079  0.5937  1.0000  -1.2894   0.0000   0.0000   0.0000   0.3587
   4.500   0.9940   0.01000   0.00440  -0.1075  0.5688  1.0000  -1.3794   0.0000   0.0000   0.0000   0.3515
   5.000   1.0460   0.01039   0.00470  -0.1069  0.5417  1.0000  -1.4907   0.0000   0.0000   0.0000   0.3450
   5.500   1.0967   0.01088   0.00508  -0.1060  0.5129  1.0000  -1.6061   0.0000   0.0000   0.0000   0.3389
   6.000   1.1465   0.01138   0.00555  -0.1051  0.4826  1.0000  -1.7585   0.0000   0.0000   0.0000   0.3333
   6.500   1.1939   0.01200   0.00609  -0.1039  0.4478  1.0000  -1.9179   0.0000   0.0000   0.0000   0.3279
   7.000   1.2398   0.01276   0.00675  -0.1024  0.4165  1.0000  -2.1333   0.0000   0.0000   0.0000   0.3229
   7.500   1.2837   0.01354   0.00747  -0.1007  0.3785  1.0000  -2.4333   0.0000   0.0000   0.0000   0.3180
   8.000   1.3241   0.01453   0.00834  -0.0986  0.3437  1.0000  -2.7431   0.0000   0.0000   0.0000   0.3133
   8.500   1.3636   0.01552   0.00931  -0.0963  0.3098  1.0000  -3.0651   0.0000   0.0000   0.0000   0.3088
   9.000   1.3939   0.01682   0.01047  -0.0928  0.2709  1.0000  -3.3671   0.0000   0.0000   0.0000   0.3039
   9.500   1.4227   0.01822   0.01179  -0.0892  0.2364  1.0000  -3.6716   0.0000   0.0000   0.0000   0.2992
  10.000   1.4447   0.02006   0.01351  -0.0851  0.2020  1.0000  -3.9576   0.0000   0.0000   0.0000   0.2946
  10.500   1.4642   0.02223   0.01561  -0.0812  0.1651  1.0000  -4.2396   0.0000   0.0000   0.0000   0.2904
  11.000   1.4794   0.02491   0.01816  -0.0775  0.1324  1.0000  -4.5076   0.0000   0.0000   0.0000   0.2864
  11.500   1.4932   0.02788   0.02106  -0.0741  0.1053  1.0000  -4.7722   0.0000   0.0000   0.0000   0.2828
  12.000   1.5043   0.03124   0.02440  -0.0709  0.0847  1.0000  -5.0253   0.0000   0.0000   0.0000   0.2794
  12.500   1.5122   0.03506   0.02826  -0.0679  0.0688  1.0000  -5.2684   0.0000   0.0000   0.0000   0.2762
  13.000   1.5092   0.04005   0.03324  -0.0648  0.0546  1.0000  -5.4586   0.0000   0.0000   0.0000   0.2733
  13.500   1.5178   0.04417   0.03753  -0.0628  0.0470  1.0000  -5.7075   0.0000   0.0000   0.0000   0.2707
  14.000   1.4993   0.05137   0.04486  -0.0603  0.0385  1.0000  -5.7934   0.0000   0.0000   0.0000   0.2685
  14.500   1.5064   0.05626   0.04999  -0.0594  0.0349  1.0000  -6.0215   0.0000   0.0000   0.0000   0.2667
  15.000   1.5011   0.06283   0.05673  -0.0588  0.0309  1.0000  -6.1777   0.0000   0.0000   0.0000   0.2653


