xflr5 v6.59

 Calculated polar for: revR_50_revT

 1 1 Reynolds number fixed          Mach number fixed         

 xtrf =   1.000 (top)        1.000 (bottom)
 Mach =   0.000     Re =     0.365 e 6     Ncrit =   9.000

  alpha     CL        CD       CDp       Cm    Top Xtr Bot Xtr   Cpmin    Chinge    XCp    
 ------- -------- --------- --------- -------- ------- ------- -------- --------- ---------
  -5.000  -0.0654   0.01270   0.00600  -0.1088  0.8327  0.0534  -2.4281   0.0000   0.0000   0.0000  -1.4555
  -4.500  -0.0105   0.01204   0.00523  -0.1087  0.8230  0.0679  -2.0932   0.0000   0.0000   0.0000  -10.3776
  -4.000   0.0436   0.01115   0.00443  -0.1085  0.8119  0.1034  -1.7756   0.0000   0.0000   0.0000   2.7899
  -3.500   0.0992   0.01066   0.00403  -0.1086  0.8021  0.1605  -1.5044   0.0000   0.0000   0.0000   1.3625
  -3.000   0.1540   0.01016   0.00380  -0.1087  0.7916  0.2366  -1.2684   0.0000   0.0000   0.0000   0.9653
  -2.500   0.2096   0.00971   0.00355  -0.1087  0.7813  0.3218  -1.0388   0.0000   0.0000   0.0000   0.7743
  -2.000   0.2642   0.00926   0.00345  -0.1087  0.7699  0.4411  -0.8251   0.0000   0.0000   0.0000   0.6644
  -1.500   0.3189   0.00884   0.00337  -0.1084  0.7592  0.5639  -0.6387   0.0000   0.0000   0.0000   0.5914
  -1.000   0.3727   0.00863   0.00343  -0.1077  0.7482  0.6782  -0.6791   0.0000   0.0000   0.0000   0.5392
  -0.500   0.4257   0.00851   0.00346  -0.1065  0.7356  0.7569  -0.7195   0.0000   0.0000   0.0000   0.4996
   0.000   0.4784   0.00850   0.00349  -0.1053  0.7229  0.8096  -0.7643   0.0000   0.0000   0.0000   0.4687
   0.500   0.5298   0.00845   0.00348  -0.1038  0.7102  0.8544  -0.8105   0.0000   0.0000   0.0000   0.4439
   1.000   0.5786   0.00842   0.00348  -0.1017  0.6958  0.8978  -0.8583   0.0000   0.0000   0.0000   0.4231
   1.500   0.6277   0.00834   0.00335  -0.0995  0.6807  0.9479  -0.9117   0.0000   0.0000   0.0000   0.4053
   2.000   0.6979   0.00827   0.00328  -0.1025  0.6637  1.0000  -0.9823   0.0000   0.0000   0.0000   0.3932
   2.500   0.7547   0.00840   0.00332  -0.1030  0.6450  1.0000  -1.0464   0.0000   0.0000   0.0000   0.3822
   3.000   0.8109   0.00858   0.00340  -0.1032  0.6252  1.0000  -1.1158   0.0000   0.0000   0.0000   0.3725
   3.500   0.8660   0.00880   0.00353  -0.1031  0.6032  1.0000  -1.1927   0.0000   0.0000   0.0000   0.3638
   4.000   0.9202   0.00907   0.00373  -0.1029  0.5793  1.0000  -1.2766   0.0000   0.0000   0.0000   0.3560
   4.500   0.9734   0.00940   0.00398  -0.1025  0.5524  1.0000  -1.3717   0.0000   0.0000   0.0000   0.3489
   5.000   1.0255   0.00980   0.00430  -0.1020  0.5239  1.0000  -1.4849   0.0000   0.0000   0.0000   0.3424
   5.500   1.0762   0.01030   0.00469  -0.1012  0.4936  1.0000  -1.6122   0.0000   0.0000   0.0000   0.3364
   6.000   1.1258   0.01085   0.00516  -0.1003  0.4599  1.0000  -1.7686   0.0000   0.0000   0.0000   0.3308
   6.500   1.1744   0.01147   0.00570  -0.0992  0.4272  1.0000  -1.9566   0.0000   0.0000   0.0000   0.3256
   7.000   1.2203   0.01223   0.00635  -0.0979  0.3910  1.0000  -2.2415   0.0000   0.0000   0.0000   0.3206
   7.500   1.2648   0.01305   0.00708  -0.0963  0.3533  1.0000  -2.5563   0.0000   0.0000   0.0000   0.3159
   8.000   1.3073   0.01398   0.00792  -0.0945  0.3195  1.0000  -2.8863   0.0000   0.0000   0.0000   0.3113
   8.500   1.3446   0.01514   0.00893  -0.0920  0.2768  1.0000  -3.2118   0.0000   0.0000   0.0000   0.3067
   9.000   1.3790   0.01635   0.01002  -0.0891  0.2373  1.0000  -3.5375   0.0000   0.0000   0.0000   0.3022
   9.500   1.4069   0.01785   0.01137  -0.0854  0.1997  1.0000  -3.8479   0.0000   0.0000   0.0000   0.2975
  10.000   1.4289   0.01974   0.01308  -0.0813  0.1608  1.0000  -4.1429   0.0000   0.0000   0.0000   0.2929
  10.500   1.4505   0.02182   0.01510  -0.0776  0.1285  1.0000  -4.4405   0.0000   0.0000   0.0000   0.2887
  11.000   1.4675   0.02436   0.01753  -0.0740  0.1008  1.0000  -4.7228   0.0000   0.0000   0.0000   0.2848
  11.500   1.4826   0.02722   0.02035  -0.0706  0.0797  1.0000  -4.9985   0.0000   0.0000   0.0000   0.2811
  12.000   1.4968   0.03032   0.02348  -0.0676  0.0638  1.0000  -5.2696   0.0000   0.0000   0.0000   0.2777
  12.500   1.5069   0.03393   0.02716  -0.0647  0.0513  1.0000  -5.5180   0.0000   0.0000   0.0000   0.2746
  13.000   1.5051   0.03881   0.03206  -0.0617  0.0403  1.0000  -5.6985   0.0000   0.0000   0.0000   0.2716
  13.500   1.5133   0.04296   0.03642  -0.0596  0.0350  1.0000  -5.9241   0.0000   0.0000   0.0000   0.2690
  14.000   1.5081   0.04871   0.04226  -0.0577  0.0295  1.0000  -6.0891   0.0000   0.0000   0.0000   0.2669
  14.500   1.4885   0.05655   0.05040  -0.0561  0.0257  1.0000  -6.1397   0.0000   0.0000   0.0000   0.2652
  15.000   1.4886   0.06253   0.05660  -0.0556  0.0239  1.0000  -6.3210   0.0000   0.0000   0.0000   0.2638


