xflr5 v6.59

 Calculated polar for: revR_30_revT

 1 1 Reynolds number fixed          Mach number fixed         

 xtrf =   1.000 (top)        1.000 (bottom)
 Mach =   0.000     Re =     0.215 e 6     Ncrit =   9.000

  alpha     CL        CD       CDp       Cm    Top Xtr Bot Xtr   Cpmin    Chinge    XCp    
 ------- -------- --------- --------- -------- ------- ------- -------- --------- ---------
  -5.000  -0.1413   0.01597   0.00873  -0.0951  0.9062  0.0756  -2.4004   0.0000   0.0000   0.0000  -0.4410
  -4.500  -0.0840   0.01463   0.00728  -0.0953  0.8958  0.0999  -2.0767   0.0000   0.0000   0.0000  -0.9106
  -4.000  -0.0348   0.01353   0.00642  -0.0943  0.8807  0.1561  -1.7773   0.0000   0.0000   0.0000  -2.5173
  -3.500   0.0184   0.01274   0.00595  -0.0939  0.8685  0.2494  -1.4696   0.0000   0.0000   0.0000   5.4338
  -3.000   0.0703   0.01205   0.00559  -0.0933  0.8547  0.3599  -1.2245   0.0000   0.0000   0.0000   1.5964
  -2.500   0.1210   0.01145   0.00549  -0.0923  0.8420  0.5092  -1.0170   0.0000   0.0000   0.0000   1.0216
  -2.000   0.1707   0.01100   0.00548  -0.0902  0.8285  0.6568  -0.8175   0.0000   0.0000   0.0000   0.7830
  -1.500   0.2193   0.01097   0.00561  -0.0878  0.8140  0.7479  -0.6356   0.0000   0.0000   0.0000   0.6527
  -1.000   0.2688   0.01095   0.00559  -0.0851  0.8018  0.8109  -0.5857   0.0000   0.0000   0.0000   0.5674
  -0.500   0.3135   0.01094   0.00561  -0.0817  0.7858  0.8614  -0.6238   0.0000   0.0000   0.0000   0.5105
   0.000   0.3586   0.01086   0.00550  -0.0782  0.7711  0.9077  -0.6640   0.0000   0.0000   0.0000   0.4670
   0.500   0.4175   0.01068   0.00521  -0.0776  0.7564  0.9525  -0.7156   0.0000   0.0000   0.0000   0.4342
   1.000   0.5027   0.01056   0.00501  -0.0834  0.7394  0.9894  -0.7867   0.0000   0.0000   0.0000   0.4136
   1.500   0.5661   0.01052   0.00484  -0.0854  0.7213  1.0000  -0.8504   0.0000   0.0000   0.0000   0.3980
   2.000   0.6153   0.01058   0.00477  -0.0843  0.7031  1.0000  -0.9061   0.0000   0.0000   0.0000   0.3837
   2.500   0.6688   0.01066   0.00471  -0.0839  0.6830  1.0000  -0.9723   0.0000   0.0000   0.0000   0.3716
   3.000   0.7221   0.01077   0.00475  -0.0834  0.6604  1.0000  -1.0441   0.0000   0.0000   0.0000   0.3611
   3.500   0.7757   0.01093   0.00483  -0.0828  0.6364  1.0000  -1.1242   0.0000   0.0000   0.0000   0.3519
   4.000   0.8289   0.01115   0.00498  -0.0822  0.6105  1.0000  -1.2193   0.0000   0.0000   0.0000   0.3438
   4.500   0.8808   0.01142   0.00523  -0.0814  0.5805  1.0000  -1.3278   0.0000   0.0000   0.0000   0.3366
   5.000   0.9324   0.01178   0.00553  -0.0806  0.5491  1.0000  -1.4661   0.0000   0.0000   0.0000   0.3300
   5.500   0.9828   0.01226   0.00588  -0.0796  0.5158  1.0000  -1.6279   0.0000   0.0000   0.0000   0.3239
   6.000   1.0317   0.01279   0.00639  -0.0784  0.4785  1.0000  -1.9265   0.0000   0.0000   0.0000   0.3184
   6.500   1.0793   0.01346   0.00697  -0.0770  0.4419  1.0000  -2.2474   0.0000   0.0000   0.0000   0.3132
   7.000   1.1245   0.01423   0.00764  -0.0754  0.4004  1.0000  -2.5751   0.0000   0.0000   0.0000   0.3082
   7.500   1.1686   0.01507   0.00846  -0.0737  0.3596  1.0000  -2.9118   0.0000   0.0000   0.0000   0.3036
   8.000   1.2098   0.01609   0.00940  -0.0717  0.3174  1.0000  -3.2619   0.0000   0.0000   0.0000   0.2991
   8.500   1.2469   0.01731   0.01049  -0.0692  0.2702  1.0000  -3.6127   0.0000   0.0000   0.0000   0.2947
   9.000   1.2792   0.01879   0.01184  -0.0662  0.2204  1.0000  -3.9541   0.0000   0.0000   0.0000   0.2902
   9.500   1.3046   0.02056   0.01342  -0.0624  0.1731  1.0000  -4.2734   0.0000   0.0000   0.0000   0.2856
  10.000   1.3233   0.02278   0.01544  -0.0582  0.1293  1.0000  -4.5670   0.0000   0.0000   0.0000   0.2809
  10.500   1.3371   0.02552   0.01802  -0.0540  0.0960  1.0000  -4.8365   0.0000   0.0000   0.0000   0.2766
  11.000   1.3498   0.02857   0.02107  -0.0504  0.0742  1.0000  -5.0919   0.0000   0.0000   0.0000   0.2727
  11.500   1.3522   0.03273   0.02522  -0.0466  0.0575  1.0000  -5.2804   0.0000   0.0000   0.0000   0.2690
  12.000   1.3654   0.03621   0.02895  -0.0442  0.0473  1.0000  -5.5113   0.0000   0.0000   0.0000   0.2660
  12.500   1.3561   0.04203   0.03491  -0.0410  0.0391  1.0000  -5.5823   0.0000   0.0000   0.0000   0.2629
  13.000   1.3609   0.04679   0.03991  -0.0391  0.0342  1.0000  -5.7242   0.0000   0.0000   0.0000   0.2605
  13.500   1.3602   0.05225   0.04556  -0.0375  0.0310  1.0000  -5.8489   0.0000   0.0000   0.0000   0.2584
  14.000   1.3548   0.05846   0.05194  -0.0358  0.0287  1.0000  -5.9264   0.0000   0.0000   0.0000   0.2563
  14.500   1.3467   0.06546   0.05928  -0.0331  0.0269  1.0000  -5.9214   0.0000   0.0000   0.0000   0.2536
  15.000   1.3385   0.07299   0.06720  -0.0323  0.0264  1.0000  -5.9434   0.0000   0.0000   0.0000   0.2523


