xflr5 v6.59

 Calculated polar for: revR_20_revT

 1 1 Reynolds number fixed          Mach number fixed         

 xtrf =   1.000 (top)        1.000 (bottom)
 Mach =   0.000     Re =     0.500 e 6     Ncrit =   9.000

  alpha     CL        CD       CDp       Cm    Top Xtr Bot Xtr   Cpmin    Chinge    XCp    
 ------- -------- --------- --------- -------- ------- ------- -------- --------- ---------
  -5.000  -0.1865   0.01073   0.00436  -0.0804  0.8508  0.0506  -2.5394   0.0000   0.0000   0.0000  -0.1941
  -4.500  -0.1348   0.01005   0.00366  -0.0796  0.8365  0.0716  -2.1886   0.0000   0.0000   0.0000  -0.3557
  -4.000  -0.0818   0.00954   0.00319  -0.0790  0.8234  0.1111  -1.8382   0.0000   0.0000   0.0000  -0.7378
  -3.500  -0.0289   0.00904   0.00287  -0.0786  0.8105  0.1668  -1.5014   0.0000   0.0000   0.0000  -2.5214
  -3.000   0.0245   0.00862   0.00260  -0.0781  0.7971  0.2367  -1.2350   0.0000   0.0000   0.0000   3.4830
  -2.500   0.0774   0.00810   0.00238  -0.0777  0.7841  0.3368  -1.0231   0.0000   0.0000   0.0000   1.2653
  -2.000   0.1299   0.00757   0.00224  -0.0772  0.7715  0.4682  -0.8209   0.0000   0.0000   0.0000   0.8491
  -1.500   0.1815   0.00708   0.00217  -0.0762  0.7571  0.6122  -0.6292   0.0000   0.0000   0.0000   0.6720
  -1.000   0.2345   0.00690   0.00219  -0.0752  0.7424  0.7016  -0.5574   0.0000   0.0000   0.0000   0.5715
  -0.500   0.2878   0.00687   0.00221  -0.0742  0.7282  0.7616  -0.6012   0.0000   0.0000   0.0000   0.5074
   0.000   0.3413   0.00684   0.00222  -0.0733  0.7119  0.8014  -0.6454   0.0000   0.0000   0.0000   0.4635
   0.500   0.3939   0.00683   0.00225  -0.0722  0.6947  0.8352  -0.6957   0.0000   0.0000   0.0000   0.4313
   1.000   0.4458   0.00687   0.00227  -0.0709  0.6769  0.8686  -0.7472   0.0000   0.0000   0.0000   0.4065
   1.500   0.4956   0.00689   0.00229  -0.0691  0.6558  0.9011  -0.8013   0.0000   0.0000   0.0000   0.3864
   2.500   0.6123   0.00703   0.00238  -0.0694  0.6086  0.9701  -0.9360   0.0000   0.0000   0.0000   0.3595
   3.000   0.6904   0.00721   0.00249  -0.0742  0.5785  0.9931  -1.0311   0.0000   0.0000   0.0000   0.3532
   3.500   0.7436   0.00746   0.00262  -0.0741  0.5480  1.0000  -1.1168   0.0000   0.0000   0.0000   0.3448
   4.000   0.7892   0.00782   0.00282  -0.0722  0.5161  1.0000  -1.2179   0.0000   0.0000   0.0000   0.3362
   4.500   0.8380   0.00818   0.00310  -0.0709  0.4840  1.0000  -1.3355   0.0000   0.0000   0.0000   0.3288
   5.000   0.8850   0.00866   0.00341  -0.0693  0.4449  1.0000  -1.4872   0.0000   0.0000   0.0000   0.3220
   5.500   0.9334   0.00912   0.00380  -0.0680  0.4101  1.0000  -1.7916   0.0000   0.0000   0.0000   0.3161
   6.000   0.9771   0.00983   0.00425  -0.0660  0.3550  1.0000  -2.1064   0.0000   0.0000   0.0000   0.3102
   6.500   1.0211   0.01053   0.00477  -0.0640  0.3094  1.0000  -2.4366   0.0000   0.0000   0.0000   0.3048
   7.000   1.0630   0.01135   0.00538  -0.0618  0.2620  1.0000  -2.7883   0.0000   0.0000   0.0000   0.2997
   7.500   1.1030   0.01224   0.00610  -0.0594  0.2167  1.0000  -3.1491   0.0000   0.0000   0.0000   0.2947
   8.000   1.1409   0.01320   0.00689  -0.0566  0.1763  1.0000  -3.5145   0.0000   0.0000   0.0000   0.2899
   8.500   1.1731   0.01437   0.00783  -0.0530  0.1318  1.0000  -3.8682   0.0000   0.0000   0.0000   0.2848
   9.000   1.1990   0.01558   0.00886  -0.0482  0.0975  1.0000  -4.2040   0.0000   0.0000   0.0000   0.2792
   9.500   1.2221   0.01679   0.01000  -0.0431  0.0731  1.0000  -4.5334   0.0000   0.0000   0.0000   0.2736
  10.000   1.2442   0.01812   0.01127  -0.0382  0.0544  1.0000  -4.8611   0.0000   0.0000   0.0000   0.2683
  10.500   1.2643   0.01963   0.01274  -0.0335  0.0408  1.0000  -5.1785   0.0000   0.0000   0.0000   0.2634
  11.000   1.2787   0.02159   0.01467  -0.0286  0.0265  1.0000  -5.4495   0.0000   0.0000   0.0000   0.2585
  11.500   1.2879   0.02408   0.01718  -0.0237  0.0180  1.0000  -5.6614   0.0000   0.0000   0.0000   0.2537
  12.000   1.2965   0.02686   0.02014  -0.0194  0.0155  1.0000  -5.8674   0.0000   0.0000   0.0000   0.2495
  12.500   1.3096   0.02955   0.02303  -0.0163  0.0144  1.0000  -6.1374   0.0000   0.0000   0.0000   0.2460
  13.000   1.3192   0.03274   0.02639  -0.0135  0.0136  1.0000  -6.3921   0.0000   0.0000   0.0000   0.2429
  13.500   1.3256   0.03647   0.03029  -0.0112  0.0130  1.0000  -6.6307   0.0000   0.0000   0.0000   0.2402
  14.000   1.3288   0.04080   0.03481  -0.0096  0.0125  1.0000  -6.8507   0.0000   0.0000   0.0000   0.2380
  14.500   1.3289   0.04581   0.04001  -0.0086  0.0121  1.0000  -7.0484   0.0000   0.0000   0.0000   0.2363
  15.000   1.3255   0.05168   0.04610  -0.0084  0.0119  1.0000  -7.2159   0.0000   0.0000   0.0000   0.2351


