xflr5 v6.59

 Calculated polar for: revR_95_revT

 1 1 Reynolds number fixed          Mach number fixed         

 xtrf =   1.000 (top)        1.000 (bottom)
 Mach =   0.000     Re =     0.455 e 6     Ncrit =   9.000

  alpha     CL        CD       CDp       Cm    Top Xtr Bot Xtr   Cpmin    Chinge    XCp    
 ------- -------- --------- --------- -------- ------- ------- -------- --------- ---------
  -5.000   0.1215   0.01265   0.00615  -0.1497  0.7763  0.0432  -2.3387   0.0000   0.0000   0.0000   1.5127
  -4.500   0.1784   0.01169   0.00510  -0.1502  0.7695  0.0531  -2.0799   0.0000   0.0000   0.0000   1.1104
  -4.000   0.2355   0.01115   0.00453  -0.1507  0.7619  0.0714  -1.8220   0.0000   0.0000   0.0000   0.9017
  -3.500   0.2926   0.01061   0.00407  -0.1511  0.7542  0.1041  -1.5711   0.0000   0.0000   0.0000   0.7746
  -3.000   0.3502   0.01020   0.00379  -0.1516  0.7470  0.1543  -1.3184   0.0000   0.0000   0.0000   0.6886
  -2.500   0.4083   0.01000   0.00368  -0.1523  0.7386  0.2147  -1.0830   0.0000   0.0000   0.0000   0.6266
  -2.000   0.4651   0.00967   0.00355  -0.1526  0.7314  0.2806  -0.8602   0.0000   0.0000   0.0000   0.5804
  -1.500   0.5226   0.00936   0.00343  -0.1530  0.7224  0.3624  -0.8346   0.0000   0.0000   0.0000   0.5439
  -1.000   0.5807   0.00921   0.00343  -0.1536  0.7130  0.4544  -0.8762   0.0000   0.0000   0.0000   0.5146
  -0.500   0.6370   0.00893   0.00348  -0.1538  0.7055  0.5598  -0.9206   0.0000   0.0000   0.0000   0.4906
   0.000   0.6927   0.00868   0.00350  -0.1536  0.6952  0.6762  -0.9654   0.0000   0.0000   0.0000   0.4701
   0.500   0.7476   0.00868   0.00362  -0.1531  0.6851  0.7607  -1.0098   0.0000   0.0000   0.0000   0.4525
   1.000   0.8009   0.00862   0.00370  -0.1523  0.6753  0.8167  -1.0587   0.0000   0.0000   0.0000   0.4372
   1.500   0.8512   0.00857   0.00367  -0.1507  0.6634  0.8758  -1.1119   0.0000   0.0000   0.0000   0.4233
   2.500   0.9577   0.00853   0.00361  -0.1493  0.6368  1.0000  -1.2306   0.0000   0.0000   0.0000   0.4008
   3.000   1.0146   0.00867   0.00375  -0.1497  0.6228  1.0000  -1.2989   0.0000   0.0000   0.0000   0.3919
   3.500   1.0700   0.00889   0.00387  -0.1498  0.6052  1.0000  -1.3671   0.0000   0.0000   0.0000   0.3836
   4.000   1.1245   0.00917   0.00405  -0.1497  0.5875  1.0000  -1.4360   0.0000   0.0000   0.0000   0.3761
   4.500   1.1785   0.00945   0.00432  -0.1496  0.5698  1.0000  -1.5176   0.0000   0.0000   0.0000   0.3692
   5.000   1.2307   0.00981   0.00463  -0.1492  0.5492  1.0000  -1.5989   0.0000   0.0000   0.0000   0.3628
   5.500   1.2811   0.01025   0.00499  -0.1484  0.5256  1.0000  -1.6946   0.0000   0.0000   0.0000   0.3567
   6.000   1.3302   0.01076   0.00543  -0.1475  0.5034  1.0000  -1.7946   0.0000   0.0000   0.0000   0.3510
   6.500   1.3767   0.01135   0.00595  -0.1461  0.4762  1.0000  -1.9165   0.0000   0.0000   0.0000   0.3455
   7.000   1.4215   0.01201   0.00656  -0.1445  0.4506  1.0000  -2.0383   0.0000   0.0000   0.0000   0.3403
   7.500   1.4624   0.01279   0.00726  -0.1422  0.4210  1.0000  -2.1786   0.0000   0.0000   0.0000   0.3351
   8.000   1.4988   0.01368   0.00808  -0.1393  0.3931  1.0000  -2.3223   0.0000   0.0000   0.0000   0.3300
   8.500   1.5310   0.01471   0.00905  -0.1357  0.3665  1.0000  -2.4655   0.0000   0.0000   0.0000   0.3249
   9.000   1.5581   0.01602   0.01027  -0.1317  0.3374  1.0000  -2.6456   0.0000   0.0000   0.0000   0.3199
   9.500   1.5829   0.01757   0.01176  -0.1277  0.3108  1.0000  -2.8420   0.0000   0.0000   0.0000   0.3152
  10.000   1.6075   0.01929   0.01347  -0.1240  0.2862  1.0000  -3.0992   0.0000   0.0000   0.0000   0.3108
  10.500   1.6275   0.02144   0.01556  -0.1202  0.2606  1.0000  -3.3487   0.0000   0.0000   0.0000   0.3066
  11.000   1.6443   0.02396   0.01802  -0.1164  0.2339  1.0000  -3.5933   0.0000   0.0000   0.0000   0.3026
  11.500   1.6588   0.02677   0.02080  -0.1127  0.2078  1.0000  -3.8406   0.0000   0.0000   0.0000   0.2988
  12.000   1.6711   0.02989   0.02388  -0.1092  0.1843  1.0000  -4.0868   0.0000   0.0000   0.0000   0.2952
  13.000   1.6867   0.03721   0.03114  -0.1023  0.1409  1.0000  -4.5564   0.0000   0.0000   0.0000   0.2884
  13.500   1.6912   0.04144   0.03536  -0.0992  0.1215  1.0000  -4.7824   0.0000   0.0000   0.0000   0.2854
  14.000   1.6948   0.04597   0.03993  -0.0965  0.1052  1.0000  -5.0068   0.0000   0.0000   0.0000   0.2826
  14.500   1.6976   0.05081   0.04481  -0.0942  0.0910  1.0000  -5.2295   0.0000   0.0000   0.0000   0.2800
  15.000   1.6942   0.05650   0.05054  -0.0921  0.0784  1.0000  -5.4245   0.0000   0.0000   0.0000   0.2777
  15.500   1.6934   0.06215   0.05627  -0.0905  0.0690  1.0000  -5.6326   0.0000   0.0000   0.0000   0.2756
  16.000   1.6890   0.06846   0.06270  -0.0892  0.0604  1.0000  -5.8206   0.0000   0.0000   0.0000   0.2739
  16.500   1.6818   0.07527   0.06959  -0.0884  0.0528  1.0000  -6.0001   0.0000   0.0000   0.0000   0.2724
  17.000   1.6713   0.08276   0.07723  -0.0880  0.0463  1.0000  -6.1598   0.0000   0.0000   0.0000   0.2713
  17.500   1.6592   0.09069   0.08530  -0.0881  0.0409  1.0000  -6.3329   0.0000   0.0000   0.0000   0.2705
  18.000   1.6380   0.10010   0.09486  -0.0890  0.0360  1.0000  -6.4441   0.0000   0.0000   0.0000   0.2705
  18.500   1.6288   0.10799   0.10295  -0.0901  0.0328  1.0000  -6.6349   0.0000   0.0000   0.0000   0.2702
  19.000   1.6088   0.11774   0.11284  -0.0922  0.0296  1.0000  -6.7461   0.0000   0.0000   0.0000   0.2709
  19.500   1.5843   0.12839   0.12367  -0.0951  0.0269  1.0000  -6.8055   0.0000   0.0000   0.0000   0.2724
  20.000   1.5755   0.13671   0.13220  -0.0978  0.0251  1.0000  -6.9731   0.0000   0.0000   0.0000   0.2732
  20.500   1.5631   0.14584   0.14149  -0.1014  0.0232  1.0000  -7.1048   0.0000   0.0000   0.0000   0.2746
  21.000   1.5457   0.15607   0.15185  -0.1060  0.0214  1.0000  -7.1792   0.0000   0.0000   0.0000   0.2770
  21.500   1.5321   0.16561   0.16154  -0.1106  0.0198  1.0000  -7.2570   0.0000   0.0000   0.0000   0.2793
  22.000   1.5263   0.17404   0.17017  -0.1152  0.0189  1.0000  -7.3998   0.0000   0.0000   0.0000   0.2812
  22.500   1.5201   0.18266   0.17897  -0.1203  0.0178  1.0000  -7.5271   0.0000   0.0000   0.0000   0.2834
  23.000   1.5157   0.19106   0.18753  -0.1255  0.0168  1.0000  -7.6717   0.0000   0.0000   0.0000   0.2856
  23.500   1.5102   0.19984   0.19643  -0.1313  0.0160  1.0000  -7.7932   0.0000   0.0000   0.0000   0.2883
  24.000   1.5070   0.20784   0.20452  -0.1367  0.0149  1.0000  -7.9157   0.0000   0.0000   0.0000   0.2905
  24.500   1.5021   0.21664   0.21352  -0.1430  0.0142  1.0000  -7.9994   0.0000   0.0000   0.0000   0.2935
  25.000   1.4971   0.22606   0.22315  -0.1501  0.0138  1.0000  -8.0725   0.0000   0.0000   0.0000   0.2970
  25.500   1.4917   0.23577   0.23306  -0.1575  0.0133  1.0000  -8.1157   0.0000   0.0000   0.0000   0.3009
  26.000   1.4815   0.24718   0.24470  -0.1664  0.0129  1.0000  -8.0568   0.0000   0.0000   0.0000   0.3062
  26.500   1.4664   0.26070   0.25847  -0.1770  0.0125  1.0000  -7.8648   0.0000   0.0000   0.0000   0.3133


