xflr5 v6.59

 Calculated polar for: revR_15_revT

 1 1 Reynolds number fixed          Mach number fixed         

 xtrf =   1.000 (top)        1.000 (bottom)
 Mach =   0.000     Re =     0.360 e 6     Ncrit =   9.000

  alpha     CL        CD       CDp       Cm    Top Xtr Bot Xtr   Cpmin    Chinge    XCp    
 ------- -------- --------- --------- -------- ------- ------- -------- --------- ---------
  -5.000  -0.1996   0.01207   0.00542  -0.0783  0.8886  0.0592  -2.5115   0.0000   0.0000   0.0000  -0.1539
  -4.500  -0.1492   0.01114   0.00446  -0.0771  0.8731  0.0866  -2.1602   0.0000   0.0000   0.0000  -0.2803
  -4.000  -0.0989   0.01046   0.00394  -0.0761  0.8575  0.1383  -1.8241   0.0000   0.0000   0.0000  -0.5373
  -3.500  -0.0466   0.00992   0.00358  -0.0755  0.8438  0.2080  -1.4922   0.0000   0.0000   0.0000  -1.3994
  -3.000   0.0044   0.00931   0.00327  -0.0747  0.8291  0.3106  -1.2221   0.0000   0.0000   0.0000  17.5151
  -2.500   0.0550   0.00869   0.00306  -0.0738  0.8141  0.4415  -1.0164   0.0000   0.0000   0.0000   1.6088
  -2.000   0.1055   0.00816   0.00296  -0.0725  0.8008  0.5919  -0.8185   0.0000   0.0000   0.0000   0.9438
  -1.500   0.1562   0.00791   0.00300  -0.0710  0.7857  0.6966  -0.6290   0.0000   0.0000   0.0000   0.7072
  -1.000   0.2081   0.00786   0.00302  -0.0695  0.7706  0.7623  -0.5358   0.0000   0.0000   0.0000   0.5847
  -0.500   0.2603   0.00783   0.00298  -0.0680  0.7547  0.8062  -0.5789   0.0000   0.0000   0.0000   0.5110
   0.000   0.3116   0.00783   0.00300  -0.0665  0.7387  0.8445  -0.6217   0.0000   0.0000   0.0000   0.4622
   0.500   0.3614   0.00782   0.00299  -0.0644  0.7208  0.8788  -0.6712   0.0000   0.0000   0.0000   0.4265
   1.000   0.4110   0.00782   0.00295  -0.0624  0.7028  0.9131  -0.7214   0.0000   0.0000   0.0000   0.3994
   1.500   0.4667   0.00782   0.00292  -0.0617  0.6822  0.9470  -0.7778   0.0000   0.0000   0.0000   0.3792
   2.000   0.5406   0.00789   0.00292  -0.0652  0.6584  0.9712  -0.8549   0.0000   0.0000   0.0000   0.3672
   2.500   0.6209   0.00802   0.00295  -0.0703  0.6329  0.9887  -0.9418   0.0000   0.0000   0.0000   0.3595
   3.000   0.6896   0.00813   0.00300  -0.0734  0.6024  1.0000  -1.0341   0.0000   0.0000   0.0000   0.3522
   3.500   0.7259   0.00834   0.00311  -0.0698  0.5740  1.0000  -1.1125   0.0000   0.0000   0.0000   0.3415
   4.000   0.7699   0.00867   0.00330  -0.0675  0.5417  1.0000  -1.2137   0.0000   0.0000   0.0000   0.3325
   4.500   0.8169   0.00905   0.00358  -0.0658  0.5086  1.0000  -1.3408   0.0000   0.0000   0.0000   0.3249
   5.000   0.8634   0.00951   0.00390  -0.0641  0.4697  1.0000  -1.5340   0.0000   0.0000   0.0000   0.3181
   5.500   0.9105   0.01000   0.00431  -0.0625  0.4348  1.0000  -1.8497   0.0000   0.0000   0.0000   0.3120
   6.000   0.9553   0.01061   0.00478  -0.0606  0.3947  1.0000  -2.1741   0.0000   0.0000   0.0000   0.3062
   6.500   0.9981   0.01132   0.00531  -0.0584  0.3463  1.0000  -2.5068   0.0000   0.0000   0.0000   0.3008
   7.000   1.0389   0.01214   0.00593  -0.0560  0.2940  1.0000  -2.8463   0.0000   0.0000   0.0000   0.2956
   7.500   1.0779   0.01307   0.00670  -0.0534  0.2456  1.0000  -3.1982   0.0000   0.0000   0.0000   0.2906
   8.000   1.1142   0.01411   0.00755  -0.0504  0.1987  1.0000  -3.5611   0.0000   0.0000   0.0000   0.2857
   8.500   1.1459   0.01533   0.00855  -0.0468  0.1512  1.0000  -3.9159   0.0000   0.0000   0.0000   0.2806
   9.000   1.1706   0.01667   0.00969  -0.0420  0.1112  1.0000  -4.2487   0.0000   0.0000   0.0000   0.2750
   9.500   1.1917   0.01803   0.01097  -0.0367  0.0826  1.0000  -4.5705   0.0000   0.0000   0.0000   0.2693
  10.000   1.2124   0.01950   0.01240  -0.0318  0.0627  1.0000  -4.8906   0.0000   0.0000   0.0000   0.2640
  10.500   1.2304   0.02120   0.01410  -0.0270  0.0471  1.0000  -5.1930   0.0000   0.0000   0.0000   0.2590
  11.000   1.2421   0.02345   0.01635  -0.0220  0.0326  1.0000  -5.4349   0.0000   0.0000   0.0000   0.2540
  11.500   1.2403   0.02684   0.01981  -0.0164  0.0231  1.0000  -5.5488   0.0000   0.0000   0.0000   0.2488
  12.000   1.2499   0.02977   0.02293  -0.0128  0.0205  1.0000  -5.7553   0.0000   0.0000   0.0000   0.2449
  12.500   1.2560   0.03323   0.02659  -0.0097  0.0189  1.0000  -5.9603   0.0000   0.0000   0.0000   0.2416
  13.000   1.2577   0.03739   0.03092  -0.0073  0.0178  1.0000  -6.1424   0.0000   0.0000   0.0000   0.2387
  13.500   1.2538   0.04249   0.03622  -0.0054  0.0169  1.0000  -6.2765   0.0000   0.0000   0.0000   0.2362
  14.000   1.2461   0.04844   0.04243  -0.0041  0.0162  1.0000  -6.3642   0.0000   0.0000   0.0000   0.2343
  14.500   1.2373   0.05516   0.04944  -0.0035  0.0156  1.0000  -6.4145   0.0000   0.0000   0.0000   0.2329
  15.000   1.2381   0.06111   0.05564  -0.0040  0.0154  1.0000  -6.5682   0.0000   0.0000   0.0000   0.2323


