xflr5 v6.59

 Calculated polar for: revR_25_revT

 1 1 Reynolds number fixed          Mach number fixed         

 xtrf =   1.000 (top)        1.000 (bottom)
 Mach =   0.000     Re =     0.395 e 6     Ncrit =   9.000

  alpha     CL        CD       CDp       Cm    Top Xtr Bot Xtr   Cpmin    Chinge    XCp    
 ------- -------- --------- --------- -------- ------- ------- -------- --------- ---------
  -5.000  -0.1690   0.01189   0.00533  -0.0851  0.8615  0.0544  -2.5096   0.0000   0.0000   0.0000  -0.2680
  -4.500  -0.1157   0.01106   0.00438  -0.0845  0.8482  0.0757  -2.1710   0.0000   0.0000   0.0000  -0.4987
  -4.000  -0.0624   0.01035   0.00382  -0.0841  0.8348  0.1193  -1.8267   0.0000   0.0000   0.0000  -1.1277
  -3.500  -0.0081   0.00985   0.00345  -0.0840  0.8227  0.1818  -1.4988   0.0000   0.0000   0.0000  -10.3232
  -3.000   0.0459   0.00932   0.00317  -0.0838  0.8099  0.2658  -1.2373   0.0000   0.0000   0.0000   2.1030
  -2.500   0.0995   0.00876   0.00295  -0.0835  0.7968  0.3837  -1.0236   0.0000   0.0000   0.0000   1.0991
  -2.000   0.1529   0.00824   0.00281  -0.0831  0.7840  0.5129  -0.8193   0.0000   0.0000   0.0000   0.7981
  -1.500   0.2051   0.00785   0.00283  -0.0821  0.7710  0.6537  -0.6257   0.0000   0.0000   0.0000   0.6524
  -1.000   0.2584   0.00772   0.00282  -0.0810  0.7568  0.7316  -0.5766   0.0000   0.0000   0.0000   0.5641
  -0.500   0.3115   0.00768   0.00286  -0.0799  0.7420  0.7850  -0.6199   0.0000   0.0000   0.0000   0.5061
   0.000   0.3648   0.00771   0.00286  -0.0788  0.7280  0.8257  -0.6648   0.0000   0.0000   0.0000   0.4648
   0.500   0.4160   0.00766   0.00285  -0.0772  0.7109  0.8614  -0.7127   0.0000   0.0000   0.0000   0.4337
   1.000   0.4665   0.00765   0.00286  -0.0755  0.6938  0.8967  -0.7634   0.0000   0.0000   0.0000   0.4095
   1.500   0.5151   0.00762   0.00283  -0.0733  0.6754  0.9345  -0.8180   0.0000   0.0000   0.0000   0.3893
   2.000   0.5791   0.00762   0.00277  -0.0746  0.6543  0.9731  -0.8844   0.0000   0.0000   0.0000   0.3754
   2.500   0.6516   0.00769   0.00276  -0.0783  0.6302  1.0000  -0.9647   0.0000   0.0000   0.0000   0.3663
   3.000   0.7041   0.00789   0.00285  -0.0779  0.6053  1.0000  -1.0369   0.0000   0.0000   0.0000   0.3563
   3.500   0.7577   0.00814   0.00300  -0.0776  0.5767  1.0000  -1.1195   0.0000   0.0000   0.0000   0.3476
   4.000   0.8107   0.00847   0.00321  -0.0772  0.5463  1.0000  -1.2218   0.0000   0.0000   0.0000   0.3399
   4.500   0.8630   0.00887   0.00349  -0.0767  0.5143  1.0000  -1.3361   0.0000   0.0000   0.0000   0.3330
   5.000   0.9150   0.00930   0.00383  -0.0761  0.4788  1.0000  -1.4870   0.0000   0.0000   0.0000   0.3268
   5.500   0.9657   0.00984   0.00424  -0.0753  0.4429  1.0000  -1.7367   0.0000   0.0000   0.0000   0.3211
   6.000   1.0158   0.01041   0.00472  -0.0746  0.4035  1.0000  -2.0634   0.0000   0.0000   0.0000   0.3159
   6.500   1.0634   0.01117   0.00529  -0.0735  0.3545  1.0000  -2.3981   0.0000   0.0000   0.0000   0.3110
   7.000   1.1095   0.01206   0.00598  -0.0722  0.3045  1.0000  -2.7518   0.0000   0.0000   0.0000   0.3064
   7.500   1.1542   0.01306   0.00676  -0.0709  0.2536  1.0000  -3.1225   0.0000   0.0000   0.0000   0.3021
   8.000   1.1976   0.01415   0.00766  -0.0694  0.2087  1.0000  -3.5018   0.0000   0.0000   0.0000   0.2979
   9.000   1.2746   0.01689   0.01001  -0.0652  0.1186  1.0000  -4.2570   0.0000   0.0000   0.0000   0.2898
   9.500   1.3086   0.01839   0.01138  -0.0626  0.0866  1.0000  -4.6283   0.0000   0.0000   0.0000   0.2857
  10.000   1.3370   0.02003   0.01294  -0.0592  0.0639  1.0000  -4.9801   0.0000   0.0000   0.0000   0.2815
  10.500   1.3626   0.02185   0.01475  -0.0557  0.0475  1.0000  -5.3168   0.0000   0.0000   0.0000   0.2773
  11.000   1.3829   0.02414   0.01705  -0.0522  0.0334  1.0000  -5.6091   0.0000   0.0000   0.0000   0.2733
  11.500   1.3925   0.02745   0.02045  -0.0481  0.0234  1.0000  -5.7927   0.0000   0.0000   0.0000   0.2694
  12.000   1.4033   0.03089   0.02406  -0.0451  0.0200  1.0000  -6.0092   0.0000   0.0000   0.0000   0.2660
  12.500   1.4029   0.03562   0.02901  -0.0420  0.0179  1.0000  -6.1477   0.0000   0.0000   0.0000   0.2629
  13.000   1.3905   0.04185   0.03556  -0.0392  0.0168  1.0000  -6.2043   0.0000   0.0000   0.0000   0.2602
  13.500   1.3922   0.04695   0.04088  -0.0377  0.0164  1.0000  -6.3820   0.0000   0.0000   0.0000   0.2581
  14.000   1.3961   0.05209   0.04624  -0.0369  0.0160  1.0000  -6.5862   0.0000   0.0000   0.0000   0.2565
  14.500   1.3964   0.05785   0.05223  -0.0365  0.0155  1.0000  -6.7659   0.0000   0.0000   0.0000   0.2552
  15.000   1.3937   0.06439   0.05900  -0.0367  0.0151  1.0000  -6.9186   0.0000   0.0000   0.0000   0.2544


