xflr5 v6.59

 Calculated polar for: revR_10_revT

 1 1 Reynolds number fixed          Mach number fixed         

 xtrf =   1.000 (top)        1.000 (bottom)
 Mach =   0.000     Re =     0.255 e 6     Ncrit =   9.000

  alpha     CL        CD       CDp       Cm    Top Xtr Bot Xtr   Cpmin    Chinge    XCp    
 ------- -------- --------- --------- -------- ------- ------- -------- --------- ---------
  -5.000  -0.2294   0.01416   0.00715  -0.0737  0.9252  0.0717  -2.5314   0.0000   0.0000   0.0000  -0.0813
  -4.500  -0.1718   0.01283   0.00582  -0.0741  0.9125  0.1036  -2.1740   0.0000   0.0000   0.0000  -0.1930
  -4.000  -0.1169   0.01185   0.00507  -0.0740  0.8975  0.1720  -1.8123   0.0000   0.0000   0.0000  -0.3979
  -3.500  -0.0674   0.01108   0.00468  -0.0730  0.8812  0.2740  -1.4924   0.0000   0.0000   0.0000  -0.8552
  -3.000  -0.0165   0.01033   0.00433  -0.0721  0.8669  0.4054  -1.2123   0.0000   0.0000   0.0000  -4.1817
  -2.500   0.0309   0.00963   0.00417  -0.0701  0.8507  0.5660  -1.0131   0.0000   0.0000   0.0000   2.5506
  -2.000   0.0786   0.00935   0.00424  -0.0676  0.8340  0.6910  -0.8202   0.0000   0.0000   0.0000   1.1192
  -1.500   0.1297   0.00933   0.00426  -0.0656  0.8201  0.7623  -0.6300   0.0000   0.0000   0.0000   0.7595
  -1.000   0.1790   0.00931   0.00425  -0.0632  0.8032  0.8141  -0.5122   0.0000   0.0000   0.0000   0.6045
  -0.500   0.2274   0.00931   0.00425  -0.0607  0.7857  0.8546  -0.5531   0.0000   0.0000   0.0000   0.5167
   0.000   0.2756   0.00932   0.00420  -0.0580  0.7690  0.8936  -0.5944   0.0000   0.0000   0.0000   0.4595
   0.500   0.3304   0.00928   0.00409  -0.0566  0.7520  0.9268  -0.6471   0.0000   0.0000   0.0000   0.4197
   1.000   0.4013   0.00928   0.00402  -0.0590  0.7312  0.9555  -0.7099   0.0000   0.0000   0.0000   0.3946
   1.500   0.4869   0.00931   0.00397  -0.0648  0.7098  0.9733  -0.7873   0.0000   0.0000   0.0000   0.3804
   2.000   0.5711   0.00931   0.00385  -0.0706  0.6842  0.9900  -0.8733   0.0000   0.0000   0.0000   0.3705
   2.500   0.6394   0.00931   0.00376  -0.0736  0.6586  1.0000  -0.9574   0.0000   0.0000   0.0000   0.3615
   3.000   0.6712   0.00940   0.00374  -0.0692  0.6316  1.0000  -1.0219   0.0000   0.0000   0.0000   0.3491
   3.500   0.7085   0.00958   0.00386  -0.0657  0.6014  1.0000  -1.1074   0.0000   0.0000   0.0000   0.3382
   4.000   0.7520   0.00987   0.00405  -0.0632  0.5699  1.0000  -1.2101   0.0000   0.0000   0.0000   0.3291
   4.500   0.7974   0.01027   0.00429  -0.0612  0.5352  1.0000  -1.3502   0.0000   0.0000   0.0000   0.3212
   5.000   0.8437   0.01068   0.00465  -0.0593  0.4984  1.0000  -1.5876   0.0000   0.0000   0.0000   0.3143
   5.500   0.8888   0.01120   0.00506  -0.0573  0.4580  1.0000  -1.9032   0.0000   0.0000   0.0000   0.3080
   6.000   0.9340   0.01179   0.00556  -0.0554  0.4207  1.0000  -2.2338   0.0000   0.0000   0.0000   0.3022
   6.500   0.9766   0.01246   0.00611  -0.0531  0.3757  1.0000  -2.5715   0.0000   0.0000   0.0000   0.2968
   7.000   1.0181   0.01321   0.00676  -0.0507  0.3320  1.0000  -2.9180   0.0000   0.0000   0.0000   0.2916
   7.500   1.0562   0.01412   0.00756  -0.0478  0.2828  1.0000  -3.2643   0.0000   0.0000   0.0000   0.2865
   8.000   1.0901   0.01524   0.00846  -0.0445  0.2303  1.0000  -3.6044   0.0000   0.0000   0.0000   0.2814
   8.500   1.1189   0.01659   0.00955  -0.0405  0.1733  1.0000  -3.9399   0.0000   0.0000   0.0000   0.2762
   9.000   1.1414   0.01811   0.01083  -0.0356  0.1243  1.0000  -4.2625   0.0000   0.0000   0.0000   0.2705
   9.500   1.1563   0.01984   0.01240  -0.0296  0.0895  1.0000  -4.5524   0.0000   0.0000   0.0000   0.2643
  10.000   1.1714   0.02170   0.01421  -0.0242  0.0677  1.0000  -4.8367   0.0000   0.0000   0.0000   0.2586
  10.500   1.1847   0.02382   0.01635  -0.0192  0.0515  1.0000  -5.1022   0.0000   0.0000   0.0000   0.2535
  11.000   1.1951   0.02634   0.01893  -0.0146  0.0387  1.0000  -5.3238   0.0000   0.0000   0.0000   0.2487
  11.500   1.1935   0.03001   0.02278  -0.0096  0.0303  1.0000  -5.4226   0.0000   0.0000   0.0000   0.2438
  12.000   1.1982   0.03358   0.02649  -0.0062  0.0264  1.0000  -5.5889   0.0000   0.0000   0.0000   0.2401
  12.500   1.1931   0.03846   0.03153  -0.0031  0.0240  1.0000  -5.6787   0.0000   0.0000   0.0000   0.2366
  13.000   1.1921   0.04387   0.03725  -0.0004  0.0227  1.0000  -5.7412   0.0000   0.0000   0.0000   0.2335
  13.500   1.2011   0.04833   0.04199   0.0009  0.0222  1.0000  -5.9067   0.0000   0.0000   0.0000   0.2315
  14.000   1.2061   0.05358   0.04755   0.0018  0.0218  1.0000  -6.0378   0.0000   0.0000   0.0000   0.2299
  14.500   1.2050   0.05985   0.05417   0.0019  0.0216  1.0000  -6.1238   0.0000   0.0000   0.0000   0.2289
  15.000   1.1958   0.06753   0.06223   0.0009  0.0215  1.0000  -6.1529   0.0000   0.0000   0.0000   0.2288


