xflr5 v6.59

 Calculated polar for: revR_95_revT

 1 1 Reynolds number fixed          Mach number fixed         

 xtrf =   1.000 (top)        1.000 (bottom)
 Mach =   0.000     Re =     0.360 e 6     Ncrit =   9.000

  alpha     CL        CD       CDp       Cm    Top Xtr Bot Xtr   Cpmin    Chinge    XCp    
 ------- -------- --------- --------- -------- ------- ------- -------- --------- ---------
  -5.000   0.1203   0.01392   0.00716  -0.1502  0.7905  0.0490  -2.3192   0.0000   0.0000   0.0000   1.5301
  -4.500   0.1761   0.01335   0.00653  -0.1504  0.7838  0.0566  -2.0512   0.0000   0.0000   0.0000   1.1229
  -4.000   0.2327   0.01237   0.00553  -0.1508  0.7759  0.0770  -1.8151   0.0000   0.0000   0.0000   0.9105
  -3.500   0.2906   0.01179   0.00500  -0.1514  0.7682  0.1136  -1.5656   0.0000   0.0000   0.0000   0.7795
  -3.000   0.3472   0.01144   0.00479  -0.1518  0.7606  0.1669  -1.3193   0.0000   0.0000   0.0000   0.6931
  -2.500   0.4041   0.01105   0.00462  -0.1523  0.7526  0.2353  -1.0881   0.0000   0.0000   0.0000   0.6308
  -2.000   0.4621   0.01074   0.00441  -0.1528  0.7445  0.3065  -0.8634   0.0000   0.0000   0.0000   0.5830
  -1.500   0.5194   0.01053   0.00441  -0.1532  0.7361  0.3966  -0.8304   0.0000   0.0000   0.0000   0.5463
  -1.000   0.5757   0.01022   0.00436  -0.1534  0.7266  0.4957  -0.8712   0.0000   0.0000   0.0000   0.5167
  -0.500   0.6324   0.00992   0.00435  -0.1535  0.7180  0.6141  -0.9161   0.0000   0.0000   0.0000   0.4920
   0.000   0.6866   0.00986   0.00454  -0.1529  0.7090  0.7218  -0.9597   0.0000   0.0000   0.0000   0.4711
   0.500   0.7393   0.00974   0.00454  -0.1518  0.6977  0.7965  -1.0029   0.0000   0.0000   0.0000   0.4530
   1.000   0.7908   0.00973   0.00454  -0.1503  0.6879  0.8548  -1.0512   0.0000   0.0000   0.0000   0.4371
   1.500   0.8331   0.00957   0.00455  -0.1469  0.6774  0.9290  -1.0985   0.0000   0.0000   0.0000   0.4227
   2.000   0.8947   0.00947   0.00434  -0.1480  0.6646  1.0000  -1.1591   0.0000   0.0000   0.0000   0.4111
   2.500   0.9523   0.00962   0.00444  -0.1486  0.6514  1.0000  -1.2245   0.0000   0.0000   0.0000   0.4011
   3.000   1.0101   0.00976   0.00443  -0.1491  0.6375  1.0000  -1.2938   0.0000   0.0000   0.0000   0.3920
   3.500   1.0650   0.00993   0.00460  -0.1491  0.6217  1.0000  -1.3612   0.0000   0.0000   0.0000   0.3837
   4.000   1.1196   0.01015   0.00474  -0.1490  0.6041  1.0000  -1.4300   0.0000   0.0000   0.0000   0.3761
   4.500   1.1735   0.01045   0.00493  -0.1488  0.5865  1.0000  -1.5116   0.0000   0.0000   0.0000   0.3691
   5.000   1.2258   0.01076   0.00526  -0.1484  0.5677  1.0000  -1.5927   0.0000   0.0000   0.0000   0.3626
   5.500   1.2761   0.01115   0.00561  -0.1475  0.5447  1.0000  -1.6876   0.0000   0.0000   0.0000   0.3565
   6.000   1.3252   0.01163   0.00604  -0.1466  0.5221  1.0000  -1.7863   0.0000   0.0000   0.0000   0.3508
   6.500   1.3721   0.01219   0.00655  -0.1452  0.4978  1.0000  -1.9081   0.0000   0.0000   0.0000   0.3453
   7.500   1.4574   0.01361   0.00786  -0.1413  0.4445  1.0000  -2.1677   0.0000   0.0000   0.0000   0.3348
   8.000   1.4924   0.01454   0.00871  -0.1381  0.4142  1.0000  -2.3089   0.0000   0.0000   0.0000   0.3296
   8.500   1.5236   0.01557   0.00970  -0.1343  0.3882  1.0000  -2.4490   0.0000   0.0000   0.0000   0.3244
   9.000   1.5503   0.01687   0.01093  -0.1302  0.3611  1.0000  -2.6226   0.0000   0.0000   0.0000   0.3194
   9.500   1.5723   0.01851   0.01250  -0.1257  0.3323  1.0000  -2.8108   0.0000   0.0000   0.0000   0.3145
  10.000   1.5938   0.02038   0.01435  -0.1217  0.3068  1.0000  -3.0462   0.0000   0.0000   0.0000   0.3101
  10.500   1.6142   0.02249   0.01645  -0.1180  0.2821  1.0000  -3.2948   0.0000   0.0000   0.0000   0.3058
  11.500   1.6446   0.02787   0.02178  -0.1105  0.2311  1.0000  -3.7747   0.0000   0.0000   0.0000   0.2980
  12.000   1.6560   0.03107   0.02497  -0.1070  0.2059  1.0000  -4.0152   0.0000   0.0000   0.0000   0.2944
  12.500   1.6636   0.03468   0.02856  -0.1034  0.1829  1.0000  -4.2450   0.0000   0.0000   0.0000   0.2910
  13.000   1.6691   0.03867   0.03254  -0.1001  0.1608  1.0000  -4.4695   0.0000   0.0000   0.0000   0.2878
  13.500   1.6707   0.04320   0.03706  -0.0970  0.1404  1.0000  -4.6805   0.0000   0.0000   0.0000   0.2848
  14.000   1.6738   0.04787   0.04175  -0.0945  0.1223  1.0000  -4.8991   0.0000   0.0000   0.0000   0.2821
  14.500   1.6750   0.05293   0.04689  -0.0922  0.1064  1.0000  -5.1112   0.0000   0.0000   0.0000   0.2796
  15.000   1.6729   0.05857   0.05259  -0.0903  0.0927  1.0000  -5.3085   0.0000   0.0000   0.0000   0.2774
  15.500   1.6624   0.06545   0.05950  -0.0887  0.0796  1.0000  -5.4658   0.0000   0.0000   0.0000   0.2756
  16.000   1.6625   0.07130   0.06548  -0.0877  0.0707  1.0000  -5.6723   0.0000   0.0000   0.0000   0.2738
  16.500   1.6488   0.07908   0.07335  -0.0871  0.0618  1.0000  -5.8088   0.0000   0.0000   0.0000   0.2727
  17.000   1.6435   0.08603   0.08046  -0.0870  0.0548  1.0000  -5.9916   0.0000   0.0000   0.0000   0.2716
  17.500   1.6215   0.09547   0.09000  -0.0875  0.0480  1.0000  -6.0837   0.0000   0.0000   0.0000   0.2714
  18.000   1.6137   0.10308   0.09784  -0.0883  0.0433  1.0000  -6.2728   0.0000   0.0000   0.0000   0.2710
  18.500   1.5917   0.11303   0.10788  -0.0902  0.0386  1.0000  -6.3645   0.0000   0.0000   0.0000   0.2716
  19.000   1.5765   0.12211   0.11717  -0.0923  0.0351  1.0000  -6.4905   0.0000   0.0000   0.0000   0.2723
  19.500   1.5657   0.13066   0.12592  -0.0948  0.0321  1.0000  -6.6434   0.0000   0.0000   0.0000   0.2730
  20.000   1.5492   0.14036   0.13573  -0.0983  0.0294  1.0000  -6.7446   0.0000   0.0000   0.0000   0.2746
  20.500   1.5343   0.14979   0.14531  -0.1020  0.0268  1.0000  -6.8323   0.0000   0.0000   0.0000   0.2763
  21.000   1.5295   0.15787   0.15360  -0.1057  0.0251  1.0000  -6.9963   0.0000   0.0000   0.0000   0.2776
  21.500   1.5228   0.16641   0.16231  -0.1101  0.0233  1.0000  -7.1370   0.0000   0.0000   0.0000   0.2794
  22.000   1.5145   0.17528   0.17129  -0.1151  0.0218  1.0000  -7.2532   0.0000   0.0000   0.0000   0.2817
  22.500   1.5100   0.18274   0.17884  -0.1191  0.0200  1.0000  -7.3718   0.0000   0.0000   0.0000   0.2831
  23.000   1.5058   0.19135   0.18771  -0.1246  0.0193  1.0000  -7.4987   0.0000   0.0000   0.0000   0.2855
  23.500   1.5006   0.20028   0.19687  -0.1305  0.0185  1.0000  -7.6010   0.0000   0.0000   0.0000   0.2884
  24.000   1.4959   0.20926   0.20604  -0.1368  0.0176  1.0000  -7.6935   0.0000   0.0000   0.0000   0.2914
  24.500   1.4889   0.21907   0.21605  -0.1440  0.0169  1.0000  -7.7434   0.0000   0.0000   0.0000   0.2951
  25.000   1.4822   0.22905   0.22620  -0.1516  0.0162  1.0000  -7.7798   0.0000   0.0000   0.0000   0.2992
  25.500   1.4765   0.23887   0.23617  -0.1592  0.0156  1.0000  -7.8088   0.0000   0.0000   0.0000   0.3033
  26.000   1.4590   0.25270   0.25024  -0.1700  0.0150  1.0000  -7.5985   0.0000   0.0000   0.0000   0.3108
  28.000   1.3719   0.35928   0.35713  -0.2396  0.0166  1.0000  -2.7332   0.0000   0.0000   0.0000   0.3699
  28.500   1.3847   0.36381   0.36167  -0.2442  0.0155  1.0000  -2.8518   0.0000   0.0000   0.0000   0.3698
  29.000   1.3977   0.36704   0.36495  -0.2473  0.0149  1.0000  -3.0673   0.0000   0.0000   0.0000   0.3684
  29.500   1.4087   0.37484   0.37275  -0.2517  0.0144  1.0000  -3.0670   0.0000   0.0000   0.0000   0.3683
  30.000   1.4205   0.38458   0.38247  -0.2620  0.0136  1.0000  -2.7118   0.0000   0.0000   0.0000   0.3728


