xflr5 v6.59

 Calculated polar for: revR_10_revT

 1 1 Reynolds number fixed          Mach number fixed         

 xtrf =   1.000 (top)        1.000 (bottom)
 Mach =   0.000     Re =     0.370 e 6     Ncrit =   9.000

  alpha     CL        CD       CDp       Cm    Top Xtr Bot Xtr   Cpmin    Chinge    XCp    
 ------- -------- --------- --------- -------- ------- ------- -------- --------- ---------
  -5.000  -0.2205   0.01172   0.00512  -0.0734  0.8965  0.0619  -2.5520   0.0000   0.0000   0.0000  -0.0934
  -4.500  -0.1709   0.01093   0.00434  -0.0721  0.8793  0.0888  -2.1935   0.0000   0.0000   0.0000  -0.1838
  -4.000  -0.1194   0.01029   0.00382  -0.0713  0.8638  0.1419  -1.8309   0.0000   0.0000   0.0000  -0.3609
  -3.500  -0.0677   0.00973   0.00344  -0.0705  0.8488  0.2134  -1.4986   0.0000   0.0000   0.0000  -0.8128
  -3.000  -0.0173   0.00908   0.00315  -0.0697  0.8331  0.3200  -1.2182   0.0000   0.0000   0.0000  -3.8465
  -2.500   0.0333   0.00846   0.00292  -0.0687  0.8179  0.4561  -1.0126   0.0000   0.0000   0.0000   2.3420
  -2.000   0.0828   0.00790   0.00284  -0.0672  0.8036  0.6086  -0.8167   0.0000   0.0000   0.0000   1.0699
  -1.500   0.1342   0.00772   0.00286  -0.0658  0.7881  0.7028  -0.6261   0.0000   0.0000   0.0000   0.7434
  -1.000   0.1861   0.00768   0.00287  -0.0642  0.7723  0.7672  -0.5177   0.0000   0.0000   0.0000   0.5961
  -0.500   0.2383   0.00764   0.00285  -0.0628  0.7555  0.8071  -0.5607   0.0000   0.0000   0.0000   0.5134
   0.000   0.2899   0.00765   0.00287  -0.0614  0.7389  0.8446  -0.6042   0.0000   0.0000   0.0000   0.4605
   0.500   0.3401   0.00764   0.00285  -0.0594  0.7199  0.8770  -0.6543   0.0000   0.0000   0.0000   0.4229
   1.000   0.3898   0.00766   0.00283  -0.0574  0.7013  0.9100  -0.7047   0.0000   0.0000   0.0000   0.3948
   1.500   0.4429   0.00768   0.00280  -0.0561  0.6794  0.9438  -0.7592   0.0000   0.0000   0.0000   0.3738
   2.000   0.5135   0.00776   0.00282  -0.0589  0.6550  0.9680  -0.8351   0.0000   0.0000   0.0000   0.3614
   2.500   0.5939   0.00788   0.00288  -0.0640  0.6278  0.9840  -0.9224   0.0000   0.0000   0.0000   0.3541
   3.000   0.6732   0.00803   0.00293  -0.0691  0.5939  0.9985  -1.0264   0.0000   0.0000   0.0000   0.3486
   3.500   0.7114   0.00824   0.00303  -0.0660  0.5645  1.0000  -1.1139   0.0000   0.0000   0.0000   0.3383
   4.000   0.7523   0.00856   0.00322  -0.0632  0.5310  1.0000  -1.2140   0.0000   0.0000   0.0000   0.3290
   4.500   0.7979   0.00894   0.00349  -0.0613  0.4959  1.0000  -1.3559   0.0000   0.0000   0.0000   0.3213
   5.000   0.8440   0.00940   0.00382  -0.0594  0.4564  1.0000  -1.6087   0.0000   0.0000   0.0000   0.3144
   5.500   0.8907   0.00991   0.00424  -0.0578  0.4210  1.0000  -1.9318   0.0000   0.0000   0.0000   0.3084
   6.000   0.9358   0.01051   0.00469  -0.0559  0.3768  1.0000  -2.2664   0.0000   0.0000   0.0000   0.3027
   6.500   0.9783   0.01126   0.00523  -0.0537  0.3252  1.0000  -2.6072   0.0000   0.0000   0.0000   0.2973
   7.000   1.0189   0.01215   0.00588  -0.0513  0.2711  1.0000  -2.9542   0.0000   0.0000   0.0000   0.2922
   7.500   1.0587   0.01308   0.00666  -0.0489  0.2238  1.0000  -3.3099   0.0000   0.0000   0.0000   0.2874
   8.000   1.0949   0.01419   0.00754  -0.0459  0.1717  1.0000  -3.6794   0.0000   0.0000   0.0000   0.2826
   8.500   1.1270   0.01546   0.00858  -0.0424  0.1243  1.0000  -4.0429   0.0000   0.0000   0.0000   0.2776
   9.000   1.1540   0.01683   0.00975  -0.0381  0.0883  1.0000  -4.3914   0.0000   0.0000   0.0000   0.2724
   9.500   1.1767   0.01810   0.01101  -0.0330  0.0663  1.0000  -4.7239   0.0000   0.0000   0.0000   0.2667
  10.000   1.1965   0.01959   0.01246  -0.0278  0.0488  1.0000  -5.0398   0.0000   0.0000   0.0000   0.2612
  10.500   1.2111   0.02148   0.01432  -0.0225  0.0335  1.0000  -5.3072   0.0000   0.0000   0.0000   0.2559
  11.000   1.2130   0.02432   0.01722  -0.0164  0.0225  1.0000  -5.4438   0.0000   0.0000   0.0000   0.2500
  11.500   1.2258   0.02675   0.01982  -0.0123  0.0199  1.0000  -5.6712   0.0000   0.0000   0.0000   0.2458
  12.000   1.2350   0.02966   0.02290  -0.0087  0.0183  1.0000  -5.8988   0.0000   0.0000   0.0000   0.2419
  12.500   1.2393   0.03323   0.02666  -0.0055  0.0171  1.0000  -6.1059   0.0000   0.0000   0.0000   0.2385
  13.000   1.2369   0.03778   0.03141  -0.0029  0.0161  1.0000  -6.2566   0.0000   0.0000   0.0000   0.2355
  13.500   1.2292   0.04332   0.03719  -0.0010  0.0154  1.0000  -6.3512   0.0000   0.0000   0.0000   0.2330
  14.000   1.2231   0.04924   0.04339   0.0002  0.0150  1.0000  -6.4391   0.0000   0.0000   0.0000   0.2311
  14.500   1.2272   0.05441   0.04878   0.0002  0.0147  1.0000  -6.6339   0.0000   0.0000   0.0000   0.2301
  15.000   1.2280   0.06032   0.05494  -0.0004  0.0145  1.0000  -6.7974   0.0000   0.0000   0.0000   0.2296


