xflr5 v6.59

 Calculated polar for: revR_55_revT

 1 1 Reynolds number fixed          Mach number fixed         

 xtrf =   1.000 (top)        1.000 (bottom)
 Mach =   0.000     Re =     0.305 e 6     Ncrit =   9.000

  alpha     CL        CD       CDp       Cm    Top Xtr Bot Xtr   Cpmin    Chinge    XCp    
 ------- -------- --------- --------- -------- ------- ------- -------- --------- ---------
  -5.000  -0.0431   0.01397   0.00715  -0.1147  0.8409  0.0586  -2.3760   0.0000   0.0000   0.0000  -2.4803
  -4.500   0.0110   0.01291   0.00595  -0.1144  0.8310  0.0739  -2.0667   0.0000   0.0000   0.0000  10.8948
  -4.000   0.0656   0.01224   0.00531  -0.1143  0.8211  0.1074  -1.7527   0.0000   0.0000   0.0000   2.0253
  -3.500   0.1201   0.01157   0.00483  -0.1142  0.8102  0.1676  -1.5096   0.0000   0.0000   0.0000   1.2172
  -3.000   0.1760   0.01113   0.00455  -0.1144  0.8007  0.2465  -1.2693   0.0000   0.0000   0.0000   0.9086
  -2.500   0.2302   0.01065   0.00439  -0.1144  0.7900  0.3403  -1.0411   0.0000   0.0000   0.0000   0.7521
  -2.000   0.2856   0.01017   0.00420  -0.1143  0.7795  0.4581  -0.8294   0.0000   0.0000   0.0000   0.6532
  -1.500   0.3392   0.00982   0.00420  -0.1138  0.7680  0.5796  -0.6560   0.0000   0.0000   0.0000   0.5870
  -1.000   0.3922   0.00957   0.00425  -0.1127  0.7574  0.7022  -0.6967   0.0000   0.0000   0.0000   0.5376
  -0.500   0.4445   0.00955   0.00433  -0.1113  0.7457  0.7730  -0.7370   0.0000   0.0000   0.0000   0.5000
   0.000   0.4956   0.00946   0.00428  -0.1096  0.7331  0.8283  -0.7802   0.0000   0.0000   0.0000   0.4698
   0.500   0.5435   0.00943   0.00429  -0.1072  0.7201  0.8771  -0.8249   0.0000   0.0000   0.0000   0.4453
   1.000   0.5901   0.00930   0.00416  -0.1044  0.7077  0.9275  -0.8705   0.0000   0.0000   0.0000   0.4243
   1.500   0.6593   0.00915   0.00399  -0.1068  0.6918  0.9954  -0.9361   0.0000   0.0000   0.0000   0.4088
   2.000   0.7180   0.00927   0.00396  -0.1077  0.6770  1.0000  -0.9978   0.0000   0.0000   0.0000   0.3963
   2.500   0.7749   0.00936   0.00395  -0.1081  0.6595  1.0000  -1.0628   0.0000   0.0000   0.0000   0.3851
   3.000   0.8305   0.00949   0.00403  -0.1081  0.6401  1.0000  -1.1310   0.0000   0.0000   0.0000   0.3753
   3.500   0.8857   0.00968   0.00416  -0.1081  0.6199  1.0000  -1.2060   0.0000   0.0000   0.0000   0.3666
   4.000   0.9401   0.00992   0.00433  -0.1078  0.5978  1.0000  -1.2883   0.0000   0.0000   0.0000   0.3587
   4.500   0.9934   0.01021   0.00455  -0.1074  0.5731  1.0000  -1.3784   0.0000   0.0000   0.0000   0.3516
   5.000   1.0455   0.01058   0.00484  -0.1068  0.5461  1.0000  -1.4896   0.0000   0.0000   0.0000   0.3450
   5.500   1.0962   0.01104   0.00521  -0.1060  0.5173  1.0000  -1.6050   0.0000   0.0000   0.0000   0.3389
   6.000   1.1456   0.01159   0.00568  -0.1050  0.4874  1.0000  -1.7565   0.0000   0.0000   0.0000   0.3332
   6.500   1.1933   0.01218   0.00622  -0.1038  0.4527  1.0000  -1.9158   0.0000   0.0000   0.0000   0.3279
   7.000   1.2393   0.01291   0.00687  -0.1023  0.4209  1.0000  -2.1302   0.0000   0.0000   0.0000   0.3228
   7.500   1.2828   0.01372   0.00761  -0.1006  0.3842  1.0000  -2.4288   0.0000   0.0000   0.0000   0.3179
   8.000   1.3231   0.01470   0.00848  -0.0984  0.3480  1.0000  -2.7368   0.0000   0.0000   0.0000   0.3132
   8.500   1.3619   0.01572   0.00947  -0.0960  0.3151  1.0000  -3.0563   0.0000   0.0000   0.0000   0.3086
   9.000   1.3923   0.01702   0.01062  -0.0924  0.2761  1.0000  -3.3578   0.0000   0.0000   0.0000   0.3037
   9.500   1.4206   0.01842   0.01197  -0.0888  0.2414  1.0000  -3.6600   0.0000   0.0000   0.0000   0.2991
  10.000   1.4430   0.02024   0.01367  -0.0847  0.2073  1.0000  -3.9473   0.0000   0.0000   0.0000   0.2945
  10.500   1.4626   0.02240   0.01578  -0.0809  0.1713  1.0000  -4.2286   0.0000   0.0000   0.0000   0.2902
  11.000   1.4754   0.02523   0.01845  -0.0769  0.1370  1.0000  -4.4865   0.0000   0.0000   0.0000   0.2862
  11.500   1.4895   0.02820   0.02136  -0.0736  0.1093  1.0000  -4.7511   0.0000   0.0000   0.0000   0.2826
  12.000   1.5000   0.03162   0.02476  -0.0704  0.0878  1.0000  -5.0007   0.0000   0.0000   0.0000   0.2792
  12.500   1.5058   0.03564   0.02879  -0.0673  0.0710  1.0000  -5.2320   0.0000   0.0000   0.0000   0.2760
  13.000   1.5079   0.04017   0.03335  -0.0646  0.0577  1.0000  -5.4499   0.0000   0.0000   0.0000   0.2732
  13.500   1.5119   0.04476   0.03811  -0.0623  0.0489  1.0000  -5.6693   0.0000   0.0000   0.0000   0.2706
  14.000   1.5011   0.05118   0.04463  -0.0603  0.0408  1.0000  -5.8049   0.0000   0.0000   0.0000   0.2684
  14.500   1.4968   0.05731   0.05100  -0.0590  0.0363  1.0000  -5.9603   0.0000   0.0000   0.0000   0.2666
  15.000   1.4941   0.06361   0.05752  -0.0584  0.0323  1.0000  -6.1255   0.0000   0.0000   0.0000   0.2653


