xflr5 v6.59

 Calculated polar for: revR_70_revT

 1 1 Reynolds number fixed          Mach number fixed         

 xtrf =   1.000 (top)        1.000 (bottom)
 Mach =   0.000     Re =     0.475 e 6     Ncrit =   9.000

  alpha     CL        CD       CDp       Cm    Top Xtr Bot Xtr   Cpmin    Chinge    XCp    
 ------- -------- --------- --------- -------- ------- ------- -------- --------- ---------
  -5.000   0.0160   0.01171   0.00523  -0.1265  0.7939  0.0450  -2.3649   0.0000   0.0000   0.0000   8.3366
  -4.500   0.0723   0.01118   0.00462  -0.1266  0.7854  0.0533  -2.0494   0.0000   0.0000   0.0000   2.0387
  -4.000   0.1287   0.01049   0.00388  -0.1268  0.7763  0.0793  -1.7959   0.0000   0.0000   0.0000   1.2539
  -3.500   0.1850   0.01001   0.00354  -0.1271  0.7683  0.1200  -1.5371   0.0000   0.0000   0.0000   0.9480
  -3.000   0.2415   0.00957   0.00327  -0.1274  0.7595  0.1768  -1.2902   0.0000   0.0000   0.0000   0.7843
  -2.500   0.2987   0.00931   0.00311  -0.1278  0.7502  0.2439  -1.0550   0.0000   0.0000   0.0000   0.6821
  -2.000   0.3548   0.00891   0.00297  -0.1280  0.7408  0.3248  -0.8326   0.0000   0.0000   0.0000   0.6133
  -1.500   0.4115   0.00858   0.00285  -0.1283  0.7313  0.4196  -0.7245   0.0000   0.0000   0.0000   0.5629
  -1.000   0.4679   0.00829   0.00288  -0.1285  0.7222  0.5379  -0.7661   0.0000   0.0000   0.0000   0.5248
  -0.500   0.5230   0.00800   0.00290  -0.1282  0.7109  0.6521  -0.8082   0.0000   0.0000   0.0000   0.4944
   0.000   0.5779   0.00796   0.00298  -0.1277  0.7000  0.7407  -0.8526   0.0000   0.0000   0.0000   0.4694
   0.500   0.6320   0.00789   0.00304  -0.1270  0.6886  0.7975  -0.9019   0.0000   0.0000   0.0000   0.4488
   1.000   0.6851   0.00791   0.00306  -0.1260  0.6760  0.8424  -0.9527   0.0000   0.0000   0.0000   0.4311
   1.500   0.7347   0.00781   0.00308  -0.1242  0.6616  0.8894  -1.0042   0.0000   0.0000   0.0000   0.4157
   2.500   0.8456   0.00782   0.00302  -0.1237  0.6306  1.0000  -1.1286   0.0000   0.0000   0.0000   0.3916
   3.000   0.9026   0.00799   0.00314  -0.1241  0.6119  1.0000  -1.1928   0.0000   0.0000   0.0000   0.3823
   3.500   0.9586   0.00823   0.00331  -0.1243  0.5938  1.0000  -1.2685   0.0000   0.0000   0.0000   0.3739
   4.000   1.0132   0.00851   0.00351  -0.1242  0.5723  1.0000  -1.3447   0.0000   0.0000   0.0000   0.3662
   4.500   1.0665   0.00885   0.00376  -0.1239  0.5477  1.0000  -1.4329   0.0000   0.0000   0.0000   0.3592
   5.000   1.1192   0.00924   0.00408  -0.1235  0.5237  1.0000  -1.5272   0.0000   0.0000   0.0000   0.3527
   5.500   1.1700   0.00971   0.00446  -0.1228  0.4947  1.0000  -1.6427   0.0000   0.0000   0.0000   0.3467
   6.000   1.2200   0.01024   0.00491  -0.1220  0.4671  1.0000  -1.7650   0.0000   0.0000   0.0000   0.3411
   6.500   1.2665   0.01094   0.00546  -0.1207  0.4336  1.0000  -1.9080   0.0000   0.0000   0.0000   0.3356
   7.000   1.3138   0.01157   0.00605  -0.1195  0.4040  1.0000  -2.0720   0.0000   0.0000   0.0000   0.3306
   7.500   1.3583   0.01234   0.00674  -0.1180  0.3727  1.0000  -2.2620   0.0000   0.0000   0.0000   0.3258
   8.000   1.3974   0.01334   0.00758  -0.1156  0.3360  1.0000  -2.4805   0.0000   0.0000   0.0000   0.3209
   8.500   1.4364   0.01426   0.00845  -0.1132  0.3071  1.0000  -2.7669   0.0000   0.0000   0.0000   0.3162
   9.000   1.4688   0.01540   0.00949  -0.1098  0.2748  1.0000  -3.0753   0.0000   0.0000   0.0000   0.3114
  10.000   1.5217   0.01845   0.01237  -0.1023  0.2124  1.0000  -3.6793   0.0000   0.0000   0.0000   0.3022
  10.500   1.5441   0.02041   0.01424  -0.0986  0.1823  1.0000  -3.9781   0.0000   0.0000   0.0000   0.2980
  11.000   1.5617   0.02283   0.01655  -0.0948  0.1534  1.0000  -4.2644   0.0000   0.0000   0.0000   0.2940
  11.500   1.5765   0.02563   0.01925  -0.0912  0.1259  1.0000  -4.5443   0.0000   0.0000   0.0000   0.2902
  12.000   1.5899   0.02868   0.02227  -0.0878  0.1034  1.0000  -4.8225   0.0000   0.0000   0.0000   0.2866
  12.500   1.6001   0.03212   0.02568  -0.0846  0.0844  1.0000  -5.0907   0.0000   0.0000   0.0000   0.2833
  13.000   1.6079   0.03589   0.02945  -0.0815  0.0699  1.0000  -5.3529   0.0000   0.0000   0.0000   0.2801
  13.500   1.6171   0.03971   0.03335  -0.0789  0.0589  1.0000  -5.6314   0.0000   0.0000   0.0000   0.2772
  14.000   1.6176   0.04455   0.03824  -0.0763  0.0481  1.0000  -5.8662   0.0000   0.0000   0.0000   0.2746
  14.500   1.6195   0.04955   0.04331  -0.0744  0.0408  1.0000  -6.1101   0.0000   0.0000   0.0000   0.2722
  15.000   1.6132   0.05577   0.04966  -0.0727  0.0342  1.0000  -6.2998   0.0000   0.0000   0.0000   0.2702


