xflr5 v6.59

 Calculated polar for: revR_100_revT

 1 1 Reynolds number fixed          Mach number fixed         

 xtrf =   1.000 (top)        1.000 (bottom)
 Mach =   0.000     Re =     0.220 e 6     Ncrit =   9.000

  alpha     CL        CD       CDp       Cm    Top Xtr Bot Xtr   Cpmin    Chinge    XCp    
 ------- -------- --------- --------- -------- ------- ------- -------- --------- ---------
  -5.000   0.1323   0.01901   0.01186  -0.1562  0.8210  0.0616  -2.2344   0.0000   0.0000   0.0000   1.4603
  -4.500   0.1852   0.01812   0.01079  -0.1559  0.8128  0.0695  -2.0192   0.0000   0.0000   0.0000   1.1109
  -4.000   0.2387   0.01708   0.00973  -0.1559  0.8040  0.0886  -1.8060   0.0000   0.0000   0.0000   0.9162
  -3.500   0.2973   0.01596   0.00867  -0.1565  0.7966  0.1271  -1.5783   0.0000   0.0000   0.0000   0.7858
  -3.000   0.3545   0.01557   0.00838  -0.1570  0.7890  0.1879  -1.3429   0.0000   0.0000   0.0000   0.6994
  -2.500   0.4081   0.01519   0.00827  -0.1571  0.7789  0.2622  -1.1190   0.0000   0.0000   0.0000   0.6395
  -2.000   0.4666   0.01479   0.00805  -0.1577  0.7713  0.3478  -0.8979   0.0000   0.0000   0.0000   0.5909
  -1.500   0.5255   0.01451   0.00799  -0.1582  0.7638  0.4474  -0.8350   0.0000   0.0000   0.0000   0.5527
  -1.000   0.5770   0.01432   0.00817  -0.1576  0.7528  0.5586  -0.8724   0.0000   0.0000   0.0000   0.5236
  -0.500   0.6320   0.01393   0.00808  -0.1566  0.7441  0.6898  -0.9171   0.0000   0.0000   0.0000   0.4975
   0.000   0.6815   0.01392   0.00822  -0.1545  0.7353  0.7895  -0.9585   0.0000   0.0000   0.0000   0.4755
   0.500   0.7212   0.01387   0.00833  -0.1505  0.7241  0.8708  -0.9937   0.0000   0.0000   0.0000   0.4567
   1.000   0.7761   0.01334   0.00772  -0.1491  0.7152  1.0000  -1.0433   0.0000   0.0000   0.0000   0.4393
   1.500   0.8341   0.01359   0.00787  -0.1501  0.7029  1.0000  -1.0977   0.0000   0.0000   0.0000   0.4265
   2.000   0.8954   0.01361   0.00773  -0.1512  0.6924  1.0000  -1.1582   0.0000   0.0000   0.0000   0.4147
   2.500   0.9538   0.01374   0.00776  -0.1518  0.6808  1.0000  -1.2210   0.0000   0.0000   0.0000   0.4043
   3.000   1.0112   0.01369   0.00763  -0.1521  0.6670  1.0000  -1.2904   0.0000   0.0000   0.0000   0.3948
   3.500   1.0675   0.01382   0.00769  -0.1522  0.6539  1.0000  -1.3594   0.0000   0.0000   0.0000   0.3863
   4.000   1.1241   0.01383   0.00763  -0.1522  0.6396  1.0000  -1.4297   0.0000   0.0000   0.0000   0.3785
   4.500   1.1769   0.01400   0.00780  -0.1517  0.6226  1.0000  -1.5061   0.0000   0.0000   0.0000   0.3712
   5.000   1.2321   0.01412   0.00783  -0.1516  0.6060  1.0000  -1.5905   0.0000   0.0000   0.0000   0.3646
   5.500   1.2840   0.01437   0.00807  -0.1509  0.5879  1.0000  -1.6797   0.0000   0.0000   0.0000   0.3584
   6.000   1.3327   0.01474   0.00847  -0.1498  0.5673  1.0000  -1.7776   0.0000   0.0000   0.0000   0.3525
   6.500   1.3801   0.01515   0.00887  -0.1484  0.5441  1.0000  -1.8886   0.0000   0.0000   0.0000   0.3468
   7.000   1.4259   0.01571   0.00941  -0.1468  0.5214  1.0000  -2.0103   0.0000   0.0000   0.0000   0.3415
   7.500   1.4678   0.01636   0.01002  -0.1446  0.4954  1.0000  -2.1318   0.0000   0.0000   0.0000   0.3363
   8.000   1.5060   0.01716   0.01082  -0.1418  0.4693  1.0000  -2.2757   0.0000   0.0000   0.0000   0.3311
   8.500   1.5387   0.01812   0.01174  -0.1382  0.4425  1.0000  -2.4163   0.0000   0.0000   0.0000   0.3260
   9.000   1.5631   0.01929   0.01287  -0.1334  0.4145  1.0000  -2.5566   0.0000   0.0000   0.0000   0.3206
   9.500   1.5859   0.02072   0.01431  -0.1288  0.3890  1.0000  -2.7263   0.0000   0.0000   0.0000   0.3156
  10.000   1.6050   0.02247   0.01605  -0.1241  0.3634  1.0000  -2.9140   0.0000   0.0000   0.0000   0.3108
  10.500   1.6192   0.02464   0.01820  -0.1193  0.3362  1.0000  -3.1166   0.0000   0.0000   0.0000   0.3063
  11.000   1.6321   0.02714   0.02070  -0.1149  0.3110  1.0000  -3.3228   0.0000   0.0000   0.0000   0.3020
  11.500   1.6440   0.02994   0.02355  -0.1108  0.2870  1.0000  -3.5288   0.0000   0.0000   0.0000   0.2980
  12.000   1.6520   0.03317   0.02680  -0.1068  0.2631  1.0000  -3.7257   0.0000   0.0000   0.0000   0.2943
  12.500   1.6579   0.03678   0.03044  -0.1030  0.2399  1.0000  -3.9328   0.0000   0.0000   0.0000   0.2907
  13.000   1.6599   0.04088   0.03457  -0.0994  0.2166  1.0000  -4.1324   0.0000   0.0000   0.0000   0.2874
  13.500   1.6596   0.04552   0.03923  -0.0963  0.1938  1.0000  -4.3247   0.0000   0.0000   0.0000   0.2845
  14.000   1.6583   0.05054   0.04432  -0.0935  0.1728  1.0000  -4.5223   0.0000   0.0000   0.0000   0.2817
  14.500   1.6543   0.05612   0.04994  -0.0912  0.1536  1.0000  -4.7126   0.0000   0.0000   0.0000   0.2793
  15.000   1.6465   0.06240   0.05623  -0.0892  0.1365  1.0000  -4.8857   0.0000   0.0000   0.0000   0.2773


